253.00000000 277.00000000 1.00000000 307.00000000
625.00000000 128.00000000 0.00000000 276.00000000
253.00000000 277.00000000 0.00000000 262.00000000
209.00000000 291.00000000 2.00000000 240.00000000
286.00000000 266.00000000 1.00000000 231.00000000
108.00000000 192.00000000 4.00000000 226.00000000
208.00000000 292.00000000 4.00000000 215.00000000
212.00000000 290.00000000 2.00000000 214.00000000
110.00000000 189.00000000 2.00000000 214.00000000
285.00000000 267.00000000 1.00000000 212.00000000
361.00000000 253.00000000 1.00000000 208.00000000
360.00000000 254.00000000 1.00000000 208.00000000
260.00000000 289.00000000 0.00000000 205.00000000
200.00000000 178.00000000 2.00000000 198.00000000
280.00000000 115.00000000 2.00000000 198.00000000
203.00000000 186.00000000 5.00000000 196.00000000
110.00000000 188.00000000 2.00000000 194.00000000
269.00000000 279.00000000 1.00000000 190.00000000
269.00000000 279.00000000 0.00000000 188.00000000
202.00000000 176.00000000 2.00000000 187.00000000
231.00000000 258.00000000 0.00000000 186.00000000
428.00000000 241.00000000 1.00000000 183.00000000
202.00000000 175.00000000 1.00000000 181.00000000
253.00000000 277.00000000 1.00000000 180.00000000
606.00000000 176.00000000 0.00000000 178.00000000
231.00000000 259.00000000 1.00000000 176.00000000
38.00000000 246.00000000 1.00000000 174.00000000
200.00000000 118.00000000 2.00000000 169.00000000
282.00000000 112.00000000 2.00000000 169.00000000
428.00000000 241.00000000 1.00000000 168.00000000
286.00000000 265.00000000 0.00000000 168.00000000
281.00000000 110.00000000 1.00000000 166.00000000
203.00000000 174.00000000 1.00000000 161.00000000
362.00000000 156.00000000 1.00000000 157.00000000
38.00000000 245.00000000 1.00000000 156.00000000
200.00000000 117.00000000 1.00000000 156.00000000
285.00000000 164.00000000 1.00000000 153.00000000
212.00000000 289.00000000 1.00000000 152.00000000
613.00000000 177.00000000 0.00000000 151.00000000
519.00000000 176.00000000 0.00000000 150.00000000
360.00000000 256.00000000 2.00000000 148.00000000
110.00000000 186.00000000 1.00000000 148.00000000
586.00000000 117.00000000 1.00000000 146.00000000
104.00000000 128.00000000 2.00000000 145.00000000
362.00000000 156.00000000 1.00000000 142.00000000
429.00000000 240.00000000 0.00000000 138.00000000
428.00000000 244.00000000 2.00000000 134.00000000
585.00000000 115.00000000 1.00000000 133.00000000
360.00000000 252.00000000 0.00000000 132.00000000
284.00000000 164.00000000 1.00000000 132.00000000
519.00000000 177.00000000 1.00000000 131.00000000
261.00000000 290.00000000 1.00000000 127.00000000
285.00000000 163.00000000 0.00000000 125.00000000
614.00000000 178.00000000 1.00000000 125.00000000
282.00000000 109.00000000 1.00000000 125.00000000
362.00000000 104.00000000 1.00000000 124.00000000
201.00000000 116.00000000 1.00000000 123.00000000
202.00000000 173.00000000 0.00000000 119.00000000
104.00000000 125.00000000 1.00000000 119.00000000
246.00000000 255.00000000 0.00000000 116.00000000
432.00000000 100.00000000 1.00000000 116.00000000
262.00000000 252.00000000 1.00000000 108.00000000
511.00000000 323.00000000 0.00000000 106.00000000
433.00000000 99.00000000 1.00000000 105.00000000
270.00000000 461.00000000 0.00000000 102.00000000
110.00000000 185.00000000 1.00000000 99.00000000
586.00000000 117.00000000 0.00000000 98.00000000
362.00000000 104.00000000 1.00000000 97.00000000
261.00000000 250.00000000 0.00000000 95.00000000
137.00000000 231.00000000 1.00000000 92.00000000
38.00000000 244.00000000 0.00000000 91.00000000
227.00000000 219.00000000 1.00000000 90.00000000
494.00000000 143.00000000 1.00000000 90.00000000
432.00000000 149.00000000 1.00000000 90.00000000
362.00000000 155.00000000 0.00000000 89.00000000
213.00000000 291.00000000 1.00000000 87.00000000
624.00000000 129.00000000 1.00000000 85.00000000
270.00000000 462.00000000 1.00000000 84.00000000
269.00000000 165.00000000 1.00000000 84.00000000
252.00000000 294.00000000 0.00000000 83.00000000
201.00000000 115.00000000 0.00000000 82.00000000
282.00000000 108.00000000 0.00000000 81.00000000
202.00000000 136.00000000 1.00000000 81.00000000
247.00000000 256.00000000 1.00000000 80.00000000
510.00000000 323.00000000 1.00000000 79.00000000
139.00000000 361.00000000 1.00000000 75.00000000
433.00000000 98.00000000 0.00000000 73.00000000
80.00000000 205.00000000 0.00000000 73.00000000
91.00000000 124.00000000 0.00000000 72.00000000
494.00000000 142.00000000 0.00000000 68.00000000
156.00000000 270.00000000 0.00000000 67.00000000
615.00000000 366.00000000 0.00000000 66.00000000
138.00000000 359.00000000 0.00000000 65.00000000
432.00000000 148.00000000 0.00000000 62.00000000
628.00000000 200.00000000 0.00000000 62.00000000
362.00000000 103.00000000 0.00000000 60.00000000
231.00000000 242.00000000 0.00000000 59.00000000
84.00000000 60.00000000 0.00000000 57.00000000
618.00000000 136.00000000 0.00000000 57.00000000
257.00000000 256.00000000 0.00000000 56.00000000
202.00000000 136.00000000 0.00000000 55.00000000
110.00000000 184.00000000 0.00000000 55.00000000
268.00000000 164.00000000 0.00000000 55.00000000
628.00000000 221.00000000 0.00000000 53.00000000
584.00000000 157.00000000 0.00000000 51.00000000
213.00000000 291.00000000 0.00000000 51.00000000
620.00000000 361.00000000 0.00000000 50.00000000
283.00000000 127.00000000 0.00000000 50.00000000
244.00000000 287.00000000 0.00000000 48.00000000
345.00000000 154.00000000 0.00000000 48.00000000
205.00000000 188.00000000 0.00000000 47.00000000
137.00000000 230.00000000 0.00000000 47.00000000
263.00000000 272.00000000 0.00000000 47.00000000
286.00000000 287.00000000 0.00000000 46.00000000
613.00000000 354.00000000 0.00000000 45.00000000
269.00000000 267.00000000 0.00000000 44.00000000
362.00000000 120.00000000 0.00000000 44.00000000
484.00000000 235.00000000 0.00000000 42.00000000
91.00000000 33.00000000 0.00000000 42.00000000
584.00000000 150.00000000 0.00000000 41.00000000
618.00000000 144.00000000 0.00000000 41.00000000
361.00000000 281.00000000 0.00000000 40.00000000
227.00000000 217.00000000 0.00000000 39.00000000
345.00000000 166.00000000 0.00000000 38.00000000
37.00000000 260.00000000 0.00000000 38.00000000
132.00000000 95.00000000 0.00000000 38.00000000
512.00000000 312.00000000 0.00000000 35.00000000
