280.00000000 116.00000000 4.00000000 671.00000000
280.00000000 115.00000000 2.00000000 639.00000000
104.00000000 132.00000000 4.00000000 634.00000000
362.00000000 110.00000000 2.00000000 574.00000000
101.00000000 130.00000000 5.00000000 516.00000000
200.00000000 121.00000000 2.00000000 486.00000000
104.00000000 130.00000000 2.00000000 477.00000000
360.00000000 254.00000000 1.00000000 463.00000000
361.00000000 253.00000000 1.00000000 458.00000000
282.00000000 114.00000000 2.00000000 443.00000000
429.00000000 242.00000000 1.00000000 432.00000000
200.00000000 120.00000000 2.00000000 427.00000000
428.00000000 243.00000000 1.00000000 426.00000000
364.00000000 108.00000000 2.00000000 410.00000000
285.00000000 268.00000000 1.00000000 397.00000000
104.00000000 128.00000000 2.00000000 393.00000000
286.00000000 266.00000000 1.00000000 391.00000000
429.00000000 241.00000000 0.00000000 384.00000000
286.00000000 168.00000000 2.00000000 377.00000000
360.00000000 256.00000000 2.00000000 372.00000000
203.00000000 174.00000000 1.00000000 372.00000000
286.00000000 270.00000000 2.00000000 367.00000000
428.00000000 244.00000000 2.00000000 367.00000000
361.00000000 253.00000000 0.00000000 361.00000000
286.00000000 265.00000000 0.00000000 359.00000000
200.00000000 117.00000000 1.00000000 357.00000000
284.00000000 165.00000000 1.00000000 355.00000000
202.00000000 175.00000000 1.00000000 353.00000000
282.00000000 110.00000000 1.00000000 350.00000000
613.00000000 179.00000000 1.00000000 348.00000000
362.00000000 156.00000000 1.00000000 342.00000000
494.00000000 144.00000000 1.00000000 339.00000000
432.00000000 149.00000000 1.00000000 329.00000000
363.00000000 106.00000000 1.00000000 321.00000000
285.00000000 164.00000000 1.00000000 311.00000000
614.00000000 179.00000000 1.00000000 311.00000000
432.00000000 99.00000000 1.00000000 307.00000000
203.00000000 173.00000000 0.00000000 306.00000000
431.00000000 100.00000000 1.00000000 298.00000000
362.00000000 156.00000000 1.00000000 295.00000000
283.00000000 110.00000000 1.00000000 294.00000000
495.00000000 144.00000000 1.00000000 282.00000000
104.00000000 125.00000000 1.00000000 272.00000000
433.00000000 149.00000000 1.00000000 264.00000000
627.00000000 129.00000000 0.00000000 254.00000000
432.00000000 98.00000000 0.00000000 245.00000000
285.00000000 163.00000000 0.00000000 243.00000000
364.00000000 105.00000000 1.00000000 239.00000000
107.00000000 186.00000000 1.00000000 239.00000000
201.00000000 117.00000000 1.00000000 233.00000000
109.00000000 185.00000000 1.00000000 216.00000000
613.00000000 178.00000000 0.00000000 208.00000000
362.00000000 155.00000000 0.00000000 202.00000000
573.00000000 17.00000000 1.00000000 199.00000000
282.00000000 108.00000000 0.00000000 192.00000000
494.00000000 143.00000000 0.00000000 189.00000000
108.00000000 183.00000000 0.00000000 186.00000000
265.00000000 258.00000000 1.00000000 186.00000000
432.00000000 149.00000000 0.00000000 183.00000000
265.00000000 258.00000000 0.00000000 179.00000000
246.00000000 258.00000000 1.00000000 171.00000000
286.00000000 224.00000000 1.00000000 164.00000000
491.00000000 194.00000000 0.00000000 164.00000000
572.00000000 17.00000000 0.00000000 164.00000000
491.00000000 195.00000000 1.00000000 158.00000000
139.00000000 364.00000000 0.00000000 152.00000000
426.00000000 338.00000000 1.00000000 147.00000000
246.00000000 258.00000000 1.00000000 146.00000000
48.00000000 47.00000000 0.00000000 145.00000000
619.00000000 124.00000000 1.00000000 138.00000000
139.00000000 366.00000000 1.00000000 137.00000000
355.00000000 345.00000000 1.00000000 137.00000000
205.00000000 191.00000000 1.00000000 135.00000000
207.00000000 228.00000000 1.00000000 133.00000000
104.00000000 125.00000000 1.00000000 132.00000000
70.00000000 38.00000000 0.00000000 131.00000000
156.00000000 272.00000000 1.00000000 131.00000000
430.00000000 204.00000000 1.00000000 130.00000000
201.00000000 115.00000000 0.00000000 129.00000000
364.00000000 103.00000000 0.00000000 125.00000000
202.00000000 136.00000000 1.00000000 124.00000000
152.00000000 52.00000000 0.00000000 123.00000000
49.00000000 48.00000000 1.00000000 122.00000000
491.00000000 317.00000000 1.00000000 122.00000000
193.00000000 86.00000000 0.00000000 121.00000000
231.00000000 260.00000000 1.00000000 121.00000000
154.00000000 89.00000000 0.00000000 120.00000000
90.00000000 33.00000000 0.00000000 119.00000000
172.00000000 58.00000000 0.00000000 119.00000000
156.00000000 271.00000000 0.00000000 117.00000000
285.00000000 224.00000000 0.00000000 116.00000000
224.00000000 118.00000000 0.00000000 114.00000000
619.00000000 123.00000000 0.00000000 114.00000000
205.00000000 190.00000000 0.00000000 113.00000000
229.00000000 84.00000000 0.00000000 112.00000000
426.00000000 337.00000000 0.00000000 112.00000000
174.00000000 87.00000000 0.00000000 107.00000000
230.00000000 259.00000000 0.00000000 106.00000000
41.00000000 290.00000000 0.00000000 106.00000000
211.00000000 85.00000000 0.00000000 105.00000000
244.00000000 83.00000000 0.00000000 104.00000000
364.00000000 120.00000000 0.00000000 101.00000000
77.00000000 63.00000000 0.00000000 100.00000000
373.00000000 76.00000000 0.00000000 100.00000000
262.00000000 251.00000000 0.00000000 99.00000000
416.00000000 74.00000000 0.00000000 98.00000000
311.00000000 79.00000000 0.00000000 96.00000000
578.00000000 120.00000000 0.00000000 95.00000000
355.00000000 344.00000000 0.00000000 95.00000000
430.00000000 203.00000000 0.00000000 93.00000000
429.00000000 74.00000000 0.00000000 93.00000000
192.00000000 64.00000000 0.00000000 93.00000000
140.00000000 274.00000000 0.00000000 91.00000000
28.00000000 55.00000000 0.00000000 91.00000000
207.00000000 229.00000000 0.00000000 91.00000000
284.00000000 128.00000000 0.00000000 91.00000000
388.00000000 75.00000000 0.00000000 90.00000000
262.00000000 82.00000000 0.00000000 89.00000000
279.00000000 81.00000000 0.00000000 89.00000000
246.00000000 257.00000000 0.00000000 88.00000000
265.00000000 335.00000000 0.00000000 88.00000000
442.00000000 73.00000000 0.00000000 88.00000000
490.00000000 316.00000000 0.00000000 88.00000000
132.00000000 97.00000000 0.00000000 88.00000000
202.00000000 136.00000000 0.00000000 87.00000000
560.00000000 113.00000000 0.00000000 87.00000000
362.00000000 214.00000000 0.00000000 85.00000000
