212.00000000 291.00000000 2.00000000 339.00000000
208.00000000 292.00000000 4.00000000 301.00000000
286.00000000 266.00000000 1.00000000 296.00000000
212.00000000 290.00000000 2.00000000 293.00000000
231.00000000 258.00000000 0.00000000 280.00000000
286.00000000 265.00000000 0.00000000 270.00000000
285.00000000 267.00000000 1.00000000 245.00000000
231.00000000 259.00000000 1.00000000 235.00000000
261.00000000 251.00000000 0.00000000 219.00000000
251.00000000 275.00000000 0.00000000 205.00000000
246.00000000 255.00000000 0.00000000 205.00000000
284.00000000 316.00000000 4.00000000 197.00000000
212.00000000 289.00000000 1.00000000 191.00000000
209.00000000 294.00000000 5.00000000 166.00000000
605.00000000 178.00000000 0.00000000 162.00000000
262.00000000 251.00000000 1.00000000 159.00000000
518.00000000 178.00000000 2.00000000 153.00000000
519.00000000 176.00000000 1.00000000 150.00000000
361.00000000 254.00000000 1.00000000 148.00000000
360.00000000 254.00000000 1.00000000 145.00000000
252.00000000 276.00000000 1.00000000 145.00000000
286.00000000 268.00000000 2.00000000 145.00000000
519.00000000 176.00000000 1.00000000 139.00000000
520.00000000 180.00000000 0.00000000 136.00000000
213.00000000 291.00000000 1.00000000 134.00000000
231.00000000 258.00000000 1.00000000 124.00000000
607.00000000 184.00000000 0.00000000 123.00000000
282.00000000 316.00000000 2.00000000 122.00000000
246.00000000 256.00000000 1.00000000 120.00000000
230.00000000 240.00000000 1.00000000 117.00000000
628.00000000 221.00000000 0.00000000 115.00000000
91.00000000 125.00000000 0.00000000 115.00000000
57.00000000 286.00000000 0.00000000 112.00000000
231.00000000 239.00000000 1.00000000 112.00000000
360.00000000 256.00000000 2.00000000 108.00000000
628.00000000 198.00000000 0.00000000 107.00000000
607.00000000 184.00000000 1.00000000 103.00000000
429.00000000 242.00000000 1.00000000 99.00000000
285.00000000 212.00000000 2.00000000 98.00000000
246.00000000 223.00000000 2.00000000 97.00000000
428.00000000 243.00000000 1.00000000 97.00000000
429.00000000 241.00000000 0.00000000 94.00000000
361.00000000 253.00000000 0.00000000 94.00000000
263.00000000 272.00000000 0.00000000 93.00000000
361.00000000 272.00000000 0.00000000 91.00000000
269.00000000 276.00000000 0.00000000 91.00000000
210.00000000 285.00000000 0.00000000 90.00000000
230.00000000 240.00000000 2.00000000 90.00000000
24.00000000 326.00000000 1.00000000 86.00000000
428.00000000 246.00000000 2.00000000 84.00000000
608.00000000 123.00000000 0.00000000 81.00000000
261.00000000 251.00000000 1.00000000 81.00000000
248.00000000 224.00000000 2.00000000 81.00000000
213.00000000 291.00000000 0.00000000 81.00000000
231.00000000 236.00000000 0.00000000 79.00000000
361.00000000 273.00000000 1.00000000 79.00000000
57.00000000 287.00000000 1.00000000 78.00000000
287.00000000 294.00000000 1.00000000 76.00000000
251.00000000 275.00000000 1.00000000 74.00000000
269.00000000 276.00000000 1.00000000 73.00000000
140.00000000 253.00000000 1.00000000 72.00000000
156.00000000 271.00000000 1.00000000 71.00000000
286.00000000 287.00000000 0.00000000 71.00000000
138.00000000 359.00000000 0.00000000 70.00000000
286.00000000 214.00000000 2.00000000 69.00000000
155.00000000 270.00000000 0.00000000 69.00000000
141.00000000 252.00000000 1.00000000 69.00000000
286.00000000 295.00000000 1.00000000 68.00000000
252.00000000 296.00000000 0.00000000 67.00000000
519.00000000 263.00000000 1.00000000 65.00000000
523.00000000 231.00000000 0.00000000 64.00000000
91.00000000 125.00000000 1.00000000 63.00000000
266.00000000 335.00000000 0.00000000 60.00000000
156.00000000 271.00000000 1.00000000 60.00000000
25.00000000 326.00000000 1.00000000 59.00000000
287.00000000 323.00000000 0.00000000 58.00000000
263.00000000 296.00000000 0.00000000 57.00000000
140.00000000 251.00000000 0.00000000 57.00000000
360.00000000 275.00000000 1.00000000 55.00000000
139.00000000 360.00000000 1.00000000 55.00000000
202.00000000 175.00000000 1.00000000 55.00000000
608.00000000 124.00000000 1.00000000 55.00000000
203.00000000 174.00000000 1.00000000 54.00000000
477.00000000 243.00000000 1.00000000 53.00000000
41.00000000 268.00000000 1.00000000 53.00000000
428.00000000 260.00000000 0.00000000 53.00000000
287.00000000 294.00000000 0.00000000 52.00000000
250.00000000 226.00000000 0.00000000 51.00000000
517.00000000 264.00000000 1.00000000 51.00000000
428.00000000 261.00000000 1.00000000 48.00000000
25.00000000 325.00000000 0.00000000 46.00000000
250.00000000 226.00000000 1.00000000 45.00000000
287.00000000 213.00000000 1.00000000 45.00000000
287.00000000 322.00000000 1.00000000 45.00000000
41.00000000 267.00000000 0.00000000 44.00000000
26.00000000 332.00000000 0.00000000 44.00000000
628.00000000 241.00000000 0.00000000 43.00000000
522.00000000 231.00000000 1.00000000 43.00000000
32.00000000 388.00000000 1.00000000 42.00000000
73.00000000 267.00000000 0.00000000 42.00000000
616.00000000 127.00000000 0.00000000 41.00000000
14.00000000 270.00000000 0.00000000 41.00000000
202.00000000 173.00000000 0.00000000 40.00000000
266.00000000 336.00000000 1.00000000 40.00000000
516.00000000 266.00000000 0.00000000 40.00000000
471.00000000 167.00000000 0.00000000 38.00000000
361.00000000 282.00000000 0.00000000 37.00000000
583.00000000 282.00000000 0.00000000 36.00000000
626.00000000 128.00000000 0.00000000 36.00000000
485.00000000 258.00000000 0.00000000 36.00000000
599.00000000 231.00000000 0.00000000 36.00000000
628.00000000 304.00000000 0.00000000 35.00000000
309.00000000 314.00000000 0.00000000 34.00000000
215.00000000 307.00000000 0.00000000 34.00000000
80.00000000 205.00000000 0.00000000 34.00000000
27.00000000 275.00000000 0.00000000 33.00000000
31.00000000 388.00000000 0.00000000 33.00000000
31.00000000 267.00000000 0.00000000 33.00000000
186.00000000 250.00000000 0.00000000 33.00000000
361.00000000 307.00000000 0.00000000 32.00000000
102.00000000 256.00000000 0.00000000 32.00000000
94.00000000 265.00000000 0.00000000 31.00000000
526.00000000 264.00000000 0.00000000 31.00000000
260.00000000 217.00000000 0.00000000 31.00000000
623.00000000 230.00000000 0.00000000 30.00000000
608.00000000 135.00000000 0.00000000 30.00000000
260.00000000 231.00000000 0.00000000 29.00000000
