280.00000000 116.00000000 4.00000000 545.00000000
280.00000000 115.00000000 2.00000000 541.00000000
104.00000000 132.00000000 4.00000000 532.00000000
362.00000000 110.00000000 2.00000000 473.00000000
101.00000000 130.00000000 5.00000000 435.00000000
360.00000000 254.00000000 1.00000000 434.00000000
613.00000000 179.00000000 1.00000000 425.00000000
432.00000000 104.00000000 2.00000000 425.00000000
613.00000000 179.00000000 1.00000000 417.00000000
428.00000000 243.00000000 1.00000000 415.00000000
429.00000000 242.00000000 1.00000000 402.00000000
197.00000000 121.00000000 2.00000000 401.00000000
361.00000000 254.00000000 1.00000000 394.00000000
282.00000000 112.00000000 2.00000000 387.00000000
360.00000000 256.00000000 2.00000000 374.00000000
285.00000000 267.00000000 1.00000000 372.00000000
428.00000000 244.00000000 2.00000000 363.00000000
202.00000000 175.00000000 1.00000000 358.00000000
200.00000000 120.00000000 2.00000000 354.00000000
203.00000000 174.00000000 1.00000000 353.00000000
286.00000000 270.00000000 2.00000000 347.00000000
202.00000000 176.00000000 2.00000000 345.00000000
429.00000000 241.00000000 0.00000000 340.00000000
106.00000000 188.00000000 2.00000000 338.00000000
286.00000000 266.00000000 1.00000000 335.00000000
434.00000000 102.00000000 2.00000000 328.00000000
493.00000000 144.00000000 1.00000000 316.00000000
626.00000000 129.00000000 0.00000000 315.00000000
284.00000000 165.00000000 1.00000000 311.00000000
613.00000000 178.00000000 0.00000000 307.00000000
281.00000000 110.00000000 1.00000000 304.00000000
202.00000000 173.00000000 0.00000000 303.00000000
361.00000000 253.00000000 0.00000000 300.00000000
434.00000000 100.00000000 1.00000000 298.00000000
362.00000000 156.00000000 1.00000000 295.00000000
200.00000000 117.00000000 1.00000000 289.00000000
494.00000000 143.00000000 1.00000000 277.00000000
286.00000000 265.00000000 0.00000000 270.00000000
434.00000000 100.00000000 1.00000000 265.00000000
432.00000000 149.00000000 1.00000000 261.00000000
285.00000000 164.00000000 1.00000000 246.00000000
362.00000000 156.00000000 1.00000000 244.00000000
362.00000000 106.00000000 1.00000000 242.00000000
282.00000000 110.00000000 1.00000000 237.00000000
107.00000000 186.00000000 1.00000000 226.00000000
432.00000000 149.00000000 1.00000000 219.00000000
265.00000000 258.00000000 0.00000000 206.00000000
264.00000000 258.00000000 1.00000000 205.00000000
108.00000000 185.00000000 1.00000000 201.00000000
104.00000000 125.00000000 1.00000000 200.00000000
618.00000000 124.00000000 1.00000000 199.00000000
618.00000000 123.00000000 0.00000000 198.00000000
618.00000000 124.00000000 1.00000000 194.00000000
201.00000000 117.00000000 1.00000000 192.00000000
434.00000000 98.00000000 0.00000000 192.00000000
494.00000000 142.00000000 0.00000000 174.00000000
282.00000000 108.00000000 0.00000000 172.00000000
285.00000000 164.00000000 0.00000000 171.00000000
362.00000000 155.00000000 0.00000000 169.00000000
577.00000000 120.00000000 0.00000000 166.00000000
108.00000000 183.00000000 0.00000000 165.00000000
362.00000000 105.00000000 1.00000000 160.00000000
207.00000000 229.00000000 1.00000000 158.00000000
139.00000000 366.00000000 1.00000000 158.00000000
432.00000000 149.00000000 0.00000000 153.00000000
139.00000000 365.00000000 0.00000000 150.00000000
567.00000000 166.00000000 1.00000000 141.00000000
286.00000000 225.00000000 1.00000000 138.00000000
113.00000000 243.00000000 1.00000000 137.00000000
207.00000000 229.00000000 0.00000000 135.00000000
560.00000000 113.00000000 0.00000000 135.00000000
491.00000000 195.00000000 1.00000000 134.00000000
522.00000000 108.00000000 0.00000000 131.00000000
91.00000000 33.00000000 0.00000000 131.00000000
430.00000000 204.00000000 1.00000000 130.00000000
578.00000000 121.00000000 1.00000000 127.00000000
48.00000000 47.00000000 0.00000000 126.00000000
246.00000000 258.00000000 1.00000000 124.00000000
560.00000000 114.00000000 1.00000000 123.00000000
205.00000000 190.00000000 1.00000000 122.00000000
202.00000000 136.00000000 1.00000000 121.00000000
12.00000000 258.00000000 0.00000000 120.00000000
525.00000000 128.00000000 1.00000000 118.00000000
520.00000000 155.00000000 0.00000000 116.00000000
152.00000000 52.00000000 0.00000000 113.00000000
571.00000000 115.00000000 0.00000000 112.00000000
90.00000000 34.00000000 1.00000000 111.00000000
70.00000000 38.00000000 0.00000000 110.00000000
113.00000000 243.00000000 0.00000000 110.00000000
156.00000000 272.00000000 1.00000000 110.00000000
283.00000000 127.00000000 1.00000000 108.00000000
201.00000000 115.00000000 0.00000000 107.00000000
193.00000000 86.00000000 0.00000000 106.00000000
491.00000000 195.00000000 0.00000000 106.00000000
430.00000000 204.00000000 0.00000000 105.00000000
549.00000000 112.00000000 0.00000000 104.00000000
211.00000000 85.00000000 0.00000000 104.00000000
525.00000000 128.00000000 0.00000000 103.00000000
567.00000000 166.00000000 0.00000000 100.00000000
205.00000000 190.00000000 0.00000000 96.00000000
154.00000000 89.00000000 0.00000000 95.00000000
261.00000000 251.00000000 0.00000000 95.00000000
224.00000000 118.00000000 0.00000000 92.00000000
14.00000000 270.00000000 0.00000000 90.00000000
156.00000000 271.00000000 0.00000000 89.00000000
362.00000000 103.00000000 0.00000000 89.00000000
285.00000000 224.00000000 0.00000000 88.00000000
131.00000000 125.00000000 0.00000000 87.00000000
254.00000000 33.00000000 0.00000000 86.00000000
202.00000000 137.00000000 0.00000000 85.00000000
283.00000000 128.00000000 0.00000000 83.00000000
41.00000000 290.00000000 0.00000000 83.00000000
30.00000000 98.00000000 0.00000000 81.00000000
311.00000000 79.00000000 0.00000000 79.00000000
498.00000000 120.00000000 0.00000000 79.00000000
94.00000000 93.00000000 0.00000000 78.00000000
208.00000000 241.00000000 0.00000000 78.00000000
192.00000000 65.00000000 0.00000000 78.00000000
172.00000000 58.00000000 0.00000000 77.00000000
521.00000000 179.00000000 0.00000000 77.00000000
229.00000000 84.00000000 0.00000000 75.00000000
152.00000000 36.00000000 0.00000000 74.00000000
505.00000000 72.00000000 0.00000000 74.00000000
261.00000000 82.00000000 0.00000000 73.00000000
140.00000000 274.00000000 0.00000000 72.00000000
442.00000000 73.00000000 0.00000000 72.00000000
415.00000000 74.00000000 0.00000000 71.00000000
