209.00000000 291.00000000 2.00000000 404.00000000
208.00000000 292.00000000 4.00000000 373.00000000
212.00000000 290.00000000 2.00000000 327.00000000
286.00000000 266.00000000 1.00000000 282.00000000
230.00000000 258.00000000 0.00000000 258.00000000
286.00000000 265.00000000 0.00000000 250.00000000
285.00000000 267.00000000 1.00000000 228.00000000
209.00000000 294.00000000 5.00000000 217.00000000
212.00000000 291.00000000 1.00000000 211.00000000
231.00000000 259.00000000 1.00000000 204.00000000
96.00000000 125.00000000 0.00000000 199.00000000
284.00000000 316.00000000 4.00000000 184.00000000
261.00000000 252.00000000 0.00000000 178.00000000
517.00000000 176.00000000 1.00000000 177.00000000
84.00000000 206.00000000 0.00000000 169.00000000
361.00000000 253.00000000 1.00000000 164.00000000
519.00000000 176.00000000 1.00000000 163.00000000
246.00000000 255.00000000 0.00000000 161.00000000
518.00000000 178.00000000 2.00000000 152.00000000
213.00000000 292.00000000 1.00000000 145.00000000
521.00000000 180.00000000 0.00000000 144.00000000
360.00000000 254.00000000 1.00000000 142.00000000
262.00000000 252.00000000 1.00000000 140.00000000
286.00000000 268.00000000 2.00000000 137.00000000
90.00000000 125.00000000 1.00000000 137.00000000
361.00000000 252.00000000 0.00000000 135.00000000
252.00000000 275.00000000 0.00000000 130.00000000
628.00000000 221.00000000 0.00000000 124.00000000
56.00000000 287.00000000 0.00000000 121.00000000
230.00000000 239.00000000 1.00000000 119.00000000
253.00000000 276.00000000 1.00000000 117.00000000
282.00000000 316.00000000 2.00000000 114.00000000
231.00000000 239.00000000 1.00000000 113.00000000
246.00000000 223.00000000 2.00000000 111.00000000
428.00000000 242.00000000 1.00000000 111.00000000
231.00000000 258.00000000 1.00000000 110.00000000
428.00000000 243.00000000 1.00000000 108.00000000
246.00000000 256.00000000 1.00000000 104.00000000
285.00000000 212.00000000 2.00000000 103.00000000
360.00000000 256.00000000 2.00000000 101.00000000
78.00000000 206.00000000 1.00000000 99.00000000
56.00000000 287.00000000 1.00000000 95.00000000
230.00000000 240.00000000 2.00000000 91.00000000
213.00000000 292.00000000 0.00000000 91.00000000
428.00000000 244.00000000 2.00000000 90.00000000
248.00000000 224.00000000 2.00000000 89.00000000
628.00000000 199.00000000 0.00000000 89.00000000
285.00000000 295.00000000 1.00000000 86.00000000
22.00000000 326.00000000 1.00000000 86.00000000
486.00000000 240.00000000 2.00000000 84.00000000
286.00000000 295.00000000 1.00000000 82.00000000
286.00000000 287.00000000 0.00000000 81.00000000
25.00000000 346.00000000 1.00000000 77.00000000
361.00000000 274.00000000 1.00000000 77.00000000
428.00000000 241.00000000 0.00000000 76.00000000
156.00000000 271.00000000 1.00000000 76.00000000
361.00000000 274.00000000 0.00000000 72.00000000
261.00000000 251.00000000 1.00000000 72.00000000
263.00000000 272.00000000 0.00000000 71.00000000
140.00000000 252.00000000 1.00000000 71.00000000
89.00000000 124.00000000 1.00000000 70.00000000
156.00000000 270.00000000 0.00000000 69.00000000
231.00000000 238.00000000 0.00000000 69.00000000
140.00000000 253.00000000 1.00000000 69.00000000
519.00000000 263.00000000 1.00000000 68.00000000
263.00000000 297.00000000 0.00000000 68.00000000
247.00000000 223.00000000 1.00000000 67.00000000
253.00000000 275.00000000 1.00000000 65.00000000
203.00000000 174.00000000 1.00000000 62.00000000
517.00000000 264.00000000 1.00000000 59.00000000
286.00000000 295.00000000 0.00000000 54.00000000
264.00000000 298.00000000 1.00000000 52.00000000
266.00000000 335.00000000 0.00000000 52.00000000
140.00000000 251.00000000 0.00000000 51.00000000
138.00000000 359.00000000 0.00000000 51.00000000
248.00000000 224.00000000 1.00000000 48.00000000
287.00000000 212.00000000 1.00000000 48.00000000
110.00000000 184.00000000 1.00000000 46.00000000
32.00000000 379.00000000 1.00000000 45.00000000
215.00000000 306.00000000 1.00000000 45.00000000
474.00000000 164.00000000 0.00000000 45.00000000
287.00000000 321.00000000 1.00000000 45.00000000
25.00000000 327.00000000 1.00000000 45.00000000
252.00000000 296.00000000 0.00000000 44.00000000
628.00000000 241.00000000 0.00000000 44.00000000
203.00000000 173.00000000 0.00000000 42.00000000
361.00000000 282.00000000 0.00000000 41.00000000
139.00000000 360.00000000 1.00000000 41.00000000
517.00000000 262.00000000 0.00000000 41.00000000
287.00000000 322.00000000 0.00000000 40.00000000
522.00000000 229.00000000 0.00000000 39.00000000
428.00000000 260.00000000 1.00000000 39.00000000
266.00000000 336.00000000 1.00000000 39.00000000
109.00000000 183.00000000 0.00000000 39.00000000
599.00000000 231.00000000 0.00000000 39.00000000
32.00000000 388.00000000 1.00000000 38.00000000
31.00000000 379.00000000 0.00000000 38.00000000
600.00000000 233.00000000 1.00000000 37.00000000
270.00000000 267.00000000 0.00000000 35.00000000
41.00000000 270.00000000 0.00000000 35.00000000
627.00000000 127.00000000 0.00000000 35.00000000
525.00000000 263.00000000 0.00000000 35.00000000
428.00000000 260.00000000 0.00000000 34.00000000
26.00000000 327.00000000 0.00000000 33.00000000
606.00000000 318.00000000 0.00000000 33.00000000
214.00000000 305.00000000 0.00000000 32.00000000
12.00000000 259.00000000 0.00000000 32.00000000
13.00000000 270.00000000 0.00000000 32.00000000
67.00000000 263.00000000 0.00000000 30.00000000
14.00000000 277.00000000 0.00000000 30.00000000
613.00000000 318.00000000 0.00000000 29.00000000
628.00000000 304.00000000 0.00000000 29.00000000
268.00000000 163.00000000 0.00000000 29.00000000
483.00000000 234.00000000 0.00000000 28.00000000
427.00000000 292.00000000 0.00000000 28.00000000
287.00000000 211.00000000 0.00000000 28.00000000
273.00000000 355.00000000 0.00000000 28.00000000
23.00000000 276.00000000 0.00000000 28.00000000
31.00000000 388.00000000 0.00000000 28.00000000
576.00000000 287.00000000 0.00000000 27.00000000
620.00000000 325.00000000 0.00000000 27.00000000
269.00000000 278.00000000 0.00000000 26.00000000
246.00000000 331.00000000 0.00000000 25.00000000
609.00000000 299.00000000 0.00000000 25.00000000
264.00000000 308.00000000 0.00000000 25.00000000
623.00000000 229.00000000 0.00000000 24.00000000
602.00000000 341.00000000 0.00000000 24.00000000
