67.00000000 554.00000000 1.00000000 521.00000000
67.00000000 553.00000000 0.00000000 482.00000000
66.00000000 555.00000000 1.00000000 423.00000000
146.00000000 549.00000000 0.00000000 298.00000000
146.00000000 549.00000000 1.00000000 268.00000000
1141.00000000 449.00000000 0.00000000 265.00000000
1033.00000000 627.00000000 0.00000000 252.00000000
64.00000000 558.00000000 2.00000000 250.00000000
1006.00000000 625.00000000 0.00000000 232.00000000
1034.00000000 629.00000000 1.00000000 229.00000000
1021.00000000 630.00000000 0.00000000 222.00000000
1186.00000000 435.00000000 1.00000000 216.00000000
1186.00000000 434.00000000 0.00000000 214.00000000
1140.00000000 632.00000000 0.00000000 212.00000000
825.00000000 563.00000000 0.00000000 206.00000000
1142.00000000 441.00000000 0.00000000 204.00000000
1141.00000000 450.00000000 1.00000000 203.00000000
1234.00000000 639.00000000 0.00000000 187.00000000
1234.00000000 639.00000000 1.00000000 178.00000000
1231.00000000 439.00000000 1.00000000 177.00000000
1185.00000000 436.00000000 1.00000000 167.00000000
1231.00000000 438.00000000 0.00000000 166.00000000
1176.00000000 476.00000000 0.00000000 157.00000000
1006.00000000 626.00000000 1.00000000 155.00000000
746.00000000 733.00000000 0.00000000 145.00000000
1223.00000000 438.00000000 1.00000000 144.00000000
827.00000000 556.00000000 0.00000000 140.00000000
826.00000000 563.00000000 1.00000000 140.00000000
645.00000000 413.00000000 0.00000000 138.00000000
1107.00000000 463.00000000 1.00000000 138.00000000
1141.00000000 475.00000000 0.00000000 137.00000000
145.00000000 550.00000000 1.00000000 136.00000000
1184.00000000 440.00000000 2.00000000 135.00000000
1151.00000000 436.00000000 0.00000000 132.00000000
461.00000000 849.00000000 0.00000000 130.00000000
155.00000000 432.00000000 1.00000000 129.00000000
823.00000000 550.00000000 0.00000000 128.00000000
796.00000000 748.00000000 0.00000000 128.00000000
1175.00000000 485.00000000 0.00000000 126.00000000
1223.00000000 437.00000000 0.00000000 126.00000000
129.00000000 422.00000000 0.00000000 124.00000000
912.00000000 555.00000000 0.00000000 121.00000000
399.00000000 688.00000000 0.00000000 119.00000000
1107.00000000 462.00000000 0.00000000 119.00000000
62.00000000 560.00000000 2.00000000 119.00000000
746.00000000 733.00000000 1.00000000 116.00000000
852.00000000 307.00000000 0.00000000 116.00000000
1033.00000000 789.00000000 0.00000000 116.00000000
86.00000000 424.00000000 0.00000000 114.00000000
452.00000000 837.00000000 0.00000000 113.00000000
1110.00000000 572.00000000 0.00000000 110.00000000
1117.00000000 469.00000000 0.00000000 110.00000000
810.00000000 702.00000000 0.00000000 110.00000000
154.00000000 436.00000000 2.00000000 110.00000000
1141.00000000 452.00000000 1.00000000 109.00000000
1223.00000000 439.00000000 1.00000000 108.00000000
535.00000000 399.00000000 1.00000000 108.00000000
1071.00000000 627.00000000 0.00000000 108.00000000
1064.00000000 630.00000000 0.00000000 108.00000000
1176.00000000 477.00000000 1.00000000 103.00000000
578.00000000 840.00000000 0.00000000 103.00000000
822.00000000 551.00000000 1.00000000 102.00000000
1140.00000000 456.00000000 2.00000000 101.00000000
155.00000000 431.00000000 1.00000000 101.00000000
456.00000000 787.00000000 0.00000000 101.00000000
1047.00000000 624.00000000 0.00000000 100.00000000
743.00000000 627.00000000 0.00000000 99.00000000
1091.00000000 797.00000000 0.00000000 98.00000000
806.00000000 748.00000000 0.00000000 98.00000000
461.00000000 849.00000000 1.00000000 97.00000000
1224.00000000 444.00000000 2.00000000 97.00000000
277.00000000 515.00000000 0.00000000 96.00000000
535.00000000 399.00000000 0.00000000 96.00000000
796.00000000 749.00000000 1.00000000 96.00000000
1033.00000000 789.00000000 1.00000000 96.00000000
791.00000000 729.00000000 0.00000000 95.00000000
432.00000000 763.00000000 0.00000000 95.00000000
1258.00000000 547.00000000 1.00000000 93.00000000
912.00000000 555.00000000 1.00000000 93.00000000
1217.00000000 502.00000000 0.00000000 93.00000000
1222.00000000 442.00000000 2.00000000 93.00000000
86.00000000 538.00000000 0.00000000 92.00000000
141.00000000 450.00000000 0.00000000 92.00000000
610.00000000 825.00000000 0.00000000 91.00000000
578.00000000 839.00000000 1.00000000 91.00000000
635.00000000 427.00000000 1.00000000 91.00000000
690.00000000 601.00000000 0.00000000 91.00000000
1022.00000000 642.00000000 0.00000000 91.00000000
1108.00000000 626.00000000 0.00000000 90.00000000
124.00000000 543.00000000 0.00000000 90.00000000
542.00000000 832.00000000 0.00000000 90.00000000
1116.00000000 625.00000000 0.00000000 90.00000000
1046.00000000 626.00000000 1.00000000 90.00000000
826.00000000 732.00000000 1.00000000 89.00000000
647.00000000 815.00000000 0.00000000 89.00000000
1084.00000000 625.00000000 0.00000000 88.00000000
620.00000000 486.00000000 1.00000000 88.00000000
1185.00000000 441.00000000 2.00000000 88.00000000
860.00000000 769.00000000 0.00000000 87.00000000
971.00000000 639.00000000 0.00000000 87.00000000
1234.00000000 640.00000000 1.00000000 87.00000000
730.00000000 724.00000000 0.00000000 86.00000000
658.00000000 810.00000000 0.00000000 86.00000000
733.00000000 651.00000000 0.00000000 86.00000000
910.00000000 554.00000000 1.00000000 86.00000000
155.00000000 430.00000000 0.00000000 86.00000000
534.00000000 398.00000000 1.00000000 85.00000000
1123.00000000 400.00000000 1.00000000 84.00000000
1258.00000000 546.00000000 1.00000000 84.00000000
457.00000000 787.00000000 1.00000000 82.00000000
659.00000000 336.00000000 1.00000000 82.00000000
125.00000000 543.00000000 1.00000000 80.00000000
400.00000000 688.00000000 1.00000000 80.00000000
531.00000000 398.00000000 2.00000000 79.00000000
1107.00000000 463.00000000 1.00000000 79.00000000
810.00000000 703.00000000 1.00000000 79.00000000
532.00000000 400.00000000 2.00000000 78.00000000
1056.00000000 495.00000000 1.00000000 77.00000000
1224.00000000 448.00000000 4.00000000 75.00000000
910.00000000 556.00000000 2.00000000 73.00000000
825.00000000 733.00000000 1.00000000 72.00000000
1124.00000000 400.00000000 1.00000000 72.00000000
1056.00000000 494.00000000 1.00000000 71.00000000
933.00000000 581.00000000 1.00000000 69.00000000
1056.00000000 496.00000000 2.00000000 68.00000000
164.00000000 232.00000000 4.00000000 67.00000000
905.00000000 560.00000000 5.00000000 54.00000000
