154.00000000 374.00000000 0.00000000 506.00000000
504.00000000 266.00000000 0.00000000 496.00000000
492.00000000 263.00000000 0.00000000 424.00000000
154.00000000 374.00000000 1.00000000 415.00000000
379.00000000 345.00000000 0.00000000 373.00000000
437.00000000 313.00000000 1.00000000 366.00000000
576.00000000 259.00000000 0.00000000 356.00000000
505.00000000 266.00000000 1.00000000 340.00000000
576.00000000 260.00000000 1.00000000 336.00000000
379.00000000 346.00000000 1.00000000 336.00000000
67.00000000 555.00000000 1.00000000 333.00000000
303.00000000 303.00000000 0.00000000 329.00000000
437.00000000 313.00000000 0.00000000 323.00000000
472.00000000 269.00000000 0.00000000 317.00000000
493.00000000 262.00000000 1.00000000 309.00000000
460.00000000 266.00000000 0.00000000 307.00000000
436.00000000 313.00000000 1.00000000 304.00000000
595.00000000 316.00000000 0.00000000 303.00000000
67.00000000 554.00000000 0.00000000 302.00000000
468.00000000 317.00000000 0.00000000 281.00000000
588.00000000 269.00000000 0.00000000 279.00000000
303.00000000 303.00000000 1.00000000 273.00000000
323.00000000 331.00000000 0.00000000 259.00000000
731.00000000 267.00000000 0.00000000 255.00000000
588.00000000 269.00000000 1.00000000 252.00000000
1186.00000000 435.00000000 1.00000000 252.00000000
594.00000000 317.00000000 1.00000000 250.00000000
1185.00000000 434.00000000 0.00000000 246.00000000
455.00000000 296.00000000 1.00000000 241.00000000
634.00000000 265.00000000 0.00000000 241.00000000
66.00000000 555.00000000 1.00000000 241.00000000
225.00000000 345.00000000 0.00000000 238.00000000
518.00000000 301.00000000 1.00000000 230.00000000
287.00000000 338.00000000 0.00000000 227.00000000
343.00000000 327.00000000 1.00000000 227.00000000
343.00000000 327.00000000 0.00000000 227.00000000
460.00000000 266.00000000 1.00000000 226.00000000
475.00000000 329.00000000 1.00000000 226.00000000
154.00000000 374.00000000 1.00000000 224.00000000
1033.00000000 627.00000000 0.00000000 223.00000000
455.00000000 296.00000000 1.00000000 221.00000000
559.00000000 261.00000000 1.00000000 219.00000000
227.00000000 345.00000000 1.00000000 215.00000000
614.00000000 252.00000000 2.00000000 210.00000000
327.00000000 339.00000000 1.00000000 210.00000000
1185.00000000 436.00000000 1.00000000 209.00000000
558.00000000 261.00000000 0.00000000 208.00000000
629.00000000 279.00000000 0.00000000 207.00000000
513.00000000 325.00000000 0.00000000 207.00000000
613.00000000 296.00000000 0.00000000 204.00000000
196.00000000 384.00000000 2.00000000 203.00000000
519.00000000 301.00000000 0.00000000 201.00000000
1141.00000000 475.00000000 0.00000000 199.00000000
398.00000000 290.00000000 2.00000000 194.00000000
296.00000000 330.00000000 0.00000000 193.00000000
436.00000000 314.00000000 2.00000000 192.00000000
731.00000000 267.00000000 1.00000000 188.00000000
379.00000000 345.00000000 1.00000000 188.00000000
613.00000000 250.00000000 1.00000000 188.00000000
326.00000000 339.00000000 1.00000000 187.00000000
343.00000000 328.00000000 1.00000000 187.00000000
649.00000000 299.00000000 0.00000000 186.00000000
288.00000000 338.00000000 1.00000000 185.00000000
326.00000000 337.00000000 0.00000000 183.00000000
223.00000000 383.00000000 0.00000000 182.00000000
398.00000000 288.00000000 2.00000000 181.00000000
1231.00000000 438.00000000 0.00000000 179.00000000
1231.00000000 439.00000000 1.00000000 178.00000000
613.00000000 254.00000000 2.00000000 177.00000000
1223.00000000 437.00000000 0.00000000 177.00000000
517.00000000 299.00000000 1.00000000 176.00000000
474.00000000 328.00000000 0.00000000 176.00000000
602.00000000 270.00000000 0.00000000 173.00000000
765.00000000 284.00000000 0.00000000 172.00000000
1033.00000000 628.00000000 1.00000000 172.00000000
638.00000000 273.00000000 0.00000000 171.00000000
634.00000000 265.00000000 1.00000000 171.00000000
260.00000000 364.00000000 0.00000000 170.00000000
297.00000000 330.00000000 1.00000000 169.00000000
504.00000000 265.00000000 1.00000000 169.00000000
472.00000000 269.00000000 1.00000000 168.00000000
1005.00000000 624.00000000 0.00000000 167.00000000
158.00000000 384.00000000 0.00000000 167.00000000
454.00000000 296.00000000 0.00000000 167.00000000
1223.00000000 438.00000000 1.00000000 166.00000000
825.00000000 562.00000000 0.00000000 165.00000000
629.00000000 280.00000000 1.00000000 162.00000000
1139.00000000 631.00000000 0.00000000 161.00000000
1232.00000000 639.00000000 0.00000000 160.00000000
694.00000000 288.00000000 1.00000000 159.00000000
434.00000000 338.00000000 0.00000000 159.00000000
1019.00000000 629.00000000 0.00000000 158.00000000
359.00000000 317.00000000 0.00000000 158.00000000
1141.00000000 449.00000000 0.00000000 158.00000000
1184.00000000 440.00000000 2.00000000 157.00000000
359.00000000 318.00000000 1.00000000 157.00000000
201.00000000 342.00000000 0.00000000 156.00000000
714.00000000 296.00000000 0.00000000 156.00000000
197.00000000 381.00000000 1.00000000 154.00000000
717.00000000 715.00000000 0.00000000 153.00000000
650.00000000 298.00000000 1.00000000 153.00000000
509.00000000 309.00000000 0.00000000 152.00000000
1232.00000000 639.00000000 1.00000000 151.00000000
576.00000000 260.00000000 1.00000000 148.00000000
195.00000000 384.00000000 2.00000000 148.00000000
545.00000000 275.00000000 0.00000000 147.00000000
581.00000000 312.00000000 0.00000000 144.00000000
452.00000000 326.00000000 1.00000000 143.00000000
344.00000000 328.00000000 2.00000000 142.00000000
294.00000000 353.00000000 0.00000000 141.00000000
1175.00000000 484.00000000 0.00000000 140.00000000
745.00000000 577.00000000 0.00000000 139.00000000
227.00000000 345.00000000 1.00000000 139.00000000
398.00000000 288.00000000 1.00000000 138.00000000
326.00000000 340.00000000 2.00000000 137.00000000
165.00000000 346.00000000 0.00000000 137.00000000
97.00000000 404.00000000 0.00000000 137.00000000
449.00000000 309.00000000 0.00000000 136.00000000
363.00000000 352.00000000 0.00000000 135.00000000
613.00000000 248.00000000 0.00000000 135.00000000
576.00000000 296.00000000 0.00000000 134.00000000
823.00000000 550.00000000 0.00000000 133.00000000
456.00000000 296.00000000 2.00000000 131.00000000
342.00000000 328.00000000 2.00000000 130.00000000
400.00000000 292.00000000 4.00000000 126.00000000
1224.00000000 452.00000000 4.00000000 91.00000000
407.00000000 288.00000000 5.00000000 71.00000000
