66.00000000 555.00000000 1.00000000 725.00000000
65.00000000 557.00000000 1.00000000 675.00000000
67.00000000 554.00000000 0.00000000 648.00000000
64.00000000 558.00000000 2.00000000 550.00000000
485.00000000 852.00000000 0.00000000 476.00000000
1091.00000000 798.00000000 0.00000000 426.00000000
729.00000000 653.00000000 1.00000000 396.00000000
935.00000000 576.00000000 0.00000000 363.00000000
851.00000000 307.00000000 0.00000000 326.00000000
758.00000000 805.00000000 1.00000000 293.00000000
884.00000000 649.00000000 0.00000000 286.00000000
758.00000000 806.00000000 1.00000000 282.00000000
145.00000000 548.00000000 1.00000000 280.00000000
1061.00000000 789.00000000 0.00000000 264.00000000
708.00000000 777.00000000 0.00000000 258.00000000
154.00000000 434.00000000 1.00000000 258.00000000
62.00000000 560.00000000 2.00000000 250.00000000
1091.00000000 798.00000000 1.00000000 249.00000000
31.00000000 496.00000000 0.00000000 249.00000000
683.00000000 767.00000000 0.00000000 248.00000000
533.00000000 399.00000000 1.00000000 247.00000000
107.00000000 555.00000000 0.00000000 244.00000000
826.00000000 563.00000000 0.00000000 238.00000000
851.00000000 308.00000000 1.00000000 237.00000000
533.00000000 399.00000000 0.00000000 233.00000000
144.00000000 548.00000000 0.00000000 233.00000000
886.00000000 763.00000000 0.00000000 228.00000000
935.00000000 576.00000000 1.00000000 225.00000000
731.00000000 652.00000000 1.00000000 225.00000000
793.00000000 733.00000000 1.00000000 223.00000000
331.00000000 384.00000000 1.00000000 220.00000000
528.00000000 398.00000000 2.00000000 218.00000000
702.00000000 714.00000000 0.00000000 216.00000000
128.00000000 422.00000000 0.00000000 216.00000000
827.00000000 555.00000000 0.00000000 214.00000000
869.00000000 287.00000000 0.00000000 213.00000000
608.00000000 796.00000000 0.00000000 212.00000000
530.00000000 400.00000000 2.00000000 212.00000000
229.00000000 762.00000000 0.00000000 209.00000000
155.00000000 432.00000000 1.00000000 209.00000000
758.00000000 806.00000000 2.00000000 207.00000000
1122.00000000 400.00000000 1.00000000 203.00000000
485.00000000 853.00000000 1.00000000 202.00000000
770.00000000 712.00000000 0.00000000 201.00000000
827.00000000 555.00000000 1.00000000 200.00000000
884.00000000 649.00000000 1.00000000 198.00000000
449.00000000 369.00000000 0.00000000 197.00000000
730.00000000 654.00000000 2.00000000 194.00000000
468.00000000 845.00000000 0.00000000 193.00000000
753.00000000 546.00000000 0.00000000 192.00000000
1127.00000000 490.00000000 0.00000000 190.00000000
63.00000000 563.00000000 0.00000000 190.00000000
330.00000000 383.00000000 1.00000000 190.00000000
758.00000000 805.00000000 0.00000000 187.00000000
201.00000000 388.00000000 0.00000000 187.00000000
533.00000000 400.00000000 1.00000000 186.00000000
73.00000000 616.00000000 2.00000000 185.00000000
246.00000000 656.00000000 0.00000000 184.00000000
732.00000000 653.00000000 0.00000000 181.00000000
628.00000000 814.00000000 0.00000000 180.00000000
581.00000000 694.00000000 0.00000000 180.00000000
528.00000000 400.00000000 4.00000000 179.00000000
447.00000000 832.00000000 0.00000000 179.00000000
541.00000000 833.00000000 0.00000000 179.00000000
500.00000000 800.00000000 0.00000000 176.00000000
1122.00000000 400.00000000 0.00000000 176.00000000
154.00000000 436.00000000 2.00000000 174.00000000
379.00000000 571.00000000 0.00000000 173.00000000
893.00000000 755.00000000 0.00000000 172.00000000
869.00000000 287.00000000 1.00000000 172.00000000
330.00000000 383.00000000 0.00000000 171.00000000
876.00000000 641.00000000 0.00000000 171.00000000
318.00000000 346.00000000 0.00000000 171.00000000
450.00000000 370.00000000 1.00000000 170.00000000
826.00000000 563.00000000 1.00000000 169.00000000
933.00000000 598.00000000 0.00000000 169.00000000
647.00000000 827.00000000 0.00000000 169.00000000
807.00000000 674.00000000 0.00000000 169.00000000
731.00000000 723.00000000 0.00000000 167.00000000
624.00000000 627.00000000 0.00000000 166.00000000
72.00000000 616.00000000 4.00000000 165.00000000
709.00000000 777.00000000 1.00000000 164.00000000
26.00000000 516.00000000 0.00000000 164.00000000
415.00000000 368.00000000 0.00000000 162.00000000
31.00000000 497.00000000 1.00000000 162.00000000
1036.00000000 790.00000000 1.00000000 161.00000000
1063.00000000 441.00000000 1.00000000 160.00000000
1018.00000000 788.00000000 0.00000000 160.00000000
658.00000000 335.00000000 1.00000000 160.00000000
1219.00000000 562.00000000 0.00000000 159.00000000
316.00000000 831.00000000 0.00000000 159.00000000
1141.00000000 492.00000000 1.00000000 157.00000000
1152.00000000 386.00000000 0.00000000 157.00000000
731.00000000 729.00000000 0.00000000 157.00000000
506.00000000 529.00000000 0.00000000 157.00000000
233.00000000 470.00000000 0.00000000 157.00000000
201.00000000 388.00000000 1.00000000 156.00000000
761.00000000 695.00000000 0.00000000 156.00000000
913.00000000 767.00000000 0.00000000 155.00000000
586.00000000 789.00000000 0.00000000 155.00000000
1173.00000000 574.00000000 0.00000000 154.00000000
478.00000000 660.00000000 0.00000000 154.00000000
1240.00000000 271.00000000 1.00000000 154.00000000
330.00000000 382.00000000 2.00000000 154.00000000
937.00000000 552.00000000 0.00000000 153.00000000
552.00000000 837.00000000 0.00000000 152.00000000
1023.00000000 756.00000000 0.00000000 151.00000000
883.00000000 649.00000000 1.00000000 150.00000000
1122.00000000 400.00000000 1.00000000 150.00000000
1152.00000000 386.00000000 1.00000000 149.00000000
107.00000000 555.00000000 1.00000000 147.00000000
1222.00000000 336.00000000 1.00000000 146.00000000
1127.00000000 491.00000000 1.00000000 145.00000000
794.00000000 736.00000000 2.00000000 145.00000000
851.00000000 306.00000000 1.00000000 144.00000000
748.00000000 596.00000000 1.00000000 144.00000000
1061.00000000 790.00000000 1.00000000 144.00000000
758.00000000 806.00000000 2.00000000 143.00000000
17.00000000 598.00000000 1.00000000 142.00000000
1244.00000000 310.00000000 2.00000000 142.00000000
1244.00000000 309.00000000 1.00000000 141.00000000
125.00000000 545.00000000 1.00000000 135.00000000
1241.00000000 271.00000000 1.00000000 133.00000000
886.00000000 764.00000000 1.00000000 132.00000000
144.00000000 547.00000000 1.00000000 131.00000000
729.00000000 731.00000000 1.00000000 120.00000000
209.00000000 130.00000000 5.00000000 119.00000000
