630.00000000 812.00000000 0.00000000 569.00000000
429.00000000 853.00000000 0.00000000 440.00000000
125.00000000 543.00000000 0.00000000 386.00000000
654.00000000 775.00000000 0.00000000 345.00000000
569.00000000 476.00000000 0.00000000 337.00000000
630.00000000 812.00000000 1.00000000 334.00000000
360.00000000 820.00000000 0.00000000 328.00000000
828.00000000 552.00000000 0.00000000 305.00000000
610.00000000 794.00000000 0.00000000 303.00000000
146.00000000 548.00000000 0.00000000 295.00000000
934.00000000 595.00000000 0.00000000 289.00000000
67.00000000 556.00000000 0.00000000 285.00000000
827.00000000 560.00000000 0.00000000 283.00000000
139.00000000 532.00000000 0.00000000 277.00000000
600.00000000 854.00000000 0.00000000 276.00000000
552.00000000 390.00000000 0.00000000 272.00000000
729.00000000 714.00000000 0.00000000 271.00000000
480.00000000 658.00000000 0.00000000 251.00000000
748.00000000 575.00000000 0.00000000 249.00000000
748.00000000 576.00000000 1.00000000 248.00000000
528.00000000 398.00000000 2.00000000 247.00000000
482.00000000 835.00000000 0.00000000 244.00000000
130.00000000 423.00000000 0.00000000 240.00000000
934.00000000 595.00000000 1.00000000 237.00000000
28.00000000 516.00000000 0.00000000 237.00000000
939.00000000 550.00000000 0.00000000 235.00000000
532.00000000 398.00000000 2.00000000 234.00000000
437.00000000 857.00000000 0.00000000 232.00000000
489.00000000 487.00000000 0.00000000 231.00000000
1221.00000000 558.00000000 1.00000000 230.00000000
485.00000000 849.00000000 0.00000000 229.00000000
144.00000000 540.00000000 0.00000000 228.00000000
666.00000000 840.00000000 2.00000000 228.00000000
139.00000000 532.00000000 1.00000000 225.00000000
528.00000000 400.00000000 4.00000000 225.00000000
450.00000000 367.00000000 0.00000000 223.00000000
841.00000000 724.00000000 0.00000000 222.00000000
376.00000000 825.00000000 0.00000000 221.00000000
579.00000000 639.00000000 0.00000000 219.00000000
379.00000000 816.00000000 0.00000000 219.00000000
870.00000000 284.00000000 0.00000000 217.00000000
535.00000000 398.00000000 1.00000000 216.00000000
534.00000000 397.00000000 1.00000000 212.00000000
461.00000000 830.00000000 0.00000000 212.00000000
171.00000000 632.00000000 0.00000000 208.00000000
361.00000000 820.00000000 1.00000000 208.00000000
699.00000000 524.00000000 0.00000000 206.00000000
407.00000000 823.00000000 0.00000000 206.00000000
576.00000000 258.00000000 0.00000000 201.00000000
125.00000000 548.00000000 1.00000000 201.00000000
827.00000000 561.00000000 1.00000000 200.00000000
852.00000000 304.00000000 0.00000000 200.00000000
146.00000000 548.00000000 1.00000000 199.00000000
1220.00000000 557.00000000 0.00000000 198.00000000
1028.00000000 489.00000000 0.00000000 197.00000000
126.00000000 458.00000000 0.00000000 196.00000000
56.00000000 564.00000000 0.00000000 194.00000000
242.00000000 405.00000000 0.00000000 191.00000000
450.00000000 368.00000000 1.00000000 190.00000000
532.00000000 465.00000000 0.00000000 190.00000000
433.00000000 822.00000000 0.00000000 189.00000000
637.00000000 402.00000000 0.00000000 188.00000000
481.00000000 836.00000000 1.00000000 187.00000000
430.00000000 558.00000000 0.00000000 187.00000000
733.00000000 340.00000000 0.00000000 187.00000000
248.00000000 656.00000000 0.00000000 186.00000000
630.00000000 813.00000000 1.00000000 184.00000000
667.00000000 840.00000000 1.00000000 184.00000000
375.00000000 797.00000000 0.00000000 184.00000000
296.00000000 618.00000000 0.00000000 183.00000000
868.00000000 295.00000000 0.00000000 183.00000000
207.00000000 528.00000000 0.00000000 182.00000000
885.00000000 647.00000000 1.00000000 179.00000000
563.00000000 467.00000000 0.00000000 177.00000000
495.00000000 849.00000000 0.00000000 177.00000000
658.00000000 333.00000000 1.00000000 177.00000000
748.00000000 576.00000000 1.00000000 176.00000000
738.00000000 643.00000000 1.00000000 174.00000000
420.00000000 842.00000000 0.00000000 173.00000000
232.00000000 816.00000000 0.00000000 173.00000000
707.00000000 770.00000000 0.00000000 173.00000000
192.00000000 671.00000000 0.00000000 172.00000000
733.00000000 649.00000000 0.00000000 172.00000000
925.00000000 736.00000000 0.00000000 171.00000000
76.00000000 619.00000000 2.00000000 170.00000000
325.00000000 832.00000000 0.00000000 170.00000000
543.00000000 502.00000000 0.00000000 169.00000000
658.00000000 333.00000000 0.00000000 169.00000000
611.00000000 794.00000000 1.00000000 168.00000000
694.00000000 284.00000000 1.00000000 168.00000000
198.00000000 384.00000000 2.00000000 168.00000000
449.00000000 346.00000000 1.00000000 166.00000000
870.00000000 285.00000000 1.00000000 166.00000000
850.00000000 732.00000000 1.00000000 165.00000000
67.00000000 557.00000000 1.00000000 160.00000000
622.00000000 464.00000000 2.00000000 159.00000000
412.00000000 831.00000000 1.00000000 159.00000000
851.00000000 691.00000000 1.00000000 158.00000000
214.00000000 124.00000000 5.00000000 157.00000000
176.00000000 844.00000000 1.00000000 157.00000000
208.00000000 528.00000000 1.00000000 157.00000000
669.00000000 837.00000000 1.00000000 157.00000000
637.00000000 312.00000000 1.00000000 157.00000000
330.00000000 381.00000000 1.00000000 154.00000000
577.00000000 258.00000000 1.00000000 153.00000000
731.00000000 651.00000000 1.00000000 152.00000000
684.00000000 299.00000000 1.00000000 150.00000000
1029.00000000 489.00000000 1.00000000 149.00000000
885.00000000 647.00000000 1.00000000 149.00000000
749.00000000 593.00000000 1.00000000 149.00000000
852.00000000 305.00000000 1.00000000 148.00000000
533.00000000 465.00000000 1.00000000 148.00000000
618.00000000 485.00000000 1.00000000 148.00000000
709.00000000 357.00000000 1.00000000 148.00000000
28.00000000 517.00000000 1.00000000 148.00000000
730.00000000 652.00000000 2.00000000 148.00000000
76.00000000 620.00000000 4.00000000 145.00000000
76.00000000 446.00000000 1.00000000 143.00000000
449.00000000 346.00000000 1.00000000 138.00000000
618.00000000 485.00000000 1.00000000 136.00000000
76.00000000 448.00000000 2.00000000 136.00000000
126.00000000 548.00000000 2.00000000 132.00000000
848.00000000 688.00000000 2.00000000 132.00000000
190.00000000 188.00000000 1.00000000 132.00000000
622.00000000 463.00000000 2.00000000 131.00000000
197.00000000 384.00000000 2.00000000 129.00000000
141.00000000 401.00000000 1.00000000 129.00000000
