67.00000000 554.00000000 1.00000000 433.00000000
67.00000000 554.00000000 0.00000000 425.00000000
1186.00000000 435.00000000 1.00000000 346.00000000
1185.00000000 434.00000000 0.00000000 339.00000000
66.00000000 555.00000000 1.00000000 311.00000000
1185.00000000 436.00000000 1.00000000 294.00000000
1231.00000000 438.00000000 0.00000000 289.00000000
1033.00000000 627.00000000 0.00000000 272.00000000
1231.00000000 439.00000000 1.00000000 265.00000000
1223.00000000 437.00000000 0.00000000 259.00000000
825.00000000 563.00000000 0.00000000 253.00000000
1005.00000000 624.00000000 0.00000000 250.00000000
1141.00000000 475.00000000 0.00000000 236.00000000
1019.00000000 629.00000000 0.00000000 235.00000000
1141.00000000 449.00000000 0.00000000 230.00000000
1232.00000000 639.00000000 0.00000000 230.00000000
1222.00000000 439.00000000 1.00000000 224.00000000
1184.00000000 440.00000000 2.00000000 212.00000000
1232.00000000 640.00000000 1.00000000 207.00000000
1032.00000000 628.00000000 1.00000000 206.00000000
717.00000000 716.00000000 0.00000000 206.00000000
1139.00000000 632.00000000 0.00000000 204.00000000
1150.00000000 436.00000000 0.00000000 190.00000000
823.00000000 550.00000000 0.00000000 190.00000000
1175.00000000 485.00000000 0.00000000 190.00000000
1176.00000000 476.00000000 0.00000000 185.00000000
745.00000000 577.00000000 0.00000000 175.00000000
1117.00000000 468.00000000 0.00000000 167.00000000
66.00000000 556.00000000 2.00000000 163.00000000
1221.00000000 446.00000000 2.00000000 155.00000000
826.00000000 563.00000000 1.00000000 154.00000000
912.00000000 555.00000000 1.00000000 152.00000000
1005.00000000 625.00000000 1.00000000 149.00000000
1222.00000000 442.00000000 2.00000000 148.00000000
1217.00000000 502.00000000 0.00000000 143.00000000
1221.00000000 439.00000000 1.00000000 143.00000000
1224.00000000 452.00000000 4.00000000 141.00000000
747.00000000 731.00000000 0.00000000 139.00000000
826.00000000 556.00000000 0.00000000 138.00000000
1258.00000000 546.00000000 1.00000000 138.00000000
912.00000000 555.00000000 0.00000000 138.00000000
1063.00000000 630.00000000 0.00000000 138.00000000
1104.00000000 482.00000000 2.00000000 137.00000000
1258.00000000 547.00000000 1.00000000 134.00000000
1104.00000000 480.00000000 1.00000000 133.00000000
746.00000000 578.00000000 1.00000000 133.00000000
1257.00000000 545.00000000 0.00000000 131.00000000
117.00000000 535.00000000 0.00000000 131.00000000
1093.00000000 627.00000000 0.00000000 131.00000000
910.00000000 554.00000000 1.00000000 128.00000000
717.00000000 716.00000000 1.00000000 128.00000000
1141.00000000 449.00000000 1.00000000 128.00000000
1185.00000000 441.00000000 2.00000000 127.00000000
1166.00000000 526.00000000 1.00000000 125.00000000
861.00000000 771.00000000 0.00000000 124.00000000
1166.00000000 526.00000000 0.00000000 123.00000000
1070.00000000 627.00000000 0.00000000 123.00000000
1117.00000000 469.00000000 1.00000000 122.00000000
823.00000000 756.00000000 1.00000000 121.00000000
86.00000000 424.00000000 0.00000000 121.00000000
534.00000000 398.00000000 1.00000000 119.00000000
146.00000000 548.00000000 1.00000000 119.00000000
534.00000000 398.00000000 2.00000000 118.00000000
1176.00000000 476.00000000 1.00000000 118.00000000
691.00000000 713.00000000 0.00000000 118.00000000
117.00000000 535.00000000 1.00000000 117.00000000
1021.00000000 640.00000000 0.00000000 117.00000000
729.00000000 717.00000000 0.00000000 116.00000000
634.00000000 396.00000000 0.00000000 115.00000000
531.00000000 398.00000000 2.00000000 114.00000000
534.00000000 399.00000000 1.00000000 113.00000000
1112.00000000 632.00000000 0.00000000 112.00000000
824.00000000 758.00000000 2.00000000 111.00000000
1175.00000000 485.00000000 1.00000000 111.00000000
145.00000000 548.00000000 0.00000000 111.00000000
822.00000000 550.00000000 1.00000000 108.00000000
1106.00000000 461.00000000 0.00000000 108.00000000
1142.00000000 439.00000000 0.00000000 108.00000000
911.00000000 562.00000000 0.00000000 107.00000000
970.00000000 638.00000000 0.00000000 106.00000000
912.00000000 549.00000000 0.00000000 106.00000000
98.00000000 537.00000000 1.00000000 104.00000000
141.00000000 449.00000000 0.00000000 104.00000000
1115.00000000 625.00000000 0.00000000 103.00000000
747.00000000 731.00000000 1.00000000 102.00000000
1228.00000000 588.00000000 0.00000000 100.00000000
1141.00000000 475.00000000 1.00000000 99.00000000
1233.00000000 640.00000000 1.00000000 97.00000000
821.00000000 751.00000000 0.00000000 96.00000000
1180.00000000 593.00000000 0.00000000 96.00000000
1141.00000000 456.00000000 0.00000000 96.00000000
1217.00000000 499.00000000 1.00000000 95.00000000
861.00000000 772.00000000 1.00000000 95.00000000
910.00000000 556.00000000 2.00000000 95.00000000
1257.00000000 627.00000000 0.00000000 93.00000000
1234.00000000 631.00000000 0.00000000 93.00000000
806.00000000 692.00000000 0.00000000 93.00000000
910.00000000 557.00000000 2.00000000 93.00000000
461.00000000 826.00000000 0.00000000 93.00000000
81.00000000 543.00000000 0.00000000 92.00000000
852.00000000 307.00000000 0.00000000 92.00000000
1088.00000000 634.00000000 0.00000000 92.00000000
932.00000000 596.00000000 0.00000000 91.00000000
908.00000000 575.00000000 0.00000000 90.00000000
1091.00000000 798.00000000 0.00000000 89.00000000
98.00000000 536.00000000 0.00000000 89.00000000
1063.00000000 629.00000000 1.00000000 89.00000000
1107.00000000 462.00000000 1.00000000 89.00000000
1150.00000000 438.00000000 1.00000000 88.00000000
863.00000000 784.00000000 0.00000000 88.00000000
374.00000000 824.00000000 0.00000000 88.00000000
1121.00000000 451.00000000 0.00000000 87.00000000
806.00000000 711.00000000 0.00000000 86.00000000
155.00000000 434.00000000 1.00000000 86.00000000
81.00000000 543.00000000 1.00000000 84.00000000
748.00000000 714.00000000 0.00000000 83.00000000
115.00000000 535.00000000 1.00000000 83.00000000
786.00000000 754.00000000 2.00000000 82.00000000
863.00000000 784.00000000 1.00000000 82.00000000
1141.00000000 458.00000000 1.00000000 80.00000000
912.00000000 560.00000000 4.00000000 80.00000000
905.00000000 560.00000000 5.00000000 70.00000000
97.00000000 537.00000000 1.00000000 69.00000000
1257.00000000 629.00000000 1.00000000 68.00000000
933.00000000 581.00000000 1.00000000 68.00000000
746.00000000 731.00000000 1.00000000 67.00000000
823.00000000 791.00000000 1.00000000 67.00000000
