576.00000000 260.00000000 0.00000000 447.00000000
154.00000000 374.00000000 0.00000000 416.00000000
577.00000000 260.00000000 1.00000000 390.00000000
379.00000000 345.00000000 0.00000000 374.00000000
437.00000000 314.00000000 1.00000000 374.00000000
449.00000000 368.00000000 0.00000000 349.00000000
513.00000000 325.00000000 0.00000000 336.00000000
154.00000000 374.00000000 1.00000000 334.00000000
436.00000000 313.00000000 1.00000000 329.00000000
378.00000000 346.00000000 1.00000000 327.00000000
492.00000000 263.00000000 0.00000000 318.00000000
468.00000000 318.00000000 0.00000000 317.00000000
397.00000000 379.00000000 0.00000000 305.00000000
558.00000000 263.00000000 0.00000000 297.00000000
260.00000000 395.00000000 0.00000000 287.00000000
730.00000000 267.00000000 0.00000000 274.00000000
344.00000000 328.00000000 1.00000000 272.00000000
436.00000000 313.00000000 0.00000000 266.00000000
241.00000000 405.00000000 0.00000000 264.00000000
492.00000000 263.00000000 1.00000000 262.00000000
198.00000000 384.00000000 2.00000000 256.00000000
518.00000000 302.00000000 1.00000000 256.00000000
251.00000000 392.00000000 0.00000000 253.00000000
67.00000000 555.00000000 1.00000000 252.00000000
518.00000000 301.00000000 0.00000000 249.00000000
338.00000000 369.00000000 0.00000000 249.00000000
346.00000000 379.00000000 0.00000000 246.00000000
448.00000000 346.00000000 1.00000000 245.00000000
551.00000000 391.00000000 0.00000000 243.00000000
346.00000000 379.00000000 1.00000000 238.00000000
522.00000000 336.00000000 1.00000000 235.00000000
405.00000000 378.00000000 0.00000000 235.00000000
343.00000000 328.00000000 0.00000000 225.00000000
446.00000000 269.00000000 0.00000000 222.00000000
450.00000000 369.00000000 1.00000000 220.00000000
521.00000000 336.00000000 1.00000000 220.00000000
67.00000000 554.00000000 0.00000000 219.00000000
612.00000000 296.00000000 0.00000000 217.00000000
527.00000000 351.00000000 0.00000000 216.00000000
474.00000000 328.00000000 0.00000000 216.00000000
448.00000000 346.00000000 1.00000000 210.00000000
242.00000000 406.00000000 1.00000000 210.00000000
195.00000000 384.00000000 2.00000000 209.00000000
343.00000000 328.00000000 1.00000000 209.00000000
628.00000000 280.00000000 0.00000000 208.00000000
398.00000000 291.00000000 2.00000000 202.00000000
66.00000000 555.00000000 1.00000000 200.00000000
398.00000000 292.00000000 2.00000000 199.00000000
323.00000000 389.00000000 0.00000000 198.00000000
504.00000000 266.00000000 0.00000000 197.00000000
379.00000000 345.00000000 1.00000000 196.00000000
638.00000000 273.00000000 0.00000000 194.00000000
475.00000000 329.00000000 1.00000000 193.00000000
323.00000000 332.00000000 0.00000000 191.00000000
756.00000000 240.00000000 0.00000000 191.00000000
325.00000000 339.00000000 1.00000000 190.00000000
1185.00000000 434.00000000 0.00000000 190.00000000
545.00000000 275.00000000 0.00000000 189.00000000
447.00000000 345.00000000 0.00000000 188.00000000
447.00000000 398.00000000 0.00000000 188.00000000
521.00000000 336.00000000 0.00000000 186.00000000
1185.00000000 435.00000000 1.00000000 185.00000000
595.00000000 316.00000000 0.00000000 185.00000000
223.00000000 383.00000000 0.00000000 184.00000000
559.00000000 262.00000000 1.00000000 181.00000000
436.00000000 314.00000000 2.00000000 180.00000000
348.00000000 369.00000000 0.00000000 178.00000000
447.00000000 400.00000000 1.00000000 177.00000000
425.00000000 370.00000000 0.00000000 174.00000000
1033.00000000 627.00000000 0.00000000 173.00000000
329.00000000 381.00000000 1.00000000 172.00000000
433.00000000 339.00000000 1.00000000 172.00000000
576.00000000 260.00000000 1.00000000 172.00000000
115.00000000 448.00000000 0.00000000 171.00000000
201.00000000 387.00000000 0.00000000 170.00000000
634.00000000 265.00000000 0.00000000 170.00000000
612.00000000 254.00000000 2.00000000 169.00000000
694.00000000 287.00000000 1.00000000 169.00000000
677.00000000 284.00000000 0.00000000 168.00000000
519.00000000 301.00000000 1.00000000 168.00000000
159.00000000 384.00000000 0.00000000 168.00000000
613.00000000 254.00000000 2.00000000 165.00000000
1185.00000000 436.00000000 1.00000000 164.00000000
649.00000000 299.00000000 0.00000000 163.00000000
154.00000000 374.00000000 1.00000000 163.00000000
363.00000000 352.00000000 0.00000000 162.00000000
326.00000000 339.00000000 1.00000000 161.00000000
505.00000000 266.00000000 1.00000000 161.00000000
303.00000000 303.00000000 0.00000000 161.00000000
472.00000000 269.00000000 0.00000000 158.00000000
288.00000000 339.00000000 1.00000000 157.00000000
454.00000000 328.00000000 1.00000000 156.00000000
694.00000000 288.00000000 1.00000000 156.00000000
629.00000000 280.00000000 1.00000000 155.00000000
436.00000000 269.00000000 0.00000000 154.00000000
433.00000000 338.00000000 0.00000000 154.00000000
546.00000000 346.00000000 0.00000000 153.00000000
530.00000000 398.00000000 2.00000000 152.00000000
331.00000000 382.00000000 1.00000000 152.00000000
432.00000000 339.00000000 1.00000000 152.00000000
524.00000000 322.00000000 0.00000000 152.00000000
398.00000000 298.00000000 0.00000000 151.00000000
1019.00000000 629.00000000 0.00000000 151.00000000
197.00000000 381.00000000 1.00000000 151.00000000
1231.00000000 438.00000000 0.00000000 151.00000000
1032.00000000 628.00000000 1.00000000 150.00000000
528.00000000 398.00000000 2.00000000 150.00000000
757.00000000 240.00000000 1.00000000 148.00000000
731.00000000 267.00000000 1.00000000 148.00000000
338.00000000 369.00000000 1.00000000 147.00000000
1141.00000000 475.00000000 0.00000000 147.00000000
576.00000000 295.00000000 0.00000000 146.00000000
344.00000000 328.00000000 2.00000000 146.00000000
731.00000000 276.00000000 1.00000000 146.00000000
296.00000000 330.00000000 0.00000000 145.00000000
453.00000000 295.00000000 0.00000000 145.00000000
285.00000000 396.00000000 0.00000000 145.00000000
1231.00000000 439.00000000 1.00000000 144.00000000
201.00000000 387.00000000 1.00000000 144.00000000
1005.00000000 624.00000000 0.00000000 143.00000000
227.00000000 390.00000000 1.00000000 143.00000000
142.00000000 519.00000000 0.00000000 143.00000000
530.00000000 312.00000000 2.00000000 137.00000000
1184.00000000 440.00000000 2.00000000 134.00000000
400.00000000 292.00000000 4.00000000 122.00000000
196.00000000 384.00000000 4.00000000 121.00000000
407.00000000 288.00000000 5.00000000 64.00000000
