195.00000000 578.00000000 1.00000000 604.00000000
562.00000000 197.00000000 2.00000000 603.00000000
560.00000000 200.00000000 4.00000000 556.00000000
195.00000000 578.00000000 1.00000000 503.00000000
189.00000000 57.00000000 1.00000000 457.00000000
190.00000000 56.00000000 1.00000000 455.00000000
441.00000000 400.00000000 1.00000000 444.00000000
438.00000000 295.00000000 1.00000000 444.00000000
210.00000000 36.00000000 0.00000000 429.00000000
322.00000000 301.00000000 1.00000000 399.00000000
428.00000000 191.00000000 0.00000000 398.00000000
562.00000000 198.00000000 2.00000000 397.00000000
106.00000000 267.00000000 0.00000000 389.00000000
129.00000000 56.00000000 1.00000000 385.00000000
310.00000000 400.00000000 0.00000000 381.00000000
429.00000000 191.00000000 1.00000000 380.00000000
564.00000000 201.00000000 1.00000000 378.00000000
211.00000000 37.00000000 1.00000000 378.00000000
190.00000000 55.00000000 0.00000000 378.00000000
308.00000000 300.00000000 0.00000000 376.00000000
439.00000000 295.00000000 1.00000000 376.00000000
259.00000000 301.00000000 0.00000000 373.00000000
188.00000000 60.00000000 2.00000000 373.00000000
321.00000000 300.00000000 0.00000000 369.00000000
234.00000000 338.00000000 0.00000000 367.00000000
562.00000000 200.00000000 1.00000000 367.00000000
560.00000000 203.00000000 5.00000000 366.00000000
107.00000000 346.00000000 1.00000000 366.00000000
272.00000000 301.00000000 0.00000000 362.00000000
108.00000000 443.00000000 0.00000000 362.00000000
128.00000000 55.00000000 0.00000000 360.00000000
272.00000000 302.00000000 1.00000000 359.00000000
323.00000000 400.00000000 0.00000000 359.00000000
384.00000000 191.00000000 1.00000000 357.00000000
211.00000000 303.00000000 0.00000000 356.00000000
107.00000000 355.00000000 0.00000000 356.00000000
442.00000000 398.00000000 1.00000000 355.00000000
323.00000000 401.00000000 1.00000000 353.00000000
283.00000000 337.00000000 0.00000000 350.00000000
224.00000000 303.00000000 1.00000000 346.00000000
472.00000000 192.00000000 0.00000000 345.00000000
282.00000000 38.00000000 1.00000000 344.00000000
234.00000000 339.00000000 1.00000000 343.00000000
108.00000000 434.00000000 1.00000000 341.00000000
281.00000000 38.00000000 1.00000000 340.00000000
325.00000000 39.00000000 1.00000000 339.00000000
262.00000000 400.00000000 0.00000000 339.00000000
325.00000000 40.00000000 1.00000000 335.00000000
180.00000000 64.00000000 4.00000000 332.00000000
285.00000000 121.00000000 1.00000000 330.00000000
383.00000000 192.00000000 0.00000000 328.00000000
106.00000000 268.00000000 1.00000000 328.00000000
322.00000000 282.00000000 2.00000000 327.00000000
214.00000000 401.00000000 0.00000000 325.00000000
283.00000000 338.00000000 1.00000000 324.00000000
286.00000000 121.00000000 1.00000000 321.00000000
332.00000000 336.00000000 1.00000000 320.00000000
394.00000000 296.00000000 1.00000000 320.00000000
209.00000000 56.00000000 1.00000000 318.00000000
397.00000000 401.00000000 1.00000000 316.00000000
384.00000000 176.00000000 1.00000000 316.00000000
106.00000000 258.00000000 1.00000000 314.00000000
395.00000000 296.00000000 1.00000000 308.00000000
564.00000000 200.00000000 0.00000000 305.00000000
45.00000000 335.00000000 1.00000000 303.00000000
472.00000000 191.00000000 1.00000000 303.00000000
398.00000000 400.00000000 1.00000000 302.00000000
235.00000000 365.00000000 0.00000000 302.00000000
308.00000000 301.00000000 1.00000000 301.00000000
186.00000000 59.00000000 2.00000000 300.00000000
45.00000000 249.00000000 0.00000000 300.00000000
195.00000000 576.00000000 0.00000000 300.00000000
463.00000000 295.00000000 1.00000000 297.00000000
384.00000000 175.00000000 0.00000000 296.00000000
466.00000000 398.00000000 1.00000000 295.00000000
224.00000000 303.00000000 0.00000000 294.00000000
324.00000000 284.00000000 2.00000000 291.00000000
107.00000000 356.00000000 1.00000000 289.00000000
284.00000000 364.00000000 0.00000000 288.00000000
223.00000000 285.00000000 2.00000000 286.00000000
108.00000000 443.00000000 1.00000000 285.00000000
394.00000000 298.00000000 2.00000000 285.00000000
442.00000000 400.00000000 2.00000000 284.00000000
321.00000000 301.00000000 1.00000000 284.00000000
462.00000000 295.00000000 1.00000000 283.00000000
421.00000000 401.00000000 1.00000000 283.00000000
280.00000000 38.00000000 2.00000000 281.00000000
106.00000000 346.00000000 1.00000000 279.00000000
429.00000000 176.00000000 0.00000000 278.00000000
108.00000000 433.00000000 0.00000000 278.00000000
326.00000000 382.00000000 2.00000000 277.00000000
332.00000000 336.00000000 0.00000000 273.00000000
438.00000000 296.00000000 2.00000000 271.00000000
46.00000000 427.00000000 0.00000000 268.00000000
333.00000000 363.00000000 0.00000000 268.00000000
45.00000000 258.00000000 0.00000000 266.00000000
275.00000000 148.00000000 0.00000000 266.00000000
196.00000000 582.00000000 0.00000000 265.00000000
788.00000000 129.00000000 0.00000000 262.00000000
275.00000000 400.00000000 0.00000000 258.00000000
332.00000000 265.00000000 0.00000000 258.00000000
467.00000000 396.00000000 0.00000000 258.00000000
395.00000000 294.00000000 0.00000000 257.00000000
106.00000000 257.00000000 0.00000000 257.00000000
305.00000000 67.00000000 0.00000000 254.00000000
380.00000000 589.00000000 0.00000000 252.00000000
398.00000000 399.00000000 0.00000000 251.00000000
473.00000000 176.00000000 0.00000000 251.00000000
260.00000000 65.00000000 0.00000000 250.00000000
420.00000000 192.00000000 0.00000000 248.00000000
107.00000000 345.00000000 0.00000000 247.00000000
96.00000000 356.00000000 0.00000000 247.00000000
318.00000000 101.00000000 0.00000000 247.00000000
270.00000000 65.00000000 0.00000000 239.00000000
463.00000000 193.00000000 0.00000000 239.00000000
442.00000000 397.00000000 0.00000000 235.00000000
97.00000000 443.00000000 0.00000000 235.00000000
374.00000000 175.00000000 0.00000000 231.00000000
590.00000000 237.00000000 0.00000000 229.00000000
439.00000000 294.00000000 0.00000000 228.00000000
464.00000000 293.00000000 0.00000000 227.00000000
374.00000000 192.00000000 0.00000000 218.00000000
463.00000000 176.00000000 0.00000000 214.00000000
45.00000000 345.00000000 0.00000000 213.00000000
311.00000000 417.00000000 0.00000000 213.00000000
325.00000000 38.00000000 0.00000000 201.00000000
282.00000000 38.00000000 0.00000000 201.00000000
