280.00000000 37.00000000 1.00000000 711.00000000
195.00000000 578.00000000 1.00000000 624.00000000
280.00000000 36.00000000 1.00000000 602.00000000
285.00000000 120.00000000 1.00000000 593.00000000
324.00000000 40.00000000 1.00000000 588.00000000
562.00000000 197.00000000 2.00000000 568.00000000
284.00000000 120.00000000 1.00000000 533.00000000
560.00000000 200.00000000 4.00000000 502.00000000
323.00000000 39.00000000 1.00000000 494.00000000
280.00000000 36.00000000 0.00000000 488.00000000
324.00000000 39.00000000 0.00000000 485.00000000
478.00000000 334.00000000 1.00000000 472.00000000
195.00000000 577.00000000 1.00000000 457.00000000
479.00000000 362.00000000 1.00000000 453.00000000
284.00000000 119.00000000 0.00000000 445.00000000
478.00000000 333.00000000 1.00000000 444.00000000
270.00000000 66.00000000 0.00000000 431.00000000
480.00000000 361.00000000 1.00000000 429.00000000
441.00000000 400.00000000 1.00000000 427.00000000
278.00000000 38.00000000 2.00000000 426.00000000
590.00000000 238.00000000 1.00000000 425.00000000
420.00000000 296.00000000 1.00000000 422.00000000
590.00000000 238.00000000 0.00000000 422.00000000
429.00000000 191.00000000 0.00000000 420.00000000
438.00000000 295.00000000 1.00000000 418.00000000
421.00000000 295.00000000 1.00000000 417.00000000
422.00000000 401.00000000 1.00000000 415.00000000
106.00000000 267.00000000 0.00000000 398.00000000
423.00000000 400.00000000 1.00000000 396.00000000
674.00000000 256.00000000 2.00000000 395.00000000
674.00000000 364.00000000 2.00000000 395.00000000
562.00000000 198.00000000 2.00000000 393.00000000
463.00000000 295.00000000 1.00000000 382.00000000
274.00000000 42.00000000 2.00000000 379.00000000
275.00000000 149.00000000 0.00000000 375.00000000
429.00000000 191.00000000 1.00000000 374.00000000
107.00000000 268.00000000 1.00000000 374.00000000
439.00000000 295.00000000 1.00000000 373.00000000
562.00000000 200.00000000 1.00000000 369.00000000
648.00000000 366.00000000 2.00000000 368.00000000
394.00000000 296.00000000 1.00000000 368.00000000
284.00000000 122.00000000 2.00000000 365.00000000
674.00000000 363.00000000 1.00000000 365.00000000
397.00000000 401.00000000 1.00000000 363.00000000
673.00000000 254.00000000 1.00000000 361.00000000
395.00000000 296.00000000 1.00000000 358.00000000
275.00000000 150.00000000 1.00000000 358.00000000
564.00000000 201.00000000 1.00000000 358.00000000
618.00000000 368.00000000 2.00000000 357.00000000
260.00000000 66.00000000 0.00000000 356.00000000
478.00000000 333.00000000 0.00000000 356.00000000
310.00000000 402.00000000 1.00000000 355.00000000
442.00000000 399.00000000 1.00000000 355.00000000
331.00000000 337.00000000 1.00000000 354.00000000
466.00000000 398.00000000 1.00000000 354.00000000
271.00000000 66.00000000 1.00000000 352.00000000
233.00000000 339.00000000 1.00000000 350.00000000
711.00000000 257.00000000 1.00000000 350.00000000
322.00000000 40.00000000 2.00000000 349.00000000
560.00000000 203.00000000 5.00000000 348.00000000
472.00000000 191.00000000 0.00000000 345.00000000
211.00000000 304.00000000 1.00000000 342.00000000
282.00000000 338.00000000 1.00000000 341.00000000
476.00000000 257.00000000 1.00000000 336.00000000
282.00000000 337.00000000 0.00000000 336.00000000
308.00000000 302.00000000 1.00000000 332.00000000
429.00000000 176.00000000 0.00000000 330.00000000
398.00000000 401.00000000 1.00000000 330.00000000
305.00000000 70.00000000 0.00000000 330.00000000
260.00000000 322.00000000 1.00000000 326.00000000
108.00000000 356.00000000 1.00000000 326.00000000
108.00000000 355.00000000 0.00000000 324.00000000
383.00000000 176.00000000 0.00000000 321.00000000
233.00000000 338.00000000 0.00000000 320.00000000
309.00000000 301.00000000 0.00000000 317.00000000
472.00000000 176.00000000 0.00000000 313.00000000
96.00000000 356.00000000 0.00000000 313.00000000
740.00000000 512.00000000 1.00000000 311.00000000
310.00000000 401.00000000 0.00000000 309.00000000
259.00000000 203.00000000 1.00000000 309.00000000
472.00000000 272.00000000 4.00000000 308.00000000
322.00000000 301.00000000 1.00000000 308.00000000
95.00000000 267.00000000 0.00000000 306.00000000
108.00000000 443.00000000 0.00000000 304.00000000
47.00000000 426.00000000 0.00000000 303.00000000
46.00000000 345.00000000 0.00000000 301.00000000
211.00000000 304.00000000 0.00000000 300.00000000
282.00000000 364.00000000 0.00000000 299.00000000
588.00000000 243.00000000 2.00000000 298.00000000
280.00000000 124.00000000 2.00000000 293.00000000
331.00000000 336.00000000 0.00000000 288.00000000
564.00000000 201.00000000 0.00000000 286.00000000
260.00000000 302.00000000 0.00000000 286.00000000
214.00000000 402.00000000 0.00000000 284.00000000
196.00000000 582.00000000 0.00000000 284.00000000
463.00000000 176.00000000 0.00000000 282.00000000
262.00000000 401.00000000 0.00000000 280.00000000
420.00000000 190.00000000 0.00000000 280.00000000
234.00000000 366.00000000 0.00000000 277.00000000
374.00000000 176.00000000 0.00000000 275.00000000
480.00000000 360.00000000 0.00000000 270.00000000
278.00000000 48.00000000 0.00000000 269.00000000
311.00000000 417.00000000 0.00000000 268.00000000
332.00000000 364.00000000 0.00000000 267.00000000
195.00000000 576.00000000 0.00000000 264.00000000
475.00000000 255.00000000 0.00000000 260.00000000
323.00000000 51.00000000 0.00000000 256.00000000
466.00000000 396.00000000 0.00000000 255.00000000
383.00000000 191.00000000 0.00000000 249.00000000
463.00000000 294.00000000 0.00000000 247.00000000
38.00000000 260.00000000 0.00000000 246.00000000
398.00000000 399.00000000 0.00000000 244.00000000
784.00000000 381.00000000 0.00000000 244.00000000
259.00000000 202.00000000 0.00000000 243.00000000
395.00000000 294.00000000 0.00000000 243.00000000
420.00000000 176.00000000 0.00000000 239.00000000
283.00000000 132.00000000 0.00000000 239.00000000
712.00000000 255.00000000 0.00000000 238.00000000
621.00000000 536.00000000 0.00000000 237.00000000
784.00000000 330.00000000 0.00000000 236.00000000
439.00000000 294.00000000 0.00000000 236.00000000
784.00000000 313.00000000 0.00000000 233.00000000
442.00000000 398.00000000 0.00000000 231.00000000
420.00000000 294.00000000 0.00000000 228.00000000
726.00000000 515.00000000 0.00000000 228.00000000
712.00000000 359.00000000 0.00000000 228.00000000
96.00000000 284.00000000 0.00000000 224.00000000
