41.00000000 234.00000000 1.00000000 552.00000000
41.00000000 232.00000000 0.00000000 440.00000000
25.00000000 203.00000000 1.00000000 374.00000000
148.00000000 246.00000000 1.00000000 368.00000000
25.00000000 202.00000000 0.00000000 366.00000000
147.00000000 246.00000000 1.00000000 364.00000000
39.00000000 233.00000000 1.00000000 357.00000000
57.00000000 233.00000000 1.00000000 287.00000000
24.00000000 202.00000000 1.00000000 277.00000000
21.00000000 233.00000000 1.00000000 271.00000000
57.00000000 234.00000000 1.00000000 265.00000000
298.00000000 256.00000000 0.00000000 257.00000000
146.00000000 248.00000000 2.00000000 257.00000000
298.00000000 256.00000000 1.00000000 256.00000000
21.00000000 233.00000000 1.00000000 251.00000000
64.00000000 324.00000000 0.00000000 248.00000000
39.00000000 246.00000000 0.00000000 247.00000000
148.00000000 244.00000000 0.00000000 244.00000000
567.00000000 260.00000000 0.00000000 236.00000000
279.00000000 242.00000000 0.00000000 230.00000000
297.00000000 265.00000000 0.00000000 229.00000000
39.00000000 262.00000000 0.00000000 221.00000000
149.00000000 255.00000000 0.00000000 217.00000000
232.00000000 248.00000000 0.00000000 208.00000000
33.00000000 206.00000000 0.00000000 207.00000000
278.00000000 239.00000000 1.00000000 201.00000000
58.00000000 234.00000000 2.00000000 201.00000000
328.00000000 265.00000000 1.00000000 199.00000000
531.00000000 270.00000000 0.00000000 198.00000000
40.00000000 246.00000000 1.00000000 184.00000000
261.00000000 305.00000000 1.00000000 183.00000000
328.00000000 263.00000000 0.00000000 181.00000000
93.00000000 277.00000000 0.00000000 174.00000000
97.00000000 303.00000000 0.00000000 173.00000000
278.00000000 238.00000000 2.00000000 172.00000000
311.00000000 280.00000000 0.00000000 171.00000000
567.00000000 261.00000000 1.00000000 170.00000000
57.00000000 277.00000000 0.00000000 168.00000000
262.00000000 308.00000000 2.00000000 164.00000000
279.00000000 242.00000000 1.00000000 164.00000000
262.00000000 308.00000000 1.00000000 162.00000000
232.00000000 264.00000000 4.00000000 162.00000000
39.00000000 262.00000000 1.00000000 162.00000000
544.00000000 320.00000000 1.00000000 159.00000000
298.00000000 255.00000000 1.00000000 157.00000000
232.00000000 249.00000000 1.00000000 154.00000000
572.00000000 238.00000000 0.00000000 153.00000000
40.00000000 234.00000000 2.00000000 148.00000000
57.00000000 327.00000000 0.00000000 147.00000000
550.00000000 229.00000000 0.00000000 146.00000000
298.00000000 265.00000000 1.00000000 146.00000000
529.00000000 241.00000000 0.00000000 145.00000000
572.00000000 238.00000000 1.00000000 145.00000000
359.00000000 386.00000000 0.00000000 143.00000000
92.00000000 278.00000000 1.00000000 141.00000000
40.00000000 275.00000000 0.00000000 140.00000000
532.00000000 271.00000000 1.00000000 139.00000000
57.00000000 233.00000000 0.00000000 137.00000000
262.00000000 308.00000000 0.00000000 137.00000000
550.00000000 276.00000000 0.00000000 136.00000000
234.00000000 257.00000000 2.00000000 136.00000000
86.00000000 224.00000000 1.00000000 135.00000000
231.00000000 265.00000000 5.00000000 133.00000000
21.00000000 233.00000000 0.00000000 133.00000000
513.00000000 230.00000000 0.00000000 132.00000000
90.00000000 282.00000000 2.00000000 131.00000000
383.00000000 235.00000000 0.00000000 130.00000000
48.00000000 193.00000000 0.00000000 129.00000000
26.00000000 189.00000000 0.00000000 129.00000000
296.00000000 231.00000000 0.00000000 129.00000000
173.00000000 246.00000000 0.00000000 127.00000000
97.00000000 303.00000000 1.00000000 126.00000000
277.00000000 237.00000000 2.00000000 126.00000000
256.00000000 243.00000000 0.00000000 124.00000000
426.00000000 242.00000000 0.00000000 123.00000000
427.00000000 289.00000000 0.00000000 121.00000000
56.00000000 220.00000000 0.00000000 121.00000000
64.00000000 325.00000000 1.00000000 120.00000000
90.00000000 278.00000000 1.00000000 120.00000000
341.00000000 239.00000000 1.00000000 120.00000000
571.00000000 236.00000000 1.00000000 120.00000000
526.00000000 242.00000000 2.00000000 119.00000000
566.00000000 276.00000000 0.00000000 118.00000000
311.00000000 263.00000000 0.00000000 117.00000000
147.00000000 248.00000000 2.00000000 116.00000000
359.00000000 386.00000000 1.00000000 116.00000000
544.00000000 321.00000000 0.00000000 115.00000000
70.00000000 312.00000000 1.00000000 113.00000000
313.00000000 234.00000000 1.00000000 111.00000000
328.00000000 265.00000000 1.00000000 111.00000000
550.00000000 230.00000000 1.00000000 110.00000000
231.00000000 251.00000000 1.00000000 110.00000000
321.00000000 239.00000000 0.00000000 108.00000000
316.00000000 236.00000000 2.00000000 108.00000000
382.00000000 236.00000000 1.00000000 107.00000000
65.00000000 231.00000000 0.00000000 107.00000000
93.00000000 229.00000000 0.00000000 103.00000000
19.00000000 316.00000000 0.00000000 102.00000000
58.00000000 278.00000000 1.00000000 102.00000000
533.00000000 271.00000000 1.00000000 101.00000000
39.00000000 261.00000000 1.00000000 100.00000000
119.00000000 240.00000000 0.00000000 100.00000000
541.00000000 230.00000000 1.00000000 99.00000000
537.00000000 294.00000000 2.00000000 99.00000000
84.00000000 224.00000000 1.00000000 95.00000000
262.00000000 315.00000000 0.00000000 94.00000000
275.00000000 260.00000000 0.00000000 94.00000000
530.00000000 242.00000000 1.00000000 93.00000000
427.00000000 290.00000000 1.00000000 92.00000000
297.00000000 231.00000000 1.00000000 92.00000000
60.00000000 264.00000000 0.00000000 91.00000000
243.00000000 259.00000000 0.00000000 91.00000000
48.00000000 193.00000000 1.00000000 90.00000000
550.00000000 259.00000000 0.00000000 90.00000000
65.00000000 243.00000000 0.00000000 89.00000000
167.00000000 239.00000000 0.00000000 89.00000000
259.00000000 260.00000000 0.00000000 88.00000000
352.00000000 240.00000000 0.00000000 87.00000000
340.00000000 239.00000000 0.00000000 86.00000000
528.00000000 260.00000000 0.00000000 86.00000000
14.00000000 188.00000000 0.00000000 86.00000000
512.00000000 260.00000000 4.00000000 85.00000000
555.00000000 236.00000000 0.00000000 85.00000000
25.00000000 322.00000000 0.00000000 84.00000000
485.00000000 231.00000000 0.00000000 83.00000000
180.00000000 229.00000000 0.00000000 83.00000000
200.00000000 270.00000000 0.00000000 83.00000000
