40.00000000 234.00000000 1.00000000 544.00000000
21.00000000 233.00000000 1.00000000 396.00000000
41.00000000 232.00000000 0.00000000 395.00000000
148.00000000 246.00000000 1.00000000 376.00000000
39.00000000 233.00000000 1.00000000 371.00000000
21.00000000 233.00000000 1.00000000 370.00000000
25.00000000 203.00000000 1.00000000 341.00000000
57.00000000 233.00000000 1.00000000 339.00000000
57.00000000 234.00000000 1.00000000 339.00000000
147.00000000 246.00000000 1.00000000 318.00000000
25.00000000 202.00000000 0.00000000 296.00000000
148.00000000 244.00000000 0.00000000 273.00000000
149.00000000 256.00000000 0.00000000 250.00000000
24.00000000 202.00000000 1.00000000 244.00000000
21.00000000 232.00000000 0.00000000 242.00000000
33.00000000 206.00000000 0.00000000 209.00000000
58.00000000 234.00000000 2.00000000 208.00000000
298.00000000 256.00000000 1.00000000 206.00000000
57.00000000 233.00000000 0.00000000 206.00000000
298.00000000 256.00000000 0.00000000 204.00000000
146.00000000 248.00000000 2.00000000 203.00000000
567.00000000 260.00000000 0.00000000 191.00000000
297.00000000 265.00000000 0.00000000 190.00000000
262.00000000 243.00000000 0.00000000 184.00000000
232.00000000 248.00000000 1.00000000 183.00000000
232.00000000 248.00000000 0.00000000 182.00000000
531.00000000 270.00000000 0.00000000 179.00000000
278.00000000 237.00000000 1.00000000 169.00000000
279.00000000 242.00000000 0.00000000 168.00000000
48.00000000 193.00000000 0.00000000 158.00000000
278.00000000 238.00000000 2.00000000 155.00000000
328.00000000 265.00000000 1.00000000 151.00000000
279.00000000 237.00000000 1.00000000 148.00000000
328.00000000 263.00000000 0.00000000 145.00000000
359.00000000 386.00000000 0.00000000 143.00000000
278.00000000 236.00000000 0.00000000 141.00000000
40.00000000 234.00000000 2.00000000 141.00000000
544.00000000 320.00000000 1.00000000 139.00000000
298.00000000 254.00000000 1.00000000 135.00000000
310.00000000 264.00000000 0.00000000 132.00000000
529.00000000 241.00000000 0.00000000 131.00000000
296.00000000 231.00000000 0.00000000 131.00000000
57.00000000 278.00000000 0.00000000 125.00000000
173.00000000 246.00000000 0.00000000 125.00000000
298.00000000 265.00000000 1.00000000 122.00000000
56.00000000 220.00000000 0.00000000 121.00000000
277.00000000 237.00000000 2.00000000 120.00000000
14.00000000 189.00000000 0.00000000 119.00000000
550.00000000 229.00000000 0.00000000 119.00000000
261.00000000 284.00000000 0.00000000 118.00000000
532.00000000 271.00000000 1.00000000 117.00000000
567.00000000 261.00000000 1.00000000 117.00000000
359.00000000 386.00000000 1.00000000 117.00000000
310.00000000 265.00000000 1.00000000 116.00000000
26.00000000 189.00000000 0.00000000 113.00000000
232.00000000 260.00000000 4.00000000 113.00000000
86.00000000 224.00000000 1.00000000 113.00000000
231.00000000 248.00000000 1.00000000 112.00000000
251.00000000 243.00000000 0.00000000 111.00000000
48.00000000 194.00000000 1.00000000 110.00000000
427.00000000 289.00000000 0.00000000 109.00000000
550.00000000 276.00000000 0.00000000 107.00000000
58.00000000 278.00000000 1.00000000 105.00000000
234.00000000 257.00000000 2.00000000 103.00000000
526.00000000 242.00000000 2.00000000 102.00000000
567.00000000 275.00000000 0.00000000 102.00000000
298.00000000 282.00000000 0.00000000 101.00000000
513.00000000 230.00000000 0.00000000 99.00000000
261.00000000 243.00000000 1.00000000 97.00000000
554.00000000 236.00000000 2.00000000 95.00000000
382.00000000 235.00000000 0.00000000 95.00000000
147.00000000 248.00000000 2.00000000 95.00000000
550.00000000 230.00000000 1.00000000 94.00000000
313.00000000 234.00000000 1.00000000 94.00000000
60.00000000 264.00000000 0.00000000 93.00000000
297.00000000 231.00000000 1.00000000 93.00000000
316.00000000 236.00000000 2.00000000 92.00000000
119.00000000 240.00000000 0.00000000 92.00000000
93.00000000 229.00000000 0.00000000 91.00000000
544.00000000 321.00000000 0.00000000 91.00000000
427.00000000 290.00000000 1.00000000 90.00000000
321.00000000 239.00000000 0.00000000 89.00000000
537.00000000 294.00000000 2.00000000 89.00000000
243.00000000 259.00000000 0.00000000 89.00000000
533.00000000 271.00000000 1.00000000 86.00000000
275.00000000 277.00000000 0.00000000 85.00000000
509.00000000 260.00000000 5.00000000 85.00000000
167.00000000 239.00000000 0.00000000 85.00000000
431.00000000 238.00000000 0.00000000 84.00000000
528.00000000 260.00000000 0.00000000 84.00000000
530.00000000 242.00000000 1.00000000 83.00000000
541.00000000 230.00000000 1.00000000 83.00000000
329.00000000 264.00000000 1.00000000 83.00000000
382.00000000 236.00000000 1.00000000 82.00000000
275.00000000 260.00000000 0.00000000 81.00000000
550.00000000 259.00000000 0.00000000 81.00000000
554.00000000 237.00000000 1.00000000 80.00000000
534.00000000 287.00000000 1.00000000 80.00000000
261.00000000 285.00000000 1.00000000 79.00000000
232.00000000 252.00000000 2.00000000 79.00000000
39.00000000 245.00000000 0.00000000 77.00000000
340.00000000 239.00000000 1.00000000 77.00000000
15.00000000 189.00000000 1.00000000 77.00000000
258.00000000 260.00000000 0.00000000 75.00000000
260.00000000 285.00000000 1.00000000 75.00000000
27.00000000 189.00000000 1.00000000 73.00000000
149.00000000 226.00000000 0.00000000 73.00000000
48.00000000 192.00000000 1.00000000 72.00000000
254.00000000 231.00000000 1.00000000 72.00000000
555.00000000 236.00000000 0.00000000 72.00000000
101.00000000 227.00000000 0.00000000 71.00000000
174.00000000 248.00000000 1.00000000 71.00000000
565.00000000 306.00000000 1.00000000 70.00000000
541.00000000 229.00000000 0.00000000 68.00000000
104.00000000 222.00000000 1.00000000 65.00000000
268.00000000 289.00000000 0.00000000 65.00000000
261.00000000 270.00000000 0.00000000 65.00000000
155.00000000 238.00000000 0.00000000 64.00000000
280.00000000 240.00000000 4.00000000 63.00000000
572.00000000 239.00000000 0.00000000 63.00000000
352.00000000 240.00000000 0.00000000 62.00000000
212.00000000 243.00000000 0.00000000 61.00000000
340.00000000 239.00000000 0.00000000 60.00000000
398.00000000 230.00000000 0.00000000 59.00000000
289.00000000 231.00000000 0.00000000 59.00000000
434.00000000 288.00000000 0.00000000 59.00000000
13.00000000 301.00000000 0.00000000 59.00000000
