25.00000000 202.00000000 0.00000000 471.00000000
41.00000000 233.00000000 1.00000000 442.00000000
25.00000000 203.00000000 1.00000000 432.00000000
147.00000000 246.00000000 1.00000000 418.00000000
40.00000000 247.00000000 1.00000000 413.00000000
63.00000000 325.00000000 0.00000000 391.00000000
148.00000000 246.00000000 1.00000000 387.00000000
41.00000000 246.00000000 0.00000000 384.00000000
41.00000000 262.00000000 1.00000000 341.00000000
41.00000000 232.00000000 0.00000000 336.00000000
41.00000000 290.00000000 0.00000000 334.00000000
41.00000000 276.00000000 1.00000000 328.00000000
146.00000000 248.00000000 2.00000000 325.00000000
41.00000000 291.00000000 1.00000000 325.00000000
24.00000000 202.00000000 1.00000000 324.00000000
293.00000000 384.00000000 1.00000000 314.00000000
279.00000000 242.00000000 0.00000000 311.00000000
41.00000000 262.00000000 0.00000000 309.00000000
66.00000000 245.00000000 0.00000000 307.00000000
41.00000000 276.00000000 0.00000000 306.00000000
66.00000000 232.00000000 1.00000000 305.00000000
66.00000000 232.00000000 0.00000000 302.00000000
41.00000000 233.00000000 1.00000000 302.00000000
67.00000000 258.00000000 0.00000000 296.00000000
43.00000000 319.00000000 1.00000000 281.00000000
66.00000000 245.00000000 1.00000000 276.00000000
67.00000000 270.00000000 0.00000000 273.00000000
67.00000000 258.00000000 1.00000000 267.00000000
43.00000000 319.00000000 0.00000000 267.00000000
42.00000000 305.00000000 1.00000000 265.00000000
43.00000000 304.00000000 0.00000000 264.00000000
299.00000000 257.00000000 0.00000000 260.00000000
67.00000000 271.00000000 1.00000000 257.00000000
96.00000000 303.00000000 0.00000000 256.00000000
67.00000000 284.00000000 0.00000000 253.00000000
56.00000000 328.00000000 0.00000000 251.00000000
567.00000000 260.00000000 0.00000000 247.00000000
39.00000000 263.00000000 1.00000000 245.00000000
39.00000000 277.00000000 1.00000000 241.00000000
148.00000000 244.00000000 0.00000000 239.00000000
39.00000000 247.00000000 1.00000000 233.00000000
293.00000000 383.00000000 0.00000000 232.00000000
64.00000000 325.00000000 1.00000000 230.00000000
279.00000000 242.00000000 1.00000000 229.00000000
298.00000000 257.00000000 1.00000000 224.00000000
572.00000000 237.00000000 1.00000000 224.00000000
68.00000000 296.00000000 0.00000000 222.00000000
572.00000000 238.00000000 0.00000000 215.00000000
65.00000000 231.00000000 1.00000000 214.00000000
97.00000000 303.00000000 1.00000000 214.00000000
36.00000000 333.00000000 0.00000000 212.00000000
531.00000000 270.00000000 0.00000000 210.00000000
267.00000000 376.00000000 0.00000000 210.00000000
70.00000000 309.00000000 0.00000000 206.00000000
149.00000000 255.00000000 0.00000000 203.00000000
41.00000000 291.00000000 1.00000000 200.00000000
328.00000000 267.00000000 1.00000000 199.00000000
426.00000000 242.00000000 0.00000000 196.00000000
278.00000000 239.00000000 1.00000000 195.00000000
292.00000000 383.00000000 1.00000000 194.00000000
267.00000000 377.00000000 1.00000000 190.00000000
567.00000000 261.00000000 1.00000000 189.00000000
42.00000000 319.00000000 1.00000000 188.00000000
67.00000000 284.00000000 1.00000000 186.00000000
65.00000000 258.00000000 1.00000000 184.00000000
70.00000000 311.00000000 1.00000000 184.00000000
93.00000000 277.00000000 0.00000000 177.00000000
571.00000000 236.00000000 1.00000000 171.00000000
550.00000000 230.00000000 0.00000000 170.00000000
298.00000000 255.00000000 1.00000000 168.00000000
383.00000000 235.00000000 0.00000000 167.00000000
40.00000000 234.00000000 2.00000000 166.00000000
550.00000000 276.00000000 0.00000000 165.00000000
65.00000000 246.00000000 1.00000000 162.00000000
544.00000000 319.00000000 1.00000000 161.00000000
36.00000000 334.00000000 1.00000000 161.00000000
144.00000000 248.00000000 2.00000000 161.00000000
33.00000000 207.00000000 0.00000000 158.00000000
513.00000000 230.00000000 0.00000000 158.00000000
231.00000000 277.00000000 5.00000000 157.00000000
66.00000000 340.00000000 1.00000000 155.00000000
297.00000000 265.00000000 0.00000000 153.00000000
566.00000000 276.00000000 0.00000000 152.00000000
532.00000000 271.00000000 1.00000000 152.00000000
529.00000000 241.00000000 0.00000000 151.00000000
278.00000000 238.00000000 2.00000000 150.00000000
62.00000000 234.00000000 2.00000000 150.00000000
71.00000000 317.00000000 0.00000000 149.00000000
426.00000000 289.00000000 0.00000000 149.00000000
232.00000000 272.00000000 4.00000000 149.00000000
524.00000000 242.00000000 2.00000000 148.00000000
523.00000000 241.00000000 1.00000000 147.00000000
262.00000000 308.00000000 2.00000000 146.00000000
460.00000000 252.00000000 2.00000000 145.00000000
27.00000000 188.00000000 0.00000000 144.00000000
279.00000000 392.00000000 1.00000000 144.00000000
311.00000000 280.00000000 0.00000000 137.00000000
66.00000000 339.00000000 0.00000000 135.00000000
262.00000000 308.00000000 1.00000000 135.00000000
458.00000000 251.00000000 2.00000000 135.00000000
383.00000000 235.00000000 1.00000000 135.00000000
93.00000000 278.00000000 1.00000000 134.00000000
328.00000000 263.00000000 0.00000000 134.00000000
186.00000000 395.00000000 0.00000000 132.00000000
279.00000000 391.00000000 0.00000000 130.00000000
90.00000000 282.00000000 2.00000000 130.00000000
262.00000000 308.00000000 0.00000000 127.00000000
512.00000000 260.00000000 4.00000000 125.00000000
514.00000000 260.00000000 2.00000000 120.00000000
321.00000000 238.00000000 0.00000000 116.00000000
544.00000000 318.00000000 0.00000000 114.00000000
352.00000000 239.00000000 0.00000000 112.00000000
50.00000000 203.00000000 0.00000000 110.00000000
514.00000000 249.00000000 0.00000000 109.00000000
359.00000000 386.00000000 0.00000000 108.00000000
537.00000000 294.00000000 2.00000000 105.00000000
91.00000000 328.00000000 0.00000000 104.00000000
167.00000000 239.00000000 0.00000000 104.00000000
181.00000000 246.00000000 0.00000000 101.00000000
173.00000000 247.00000000 0.00000000 100.00000000
56.00000000 220.00000000 0.00000000 100.00000000
523.00000000 243.00000000 0.00000000 99.00000000
62.00000000 299.00000000 0.00000000 99.00000000
230.00000000 377.00000000 0.00000000 97.00000000
93.00000000 230.00000000 0.00000000 96.00000000
340.00000000 239.00000000 0.00000000 96.00000000
180.00000000 229.00000000 0.00000000 94.00000000
