562.00000000 197.00000000 2.00000000 609.00000000
560.00000000 200.00000000 4.00000000 572.00000000
195.00000000 578.00000000 1.00000000 562.00000000
211.00000000 36.00000000 0.00000000 524.00000000
190.00000000 56.00000000 1.00000000 486.00000000
211.00000000 37.00000000 1.00000000 477.00000000
195.00000000 578.00000000 1.00000000 458.00000000
129.00000000 56.00000000 1.00000000 450.00000000
128.00000000 55.00000000 0.00000000 441.00000000
189.00000000 57.00000000 1.00000000 440.00000000
323.00000000 401.00000000 1.00000000 423.00000000
190.00000000 55.00000000 0.00000000 421.00000000
322.00000000 301.00000000 1.00000000 411.00000000
106.00000000 267.00000000 0.00000000 411.00000000
46.00000000 426.00000000 0.00000000 408.00000000
46.00000000 345.00000000 0.00000000 405.00000000
560.00000000 203.00000000 5.00000000 394.00000000
562.00000000 198.00000000 2.00000000 390.00000000
107.00000000 355.00000000 0.00000000 386.00000000
184.00000000 64.00000000 4.00000000 383.00000000
272.00000000 302.00000000 1.00000000 378.00000000
108.00000000 443.00000000 0.00000000 377.00000000
209.00000000 57.00000000 1.00000000 375.00000000
564.00000000 201.00000000 1.00000000 375.00000000
106.00000000 268.00000000 1.00000000 365.00000000
562.00000000 200.00000000 1.00000000 361.00000000
323.00000000 400.00000000 0.00000000 359.00000000
188.00000000 60.00000000 2.00000000 339.00000000
107.00000000 356.00000000 1.00000000 336.00000000
224.00000000 304.00000000 1.00000000 335.00000000
186.00000000 62.00000000 2.00000000 335.00000000
310.00000000 400.00000000 0.00000000 334.00000000
209.00000000 38.00000000 1.00000000 328.00000000
321.00000000 301.00000000 1.00000000 326.00000000
332.00000000 266.00000000 1.00000000 321.00000000
272.00000000 301.00000000 0.00000000 317.00000000
235.00000000 339.00000000 1.00000000 314.00000000
108.00000000 443.00000000 1.00000000 313.00000000
210.00000000 56.00000000 2.00000000 311.00000000
283.00000000 338.00000000 1.00000000 311.00000000
564.00000000 200.00000000 0.00000000 310.00000000
308.00000000 301.00000000 0.00000000 309.00000000
97.00000000 443.00000000 0.00000000 309.00000000
438.00000000 316.00000000 1.00000000 308.00000000
45.00000000 259.00000000 0.00000000 302.00000000
322.00000000 300.00000000 0.00000000 298.00000000
788.00000000 129.00000000 0.00000000 297.00000000
333.00000000 337.00000000 1.00000000 294.00000000
45.00000000 335.00000000 1.00000000 292.00000000
259.00000000 302.00000000 0.00000000 291.00000000
107.00000000 346.00000000 1.00000000 287.00000000
438.00000000 296.00000000 1.00000000 285.00000000
96.00000000 356.00000000 0.00000000 285.00000000
108.00000000 434.00000000 1.00000000 283.00000000
210.00000000 59.00000000 1.00000000 281.00000000
194.00000000 576.00000000 0.00000000 279.00000000
234.00000000 338.00000000 0.00000000 277.00000000
94.00000000 284.00000000 1.00000000 276.00000000
500.00000000 148.00000000 1.00000000 274.00000000
224.00000000 303.00000000 0.00000000 274.00000000
283.00000000 337.00000000 0.00000000 271.00000000
46.00000000 346.00000000 1.00000000 270.00000000
332.00000000 265.00000000 0.00000000 269.00000000
214.00000000 402.00000000 0.00000000 269.00000000
261.00000000 401.00000000 0.00000000 269.00000000
440.00000000 295.00000000 1.00000000 269.00000000
93.00000000 282.00000000 1.00000000 267.00000000
500.00000000 148.00000000 2.00000000 266.00000000
398.00000000 425.00000000 1.00000000 266.00000000
439.00000000 318.00000000 1.00000000 265.00000000
499.00000000 148.00000000 1.00000000 264.00000000
275.00000000 402.00000000 1.00000000 261.00000000
695.00000000 550.00000000 1.00000000 260.00000000
322.00000000 282.00000000 2.00000000 259.00000000
135.00000000 86.00000000 1.00000000 259.00000000
308.00000000 302.00000000 1.00000000 259.00000000
395.00000000 320.00000000 1.00000000 257.00000000
37.00000000 348.00000000 1.00000000 257.00000000
275.00000000 401.00000000 0.00000000 257.00000000
441.00000000 400.00000000 1.00000000 257.00000000
441.00000000 421.00000000 1.00000000 257.00000000
106.00000000 346.00000000 1.00000000 256.00000000
467.00000000 422.00000000 1.00000000 256.00000000
318.00000000 102.00000000 1.00000000 253.00000000
46.00000000 335.00000000 1.00000000 253.00000000
235.00000000 366.00000000 0.00000000 251.00000000
196.00000000 582.00000000 0.00000000 250.00000000
275.00000000 149.00000000 0.00000000 249.00000000
325.00000000 381.00000000 2.00000000 248.00000000
95.00000000 268.00000000 0.00000000 245.00000000
284.00000000 364.00000000 0.00000000 245.00000000
211.00000000 304.00000000 0.00000000 244.00000000
318.00000000 101.00000000 0.00000000 244.00000000
210.00000000 424.00000000 2.00000000 242.00000000
316.00000000 92.00000000 0.00000000 242.00000000
260.00000000 64.00000000 0.00000000 238.00000000
108.00000000 433.00000000 0.00000000 238.00000000
42.00000000 248.00000000 2.00000000 236.00000000
500.00000000 148.00000000 0.00000000 236.00000000
44.00000000 334.00000000 2.00000000 234.00000000
45.00000000 249.00000000 0.00000000 233.00000000
305.00000000 67.00000000 0.00000000 233.00000000
106.00000000 257.00000000 0.00000000 230.00000000
333.00000000 336.00000000 0.00000000 228.00000000
107.00000000 345.00000000 0.00000000 228.00000000
438.00000000 298.00000000 2.00000000 226.00000000
304.00000000 10.00000000 0.00000000 225.00000000
395.00000000 321.00000000 0.00000000 222.00000000
333.00000000 364.00000000 0.00000000 220.00000000
603.00000000 123.00000000 0.00000000 218.00000000
271.00000000 90.00000000 0.00000000 214.00000000
340.00000000 21.00000000 0.00000000 212.00000000
38.00000000 427.00000000 0.00000000 209.00000000
380.00000000 589.00000000 0.00000000 209.00000000
306.00000000 92.00000000 0.00000000 204.00000000
590.00000000 237.00000000 0.00000000 203.00000000
265.00000000 156.00000000 0.00000000 203.00000000
37.00000000 348.00000000 0.00000000 203.00000000
157.00000000 35.00000000 0.00000000 200.00000000
467.00000000 422.00000000 0.00000000 200.00000000
344.00000000 206.00000000 0.00000000 199.00000000
271.00000000 65.00000000 0.00000000 199.00000000
429.00000000 192.00000000 0.00000000 199.00000000
46.00000000 335.00000000 0.00000000 198.00000000
398.00000000 425.00000000 0.00000000 198.00000000
260.00000000 89.00000000 0.00000000 194.00000000
196.00000000 568.00000000 0.00000000 190.00000000
