562.00000000 197.00000000 2.00000000 642.00000000
195.00000000 578.00000000 1.00000000 587.00000000
560.00000000 200.00000000 4.00000000 563.00000000
280.00000000 38.00000000 1.00000000 553.00000000
280.00000000 37.00000000 1.00000000 528.00000000
325.00000000 40.00000000 1.00000000 518.00000000
284.00000000 121.00000000 1.00000000 509.00000000
285.00000000 121.00000000 1.00000000 505.00000000
323.00000000 41.00000000 1.00000000 457.00000000
195.00000000 577.00000000 1.00000000 457.00000000
562.00000000 198.00000000 2.00000000 436.00000000
590.00000000 238.00000000 0.00000000 427.00000000
590.00000000 238.00000000 1.00000000 406.00000000
305.00000000 203.00000000 2.00000000 396.00000000
280.00000000 38.00000000 2.00000000 390.00000000
259.00000000 203.00000000 1.00000000 388.00000000
562.00000000 200.00000000 1.00000000 383.00000000
560.00000000 203.00000000 5.00000000 375.00000000
304.00000000 204.00000000 4.00000000 368.00000000
564.00000000 201.00000000 1.00000000 368.00000000
284.00000000 122.00000000 2.00000000 366.00000000
306.00000000 204.00000000 2.00000000 364.00000000
324.00000000 39.00000000 0.00000000 351.00000000
257.00000000 203.00000000 1.00000000 347.00000000
324.00000000 40.00000000 2.00000000 344.00000000
698.00000000 534.00000000 1.00000000 337.00000000
277.00000000 42.00000000 2.00000000 332.00000000
306.00000000 202.00000000 1.00000000 330.00000000
330.00000000 339.00000000 1.00000000 315.00000000
478.00000000 335.00000000 1.00000000 314.00000000
259.00000000 202.00000000 0.00000000 311.00000000
331.00000000 338.00000000 1.00000000 310.00000000
307.00000000 202.00000000 1.00000000 309.00000000
438.00000000 296.00000000 1.00000000 309.00000000
282.00000000 339.00000000 1.00000000 308.00000000
280.00000000 36.00000000 0.00000000 307.00000000
233.00000000 340.00000000 1.00000000 303.00000000
564.00000000 201.00000000 0.00000000 300.00000000
260.00000000 322.00000000 1.00000000 296.00000000
256.00000000 204.00000000 2.00000000 294.00000000
284.00000000 120.00000000 0.00000000 294.00000000
194.00000000 575.00000000 0.00000000 293.00000000
254.00000000 206.00000000 2.00000000 290.00000000
589.00000000 239.00000000 1.00000000 289.00000000
697.00000000 534.00000000 0.00000000 283.00000000
480.00000000 364.00000000 2.00000000 280.00000000
480.00000000 363.00000000 1.00000000 280.00000000
189.00000000 57.00000000 1.00000000 275.00000000
441.00000000 400.00000000 1.00000000 273.00000000
260.00000000 321.00000000 1.00000000 264.00000000
190.00000000 56.00000000 1.00000000 264.00000000
620.00000000 537.00000000 0.00000000 261.00000000
397.00000000 403.00000000 1.00000000 260.00000000
196.00000000 582.00000000 0.00000000 257.00000000
278.00000000 49.00000000 1.00000000 254.00000000
424.00000000 93.00000000 1.00000000 252.00000000
323.00000000 51.00000000 0.00000000 252.00000000
310.00000000 403.00000000 1.00000000 251.00000000
394.00000000 300.00000000 2.00000000 251.00000000
95.00000000 284.00000000 1.00000000 251.00000000
429.00000000 191.00000000 0.00000000 251.00000000
278.00000000 48.00000000 0.00000000 247.00000000
129.00000000 56.00000000 1.00000000 245.00000000
323.00000000 52.00000000 1.00000000 245.00000000
708.00000000 185.00000000 1.00000000 244.00000000
375.00000000 191.00000000 1.00000000 244.00000000
283.00000000 132.00000000 1.00000000 242.00000000
323.00000000 402.00000000 1.00000000 241.00000000
283.00000000 132.00000000 0.00000000 240.00000000
384.00000000 191.00000000 0.00000000 238.00000000
478.00000000 334.00000000 1.00000000 238.00000000
740.00000000 512.00000000 1.00000000 238.00000000
500.00000000 148.00000000 1.00000000 238.00000000
128.00000000 55.00000000 0.00000000 237.00000000
332.00000000 267.00000000 1.00000000 234.00000000
275.00000000 148.00000000 0.00000000 234.00000000
784.00000000 381.00000000 0.00000000 231.00000000
412.00000000 93.00000000 1.00000000 230.00000000
476.00000000 257.00000000 1.00000000 230.00000000
436.00000000 94.00000000 1.00000000 228.00000000
440.00000000 295.00000000 1.00000000 228.00000000
260.00000000 64.00000000 0.00000000 224.00000000
788.00000000 130.00000000 0.00000000 224.00000000
125.00000000 588.00000000 0.00000000 221.00000000
741.00000000 512.00000000 0.00000000 221.00000000
270.00000000 65.00000000 0.00000000 220.00000000
305.00000000 67.00000000 0.00000000 218.00000000
210.00000000 37.00000000 0.00000000 216.00000000
234.00000000 366.00000000 0.00000000 212.00000000
375.00000000 191.00000000 0.00000000 212.00000000
45.00000000 258.00000000 0.00000000 212.00000000
332.00000000 364.00000000 0.00000000 209.00000000
307.00000000 201.00000000 0.00000000 207.00000000
282.00000000 365.00000000 0.00000000 205.00000000
784.00000000 313.00000000 0.00000000 204.00000000
282.00000000 337.00000000 0.00000000 204.00000000
464.00000000 192.00000000 0.00000000 202.00000000
784.00000000 330.00000000 0.00000000 200.00000000
420.00000000 191.00000000 0.00000000 200.00000000
500.00000000 148.00000000 0.00000000 199.00000000
331.00000000 336.00000000 0.00000000 198.00000000
312.00000000 434.00000000 0.00000000 198.00000000
412.00000000 94.00000000 0.00000000 197.00000000
332.00000000 265.00000000 0.00000000 195.00000000
436.00000000 94.00000000 0.00000000 194.00000000
234.00000000 338.00000000 0.00000000 192.00000000
310.00000000 401.00000000 0.00000000 189.00000000
424.00000000 94.00000000 0.00000000 188.00000000
473.00000000 192.00000000 0.00000000 188.00000000
475.00000000 256.00000000 0.00000000 186.00000000
309.00000000 301.00000000 0.00000000 186.00000000
467.00000000 421.00000000 0.00000000 186.00000000
708.00000000 186.00000000 0.00000000 185.00000000
311.00000000 417.00000000 0.00000000 185.00000000
675.00000000 526.00000000 0.00000000 181.00000000
190.00000000 55.00000000 0.00000000 180.00000000
260.00000000 323.00000000 0.00000000 180.00000000
96.00000000 284.00000000 0.00000000 179.00000000
52.00000000 275.00000000 0.00000000 177.00000000
604.00000000 111.00000000 0.00000000 176.00000000
263.00000000 426.00000000 0.00000000 176.00000000
106.00000000 267.00000000 0.00000000 171.00000000
260.00000000 301.00000000 0.00000000 171.00000000
196.00000000 568.00000000 0.00000000 171.00000000
478.00000000 333.00000000 0.00000000 171.00000000
574.00000000 408.00000000 0.00000000 169.00000000
211.00000000 304.00000000 0.00000000 168.00000000
