76.00000000 321.00000000 0.00000000 301.00000000
144.00000000 304.00000000 0.00000000 269.00000000
75.00000000 320.00000000 1.00000000 251.00000000
176.00000000 161.00000000 0.00000000 244.00000000
138.00000000 178.00000000 0.00000000 238.00000000
144.00000000 305.00000000 1.00000000 225.00000000
136.00000000 159.00000000 0.00000000 221.00000000
10.00000000 140.00000000 0.00000000 218.00000000
165.00000000 159.00000000 1.00000000 214.00000000
137.00000000 166.00000000 0.00000000 212.00000000
144.00000000 313.00000000 0.00000000 210.00000000
244.00000000 165.00000000 1.00000000 207.00000000
143.00000000 344.00000000 0.00000000 199.00000000
64.00000000 318.00000000 0.00000000 195.00000000
55.00000000 173.00000000 0.00000000 193.00000000
77.00000000 302.00000000 1.00000000 191.00000000
324.00000000 175.00000000 1.00000000 190.00000000
67.00000000 170.00000000 0.00000000 182.00000000
683.00000000 16.00000000 0.00000000 179.00000000
59.00000000 311.00000000 1.00000000 178.00000000
387.00000000 290.00000000 0.00000000 178.00000000
136.00000000 159.00000000 1.00000000 175.00000000
248.00000000 178.00000000 0.00000000 175.00000000
323.00000000 173.00000000 0.00000000 172.00000000
137.00000000 172.00000000 0.00000000 171.00000000
77.00000000 301.00000000 0.00000000 164.00000000
126.00000000 322.00000000 0.00000000 164.00000000
622.00000000 144.00000000 1.00000000 163.00000000
165.00000000 161.00000000 1.00000000 163.00000000
708.00000000 56.00000000 1.00000000 161.00000000
286.00000000 175.00000000 0.00000000 159.00000000
141.00000000 325.00000000 1.00000000 159.00000000
708.00000000 56.00000000 2.00000000 158.00000000
387.00000000 292.00000000 1.00000000 158.00000000
614.00000000 113.00000000 0.00000000 157.00000000
243.00000000 165.00000000 1.00000000 157.00000000
66.00000000 176.00000000 0.00000000 157.00000000
135.00000000 159.00000000 1.00000000 156.00000000
202.00000000 153.00000000 1.00000000 155.00000000
176.00000000 162.00000000 1.00000000 154.00000000
707.00000000 54.00000000 1.00000000 152.00000000
57.00000000 154.00000000 0.00000000 150.00000000
74.00000000 321.00000000 1.00000000 150.00000000
178.00000000 171.00000000 0.00000000 150.00000000
707.00000000 53.00000000 0.00000000 149.00000000
219.00000000 149.00000000 0.00000000 148.00000000
613.00000000 194.00000000 0.00000000 146.00000000
207.00000000 177.00000000 0.00000000 145.00000000
143.00000000 344.00000000 1.00000000 144.00000000
622.00000000 144.00000000 1.00000000 144.00000000
321.00000000 152.00000000 0.00000000 143.00000000
275.00000000 152.00000000 0.00000000 142.00000000
103.00000000 318.00000000 0.00000000 142.00000000
284.00000000 168.00000000 0.00000000 141.00000000
619.00000000 132.00000000 1.00000000 140.00000000
168.00000000 179.00000000 0.00000000 140.00000000
67.00000000 170.00000000 1.00000000 140.00000000
281.00000000 163.00000000 1.00000000 138.00000000
243.00000000 164.00000000 0.00000000 137.00000000
321.00000000 152.00000000 1.00000000 136.00000000
165.00000000 159.00000000 0.00000000 135.00000000
107.00000000 165.00000000 1.00000000 135.00000000
255.00000000 169.00000000 0.00000000 135.00000000
50.00000000 149.00000000 2.00000000 134.00000000
619.00000000 132.00000000 0.00000000 134.00000000
619.00000000 131.00000000 1.00000000 134.00000000
178.00000000 171.00000000 1.00000000 134.00000000
56.00000000 174.00000000 1.00000000 133.00000000
96.00000000 154.00000000 1.00000000 133.00000000
12.00000000 410.00000000 0.00000000 132.00000000
217.00000000 168.00000000 0.00000000 132.00000000
288.00000000 181.00000000 0.00000000 132.00000000
219.00000000 150.00000000 1.00000000 132.00000000
601.00000000 144.00000000 1.00000000 131.00000000
582.00000000 152.00000000 0.00000000 130.00000000
248.00000000 179.00000000 1.00000000 127.00000000
156.00000000 413.00000000 1.00000000 126.00000000
178.00000000 178.00000000 0.00000000 125.00000000
630.00000000 165.00000000 1.00000000 125.00000000
606.00000000 83.00000000 0.00000000 124.00000000
134.00000000 303.00000000 0.00000000 124.00000000
74.00000000 301.00000000 1.00000000 124.00000000
96.00000000 172.00000000 0.00000000 124.00000000
84.00000000 411.00000000 0.00000000 123.00000000
96.00000000 164.00000000 1.00000000 123.00000000
202.00000000 152.00000000 0.00000000 123.00000000
601.00000000 144.00000000 0.00000000 123.00000000
630.00000000 164.00000000 0.00000000 122.00000000
683.00000000 17.00000000 1.00000000 122.00000000
95.00000000 411.00000000 0.00000000 121.00000000
138.00000000 179.00000000 1.00000000 121.00000000
128.00000000 299.00000000 1.00000000 120.00000000
622.00000000 144.00000000 0.00000000 120.00000000
125.00000000 411.00000000 0.00000000 119.00000000
582.00000000 153.00000000 1.00000000 119.00000000
108.00000000 181.00000000 0.00000000 119.00000000
345.00000000 415.00000000 1.00000000 119.00000000
237.00000000 412.00000000 0.00000000 117.00000000
57.00000000 155.00000000 1.00000000 117.00000000
635.00000000 195.00000000 0.00000000 115.00000000
113.00000000 132.00000000 0.00000000 112.00000000
135.00000000 153.00000000 0.00000000 112.00000000
207.00000000 331.00000000 0.00000000 112.00000000
323.00000000 176.00000000 1.00000000 112.00000000
144.00000000 326.00000000 0.00000000 112.00000000
200.00000000 154.00000000 1.00000000 111.00000000
164.00000000 164.00000000 2.00000000 110.00000000
765.00000000 357.00000000 0.00000000 110.00000000
173.00000000 412.00000000 0.00000000 110.00000000
138.00000000 412.00000000 0.00000000 110.00000000
381.00000000 415.00000000 0.00000000 110.00000000
436.00000000 415.00000000 0.00000000 108.00000000
707.00000000 56.00000000 2.00000000 106.00000000
134.00000000 162.00000000 2.00000000 104.00000000
386.00000000 294.00000000 1.00000000 102.00000000
252.00000000 88.00000000 4.00000000 100.00000000
685.00000000 31.00000000 1.00000000 99.00000000
594.00000000 116.00000000 2.00000000 99.00000000
142.00000000 305.00000000 1.00000000 96.00000000
254.00000000 87.00000000 2.00000000 94.00000000
72.00000000 358.00000000 2.00000000 88.00000000
52.00000000 148.00000000 2.00000000 82.00000000
294.00000000 156.00000000 2.00000000 82.00000000
204.00000000 160.00000000 2.00000000 80.00000000
254.00000000 84.00000000 5.00000000 71.00000000
280.00000000 164.00000000 2.00000000 59.00000000
564.00000000 408.00000000 4.00000000 50.00000000
