359.00000000 386.00000000 0.00000000 206.00000000
41.00000000 190.00000000 0.00000000 191.00000000
62.00000000 193.00000000 0.00000000 163.00000000
359.00000000 386.00000000 1.00000000 156.00000000
41.00000000 190.00000000 1.00000000 137.00000000
41.00000000 234.00000000 1.00000000 131.00000000
63.00000000 193.00000000 1.00000000 130.00000000
149.00000000 246.00000000 1.00000000 124.00000000
48.00000000 194.00000000 0.00000000 111.00000000
31.00000000 188.00000000 0.00000000 110.00000000
149.00000000 245.00000000 0.00000000 108.00000000
148.00000000 246.00000000 1.00000000 103.00000000
41.00000000 232.00000000 0.00000000 102.00000000
39.00000000 234.00000000 1.00000000 94.00000000
567.00000000 260.00000000 0.00000000 92.00000000
149.00000000 256.00000000 0.00000000 90.00000000
26.00000000 202.00000000 0.00000000 86.00000000
26.00000000 203.00000000 1.00000000 82.00000000
226.00000000 385.00000000 1.00000000 75.00000000
31.00000000 189.00000000 1.00000000 73.00000000
56.00000000 221.00000000 0.00000000 70.00000000
567.00000000 276.00000000 0.00000000 69.00000000
41.00000000 247.00000000 1.00000000 68.00000000
273.00000000 368.00000000 0.00000000 67.00000000
297.00000000 265.00000000 0.00000000 66.00000000
294.00000000 382.00000000 1.00000000 66.00000000
375.00000000 383.00000000 0.00000000 66.00000000
273.00000000 368.00000000 1.00000000 65.00000000
226.00000000 385.00000000 0.00000000 65.00000000
148.00000000 248.00000000 2.00000000 64.00000000
363.00000000 369.00000000 1.00000000 64.00000000
363.00000000 369.00000000 0.00000000 63.00000000
363.00000000 360.00000000 1.00000000 62.00000000
93.00000000 278.00000000 0.00000000 62.00000000
24.00000000 202.00000000 1.00000000 62.00000000
21.00000000 233.00000000 1.00000000 61.00000000
275.00000000 278.00000000 0.00000000 60.00000000
259.00000000 277.00000000 0.00000000 59.00000000
224.00000000 383.00000000 1.00000000 59.00000000
526.00000000 390.00000000 1.00000000 59.00000000
29.00000000 262.00000000 0.00000000 58.00000000
275.00000000 376.00000000 0.00000000 58.00000000
359.00000000 386.00000000 1.00000000 57.00000000
362.00000000 362.00000000 2.00000000 57.00000000
298.00000000 256.00000000 0.00000000 56.00000000
41.00000000 246.00000000 0.00000000 56.00000000
567.00000000 261.00000000 1.00000000 56.00000000
38.00000000 335.00000000 1.00000000 56.00000000
526.00000000 389.00000000 0.00000000 55.00000000
161.00000000 390.00000000 1.00000000 55.00000000
362.00000000 359.00000000 1.00000000 55.00000000
544.00000000 319.00000000 1.00000000 54.00000000
531.00000000 270.00000000 0.00000000 54.00000000
38.00000000 333.00000000 0.00000000 54.00000000
363.00000000 359.00000000 0.00000000 54.00000000
367.00000000 386.00000000 0.00000000 53.00000000
298.00000000 256.00000000 1.00000000 52.00000000
33.00000000 207.00000000 0.00000000 52.00000000
268.00000000 386.00000000 1.00000000 52.00000000
62.00000000 193.00000000 1.00000000 52.00000000
149.00000000 257.00000000 1.00000000 51.00000000
468.00000000 277.00000000 0.00000000 51.00000000
97.00000000 303.00000000 0.00000000 51.00000000
478.00000000 265.00000000 0.00000000 51.00000000
535.00000000 277.00000000 0.00000000 50.00000000
93.00000000 278.00000000 1.00000000 50.00000000
161.00000000 390.00000000 0.00000000 50.00000000
28.00000000 247.00000000 0.00000000 49.00000000
294.00000000 382.00000000 0.00000000 49.00000000
550.00000000 276.00000000 0.00000000 48.00000000
362.00000000 359.00000000 2.00000000 47.00000000
138.00000000 386.00000000 1.00000000 47.00000000
275.00000000 296.00000000 0.00000000 47.00000000
64.00000000 323.00000000 0.00000000 46.00000000
496.00000000 268.00000000 1.00000000 46.00000000
268.00000000 386.00000000 0.00000000 45.00000000
57.00000000 235.00000000 1.00000000 45.00000000
262.00000000 309.00000000 1.00000000 45.00000000
495.00000000 285.00000000 1.00000000 45.00000000
140.00000000 386.00000000 1.00000000 44.00000000
470.00000000 266.00000000 0.00000000 44.00000000
90.00000000 280.00000000 1.00000000 44.00000000
41.00000000 263.00000000 1.00000000 44.00000000
97.00000000 304.00000000 1.00000000 44.00000000
41.00000000 247.00000000 1.00000000 44.00000000
21.00000000 233.00000000 1.00000000 43.00000000
90.00000000 282.00000000 2.00000000 43.00000000
57.00000000 327.00000000 0.00000000 43.00000000
244.00000000 295.00000000 0.00000000 43.00000000
56.00000000 234.00000000 1.00000000 42.00000000
254.00000000 233.00000000 1.00000000 42.00000000
398.00000000 229.00000000 0.00000000 42.00000000
66.00000000 340.00000000 1.00000000 42.00000000
41.00000000 190.00000000 1.00000000 42.00000000
239.00000000 394.00000000 1.00000000 41.00000000
173.00000000 246.00000000 0.00000000 41.00000000
292.00000000 381.00000000 1.00000000 41.00000000
40.00000000 236.00000000 2.00000000 41.00000000
41.00000000 263.00000000 1.00000000 40.00000000
57.00000000 277.00000000 0.00000000 40.00000000
499.00000000 236.00000000 0.00000000 40.00000000
239.00000000 388.00000000 0.00000000 40.00000000
494.00000000 282.00000000 0.00000000 39.00000000
275.00000000 260.00000000 0.00000000 38.00000000
181.00000000 252.00000000 0.00000000 38.00000000
167.00000000 239.00000000 0.00000000 38.00000000
262.00000000 310.00000000 2.00000000 38.00000000
261.00000000 270.00000000 0.00000000 38.00000000
335.00000000 384.00000000 0.00000000 38.00000000
58.00000000 234.00000000 2.00000000 38.00000000
276.00000000 269.00000000 0.00000000 38.00000000
239.00000000 395.00000000 0.00000000 38.00000000
243.00000000 260.00000000 0.00000000 37.00000000
279.00000000 236.00000000 0.00000000 37.00000000
72.00000000 323.00000000 0.00000000 37.00000000
65.00000000 340.00000000 0.00000000 37.00000000
232.00000000 267.00000000 0.00000000 36.00000000
495.00000000 265.00000000 0.00000000 36.00000000
96.00000000 205.00000000 0.00000000 36.00000000
226.00000000 380.00000000 2.00000000 36.00000000
44.00000000 196.00000000 2.00000000 33.00000000
42.00000000 195.00000000 2.00000000 30.00000000
147.00000000 248.00000000 2.00000000 30.00000000
87.00000000 282.00000000 2.00000000 25.00000000
540.00000000 300.00000000 4.00000000 21.00000000
435.00000000 271.00000000 5.00000000 21.00000000
440.00000000 268.00000000 4.00000000 17.00000000
