279.00000000 36.00000000 1.00000000 675.00000000
620.00000000 254.00000000 2.00000000 636.00000000
648.00000000 366.00000000 2.00000000 630.00000000
620.00000000 368.00000000 2.00000000 630.00000000
648.00000000 254.00000000 2.00000000 626.00000000
646.00000000 253.00000000 1.00000000 624.00000000
731.00000000 257.00000000 1.00000000 624.00000000
673.00000000 254.00000000 1.00000000 603.00000000
618.00000000 251.00000000 1.00000000 597.00000000
752.00000000 258.00000000 1.00000000 582.00000000
674.00000000 256.00000000 2.00000000 581.00000000
753.00000000 359.00000000 1.00000000 572.00000000
711.00000000 257.00000000 1.00000000 571.00000000
284.00000000 120.00000000 1.00000000 568.00000000
619.00000000 366.00000000 1.00000000 564.00000000
647.00000000 364.00000000 1.00000000 552.00000000
732.00000000 360.00000000 1.00000000 550.00000000
753.00000000 257.00000000 1.00000000 547.00000000
731.00000000 256.00000000 1.00000000 545.00000000
279.00000000 36.00000000 0.00000000 541.00000000
674.00000000 364.00000000 2.00000000 541.00000000
754.00000000 358.00000000 1.00000000 537.00000000
278.00000000 36.00000000 1.00000000 522.00000000
673.00000000 363.00000000 1.00000000 521.00000000
284.00000000 119.00000000 0.00000000 513.00000000
282.00000000 120.00000000 1.00000000 512.00000000
732.00000000 359.00000000 1.00000000 512.00000000
712.00000000 362.00000000 1.00000000 506.00000000
195.00000000 578.00000000 1.00000000 500.00000000
674.00000000 254.00000000 1.00000000 495.00000000
619.00000000 251.00000000 1.00000000 492.00000000
712.00000000 258.00000000 2.00000000 490.00000000
712.00000000 256.00000000 1.00000000 486.00000000
619.00000000 365.00000000 1.00000000 476.00000000
476.00000000 333.00000000 1.00000000 473.00000000
674.00000000 362.00000000 1.00000000 469.00000000
712.00000000 364.00000000 2.00000000 465.00000000
476.00000000 334.00000000 1.00000000 464.00000000
619.00000000 254.00000000 2.00000000 457.00000000
647.00000000 253.00000000 1.00000000 443.00000000
479.00000000 361.00000000 1.00000000 440.00000000
619.00000000 370.00000000 2.00000000 438.00000000
713.00000000 360.00000000 1.00000000 436.00000000
680.00000000 334.00000000 1.00000000 420.00000000
195.00000000 577.00000000 1.00000000 419.00000000
647.00000000 363.00000000 1.00000000 416.00000000
644.00000000 176.00000000 1.00000000 406.00000000
675.00000000 367.00000000 2.00000000 383.00000000
675.00000000 257.00000000 2.00000000 373.00000000
753.00000000 257.00000000 0.00000000 372.00000000
754.00000000 357.00000000 0.00000000 361.00000000
451.00000000 64.00000000 0.00000000 357.00000000
323.00000000 39.00000000 0.00000000 355.00000000
476.00000000 333.00000000 0.00000000 348.00000000
741.00000000 512.00000000 1.00000000 339.00000000
712.00000000 359.00000000 0.00000000 337.00000000
732.00000000 359.00000000 0.00000000 333.00000000
712.00000000 255.00000000 0.00000000 333.00000000
731.00000000 255.00000000 0.00000000 331.00000000
644.00000000 175.00000000 0.00000000 330.00000000
726.00000000 447.00000000 1.00000000 329.00000000
714.00000000 323.00000000 0.00000000 328.00000000
475.00000000 256.00000000 1.00000000 328.00000000
674.00000000 362.00000000 0.00000000 327.00000000
607.00000000 551.00000000 1.00000000 325.00000000
680.00000000 333.00000000 0.00000000 320.00000000
425.00000000 21.00000000 0.00000000 316.00000000
674.00000000 253.00000000 0.00000000 316.00000000
675.00000000 324.00000000 0.00000000 315.00000000
260.00000000 65.00000000 0.00000000 315.00000000
475.00000000 255.00000000 0.00000000 312.00000000
472.00000000 272.00000000 4.00000000 312.00000000
479.00000000 360.00000000 0.00000000 306.00000000
96.00000000 284.00000000 0.00000000 306.00000000
620.00000000 439.00000000 0.00000000 306.00000000
619.00000000 251.00000000 0.00000000 304.00000000
726.00000000 515.00000000 1.00000000 302.00000000
619.00000000 364.00000000 0.00000000 302.00000000
741.00000000 446.00000000 1.00000000 301.00000000
647.00000000 252.00000000 0.00000000 299.00000000
647.00000000 362.00000000 0.00000000 297.00000000
606.00000000 550.00000000 0.00000000 295.00000000
96.00000000 284.00000000 1.00000000 290.00000000
756.00000000 444.00000000 1.00000000 288.00000000
620.00000000 325.00000000 0.00000000 285.00000000
526.00000000 332.00000000 0.00000000 282.00000000
675.00000000 455.00000000 1.00000000 279.00000000
649.00000000 325.00000000 0.00000000 278.00000000
741.00000000 444.00000000 0.00000000 276.00000000
621.00000000 536.00000000 1.00000000 276.00000000
451.00000000 64.00000000 1.00000000 275.00000000
195.00000000 576.00000000 0.00000000 272.00000000
516.00000000 392.00000000 0.00000000 272.00000000
525.00000000 333.00000000 1.00000000 272.00000000
278.00000000 48.00000000 0.00000000 268.00000000
448.00000000 60.00000000 4.00000000 266.00000000
555.00000000 331.00000000 0.00000000 266.00000000
726.00000000 446.00000000 0.00000000 266.00000000
217.00000000 579.00000000 0.00000000 264.00000000
726.00000000 515.00000000 0.00000000 259.00000000
305.00000000 69.00000000 0.00000000 256.00000000
676.00000000 525.00000000 1.00000000 255.00000000
760.00000000 331.00000000 0.00000000 253.00000000
741.00000000 512.00000000 0.00000000 250.00000000
283.00000000 132.00000000 0.00000000 246.00000000
162.00000000 33.00000000 0.00000000 243.00000000
596.00000000 545.00000000 0.00000000 235.00000000
97.00000000 373.00000000 0.00000000 231.00000000
573.00000000 388.00000000 0.00000000 229.00000000
275.00000000 149.00000000 0.00000000 229.00000000
784.00000000 330.00000000 0.00000000 226.00000000
196.00000000 568.00000000 0.00000000 225.00000000
581.00000000 330.00000000 0.00000000 222.00000000
581.00000000 362.00000000 0.00000000 221.00000000
545.00000000 390.00000000 0.00000000 220.00000000
675.00000000 453.00000000 0.00000000 218.00000000
675.00000000 526.00000000 0.00000000 214.00000000
673.00000000 475.00000000 5.00000000 212.00000000
756.00000000 443.00000000 0.00000000 212.00000000
621.00000000 536.00000000 0.00000000 206.00000000
258.00000000 202.00000000 0.00000000 206.00000000
513.00000000 296.00000000 0.00000000 206.00000000
755.00000000 322.00000000 0.00000000 205.00000000
270.00000000 65.00000000 0.00000000 205.00000000
570.00000000 296.00000000 0.00000000 205.00000000
543.00000000 296.00000000 0.00000000 201.00000000
420.00000000 191.00000000 0.00000000 201.00000000
