176.00000000 161.00000000 0.00000000 240.00000000
136.00000000 159.00000000 0.00000000 224.00000000
138.00000000 178.00000000 0.00000000 213.00000000
10.00000000 140.00000000 0.00000000 210.00000000
55.00000000 173.00000000 0.00000000 196.00000000
57.00000000 154.00000000 0.00000000 192.00000000
165.00000000 159.00000000 1.00000000 186.00000000
178.00000000 171.00000000 0.00000000 178.00000000
113.00000000 132.00000000 0.00000000 174.00000000
136.00000000 159.00000000 1.00000000 172.00000000
137.00000000 172.00000000 0.00000000 171.00000000
244.00000000 165.00000000 1.00000000 170.00000000
66.00000000 176.00000000 0.00000000 157.00000000
219.00000000 149.00000000 0.00000000 156.00000000
96.00000000 161.00000000 0.00000000 150.00000000
219.00000000 150.00000000 1.00000000 146.00000000
137.00000000 166.00000000 0.00000000 143.00000000
57.00000000 155.00000000 1.00000000 141.00000000
56.00000000 174.00000000 1.00000000 141.00000000
176.00000000 161.00000000 1.00000000 138.00000000
207.00000000 176.00000000 0.00000000 137.00000000
135.00000000 159.00000000 1.00000000 136.00000000
168.00000000 179.00000000 0.00000000 136.00000000
67.00000000 170.00000000 0.00000000 135.00000000
243.00000000 164.00000000 0.00000000 135.00000000
96.00000000 154.00000000 1.00000000 133.00000000
178.00000000 172.00000000 1.00000000 131.00000000
321.00000000 152.00000000 0.00000000 129.00000000
255.00000000 169.00000000 0.00000000 128.00000000
286.00000000 175.00000000 0.00000000 126.00000000
275.00000000 152.00000000 0.00000000 125.00000000
107.00000000 165.00000000 1.00000000 123.00000000
96.00000000 162.00000000 1.00000000 123.00000000
321.00000000 152.00000000 1.00000000 122.00000000
165.00000000 159.00000000 0.00000000 121.00000000
135.00000000 153.00000000 0.00000000 119.00000000
243.00000000 165.00000000 1.00000000 119.00000000
143.00000000 146.00000000 0.00000000 117.00000000
165.00000000 161.00000000 1.00000000 116.00000000
67.00000000 171.00000000 1.00000000 116.00000000
178.00000000 178.00000000 0.00000000 113.00000000
50.00000000 149.00000000 2.00000000 112.00000000
293.00000000 152.00000000 1.00000000 112.00000000
217.00000000 173.00000000 0.00000000 112.00000000
108.00000000 181.00000000 0.00000000 109.00000000
284.00000000 169.00000000 0.00000000 107.00000000
57.00000000 147.00000000 0.00000000 106.00000000
324.00000000 175.00000000 1.00000000 105.00000000
288.00000000 181.00000000 0.00000000 104.00000000
205.00000000 168.00000000 0.00000000 104.00000000
294.00000000 152.00000000 0.00000000 101.00000000
248.00000000 178.00000000 0.00000000 100.00000000
298.00000000 159.00000000 0.00000000 100.00000000
96.00000000 162.00000000 1.00000000 95.00000000
138.00000000 179.00000000 1.00000000 95.00000000
201.00000000 153.00000000 1.00000000 94.00000000
255.00000000 149.00000000 0.00000000 93.00000000
248.00000000 179.00000000 1.00000000 91.00000000
323.00000000 173.00000000 0.00000000 90.00000000
96.00000000 154.00000000 0.00000000 90.00000000
524.00000000 404.00000000 0.00000000 90.00000000
96.00000000 172.00000000 0.00000000 89.00000000
252.00000000 84.00000000 4.00000000 89.00000000
206.00000000 167.00000000 1.00000000 89.00000000
200.00000000 155.00000000 1.00000000 86.00000000
281.00000000 163.00000000 1.00000000 85.00000000
143.00000000 147.00000000 1.00000000 85.00000000
97.00000000 172.00000000 1.00000000 84.00000000
134.00000000 162.00000000 2.00000000 84.00000000
254.00000000 84.00000000 2.00000000 83.00000000
208.00000000 177.00000000 1.00000000 82.00000000
201.00000000 152.00000000 0.00000000 82.00000000
218.00000000 173.00000000 1.00000000 81.00000000
281.00000000 163.00000000 0.00000000 79.00000000
56.00000000 155.00000000 1.00000000 77.00000000
164.00000000 164.00000000 2.00000000 76.00000000
387.00000000 290.00000000 0.00000000 76.00000000
326.00000000 181.00000000 0.00000000 75.00000000
115.00000000 145.00000000 0.00000000 73.00000000
248.00000000 84.00000000 5.00000000 72.00000000
256.00000000 151.00000000 1.00000000 72.00000000
276.00000000 152.00000000 1.00000000 71.00000000
107.00000000 164.00000000 0.00000000 71.00000000
323.00000000 176.00000000 1.00000000 70.00000000
258.00000000 94.00000000 2.00000000 70.00000000
107.00000000 165.00000000 1.00000000 70.00000000
52.00000000 148.00000000 2.00000000 69.00000000
325.00000000 159.00000000 0.00000000 68.00000000
222.00000000 157.00000000 0.00000000 68.00000000
294.00000000 156.00000000 2.00000000 68.00000000
258.00000000 93.00000000 1.00000000 66.00000000
292.00000000 167.00000000 0.00000000 65.00000000
96.00000000 164.00000000 2.00000000 64.00000000
280.00000000 164.00000000 1.00000000 63.00000000
524.00000000 404.00000000 1.00000000 63.00000000
113.00000000 133.00000000 1.00000000 62.00000000
166.00000000 165.00000000 0.00000000 61.00000000
181.00000000 147.00000000 0.00000000 61.00000000
304.00000000 172.00000000 0.00000000 61.00000000
387.00000000 292.00000000 1.00000000 61.00000000
141.00000000 145.00000000 1.00000000 61.00000000
76.00000000 146.00000000 0.00000000 60.00000000
286.00000000 176.00000000 1.00000000 60.00000000
134.00000000 150.00000000 1.00000000 60.00000000
292.00000000 152.00000000 1.00000000 60.00000000
256.00000000 169.00000000 1.00000000 59.00000000
55.00000000 173.00000000 1.00000000 58.00000000
56.00000000 166.00000000 0.00000000 58.00000000
125.00000000 411.00000000 0.00000000 55.00000000
258.00000000 180.00000000 0.00000000 55.00000000
204.00000000 160.00000000 2.00000000 54.00000000
322.00000000 160.00000000 2.00000000 52.00000000
319.00000000 152.00000000 1.00000000 51.00000000
322.00000000 161.00000000 2.00000000 51.00000000
91.00000000 118.00000000 0.00000000 48.00000000
219.00000000 149.00000000 1.00000000 48.00000000
178.00000000 147.00000000 1.00000000 45.00000000
132.00000000 161.00000000 2.00000000 44.00000000
427.00000000 117.00000000 0.00000000 42.00000000
138.00000000 411.00000000 0.00000000 42.00000000
173.00000000 412.00000000 0.00000000 37.00000000
765.00000000 357.00000000 0.00000000 37.00000000
65.00000000 125.00000000 0.00000000 35.00000000
156.00000000 412.00000000 0.00000000 33.00000000
428.00000000 108.00000000 0.00000000 31.00000000
238.00000000 412.00000000 0.00000000 29.00000000
280.00000000 164.00000000 4.00000000 25.00000000
