78.00000000 284.00000000 0.00000000 819.00000000
77.00000000 301.00000000 1.00000000 776.00000000
145.00000000 285.00000000 0.00000000 752.00000000
78.00000000 286.00000000 1.00000000 735.00000000
77.00000000 300.00000000 0.00000000 612.00000000
74.00000000 301.00000000 1.00000000 572.00000000
145.00000000 286.00000000 1.00000000 550.00000000
76.00000000 321.00000000 0.00000000 464.00000000
144.00000000 304.00000000 0.00000000 392.00000000
622.00000000 144.00000000 1.00000000 375.00000000
619.00000000 131.00000000 0.00000000 355.00000000
143.00000000 344.00000000 0.00000000 354.00000000
144.00000000 313.00000000 0.00000000 353.00000000
619.00000000 132.00000000 1.00000000 346.00000000
613.00000000 194.00000000 0.00000000 343.00000000
75.00000000 320.00000000 1.00000000 342.00000000
582.00000000 153.00000000 1.00000000 339.00000000
586.00000000 168.00000000 1.00000000 336.00000000
582.00000000 152.00000000 0.00000000 331.00000000
141.00000000 325.00000000 1.00000000 326.00000000
622.00000000 144.00000000 1.00000000 322.00000000
144.00000000 305.00000000 1.00000000 320.00000000
619.00000000 131.00000000 1.00000000 312.00000000
614.00000000 113.00000000 0.00000000 308.00000000
601.00000000 144.00000000 1.00000000 302.00000000
381.00000000 415.00000000 0.00000000 289.00000000
586.00000000 167.00000000 0.00000000 287.00000000
84.00000000 411.00000000 0.00000000 287.00000000
387.00000000 290.00000000 0.00000000 285.00000000
708.00000000 56.00000000 1.00000000 284.00000000
584.00000000 159.00000000 0.00000000 283.00000000
708.00000000 58.00000000 2.00000000 281.00000000
237.00000000 412.00000000 0.00000000 277.00000000
77.00000000 287.00000000 1.00000000 274.00000000
622.00000000 144.00000000 0.00000000 272.00000000
125.00000000 412.00000000 0.00000000 272.00000000
294.00000000 414.00000000 0.00000000 271.00000000
345.00000000 415.00000000 0.00000000 270.00000000
138.00000000 412.00000000 0.00000000 269.00000000
665.00000000 385.00000000 1.00000000 268.00000000
95.00000000 411.00000000 0.00000000 267.00000000
64.00000000 318.00000000 0.00000000 267.00000000
345.00000000 415.00000000 1.00000000 265.00000000
601.00000000 144.00000000 0.00000000 265.00000000
126.00000000 322.00000000 0.00000000 263.00000000
12.00000000 410.00000000 0.00000000 262.00000000
436.00000000 415.00000000 0.00000000 261.00000000
630.00000000 164.00000000 0.00000000 259.00000000
635.00000000 195.00000000 0.00000000 258.00000000
707.00000000 54.00000000 1.00000000 257.00000000
156.00000000 413.00000000 1.00000000 257.00000000
173.00000000 412.00000000 0.00000000 257.00000000
155.00000000 412.00000000 0.00000000 256.00000000
682.00000000 16.00000000 0.00000000 256.00000000
614.00000000 194.00000000 1.00000000 256.00000000
294.00000000 414.00000000 1.00000000 254.00000000
269.00000000 413.00000000 0.00000000 254.00000000
606.00000000 83.00000000 0.00000000 254.00000000
387.00000000 292.00000000 1.00000000 254.00000000
707.00000000 53.00000000 0.00000000 254.00000000
57.00000000 291.00000000 1.00000000 253.00000000
326.00000000 414.00000000 0.00000000 247.00000000
143.00000000 344.00000000 1.00000000 245.00000000
454.00000000 415.00000000 0.00000000 240.00000000
213.00000000 412.00000000 0.00000000 240.00000000
594.00000000 116.00000000 2.00000000 240.00000000
113.00000000 411.00000000 0.00000000 238.00000000
629.00000000 248.00000000 1.00000000 238.00000000
371.00000000 413.00000000 0.00000000 238.00000000
630.00000000 165.00000000 1.00000000 237.00000000
207.00000000 331.00000000 0.00000000 234.00000000
190.00000000 528.00000000 1.00000000 234.00000000
138.00000000 178.00000000 0.00000000 233.00000000
60.00000000 292.00000000 1.00000000 232.00000000
582.00000000 154.00000000 1.00000000 232.00000000
613.00000000 195.00000000 1.00000000 231.00000000
630.00000000 248.00000000 0.00000000 227.00000000
74.00000000 321.00000000 1.00000000 226.00000000
574.00000000 122.00000000 1.00000000 226.00000000
579.00000000 58.00000000 1.00000000 226.00000000
137.00000000 166.00000000 0.00000000 226.00000000
176.00000000 161.00000000 0.00000000 225.00000000
634.00000000 195.00000000 1.00000000 224.00000000
665.00000000 384.00000000 0.00000000 224.00000000
579.00000000 57.00000000 0.00000000 224.00000000
593.00000000 115.00000000 0.00000000 221.00000000
125.00000000 412.00000000 1.00000000 220.00000000
574.00000000 121.00000000 0.00000000 219.00000000
592.00000000 115.00000000 1.00000000 219.00000000
103.00000000 318.00000000 0.00000000 218.00000000
84.00000000 412.00000000 1.00000000 218.00000000
382.00000000 415.00000000 1.00000000 215.00000000
144.00000000 326.00000000 0.00000000 215.00000000
578.00000000 140.00000000 1.00000000 214.00000000
10.00000000 140.00000000 0.00000000 214.00000000
136.00000000 159.00000000 0.00000000 213.00000000
611.00000000 183.00000000 0.00000000 212.00000000
74.00000000 302.00000000 2.00000000 210.00000000
59.00000000 311.00000000 1.00000000 210.00000000
628.00000000 154.00000000 0.00000000 210.00000000
598.00000000 134.00000000 1.00000000 209.00000000
627.00000000 155.00000000 1.00000000 207.00000000
139.00000000 412.00000000 1.00000000 207.00000000
237.00000000 413.00000000 1.00000000 205.00000000
714.00000000 168.00000000 0.00000000 204.00000000
598.00000000 134.00000000 0.00000000 203.00000000
579.00000000 59.00000000 1.00000000 203.00000000
598.00000000 132.00000000 1.00000000 201.00000000
765.00000000 357.00000000 0.00000000 200.00000000
55.00000000 173.00000000 0.00000000 197.00000000
312.00000000 414.00000000 0.00000000 188.00000000
204.00000000 526.00000000 0.00000000 187.00000000
422.00000000 415.00000000 0.00000000 186.00000000
601.00000000 144.00000000 1.00000000 184.00000000
615.00000000 200.00000000 0.00000000 183.00000000
72.00000000 358.00000000 2.00000000 180.00000000
614.00000000 196.00000000 2.00000000 176.00000000
707.00000000 56.00000000 2.00000000 173.00000000
620.00000000 130.00000000 2.00000000 157.00000000
634.00000000 194.00000000 2.00000000 155.00000000
580.00000000 138.00000000 2.00000000 150.00000000
50.00000000 149.00000000 2.00000000 131.00000000
70.00000000 356.00000000 2.00000000 102.00000000
252.00000000 88.00000000 4.00000000 93.00000000
612.00000000 96.00000000 4.00000000 93.00000000
582.00000000 62.00000000 2.00000000 91.00000000
616.00000000 96.00000000 5.00000000 73.00000000
