646.00000000 253.00000000 1.00000000 687.00000000
648.00000000 366.00000000 2.00000000 684.00000000
620.00000000 368.00000000 2.00000000 675.00000000
618.00000000 251.00000000 1.00000000 667.00000000
673.00000000 254.00000000 1.00000000 658.00000000
648.00000000 254.00000000 2.00000000 655.00000000
620.00000000 254.00000000 2.00000000 652.00000000
731.00000000 257.00000000 1.00000000 652.00000000
279.00000000 36.00000000 1.00000000 630.00000000
752.00000000 257.00000000 1.00000000 628.00000000
753.00000000 359.00000000 1.00000000 611.00000000
619.00000000 366.00000000 1.00000000 606.00000000
753.00000000 257.00000000 1.00000000 602.00000000
646.00000000 364.00000000 1.00000000 599.00000000
731.00000000 256.00000000 1.00000000 594.00000000
674.00000000 364.00000000 2.00000000 592.00000000
754.00000000 358.00000000 1.00000000 588.00000000
711.00000000 257.00000000 1.00000000 587.00000000
674.00000000 256.00000000 2.00000000 577.00000000
673.00000000 363.00000000 1.00000000 571.00000000
731.00000000 360.00000000 1.00000000 566.00000000
732.00000000 359.00000000 1.00000000 559.00000000
619.00000000 251.00000000 1.00000000 547.00000000
674.00000000 254.00000000 1.00000000 539.00000000
619.00000000 365.00000000 1.00000000 538.00000000
674.00000000 362.00000000 1.00000000 537.00000000
712.00000000 362.00000000 1.00000000 525.00000000
644.00000000 176.00000000 1.00000000 517.00000000
477.00000000 333.00000000 1.00000000 514.00000000
279.00000000 36.00000000 0.00000000 508.00000000
195.00000000 578.00000000 1.00000000 506.00000000
284.00000000 120.00000000 1.00000000 504.00000000
712.00000000 256.00000000 1.00000000 496.00000000
647.00000000 252.00000000 1.00000000 490.00000000
712.00000000 258.00000000 2.00000000 490.00000000
713.00000000 360.00000000 1.00000000 478.00000000
282.00000000 120.00000000 1.00000000 475.00000000
284.00000000 119.00000000 0.00000000 475.00000000
647.00000000 363.00000000 1.00000000 474.00000000
619.00000000 370.00000000 2.00000000 473.00000000
476.00000000 333.00000000 1.00000000 473.00000000
278.00000000 36.00000000 1.00000000 472.00000000
619.00000000 254.00000000 2.00000000 469.00000000
732.00000000 258.00000000 2.00000000 465.00000000
644.00000000 175.00000000 0.00000000 447.00000000
479.00000000 361.00000000 1.00000000 445.00000000
476.00000000 333.00000000 0.00000000 430.00000000
753.00000000 257.00000000 0.00000000 426.00000000
195.00000000 577.00000000 1.00000000 421.00000000
680.00000000 333.00000000 1.00000000 420.00000000
675.00000000 367.00000000 2.00000000 416.00000000
754.00000000 357.00000000 0.00000000 414.00000000
469.00000000 271.00000000 2.00000000 397.00000000
674.00000000 362.00000000 0.00000000 393.00000000
680.00000000 333.00000000 0.00000000 390.00000000
712.00000000 359.00000000 0.00000000 382.00000000
516.00000000 392.00000000 0.00000000 377.00000000
732.00000000 358.00000000 0.00000000 375.00000000
731.00000000 255.00000000 0.00000000 374.00000000
712.00000000 255.00000000 0.00000000 362.00000000
674.00000000 253.00000000 0.00000000 359.00000000
472.00000000 272.00000000 4.00000000 358.00000000
756.00000000 443.00000000 1.00000000 358.00000000
421.00000000 295.00000000 1.00000000 358.00000000
619.00000000 364.00000000 0.00000000 351.00000000
647.00000000 252.00000000 0.00000000 348.00000000
741.00000000 512.00000000 1.00000000 344.00000000
647.00000000 362.00000000 0.00000000 344.00000000
424.00000000 399.00000000 1.00000000 341.00000000
619.00000000 251.00000000 0.00000000 337.00000000
96.00000000 284.00000000 1.00000000 332.00000000
607.00000000 551.00000000 1.00000000 330.00000000
260.00000000 65.00000000 0.00000000 329.00000000
479.00000000 359.00000000 0.00000000 325.00000000
323.00000000 39.00000000 0.00000000 323.00000000
451.00000000 63.00000000 0.00000000 321.00000000
526.00000000 331.00000000 0.00000000 320.00000000
96.00000000 284.00000000 0.00000000 319.00000000
555.00000000 330.00000000 0.00000000 318.00000000
726.00000000 515.00000000 1.00000000 317.00000000
513.00000000 296.00000000 0.00000000 316.00000000
675.00000000 455.00000000 1.00000000 311.00000000
573.00000000 388.00000000 0.00000000 310.00000000
275.00000000 149.00000000 0.00000000 298.00000000
543.00000000 296.00000000 0.00000000 297.00000000
475.00000000 256.00000000 1.00000000 296.00000000
375.00000000 175.00000000 0.00000000 296.00000000
463.00000000 176.00000000 0.00000000 294.00000000
672.00000000 468.00000000 4.00000000 291.00000000
97.00000000 372.00000000 0.00000000 289.00000000
217.00000000 579.00000000 0.00000000 285.00000000
620.00000000 438.00000000 0.00000000 284.00000000
621.00000000 536.00000000 1.00000000 284.00000000
755.00000000 442.00000000 0.00000000 284.00000000
545.00000000 390.00000000 0.00000000 282.00000000
675.00000000 323.00000000 0.00000000 282.00000000
475.00000000 255.00000000 0.00000000 277.00000000
97.00000000 372.00000000 1.00000000 277.00000000
606.00000000 550.00000000 0.00000000 275.00000000
726.00000000 515.00000000 0.00000000 274.00000000
216.00000000 579.00000000 1.00000000 274.00000000
676.00000000 525.00000000 1.00000000 273.00000000
714.00000000 323.00000000 0.00000000 272.00000000
195.00000000 576.00000000 0.00000000 270.00000000
649.00000000 324.00000000 0.00000000 270.00000000
425.00000000 21.00000000 0.00000000 268.00000000
760.00000000 331.00000000 0.00000000 267.00000000
570.00000000 296.00000000 0.00000000 263.00000000
673.00000000 469.00000000 5.00000000 259.00000000
98.00000000 460.00000000 0.00000000 259.00000000
305.00000000 68.00000000 0.00000000 259.00000000
620.00000000 325.00000000 0.00000000 254.00000000
741.00000000 444.00000000 0.00000000 254.00000000
543.00000000 311.00000000 0.00000000 253.00000000
420.00000000 176.00000000 0.00000000 251.00000000
270.00000000 65.00000000 0.00000000 247.00000000
621.00000000 454.00000000 0.00000000 245.00000000
741.00000000 512.00000000 0.00000000 243.00000000
726.00000000 446.00000000 0.00000000 231.00000000
162.00000000 33.00000000 0.00000000 230.00000000
278.00000000 48.00000000 0.00000000 230.00000000
196.00000000 568.00000000 0.00000000 229.00000000
675.00000000 453.00000000 0.00000000 228.00000000
581.00000000 330.00000000 0.00000000 228.00000000
420.00000000 191.00000000 0.00000000 218.00000000
784.00000000 313.00000000 0.00000000 217.00000000
483.00000000 205.00000000 0.00000000 214.00000000
