1219.00000000 191.00000000 0.00000000 732.00000000
567.00000000 195.00000000 0.00000000 686.00000000
1103.00000000 305.00000000 1.00000000 601.00000000
214.00000000 263.00000000 0.00000000 599.00000000
1103.00000000 305.00000000 1.00000000 578.00000000
568.00000000 197.00000000 1.00000000 567.00000000
1219.00000000 192.00000000 1.00000000 555.00000000
745.00000000 748.00000000 0.00000000 554.00000000
185.00000000 263.00000000 0.00000000 550.00000000
287.00000000 334.00000000 0.00000000 549.00000000
704.00000000 755.00000000 0.00000000 547.00000000
1177.00000000 431.00000000 1.00000000 547.00000000
1103.00000000 320.00000000 1.00000000 532.00000000
497.00000000 322.00000000 0.00000000 526.00000000
516.00000000 295.00000000 0.00000000 522.00000000
1043.00000000 432.00000000 0.00000000 519.00000000
479.00000000 372.00000000 1.00000000 517.00000000
1103.00000000 319.00000000 1.00000000 513.00000000
497.00000000 323.00000000 1.00000000 512.00000000
582.00000000 304.00000000 0.00000000 509.00000000
1238.00000000 208.00000000 0.00000000 508.00000000
1103.00000000 318.00000000 0.00000000 497.00000000
1103.00000000 304.00000000 0.00000000 493.00000000
497.00000000 323.00000000 1.00000000 492.00000000
1153.00000000 330.00000000 0.00000000 490.00000000
1217.00000000 209.00000000 0.00000000 482.00000000
214.00000000 264.00000000 1.00000000 478.00000000
786.00000000 742.00000000 0.00000000 478.00000000
1217.00000000 219.00000000 0.00000000 475.00000000
1217.00000000 209.00000000 1.00000000 471.00000000
1239.00000000 229.00000000 0.00000000 469.00000000
633.00000000 274.00000000 1.00000000 468.00000000
225.00000000 267.00000000 0.00000000 463.00000000
478.00000000 338.00000000 0.00000000 459.00000000
652.00000000 287.00000000 0.00000000 457.00000000
476.00000000 292.00000000 0.00000000 456.00000000
826.00000000 735.00000000 0.00000000 455.00000000
1183.00000000 219.00000000 0.00000000 454.00000000
583.00000000 305.00000000 1.00000000 452.00000000
632.00000000 272.00000000 0.00000000 450.00000000
1183.00000000 221.00000000 1.00000000 450.00000000
516.00000000 306.00000000 0.00000000 447.00000000
1218.00000000 229.00000000 0.00000000 446.00000000
478.00000000 323.00000000 0.00000000 444.00000000
1177.00000000 429.00000000 0.00000000 442.00000000
632.00000000 274.00000000 1.00000000 442.00000000
671.00000000 271.00000000 0.00000000 441.00000000
517.00000000 321.00000000 0.00000000 441.00000000
594.00000000 289.00000000 0.00000000 438.00000000
1239.00000000 209.00000000 1.00000000 437.00000000
1138.00000000 330.00000000 0.00000000 434.00000000
697.00000000 161.00000000 0.00000000 434.00000000
1229.00000000 342.00000000 1.00000000 431.00000000
1154.00000000 332.00000000 1.00000000 428.00000000
633.00000000 287.00000000 0.00000000 425.00000000
633.00000000 306.00000000 1.00000000 424.00000000
1104.00000000 334.00000000 1.00000000 422.00000000
633.00000000 289.00000000 1.00000000 420.00000000
478.00000000 357.00000000 1.00000000 420.00000000
594.00000000 291.00000000 1.00000000 418.00000000
1198.00000000 221.00000000 1.00000000 416.00000000
236.00000000 304.00000000 0.00000000 416.00000000
1231.00000000 327.00000000 1.00000000 413.00000000
571.00000000 291.00000000 1.00000000 411.00000000
787.00000000 722.00000000 0.00000000 406.00000000
651.00000000 191.00000000 1.00000000 405.00000000
651.00000000 191.00000000 0.00000000 405.00000000
652.00000000 272.00000000 0.00000000 401.00000000
537.00000000 321.00000000 0.00000000 398.00000000
696.00000000 89.00000000 0.00000000 398.00000000
478.00000000 371.00000000 1.00000000 398.00000000
311.00000000 267.00000000 0.00000000 396.00000000
1218.00000000 230.00000000 1.00000000 395.00000000
255.00000000 267.00000000 0.00000000 394.00000000
895.00000000 691.00000000 0.00000000 393.00000000
1063.00000000 755.00000000 0.00000000 392.00000000
698.00000000 193.00000000 0.00000000 391.00000000
1242.00000000 425.00000000 1.00000000 390.00000000
1218.00000000 220.00000000 1.00000000 388.00000000
671.00000000 273.00000000 1.00000000 387.00000000
736.00000000 209.00000000 0.00000000 387.00000000
1040.00000000 761.00000000 1.00000000 386.00000000
568.00000000 197.00000000 1.00000000 386.00000000
1260.00000000 207.00000000 0.00000000 385.00000000
1261.00000000 253.00000000 0.00000000 385.00000000
745.00000000 728.00000000 0.00000000 384.00000000
1260.00000000 219.00000000 0.00000000 383.00000000
476.00000000 293.00000000 1.00000000 382.00000000
1085.00000000 751.00000000 0.00000000 381.00000000
572.00000000 289.00000000 0.00000000 380.00000000
1234.00000000 183.00000000 0.00000000 379.00000000
1243.00000000 424.00000000 0.00000000 377.00000000
1184.00000000 236.00000000 1.00000000 375.00000000
613.00000000 214.00000000 0.00000000 375.00000000
1198.00000000 234.00000000 1.00000000 373.00000000
1040.00000000 760.00000000 0.00000000 373.00000000
613.00000000 288.00000000 0.00000000 372.00000000
1063.00000000 756.00000000 1.00000000 372.00000000
684.00000000 113.00000000 0.00000000 371.00000000
1240.00000000 239.00000000 0.00000000 368.00000000
1199.00000000 232.00000000 0.00000000 366.00000000
647.00000000 305.00000000 1.00000000 366.00000000
368.00000000 268.00000000 0.00000000 366.00000000
1107.00000000 747.00000000 0.00000000 363.00000000
1104.00000000 333.00000000 1.00000000 355.00000000
1219.00000000 241.00000000 1.00000000 347.00000000
234.00000000 313.00000000 2.00000000 333.00000000
588.00000000 322.00000000 1.00000000 315.00000000
232.00000000 316.00000000 4.00000000 307.00000000
1219.00000000 192.00000000 1.00000000 304.00000000
1244.00000000 326.00000000 1.00000000 299.00000000
301.00000000 593.00000000 1.00000000 296.00000000
234.00000000 312.00000000 2.00000000 294.00000000
1217.00000000 209.00000000 1.00000000 293.00000000
1219.00000000 166.00000000 1.00000000 290.00000000
744.00000000 760.00000000 2.00000000 268.00000000
300.00000000 596.00000000 2.00000000 264.00000000
1218.00000000 168.00000000 2.00000000 251.00000000
704.00000000 766.00000000 2.00000000 241.00000000
1091.00000000 673.00000000 5.00000000 239.00000000
798.00000000 622.00000000 2.00000000 233.00000000
498.00000000 324.00000000 2.00000000 230.00000000
454.00000000 208.00000000 2.00000000 227.00000000
1092.00000000 668.00000000 4.00000000 225.00000000
1091.00000000 664.00000000 2.00000000 224.00000000
452.00000000 206.00000000 2.00000000 200.00000000
667.00000000 554.00000000 2.00000000 177.00000000
