299.00000000 332.00000000 0.00000000 688.00000000
288.00000000 366.00000000 0.00000000 669.00000000
288.00000000 368.00000000 1.00000000 598.00000000
313.00000000 366.00000000 0.00000000 580.00000000
274.00000000 205.00000000 0.00000000 558.00000000
711.00000000 52.00000000 0.00000000 535.00000000
274.00000000 206.00000000 1.00000000 532.00000000
567.00000000 98.00000000 0.00000000 528.00000000
711.00000000 53.00000000 1.00000000 510.00000000
313.00000000 367.00000000 1.00000000 507.00000000
684.00000000 36.00000000 0.00000000 506.00000000
711.00000000 53.00000000 1.00000000 489.00000000
274.00000000 206.00000000 1.00000000 468.00000000
1252.00000000 148.00000000 0.00000000 460.00000000
712.00000000 54.00000000 2.00000000 431.00000000
684.00000000 37.00000000 1.00000000 428.00000000
185.00000000 263.00000000 0.00000000 426.00000000
288.00000000 333.00000000 0.00000000 425.00000000
161.00000000 191.00000000 0.00000000 421.00000000
1253.00000000 149.00000000 1.00000000 421.00000000
1169.00000000 620.00000000 1.00000000 405.00000000
1168.00000000 620.00000000 0.00000000 401.00000000
684.00000000 38.00000000 1.00000000 395.00000000
998.00000000 33.00000000 1.00000000 393.00000000
998.00000000 33.00000000 1.00000000 384.00000000
593.00000000 130.00000000 0.00000000 383.00000000
299.00000000 333.00000000 1.00000000 382.00000000
973.00000000 615.00000000 1.00000000 379.00000000
996.00000000 34.00000000 2.00000000 377.00000000
154.00000000 264.00000000 0.00000000 375.00000000
974.00000000 616.00000000 1.00000000 372.00000000
860.00000000 173.00000000 0.00000000 372.00000000
225.00000000 266.00000000 0.00000000 370.00000000
207.00000000 775.00000000 1.00000000 368.00000000
299.00000000 366.00000000 0.00000000 368.00000000
568.00000000 99.00000000 1.00000000 366.00000000
335.00000000 193.00000000 0.00000000 366.00000000
757.00000000 635.00000000 1.00000000 364.00000000
900.00000000 723.00000000 0.00000000 363.00000000
498.00000000 497.00000000 0.00000000 362.00000000
274.00000000 208.00000000 2.00000000 362.00000000
299.00000000 367.00000000 1.00000000 361.00000000
280.00000000 190.00000000 0.00000000 361.00000000
594.00000000 130.00000000 1.00000000 357.00000000
973.00000000 614.00000000 0.00000000 357.00000000
860.00000000 174.00000000 1.00000000 351.00000000
1256.00000000 159.00000000 0.00000000 350.00000000
1048.00000000 603.00000000 0.00000000 343.00000000
593.00000000 130.00000000 1.00000000 343.00000000
207.00000000 774.00000000 0.00000000 341.00000000
214.00000000 263.00000000 0.00000000 332.00000000
712.00000000 53.00000000 2.00000000 332.00000000
675.00000000 24.00000000 1.00000000 331.00000000
757.00000000 634.00000000 0.00000000 330.00000000
206.00000000 774.00000000 1.00000000 329.00000000
214.00000000 263.00000000 1.00000000 327.00000000
1048.00000000 604.00000000 1.00000000 325.00000000
1178.00000000 428.00000000 0.00000000 321.00000000
999.00000000 32.00000000 0.00000000 320.00000000
594.00000000 132.00000000 2.00000000 320.00000000
107.00000000 212.00000000 0.00000000 319.00000000
1062.00000000 154.00000000 0.00000000 316.00000000
1252.00000000 149.00000000 1.00000000 316.00000000
676.00000000 24.00000000 1.00000000 314.00000000
769.00000000 100.00000000 1.00000000 311.00000000
260.00000000 213.00000000 0.00000000 309.00000000
283.00000000 267.00000000 0.00000000 309.00000000
866.00000000 197.00000000 1.00000000 309.00000000
769.00000000 100.00000000 1.00000000 309.00000000
312.00000000 367.00000000 1.00000000 300.00000000
1178.00000000 429.00000000 1.00000000 297.00000000
206.00000000 778.00000000 2.00000000 295.00000000
1041.00000000 154.00000000 0.00000000 292.00000000
866.00000000 193.00000000 0.00000000 292.00000000
1256.00000000 159.00000000 1.00000000 292.00000000
1055.00000000 154.00000000 0.00000000 291.00000000
859.00000000 175.00000000 1.00000000 288.00000000
980.00000000 700.00000000 0.00000000 283.00000000
866.00000000 196.00000000 1.00000000 283.00000000
254.00000000 266.00000000 0.00000000 280.00000000
593.00000000 132.00000000 2.00000000 276.00000000
438.00000000 192.00000000 0.00000000 276.00000000
1069.00000000 618.00000000 0.00000000 273.00000000
677.00000000 680.00000000 0.00000000 270.00000000
288.00000000 333.00000000 1.00000000 270.00000000
1100.00000000 164.00000000 0.00000000 270.00000000
1093.00000000 626.00000000 0.00000000 269.00000000
595.00000000 154.00000000 0.00000000 268.00000000
1167.00000000 796.00000000 1.00000000 268.00000000
845.00000000 150.00000000 1.00000000 268.00000000
874.00000000 627.00000000 0.00000000 266.00000000
770.00000000 130.00000000 1.00000000 265.00000000
684.00000000 40.00000000 2.00000000 259.00000000
1169.00000000 620.00000000 1.00000000 259.00000000
1074.00000000 159.00000000 0.00000000 257.00000000
667.00000000 554.00000000 2.00000000 257.00000000
1166.00000000 622.00000000 2.00000000 256.00000000
676.00000000 23.00000000 0.00000000 254.00000000
775.00000000 192.00000000 0.00000000 254.00000000
770.00000000 100.00000000 2.00000000 252.00000000
314.00000000 332.00000000 0.00000000 249.00000000
845.00000000 149.00000000 1.00000000 249.00000000
1100.00000000 589.00000000 0.00000000 243.00000000
953.00000000 767.00000000 0.00000000 243.00000000
614.00000000 188.00000000 0.00000000 242.00000000
196.00000000 266.00000000 0.00000000 238.00000000
677.00000000 682.00000000 1.00000000 237.00000000
1074.00000000 533.00000000 0.00000000 234.00000000
162.00000000 192.00000000 1.00000000 232.00000000
166.00000000 265.00000000 0.00000000 231.00000000
275.00000000 362.00000000 0.00000000 230.00000000
589.00000000 590.00000000 0.00000000 230.00000000
1048.00000000 154.00000000 0.00000000 228.00000000
567.00000000 98.00000000 1.00000000 227.00000000
203.00000000 777.00000000 2.00000000 227.00000000
498.00000000 498.00000000 1.00000000 227.00000000
1100.00000000 164.00000000 1.00000000 225.00000000
917.00000000 774.00000000 0.00000000 224.00000000
1132.00000000 169.00000000 0.00000000 223.00000000
1026.00000000 632.00000000 0.00000000 222.00000000
1167.00000000 795.00000000 0.00000000 222.00000000
668.00000000 556.00000000 4.00000000 217.00000000
185.00000000 263.00000000 1.00000000 216.00000000
769.00000000 98.00000000 0.00000000 215.00000000
592.00000000 132.00000000 4.00000000 215.00000000
959.00000000 610.00000000 0.00000000 215.00000000
588.00000000 135.00000000 5.00000000 177.00000000
