1247.00000000 221.00000000 0.00000000 812.00000000
1247.00000000 221.00000000 1.00000000 662.00000000
655.00000000 322.00000000 0.00000000 635.00000000
292.00000000 685.00000000 0.00000000 622.00000000
806.00000000 299.00000000 0.00000000 593.00000000
685.00000000 296.00000000 1.00000000 591.00000000
1075.00000000 258.00000000 0.00000000 588.00000000
801.00000000 248.00000000 0.00000000 587.00000000
867.00000000 432.00000000 0.00000000 579.00000000
861.00000000 422.00000000 0.00000000 579.00000000
228.00000000 497.00000000 0.00000000 577.00000000
801.00000000 229.00000000 0.00000000 553.00000000
685.00000000 296.00000000 0.00000000 548.00000000
315.00000000 188.00000000 0.00000000 545.00000000
735.00000000 552.00000000 0.00000000 531.00000000
30.00000000 453.00000000 0.00000000 523.00000000
554.00000000 65.00000000 0.00000000 518.00000000
1071.00000000 456.00000000 0.00000000 517.00000000
613.00000000 403.00000000 0.00000000 517.00000000
866.00000000 311.00000000 1.00000000 514.00000000
828.00000000 373.00000000 2.00000000 513.00000000
1075.00000000 259.00000000 1.00000000 509.00000000
866.00000000 310.00000000 0.00000000 508.00000000
293.00000000 330.00000000 1.00000000 489.00000000
1041.00000000 265.00000000 0.00000000 486.00000000
159.00000000 193.00000000 0.00000000 485.00000000
554.00000000 66.00000000 1.00000000 482.00000000
673.00000000 286.00000000 0.00000000 481.00000000
828.00000000 380.00000000 4.00000000 481.00000000
861.00000000 423.00000000 1.00000000 479.00000000
293.00000000 330.00000000 0.00000000 478.00000000
227.00000000 491.00000000 0.00000000 476.00000000
655.00000000 323.00000000 1.00000000 474.00000000
1013.00000000 374.00000000 1.00000000 473.00000000
184.00000000 195.00000000 0.00000000 467.00000000
860.00000000 480.00000000 0.00000000 460.00000000
832.00000000 480.00000000 0.00000000 456.00000000
830.00000000 364.00000000 1.00000000 455.00000000
1031.00000000 267.00000000 0.00000000 448.00000000
719.00000000 444.00000000 0.00000000 446.00000000
890.00000000 560.00000000 0.00000000 445.00000000
830.00000000 363.00000000 0.00000000 443.00000000
871.00000000 421.00000000 0.00000000 437.00000000
1251.00000000 232.00000000 0.00000000 437.00000000
36.00000000 476.00000000 0.00000000 437.00000000
753.00000000 342.00000000 0.00000000 435.00000000
879.00000000 531.00000000 0.00000000 433.00000000
785.00000000 248.00000000 0.00000000 430.00000000
1014.00000000 376.00000000 2.00000000 429.00000000
1071.00000000 457.00000000 1.00000000 428.00000000
833.00000000 481.00000000 1.00000000 428.00000000
1050.00000000 478.00000000 0.00000000 427.00000000
213.00000000 97.00000000 0.00000000 423.00000000
867.00000000 432.00000000 1.00000000 422.00000000
830.00000000 368.00000000 2.00000000 419.00000000
550.00000000 268.00000000 0.00000000 414.00000000
1014.00000000 374.00000000 1.00000000 413.00000000
555.00000000 81.00000000 0.00000000 409.00000000
943.00000000 84.00000000 0.00000000 407.00000000
860.00000000 482.00000000 1.00000000 407.00000000
859.00000000 483.00000000 1.00000000 405.00000000
401.00000000 305.00000000 0.00000000 404.00000000
735.00000000 553.00000000 1.00000000 404.00000000
30.00000000 453.00000000 1.00000000 404.00000000
555.00000000 81.00000000 1.00000000 403.00000000
860.00000000 486.00000000 2.00000000 401.00000000
315.00000000 201.00000000 0.00000000 400.00000000
581.00000000 295.00000000 0.00000000 400.00000000
796.00000000 463.00000000 0.00000000 398.00000000
542.00000000 446.00000000 0.00000000 397.00000000
1046.00000000 459.00000000 0.00000000 394.00000000
382.00000000 410.00000000 0.00000000 392.00000000
1011.00000000 385.00000000 0.00000000 387.00000000
1015.00000000 379.00000000 2.00000000 384.00000000
613.00000000 403.00000000 1.00000000 384.00000000
1103.00000000 204.00000000 1.00000000 383.00000000
63.00000000 248.00000000 0.00000000 378.00000000
1130.00000000 481.00000000 1.00000000 377.00000000
338.00000000 247.00000000 0.00000000 376.00000000
830.00000000 364.00000000 1.00000000 375.00000000
173.00000000 376.00000000 0.00000000 372.00000000
470.00000000 439.00000000 0.00000000 371.00000000
1248.00000000 481.00000000 1.00000000 367.00000000
173.00000000 378.00000000 1.00000000 366.00000000
300.00000000 520.00000000 4.00000000 366.00000000
668.00000000 338.00000000 0.00000000 364.00000000
102.00000000 651.00000000 0.00000000 364.00000000
228.00000000 498.00000000 1.00000000 363.00000000
173.00000000 409.00000000 1.00000000 363.00000000
865.00000000 311.00000000 1.00000000 362.00000000
315.00000000 189.00000000 1.00000000 358.00000000
865.00000000 407.00000000 0.00000000 358.00000000
188.00000000 325.00000000 0.00000000 357.00000000
306.00000000 203.00000000 1.00000000 356.00000000
1130.00000000 481.00000000 0.00000000 355.00000000
280.00000000 370.00000000 0.00000000 354.00000000
864.00000000 441.00000000 0.00000000 353.00000000
753.00000000 343.00000000 1.00000000 352.00000000
941.00000000 90.00000000 0.00000000 352.00000000
299.00000000 517.00000000 2.00000000 348.00000000
184.00000000 196.00000000 1.00000000 347.00000000
146.00000000 590.00000000 0.00000000 347.00000000
306.00000000 202.00000000 0.00000000 346.00000000
865.00000000 407.00000000 1.00000000 344.00000000
76.00000000 260.00000000 0.00000000 344.00000000
54.00000000 512.00000000 2.00000000 343.00000000
684.00000000 296.00000000 1.00000000 340.00000000
1012.00000000 386.00000000 1.00000000 338.00000000
1104.00000000 203.00000000 1.00000000 334.00000000
393.00000000 594.00000000 1.00000000 330.00000000
160.00000000 194.00000000 1.00000000 329.00000000
55.00000000 510.00000000 1.00000000 326.00000000
384.00000000 610.00000000 5.00000000 325.00000000
172.00000000 379.00000000 1.00000000 323.00000000
866.00000000 314.00000000 2.00000000 315.00000000
1145.00000000 134.00000000 1.00000000 309.00000000
1247.00000000 220.00000000 1.00000000 305.00000000
53.00000000 514.00000000 2.00000000 298.00000000
865.00000000 407.00000000 1.00000000 297.00000000
732.00000000 294.00000000 1.00000000 294.00000000
172.00000000 410.00000000 1.00000000 288.00000000
367.00000000 569.00000000 1.00000000 286.00000000
1070.00000000 458.00000000 1.00000000 273.00000000
106.00000000 214.00000000 1.00000000 271.00000000
410.00000000 506.00000000 2.00000000 257.00000000
1046.00000000 458.00000000 2.00000000 249.00000000
172.00000000 380.00000000 2.00000000 249.00000000
