44.00000000 38.00000000 0.00000000 315.00000000
103.00000000 18.00000000 0.00000000 200.00000000
28.00000000 16.00000000 0.00000000 146.00000000
190.00000000 14.00000000 0.00000000 144.00000000
44.00000000 38.00000000 1.00000000 140.00000000
219.00000000 14.00000000 0.00000000 131.00000000
219.00000000 15.00000000 1.00000000 130.00000000
84.00000000 51.00000000 0.00000000 119.00000000
20.00000000 12.00000000 0.00000000 111.00000000
43.00000000 45.00000000 0.00000000 110.00000000
28.00000000 17.00000000 1.00000000 102.00000000
104.00000000 18.00000000 1.00000000 94.00000000
53.00000000 40.00000000 0.00000000 93.00000000
84.00000000 53.00000000 1.00000000 85.00000000
29.00000000 32.00000000 0.00000000 81.00000000
291.00000000 656.00000000 0.00000000 81.00000000
47.00000000 53.00000000 0.00000000 78.00000000
140.00000000 36.00000000 0.00000000 76.00000000
67.00000000 34.00000000 0.00000000 74.00000000
22.00000000 24.00000000 0.00000000 73.00000000
939.00000000 77.00000000 0.00000000 66.00000000
291.00000000 656.00000000 1.00000000 66.00000000
42.00000000 35.00000000 1.00000000 64.00000000
79.00000000 10.00000000 0.00000000 63.00000000
29.00000000 33.00000000 1.00000000 60.00000000
12.00000000 50.00000000 0.00000000 58.00000000
25.00000000 41.00000000 0.00000000 58.00000000
21.00000000 22.00000000 1.00000000 57.00000000
211.00000000 26.00000000 0.00000000 56.00000000
220.00000000 101.00000000 0.00000000 54.00000000
35.00000000 39.00000000 0.00000000 52.00000000
53.00000000 41.00000000 1.00000000 52.00000000
84.00000000 41.00000000 0.00000000 48.00000000
67.00000000 16.00000000 0.00000000 48.00000000
611.00000000 342.00000000 0.00000000 47.00000000
166.00000000 19.00000000 0.00000000 46.00000000
12.00000000 13.00000000 0.00000000 45.00000000
77.00000000 52.00000000 0.00000000 45.00000000
220.00000000 102.00000000 1.00000000 44.00000000
1026.00000000 85.00000000 0.00000000 43.00000000
939.00000000 78.00000000 1.00000000 43.00000000
165.00000000 19.00000000 1.00000000 42.00000000
42.00000000 36.00000000 2.00000000 42.00000000
26.00000000 42.00000000 1.00000000 42.00000000
77.00000000 39.00000000 0.00000000 40.00000000
769.00000000 289.00000000 0.00000000 40.00000000
10.00000000 69.00000000 0.00000000 39.00000000
51.00000000 12.00000000 0.00000000 38.00000000
596.00000000 286.00000000 2.00000000 37.00000000
201.00000000 33.00000000 0.00000000 37.00000000
205.00000000 26.00000000 0.00000000 36.00000000
83.00000000 52.00000000 1.00000000 36.00000000
939.00000000 77.00000000 1.00000000 35.00000000
596.00000000 285.00000000 1.00000000 35.00000000
43.00000000 16.00000000 0.00000000 34.00000000
176.00000000 15.00000000 1.00000000 34.00000000
191.00000000 15.00000000 1.00000000 34.00000000
195.00000000 129.00000000 1.00000000 34.00000000
47.00000000 54.00000000 1.00000000 33.00000000
84.00000000 343.00000000 0.00000000 32.00000000
1026.00000000 85.00000000 1.00000000 32.00000000
289.00000000 654.00000000 1.00000000 32.00000000
243.00000000 105.00000000 0.00000000 32.00000000
193.00000000 131.00000000 0.00000000 32.00000000
140.00000000 47.00000000 0.00000000 31.00000000
200.00000000 11.00000000 0.00000000 31.00000000
219.00000000 101.00000000 1.00000000 30.00000000
236.00000000 112.00000000 0.00000000 30.00000000
597.00000000 286.00000000 1.00000000 30.00000000
140.00000000 37.00000000 1.00000000 29.00000000
96.00000000 11.00000000 0.00000000 29.00000000
87.00000000 31.00000000 0.00000000 28.00000000
120.00000000 10.00000000 0.00000000 28.00000000
214.00000000 108.00000000 0.00000000 28.00000000
200.00000000 112.00000000 0.00000000 28.00000000
769.00000000 290.00000000 1.00000000 28.00000000
176.00000000 14.00000000 0.00000000 27.00000000
247.00000000 98.00000000 1.00000000 26.00000000
84.00000000 21.00000000 0.00000000 25.00000000
181.00000000 160.00000000 0.00000000 25.00000000
82.00000000 62.00000000 0.00000000 25.00000000
73.00000000 43.00000000 1.00000000 25.00000000
227.00000000 33.00000000 0.00000000 25.00000000
611.00000000 343.00000000 1.00000000 24.00000000
735.00000000 296.00000000 1.00000000 24.00000000
112.00000000 21.00000000 0.00000000 24.00000000
733.00000000 294.00000000 1.00000000 24.00000000
783.00000000 291.00000000 1.00000000 24.00000000
132.00000000 10.00000000 0.00000000 24.00000000
183.00000000 18.00000000 0.00000000 24.00000000
938.00000000 78.00000000 2.00000000 24.00000000
403.00000000 461.00000000 0.00000000 23.00000000
87.00000000 31.00000000 1.00000000 23.00000000
593.00000000 282.00000000 2.00000000 23.00000000
746.00000000 284.00000000 0.00000000 23.00000000
116.00000000 34.00000000 0.00000000 23.00000000
746.00000000 285.00000000 1.00000000 22.00000000
247.00000000 100.00000000 1.00000000 22.00000000
596.00000000 343.00000000 0.00000000 22.00000000
67.00000000 16.00000000 1.00000000 22.00000000
174.00000000 147.00000000 1.00000000 22.00000000
73.00000000 50.00000000 2.00000000 22.00000000
206.00000000 21.00000000 1.00000000 22.00000000
598.00000000 286.00000000 0.00000000 21.00000000
783.00000000 289.00000000 0.00000000 21.00000000
290.00000000 670.00000000 2.00000000 21.00000000
280.00000000 97.00000000 0.00000000 21.00000000
568.00000000 351.00000000 1.00000000 21.00000000
77.00000000 31.00000000 0.00000000 21.00000000
201.00000000 112.00000000 1.00000000 20.00000000
169.00000000 156.00000000 0.00000000 20.00000000
83.00000000 21.00000000 1.00000000 20.00000000
218.00000000 102.00000000 2.00000000 20.00000000
212.00000000 100.00000000 4.00000000 19.00000000
246.00000000 100.00000000 2.00000000 19.00000000
214.00000000 101.00000000 2.00000000 19.00000000
182.00000000 130.00000000 1.00000000 18.00000000
403.00000000 462.00000000 1.00000000 18.00000000
568.00000000 350.00000000 1.00000000 17.00000000
180.00000000 130.00000000 2.00000000 17.00000000
72.00000000 42.00000000 2.00000000 17.00000000
172.00000000 147.00000000 1.00000000 16.00000000
193.00000000 25.00000000 1.00000000 15.00000000
118.00000000 31.00000000 1.00000000 15.00000000
300.00000000 520.00000000 4.00000000 13.00000000
209.00000000 101.00000000 5.00000000 12.00000000
240.00000000 45.00000000 2.00000000 12.00000000
