214.00000000 260.00000000 0.00000000 854.00000000
1219.00000000 188.00000000 0.00000000 834.00000000
567.00000000 193.00000000 0.00000000 736.00000000
1138.00000000 328.00000000 0.00000000 703.00000000
1103.00000000 303.00000000 1.00000000 699.00000000
1103.00000000 315.00000000 0.00000000 670.00000000
1103.00000000 302.00000000 1.00000000 669.00000000
826.00000000 732.00000000 0.00000000 665.00000000
479.00000000 369.00000000 1.00000000 664.00000000
516.00000000 292.00000000 0.00000000 657.00000000
633.00000000 271.00000000 1.00000000 653.00000000
1104.00000000 317.00000000 1.00000000 647.00000000
1240.00000000 226.00000000 0.00000000 647.00000000
1178.00000000 428.00000000 1.00000000 643.00000000
745.00000000 745.00000000 0.00000000 639.00000000
1220.00000000 189.00000000 1.00000000 634.00000000
477.00000000 278.00000000 0.00000000 631.00000000
1239.00000000 205.00000000 0.00000000 628.00000000
1218.00000000 216.00000000 0.00000000 627.00000000
568.00000000 193.00000000 1.00000000 626.00000000
497.00000000 319.00000000 0.00000000 623.00000000
1217.00000000 206.00000000 0.00000000 618.00000000
478.00000000 320.00000000 0.00000000 613.00000000
704.00000000 753.00000000 0.00000000 611.00000000
477.00000000 289.00000000 0.00000000 610.00000000
1043.00000000 429.00000000 0.00000000 608.00000000
498.00000000 320.00000000 1.00000000 602.00000000
236.00000000 301.00000000 0.00000000 599.00000000
634.00000000 303.00000000 1.00000000 595.00000000
1218.00000000 226.00000000 0.00000000 594.00000000
1178.00000000 426.00000000 0.00000000 593.00000000
214.00000000 261.00000000 1.00000000 591.00000000
1103.00000000 301.00000000 0.00000000 586.00000000
516.00000000 304.00000000 0.00000000 585.00000000
287.00000000 331.00000000 0.00000000 581.00000000
582.00000000 301.00000000 0.00000000 580.00000000
1218.00000000 206.00000000 1.00000000 579.00000000
1040.00000000 757.00000000 0.00000000 573.00000000
497.00000000 321.00000000 1.00000000 565.00000000
583.00000000 302.00000000 1.00000000 560.00000000
1261.00000000 215.00000000 0.00000000 559.00000000
633.00000000 287.00000000 1.00000000 559.00000000
652.00000000 284.00000000 0.00000000 553.00000000
1231.00000000 324.00000000 1.00000000 553.00000000
698.00000000 158.00000000 0.00000000 550.00000000
517.00000000 318.00000000 0.00000000 543.00000000
1239.00000000 216.00000000 0.00000000 539.00000000
594.00000000 286.00000000 0.00000000 538.00000000
559.00000000 287.00000000 0.00000000 536.00000000
1244.00000000 323.00000000 1.00000000 534.00000000
185.00000000 261.00000000 0.00000000 530.00000000
236.00000000 302.00000000 1.00000000 530.00000000
226.00000000 264.00000000 0.00000000 530.00000000
477.00000000 278.00000000 1.00000000 528.00000000
1154.00000000 330.00000000 1.00000000 525.00000000
1260.00000000 205.00000000 0.00000000 524.00000000
1104.00000000 316.00000000 1.00000000 523.00000000
1063.00000000 754.00000000 1.00000000 523.00000000
1040.00000000 758.00000000 1.00000000 519.00000000
632.00000000 270.00000000 0.00000000 519.00000000
633.00000000 302.00000000 1.00000000 518.00000000
786.00000000 739.00000000 0.00000000 517.00000000
671.00000000 268.00000000 0.00000000 516.00000000
537.00000000 318.00000000 0.00000000 515.00000000
998.00000000 31.00000000 1.00000000 515.00000000
1104.00000000 331.00000000 1.00000000 512.00000000
478.00000000 335.00000000 0.00000000 509.00000000
536.00000000 303.00000000 0.00000000 508.00000000
651.00000000 188.00000000 0.00000000 507.00000000
1218.00000000 216.00000000 1.00000000 504.00000000
572.00000000 287.00000000 0.00000000 503.00000000
1063.00000000 753.00000000 0.00000000 502.00000000
633.00000000 271.00000000 1.00000000 501.00000000
368.00000000 265.00000000 0.00000000 501.00000000
547.00000000 762.00000000 0.00000000 501.00000000
1199.00000000 229.00000000 0.00000000 499.00000000
1234.00000000 180.00000000 0.00000000 498.00000000
571.00000000 288.00000000 1.00000000 497.00000000
1184.00000000 215.00000000 0.00000000 496.00000000
652.00000000 269.00000000 0.00000000 495.00000000
312.00000000 265.00000000 0.00000000 494.00000000
1229.00000000 339.00000000 1.00000000 493.00000000
1184.00000000 219.00000000 1.00000000 489.00000000
1239.00000000 206.00000000 1.00000000 487.00000000
613.00000000 270.00000000 0.00000000 485.00000000
770.00000000 110.00000000 0.00000000 484.00000000
1071.00000000 334.00000000 0.00000000 484.00000000
1219.00000000 236.00000000 0.00000000 483.00000000
255.00000000 264.00000000 0.00000000 482.00000000
1218.00000000 227.00000000 1.00000000 482.00000000
547.00000000 763.00000000 1.00000000 479.00000000
1199.00000000 218.00000000 1.00000000 478.00000000
745.00000000 205.00000000 0.00000000 478.00000000
243.00000000 260.00000000 0.00000000 478.00000000
1240.00000000 236.00000000 0.00000000 478.00000000
1262.00000000 250.00000000 0.00000000 476.00000000
746.00000000 747.00000000 1.00000000 474.00000000
614.00000000 272.00000000 1.00000000 473.00000000
1257.00000000 189.00000000 0.00000000 473.00000000
736.00000000 206.00000000 0.00000000 471.00000000
1199.00000000 230.00000000 1.00000000 470.00000000
1261.00000000 422.00000000 0.00000000 470.00000000
588.00000000 318.00000000 1.00000000 470.00000000
479.00000000 369.00000000 1.00000000 470.00000000
1219.00000000 239.00000000 1.00000000 465.00000000
1104.00000000 330.00000000 1.00000000 450.00000000
613.00000000 272.00000000 1.00000000 441.00000000
568.00000000 195.00000000 1.00000000 441.00000000
998.00000000 31.00000000 1.00000000 418.00000000
1245.00000000 323.00000000 1.00000000 388.00000000
1219.00000000 164.00000000 1.00000000 382.00000000
234.00000000 311.00000000 2.00000000 379.00000000
300.00000000 592.00000000 2.00000000 372.00000000
234.00000000 308.00000000 2.00000000 372.00000000
1219.00000000 253.00000000 1.00000000 356.00000000
1218.00000000 166.00000000 2.00000000 329.00000000
232.00000000 316.00000000 4.00000000 325.00000000
746.00000000 756.00000000 2.00000000 315.00000000
704.00000000 762.00000000 2.00000000 300.00000000
1091.00000000 673.00000000 5.00000000 284.00000000
998.00000000 32.00000000 2.00000000 282.00000000
498.00000000 322.00000000 2.00000000 282.00000000
1092.00000000 668.00000000 4.00000000 272.00000000
454.00000000 204.00000000 2.00000000 270.00000000
1091.00000000 661.00000000 2.00000000 262.00000000
452.00000000 203.00000000 2.00000000 260.00000000
712.00000000 50.00000000 2.00000000 217.00000000
