567.00000000 195.00000000 0.00000000 505.00000000
999.00000000 33.00000000 1.00000000 490.00000000
1178.00000000 431.00000000 1.00000000 476.00000000
999.00000000 33.00000000 0.00000000 470.00000000
516.00000000 295.00000000 0.00000000 461.00000000
999.00000000 33.00000000 1.00000000 433.00000000
1103.00000000 305.00000000 1.00000000 423.00000000
568.00000000 196.00000000 1.00000000 413.00000000
1103.00000000 305.00000000 1.00000000 412.00000000
1231.00000000 327.00000000 1.00000000 393.00000000
1229.00000000 342.00000000 1.00000000 393.00000000
998.00000000 34.00000000 2.00000000 390.00000000
497.00000000 323.00000000 1.00000000 388.00000000
498.00000000 323.00000000 1.00000000 387.00000000
1239.00000000 208.00000000 0.00000000 384.00000000
477.00000000 292.00000000 0.00000000 382.00000000
1220.00000000 191.00000000 0.00000000 381.00000000
1244.00000000 326.00000000 1.00000000 378.00000000
289.00000000 333.00000000 0.00000000 375.00000000
1231.00000000 325.00000000 0.00000000 370.00000000
478.00000000 323.00000000 0.00000000 367.00000000
497.00000000 322.00000000 0.00000000 365.00000000
594.00000000 289.00000000 0.00000000 365.00000000
1138.00000000 330.00000000 0.00000000 365.00000000
633.00000000 289.00000000 1.00000000 365.00000000
594.00000000 290.00000000 1.00000000 364.00000000
1103.00000000 320.00000000 1.00000000 363.00000000
1218.00000000 229.00000000 0.00000000 357.00000000
1217.00000000 209.00000000 0.00000000 357.00000000
1240.00000000 229.00000000 0.00000000 355.00000000
1103.00000000 318.00000000 0.00000000 355.00000000
634.00000000 305.00000000 1.00000000 354.00000000
1183.00000000 221.00000000 1.00000000 350.00000000
652.00000000 287.00000000 0.00000000 350.00000000
1218.00000000 219.00000000 0.00000000 350.00000000
1103.00000000 319.00000000 1.00000000 349.00000000
1245.00000000 424.00000000 0.00000000 347.00000000
517.00000000 321.00000000 0.00000000 346.00000000
1178.00000000 429.00000000 0.00000000 342.00000000
214.00000000 263.00000000 0.00000000 341.00000000
1218.00000000 209.00000000 1.00000000 336.00000000
1261.00000000 424.00000000 0.00000000 335.00000000
478.00000000 337.00000000 0.00000000 333.00000000
1229.00000000 341.00000000 0.00000000 330.00000000
537.00000000 321.00000000 0.00000000 330.00000000
1103.00000000 304.00000000 0.00000000 328.00000000
559.00000000 289.00000000 0.00000000 328.00000000
1220.00000000 191.00000000 1.00000000 327.00000000
633.00000000 305.00000000 1.00000000 325.00000000
770.00000000 100.00000000 1.00000000 323.00000000
652.00000000 272.00000000 0.00000000 317.00000000
1244.00000000 325.00000000 0.00000000 317.00000000
477.00000000 324.00000000 1.00000000 314.00000000
1261.00000000 425.00000000 1.00000000 314.00000000
770.00000000 100.00000000 1.00000000 313.00000000
570.00000000 275.00000000 1.00000000 313.00000000
1218.00000000 219.00000000 1.00000000 312.00000000
1239.00000000 209.00000000 1.00000000 311.00000000
571.00000000 291.00000000 1.00000000 310.00000000
477.00000000 293.00000000 1.00000000 310.00000000
653.00000000 322.00000000 0.00000000 309.00000000
1184.00000000 236.00000000 0.00000000 309.00000000
1184.00000000 236.00000000 1.00000000 307.00000000
516.00000000 307.00000000 0.00000000 305.00000000
492.00000000 337.00000000 0.00000000 303.00000000
236.00000000 304.00000000 0.00000000 302.00000000
614.00000000 275.00000000 1.00000000 300.00000000
1218.00000000 230.00000000 1.00000000 300.00000000
517.00000000 308.00000000 1.00000000 295.00000000
729.00000000 79.00000000 0.00000000 295.00000000
1260.00000000 207.00000000 0.00000000 295.00000000
1198.00000000 221.00000000 1.00000000 294.00000000
1104.00000000 334.00000000 1.00000000 294.00000000
613.00000000 275.00000000 1.00000000 293.00000000
736.00000000 209.00000000 0.00000000 292.00000000
652.00000000 274.00000000 1.00000000 292.00000000
712.00000000 56.00000000 2.00000000 292.00000000
537.00000000 323.00000000 1.00000000 291.00000000
560.00000000 321.00000000 0.00000000 288.00000000
499.00000000 498.00000000 1.00000000 287.00000000
613.00000000 273.00000000 0.00000000 287.00000000
671.00000000 271.00000000 0.00000000 285.00000000
478.00000000 339.00000000 1.00000000 284.00000000
633.00000000 287.00000000 0.00000000 283.00000000
1183.00000000 219.00000000 0.00000000 282.00000000
672.00000000 287.00000000 0.00000000 281.00000000
275.00000000 205.00000000 0.00000000 281.00000000
613.00000000 288.00000000 0.00000000 279.00000000
711.00000000 55.00000000 1.00000000 278.00000000
651.00000000 191.00000000 0.00000000 276.00000000
1226.00000000 212.00000000 0.00000000 275.00000000
572.00000000 289.00000000 0.00000000 275.00000000
1121.00000000 307.00000000 0.00000000 273.00000000
1071.00000000 319.00000000 0.00000000 273.00000000
499.00000000 499.00000000 1.00000000 269.00000000
497.00000000 296.00000000 0.00000000 264.00000000
634.00000000 304.00000000 0.00000000 264.00000000
1244.00000000 326.00000000 1.00000000 263.00000000
593.00000000 291.00000000 1.00000000 262.00000000
1137.00000000 317.00000000 0.00000000 260.00000000
712.00000000 56.00000000 2.00000000 259.00000000
1230.00000000 342.00000000 1.00000000 258.00000000
770.00000000 100.00000000 0.00000000 258.00000000
1227.00000000 248.00000000 0.00000000 258.00000000
1240.00000000 239.00000000 0.00000000 256.00000000
568.00000000 197.00000000 1.00000000 256.00000000
1261.00000000 229.00000000 0.00000000 256.00000000
593.00000000 129.00000000 0.00000000 255.00000000
497.00000000 312.00000000 0.00000000 254.00000000
1262.00000000 253.00000000 0.00000000 253.00000000
498.00000000 497.00000000 0.00000000 252.00000000
1226.00000000 233.00000000 0.00000000 250.00000000
1226.00000000 222.00000000 0.00000000 249.00000000
1219.00000000 241.00000000 1.00000000 245.00000000
1104.00000000 333.00000000 1.00000000 245.00000000
770.00000000 102.00000000 2.00000000 244.00000000
571.00000000 107.00000000 5.00000000 225.00000000
498.00000000 324.00000000 2.00000000 217.00000000
498.00000000 500.00000000 2.00000000 214.00000000
590.00000000 126.00000000 2.00000000 211.00000000
634.00000000 290.00000000 2.00000000 200.00000000
667.00000000 554.00000000 2.00000000 192.00000000
668.00000000 554.00000000 2.00000000 187.00000000
668.00000000 556.00000000 4.00000000 183.00000000
497.00000000 503.00000000 2.00000000 178.00000000
588.00000000 124.00000000 2.00000000 174.00000000
500.00000000 508.00000000 4.00000000 169.00000000
