656.00000000 322.00000000 0.00000000 516.00000000
1248.00000000 221.00000000 0.00000000 485.00000000
624.00000000 343.00000000 0.00000000 397.00000000
1248.00000000 221.00000000 1.00000000 378.00000000
685.00000000 296.00000000 1.00000000 372.00000000
315.00000000 188.00000000 0.00000000 372.00000000
801.00000000 249.00000000 0.00000000 369.00000000
832.00000000 480.00000000 0.00000000 354.00000000
44.00000000 38.00000000 0.00000000 354.00000000
611.00000000 342.00000000 0.00000000 347.00000000
655.00000000 323.00000000 1.00000000 343.00000000
568.00000000 352.00000000 0.00000000 335.00000000
832.00000000 481.00000000 1.00000000 334.00000000
685.00000000 295.00000000 0.00000000 332.00000000
857.00000000 236.00000000 0.00000000 329.00000000
802.00000000 229.00000000 0.00000000 322.00000000
401.00000000 311.00000000 0.00000000 313.00000000
401.00000000 305.00000000 0.00000000 298.00000000
830.00000000 232.00000000 0.00000000 297.00000000
753.00000000 342.00000000 0.00000000 291.00000000
315.00000000 189.00000000 1.00000000 290.00000000
792.00000000 248.00000000 0.00000000 285.00000000
548.00000000 447.00000000 0.00000000 278.00000000
828.00000000 363.00000000 0.00000000 274.00000000
829.00000000 364.00000000 1.00000000 273.00000000
828.00000000 380.00000000 4.00000000 270.00000000
844.00000000 234.00000000 0.00000000 270.00000000
825.00000000 373.00000000 2.00000000 270.00000000
745.00000000 286.00000000 0.00000000 267.00000000
472.00000000 72.00000000 0.00000000 267.00000000
567.00000000 346.00000000 0.00000000 258.00000000
775.00000000 227.00000000 0.00000000 254.00000000
30.00000000 453.00000000 0.00000000 254.00000000
1207.00000000 499.00000000 0.00000000 252.00000000
842.00000000 243.00000000 0.00000000 247.00000000
828.00000000 364.00000000 1.00000000 246.00000000
684.00000000 296.00000000 1.00000000 246.00000000
790.00000000 229.00000000 0.00000000 243.00000000
401.00000000 321.00000000 0.00000000 241.00000000
582.00000000 295.00000000 0.00000000 240.00000000
550.00000000 269.00000000 0.00000000 237.00000000
1252.00000000 232.00000000 0.00000000 237.00000000
280.00000000 371.00000000 0.00000000 235.00000000
753.00000000 344.00000000 1.00000000 229.00000000
1075.00000000 259.00000000 0.00000000 228.00000000
786.00000000 248.00000000 0.00000000 225.00000000
832.00000000 482.00000000 1.00000000 224.00000000
315.00000000 201.00000000 0.00000000 222.00000000
1075.00000000 260.00000000 1.00000000 222.00000000
828.00000000 368.00000000 2.00000000 221.00000000
293.00000000 330.00000000 1.00000000 219.00000000
537.00000000 54.00000000 1.00000000 219.00000000
613.00000000 403.00000000 0.00000000 219.00000000
624.00000000 344.00000000 1.00000000 217.00000000
618.00000000 350.00000000 0.00000000 217.00000000
861.00000000 422.00000000 0.00000000 216.00000000
568.00000000 352.00000000 1.00000000 216.00000000
326.00000000 34.00000000 0.00000000 216.00000000
1042.00000000 265.00000000 0.00000000 211.00000000
540.00000000 434.00000000 0.00000000 211.00000000
817.00000000 231.00000000 0.00000000 211.00000000
1248.00000000 480.00000000 1.00000000 211.00000000
537.00000000 54.00000000 0.00000000 211.00000000
160.00000000 194.00000000 0.00000000 209.00000000
402.00000000 312.00000000 1.00000000 207.00000000
1072.00000000 456.00000000 0.00000000 207.00000000
583.00000000 295.00000000 1.00000000 207.00000000
507.00000000 78.00000000 0.00000000 205.00000000
188.00000000 325.00000000 0.00000000 204.00000000
455.00000000 60.00000000 0.00000000 203.00000000
598.00000000 286.00000000 2.00000000 203.00000000
487.00000000 323.00000000 0.00000000 199.00000000
293.00000000 329.00000000 0.00000000 198.00000000
31.00000000 453.00000000 1.00000000 196.00000000
813.00000000 490.00000000 0.00000000 195.00000000
1248.00000000 479.00000000 0.00000000 193.00000000
487.00000000 324.00000000 1.00000000 192.00000000
942.00000000 90.00000000 0.00000000 190.00000000
720.00000000 444.00000000 0.00000000 190.00000000
550.00000000 269.00000000 1.00000000 190.00000000
315.00000000 189.00000000 1.00000000 189.00000000
1072.00000000 458.00000000 1.00000000 188.00000000
1064.00000000 478.00000000 0.00000000 188.00000000
450.00000000 46.00000000 1.00000000 188.00000000
202.00000000 34.00000000 0.00000000 188.00000000
842.00000000 243.00000000 1.00000000 187.00000000
104.00000000 19.00000000 0.00000000 187.00000000
300.00000000 520.00000000 4.00000000 187.00000000
44.00000000 39.00000000 1.00000000 186.00000000
844.00000000 234.00000000 1.00000000 185.00000000
654.00000000 323.00000000 1.00000000 184.00000000
1050.00000000 289.00000000 0.00000000 183.00000000
219.00000000 15.00000000 0.00000000 181.00000000
866.00000000 407.00000000 1.00000000 180.00000000
299.00000000 520.00000000 5.00000000 179.00000000
84.00000000 52.00000000 0.00000000 177.00000000
861.00000000 423.00000000 1.00000000 176.00000000
1021.00000000 147.00000000 0.00000000 176.00000000
831.00000000 233.00000000 1.00000000 176.00000000
852.00000000 253.00000000 0.00000000 176.00000000
336.00000000 26.00000000 0.00000000 176.00000000
733.00000000 294.00000000 1.00000000 175.00000000
382.00000000 422.00000000 1.00000000 173.00000000
410.00000000 506.00000000 2.00000000 171.00000000
1247.00000000 220.00000000 1.00000000 171.00000000
768.00000000 426.00000000 1.00000000 170.00000000
613.00000000 404.00000000 1.00000000 169.00000000
1225.00000000 489.00000000 1.00000000 169.00000000
1022.00000000 148.00000000 1.00000000 168.00000000
612.00000000 343.00000000 1.00000000 168.00000000
813.00000000 490.00000000 1.00000000 166.00000000
289.00000000 666.00000000 1.00000000 165.00000000
200.00000000 38.00000000 1.00000000 161.00000000
567.00000000 350.00000000 1.00000000 156.00000000
381.00000000 421.00000000 1.00000000 151.00000000
299.00000000 514.00000000 2.00000000 150.00000000
1226.00000000 489.00000000 1.00000000 150.00000000
288.00000000 670.00000000 2.00000000 150.00000000
487.00000000 326.00000000 1.00000000 149.00000000
1250.00000000 480.00000000 1.00000000 147.00000000
866.00000000 408.00000000 2.00000000 146.00000000
53.00000000 510.00000000 1.00000000 145.00000000
596.00000000 285.00000000 2.00000000 138.00000000
302.00000000 510.00000000 2.00000000 131.00000000
832.00000000 484.00000000 2.00000000 127.00000000
732.00000000 294.00000000 2.00000000 126.00000000
50.00000000 514.00000000 2.00000000 108.00000000
