1248.00000000 221.00000000 0.00000000 799.00000000
1122.00000000 495.00000000 0.00000000 735.00000000
893.00000000 514.00000000 0.00000000 715.00000000
868.00000000 442.00000000 1.00000000 702.00000000
656.00000000 323.00000000 0.00000000 701.00000000
395.00000000 602.00000000 1.00000000 695.00000000
832.00000000 480.00000000 0.00000000 688.00000000
234.00000000 658.00000000 0.00000000 687.00000000
867.00000000 441.00000000 0.00000000 680.00000000
1021.00000000 417.00000000 0.00000000 673.00000000
395.00000000 601.00000000 0.00000000 653.00000000
315.00000000 189.00000000 0.00000000 651.00000000
288.00000000 340.00000000 0.00000000 643.00000000
233.00000000 498.00000000 0.00000000 630.00000000
832.00000000 481.00000000 1.00000000 619.00000000
801.00000000 249.00000000 0.00000000 615.00000000
1012.00000000 388.00000000 1.00000000 614.00000000
85.00000000 483.00000000 0.00000000 611.00000000
367.00000000 567.00000000 0.00000000 611.00000000
1248.00000000 221.00000000 1.00000000 610.00000000
75.00000000 477.00000000 0.00000000 606.00000000
173.00000000 383.00000000 0.00000000 583.00000000
402.00000000 312.00000000 0.00000000 581.00000000
1033.00000000 263.00000000 0.00000000 579.00000000
159.00000000 194.00000000 0.00000000 573.00000000
394.00000000 602.00000000 1.00000000 572.00000000
1251.00000000 232.00000000 0.00000000 557.00000000
806.00000000 299.00000000 0.00000000 556.00000000
582.00000000 295.00000000 0.00000000 554.00000000
830.00000000 363.00000000 0.00000000 553.00000000
1042.00000000 266.00000000 0.00000000 553.00000000
185.00000000 197.00000000 0.00000000 550.00000000
871.00000000 421.00000000 0.00000000 548.00000000
292.00000000 686.00000000 0.00000000 547.00000000
232.00000000 491.00000000 0.00000000 538.00000000
1011.00000000 388.00000000 0.00000000 535.00000000
831.00000000 364.00000000 1.00000000 535.00000000
294.00000000 330.00000000 0.00000000 528.00000000
935.00000000 513.00000000 1.00000000 526.00000000
1012.00000000 387.00000000 1.00000000 522.00000000
30.00000000 453.00000000 0.00000000 514.00000000
277.00000000 649.00000000 0.00000000 511.00000000
173.00000000 384.00000000 1.00000000 510.00000000
613.00000000 403.00000000 0.00000000 510.00000000
1075.00000000 261.00000000 1.00000000 506.00000000
828.00000000 373.00000000 2.00000000 495.00000000
147.00000000 248.00000000 0.00000000 487.00000000
555.00000000 82.00000000 0.00000000 487.00000000
830.00000000 368.00000000 2.00000000 484.00000000
802.00000000 229.00000000 0.00000000 484.00000000
1229.00000000 408.00000000 0.00000000 483.00000000
1122.00000000 496.00000000 1.00000000 483.00000000
830.00000000 364.00000000 1.00000000 482.00000000
128.00000000 603.00000000 0.00000000 481.00000000
1064.00000000 478.00000000 0.00000000 478.00000000
394.00000000 606.00000000 2.00000000 478.00000000
1248.00000000 480.00000000 1.00000000 476.00000000
477.00000000 537.00000000 0.00000000 472.00000000
765.00000000 453.00000000 0.00000000 467.00000000
1021.00000000 417.00000000 1.00000000 465.00000000
724.00000000 548.00000000 0.00000000 456.00000000
828.00000000 380.00000000 4.00000000 456.00000000
893.00000000 514.00000000 1.00000000 454.00000000
109.00000000 354.00000000 0.00000000 454.00000000
1103.00000000 205.00000000 1.00000000 453.00000000
1240.00000000 453.00000000 0.00000000 453.00000000
367.00000000 568.00000000 1.00000000 450.00000000
315.00000000 190.00000000 1.00000000 449.00000000
936.00000000 511.00000000 0.00000000 448.00000000
1248.00000000 479.00000000 0.00000000 444.00000000
54.00000000 514.00000000 2.00000000 440.00000000
866.00000000 440.00000000 2.00000000 440.00000000
95.00000000 547.00000000 0.00000000 437.00000000
476.00000000 538.00000000 1.00000000 434.00000000
1077.00000000 456.00000000 0.00000000 432.00000000
86.00000000 483.00000000 1.00000000 429.00000000
255.00000000 444.00000000 0.00000000 427.00000000
1103.00000000 204.00000000 0.00000000 426.00000000
921.00000000 500.00000000 1.00000000 426.00000000
890.00000000 560.00000000 0.00000000 423.00000000
737.00000000 457.00000000 0.00000000 423.00000000
832.00000000 482.00000000 1.00000000 421.00000000
237.00000000 451.00000000 0.00000000 421.00000000
813.00000000 491.00000000 0.00000000 420.00000000
67.00000000 603.00000000 1.00000000 419.00000000
94.00000000 470.00000000 0.00000000 418.00000000
685.00000000 297.00000000 1.00000000 418.00000000
288.00000000 341.00000000 1.00000000 418.00000000
860.00000000 481.00000000 0.00000000 418.00000000
149.00000000 529.00000000 0.00000000 417.00000000
1012.00000000 390.00000000 2.00000000 417.00000000
402.00000000 305.00000000 0.00000000 416.00000000
84.00000000 451.00000000 0.00000000 416.00000000
753.00000000 342.00000000 0.00000000 415.00000000
474.00000000 540.00000000 2.00000000 412.00000000
777.00000000 480.00000000 0.00000000 412.00000000
55.00000000 511.00000000 1.00000000 411.00000000
293.00000000 331.00000000 1.00000000 411.00000000
936.00000000 511.00000000 1.00000000 411.00000000
1240.00000000 454.00000000 1.00000000 411.00000000
129.00000000 604.00000000 1.00000000 407.00000000
769.00000000 405.00000000 0.00000000 406.00000000
265.00000000 410.00000000 0.00000000 405.00000000
305.00000000 508.00000000 1.00000000 401.00000000
475.00000000 538.00000000 1.00000000 398.00000000
1223.00000000 560.00000000 1.00000000 397.00000000
1012.00000000 396.00000000 4.00000000 389.00000000
50.00000000 517.00000000 2.00000000 387.00000000
30.00000000 454.00000000 1.00000000 386.00000000
891.00000000 561.00000000 1.00000000 384.00000000
656.00000000 323.00000000 1.00000000 382.00000000
384.00000000 616.00000000 5.00000000 380.00000000
160.00000000 194.00000000 1.00000000 380.00000000
414.00000000 496.00000000 1.00000000 379.00000000
367.00000000 569.00000000 1.00000000 373.00000000
866.00000000 441.00000000 1.00000000 372.00000000
472.00000000 543.00000000 2.00000000 369.00000000
393.00000000 608.00000000 2.00000000 356.00000000
1145.00000000 134.00000000 1.00000000 356.00000000
1103.00000000 205.00000000 1.00000000 347.00000000
299.00000000 521.00000000 1.00000000 347.00000000
860.00000000 486.00000000 2.00000000 336.00000000
1250.00000000 479.00000000 1.00000000 323.00000000
859.00000000 483.00000000 1.00000000 320.00000000
172.00000000 384.00000000 1.00000000 315.00000000
1076.00000000 260.00000000 1.00000000 311.00000000
1146.00000000 136.00000000 2.00000000 269.00000000
