1247.00000000 221.00000000 0.00000000 735.00000000
654.00000000 322.00000000 0.00000000 731.00000000
831.00000000 480.00000000 0.00000000 708.00000000
837.00000000 494.00000000 0.00000000 698.00000000
1032.00000000 278.00000000 0.00000000 677.00000000
944.00000000 84.00000000 0.00000000 655.00000000
288.00000000 339.00000000 0.00000000 645.00000000
801.00000000 248.00000000 0.00000000 632.00000000
565.00000000 36.00000000 0.00000000 625.00000000
173.00000000 385.00000000 0.00000000 611.00000000
838.00000000 494.00000000 1.00000000 597.00000000
1247.00000000 221.00000000 1.00000000 569.00000000
655.00000000 323.00000000 1.00000000 565.00000000
1050.00000000 289.00000000 0.00000000 564.00000000
1063.00000000 479.00000000 0.00000000 541.00000000
293.00000000 329.00000000 0.00000000 533.00000000
861.00000000 422.00000000 0.00000000 524.00000000
806.00000000 299.00000000 0.00000000 522.00000000
685.00000000 296.00000000 1.00000000 512.00000000
801.00000000 229.00000000 0.00000000 509.00000000
280.00000000 370.00000000 0.00000000 509.00000000
856.00000000 502.00000000 0.00000000 507.00000000
1075.00000000 258.00000000 0.00000000 506.00000000
832.00000000 480.00000000 1.00000000 491.00000000
860.00000000 480.00000000 0.00000000 484.00000000
828.00000000 373.00000000 2.00000000 484.00000000
173.00000000 385.00000000 1.00000000 484.00000000
338.00000000 247.00000000 0.00000000 481.00000000
828.00000000 380.00000000 4.00000000 477.00000000
1031.00000000 266.00000000 0.00000000 469.00000000
360.00000000 447.00000000 0.00000000 447.00000000
63.00000000 325.00000000 0.00000000 445.00000000
1032.00000000 278.00000000 1.00000000 444.00000000
565.00000000 37.00000000 1.00000000 434.00000000
1031.00000000 267.00000000 1.00000000 433.00000000
673.00000000 286.00000000 0.00000000 430.00000000
542.00000000 445.00000000 0.00000000 429.00000000
785.00000000 246.00000000 0.00000000 424.00000000
1075.00000000 259.00000000 1.00000000 415.00000000
315.00000000 188.00000000 0.00000000 415.00000000
685.00000000 296.00000000 0.00000000 413.00000000
288.00000000 339.00000000 1.00000000 411.00000000
173.00000000 368.00000000 1.00000000 408.00000000
1038.00000000 357.00000000 0.00000000 405.00000000
172.00000000 368.00000000 0.00000000 404.00000000
787.00000000 470.00000000 0.00000000 400.00000000
360.00000000 447.00000000 1.00000000 399.00000000
830.00000000 368.00000000 2.00000000 397.00000000
104.00000000 216.00000000 2.00000000 396.00000000
613.00000000 402.00000000 0.00000000 392.00000000
1063.00000000 480.00000000 1.00000000 387.00000000
719.00000000 525.00000000 0.00000000 384.00000000
172.00000000 367.00000000 1.00000000 384.00000000
338.00000000 248.00000000 1.00000000 384.00000000
567.00000000 351.00000000 0.00000000 379.00000000
1122.00000000 494.00000000 0.00000000 378.00000000
146.00000000 246.00000000 0.00000000 377.00000000
1030.00000000 284.00000000 0.00000000 377.00000000
293.00000000 330.00000000 1.00000000 376.00000000
581.00000000 294.00000000 0.00000000 375.00000000
213.00000000 96.00000000 0.00000000 375.00000000
860.00000000 422.00000000 1.00000000 374.00000000
159.00000000 193.00000000 0.00000000 372.00000000
753.00000000 342.00000000 0.00000000 371.00000000
279.00000000 492.00000000 0.00000000 369.00000000
172.00000000 359.00000000 0.00000000 369.00000000
860.00000000 481.00000000 1.00000000 368.00000000
144.00000000 261.00000000 0.00000000 365.00000000
236.00000000 432.00000000 0.00000000 363.00000000
315.00000000 201.00000000 0.00000000 363.00000000
104.00000000 213.00000000 1.00000000 363.00000000
391.00000000 436.00000000 0.00000000 360.00000000
142.00000000 295.00000000 0.00000000 359.00000000
613.00000000 403.00000000 1.00000000 359.00000000
745.00000000 285.00000000 0.00000000 359.00000000
55.00000000 338.00000000 0.00000000 358.00000000
235.00000000 423.00000000 0.00000000 357.00000000
850.00000000 514.00000000 0.00000000 357.00000000
417.00000000 442.00000000 1.00000000 354.00000000
19.00000000 268.00000000 0.00000000 353.00000000
865.00000000 408.00000000 1.00000000 352.00000000
172.00000000 405.00000000 1.00000000 352.00000000
883.00000000 531.00000000 0.00000000 347.00000000
591.00000000 289.00000000 0.00000000 346.00000000
865.00000000 408.00000000 0.00000000 346.00000000
831.00000000 364.00000000 1.00000000 346.00000000
364.00000000 360.00000000 4.00000000 345.00000000
550.00000000 267.00000000 0.00000000 345.00000000
935.00000000 97.00000000 0.00000000 345.00000000
1037.00000000 357.00000000 1.00000000 344.00000000
30.00000000 452.00000000 0.00000000 344.00000000
205.00000000 26.00000000 0.00000000 344.00000000
172.00000000 368.00000000 2.00000000 342.00000000
870.00000000 420.00000000 0.00000000 341.00000000
798.00000000 352.00000000 0.00000000 340.00000000
857.00000000 253.00000000 0.00000000 340.00000000
850.00000000 514.00000000 1.00000000 339.00000000
417.00000000 442.00000000 1.00000000 339.00000000
105.00000000 213.00000000 1.00000000 338.00000000
364.00000000 345.00000000 1.00000000 336.00000000
768.00000000 425.00000000 1.00000000 331.00000000
1104.00000000 203.00000000 1.00000000 331.00000000
831.00000000 364.00000000 1.00000000 331.00000000
1104.00000000 203.00000000 1.00000000 329.00000000
173.00000000 405.00000000 1.00000000 324.00000000
362.00000000 362.00000000 5.00000000 321.00000000
19.00000000 269.00000000 1.00000000 320.00000000
494.00000000 360.00000000 1.00000000 317.00000000
1021.00000000 147.00000000 1.00000000 314.00000000
865.00000000 407.00000000 1.00000000 304.00000000
181.00000000 196.00000000 1.00000000 297.00000000
364.00000000 345.00000000 1.00000000 296.00000000
172.00000000 408.00000000 2.00000000 289.00000000
684.00000000 296.00000000 1.00000000 284.00000000
364.00000000 353.00000000 2.00000000 282.00000000
858.00000000 486.00000000 2.00000000 281.00000000
1021.00000000 148.00000000 1.00000000 279.00000000
732.00000000 294.00000000 1.00000000 276.00000000
654.00000000 323.00000000 1.00000000 273.00000000
172.00000000 384.00000000 1.00000000 264.00000000
364.00000000 348.00000000 2.00000000 259.00000000
302.00000000 508.00000000 2.00000000 254.00000000
767.00000000 424.00000000 1.00000000 253.00000000
101.00000000 220.00000000 2.00000000 252.00000000
180.00000000 198.00000000 2.00000000 249.00000000
838.00000000 494.00000000 1.00000000 248.00000000
299.00000000 509.00000000 2.00000000 231.00000000
