289.00000000 334.00000000 0.00000000 409.00000000
516.00000000 296.00000000 0.00000000 393.00000000
1219.00000000 191.00000000 0.00000000 390.00000000
1112.00000000 549.00000000 0.00000000 383.00000000
567.00000000 195.00000000 0.00000000 383.00000000
1231.00000000 327.00000000 1.00000000 381.00000000
1177.00000000 431.00000000 1.00000000 369.00000000
1229.00000000 343.00000000 1.00000000 368.00000000
1112.00000000 549.00000000 1.00000000 362.00000000
477.00000000 292.00000000 0.00000000 354.00000000
999.00000000 34.00000000 1.00000000 354.00000000
497.00000000 324.00000000 1.00000000 351.00000000
497.00000000 325.00000000 1.00000000 346.00000000
998.00000000 33.00000000 1.00000000 345.00000000
1103.00000000 306.00000000 1.00000000 344.00000000
1103.00000000 305.00000000 1.00000000 338.00000000
568.00000000 197.00000000 1.00000000 337.00000000
497.00000000 323.00000000 0.00000000 332.00000000
1103.00000000 320.00000000 1.00000000 329.00000000
478.00000000 323.00000000 0.00000000 327.00000000
1244.00000000 326.00000000 1.00000000 321.00000000
1178.00000000 429.00000000 0.00000000 319.00000000
1231.00000000 326.00000000 0.00000000 317.00000000
1229.00000000 342.00000000 0.00000000 310.00000000
478.00000000 356.00000000 1.00000000 308.00000000
999.00000000 33.00000000 0.00000000 307.00000000
1220.00000000 192.00000000 1.00000000 306.00000000
476.00000000 294.00000000 1.00000000 306.00000000
478.00000000 338.00000000 0.00000000 306.00000000
1261.00000000 424.00000000 0.00000000 305.00000000
1103.00000000 321.00000000 1.00000000 305.00000000
1239.00000000 209.00000000 0.00000000 300.00000000
214.00000000 263.00000000 0.00000000 297.00000000
1218.00000000 219.00000000 0.00000000 296.00000000
458.00000000 354.00000000 0.00000000 293.00000000
1239.00000000 209.00000000 1.00000000 292.00000000
998.00000000 34.00000000 2.00000000 291.00000000
632.00000000 275.00000000 1.00000000 289.00000000
477.00000000 325.00000000 1.00000000 288.00000000
1218.00000000 229.00000000 0.00000000 288.00000000
1183.00000000 221.00000000 1.00000000 287.00000000
594.00000000 291.00000000 1.00000000 284.00000000
633.00000000 306.00000000 1.00000000 284.00000000
652.00000000 287.00000000 0.00000000 281.00000000
653.00000000 323.00000000 0.00000000 280.00000000
1103.00000000 318.00000000 0.00000000 278.00000000
632.00000000 275.00000000 1.00000000 278.00000000
1103.00000000 304.00000000 0.00000000 277.00000000
1137.00000000 331.00000000 0.00000000 275.00000000
478.00000000 340.00000000 1.00000000 274.00000000
1217.00000000 209.00000000 0.00000000 274.00000000
516.00000000 306.00000000 0.00000000 272.00000000
1218.00000000 220.00000000 1.00000000 270.00000000
537.00000000 321.00000000 0.00000000 270.00000000
1217.00000000 210.00000000 1.00000000 269.00000000
1153.00000000 331.00000000 0.00000000 267.00000000
588.00000000 322.00000000 1.00000000 265.00000000
517.00000000 321.00000000 0.00000000 265.00000000
779.00000000 647.00000000 0.00000000 264.00000000
1243.00000000 325.00000000 0.00000000 264.00000000
666.00000000 554.00000000 2.00000000 264.00000000
498.00000000 498.00000000 0.00000000 263.00000000
667.00000000 554.00000000 2.00000000 263.00000000
1239.00000000 229.00000000 0.00000000 263.00000000
123.00000000 535.00000000 0.00000000 261.00000000
1104.00000000 334.00000000 1.00000000 259.00000000
594.00000000 289.00000000 0.00000000 259.00000000
711.00000000 54.00000000 1.00000000 259.00000000
498.00000000 499.00000000 1.00000000 259.00000000
1198.00000000 221.00000000 1.00000000 259.00000000
571.00000000 291.00000000 1.00000000 258.00000000
1154.00000000 333.00000000 1.00000000 257.00000000
668.00000000 556.00000000 4.00000000 256.00000000
633.00000000 289.00000000 1.00000000 256.00000000
1048.00000000 605.00000000 0.00000000 253.00000000
185.00000000 264.00000000 0.00000000 253.00000000
711.00000000 55.00000000 1.00000000 253.00000000
478.00000000 354.00000000 0.00000000 250.00000000
651.00000000 272.00000000 0.00000000 250.00000000
1218.00000000 230.00000000 1.00000000 250.00000000
560.00000000 321.00000000 0.00000000 249.00000000
457.00000000 323.00000000 0.00000000 249.00000000
613.00000000 290.00000000 1.00000000 247.00000000
1261.00000000 425.00000000 1.00000000 247.00000000
478.00000000 372.00000000 1.00000000 246.00000000
1244.00000000 326.00000000 1.00000000 246.00000000
559.00000000 290.00000000 0.00000000 245.00000000
1112.00000000 548.00000000 1.00000000 244.00000000
1245.00000000 424.00000000 0.00000000 244.00000000
1230.00000000 342.00000000 1.00000000 244.00000000
973.00000000 616.00000000 0.00000000 244.00000000
712.00000000 56.00000000 2.00000000 244.00000000
236.00000000 304.00000000 0.00000000 244.00000000
997.00000000 672.00000000 0.00000000 243.00000000
457.00000000 339.00000000 0.00000000 241.00000000
456.00000000 308.00000000 0.00000000 240.00000000
807.00000000 618.00000000 0.00000000 239.00000000
1043.00000000 432.00000000 0.00000000 239.00000000
1121.00000000 308.00000000 0.00000000 238.00000000
1184.00000000 236.00000000 0.00000000 237.00000000
667.00000000 551.00000000 1.00000000 237.00000000
671.00000000 272.00000000 0.00000000 236.00000000
712.00000000 53.00000000 0.00000000 236.00000000
1183.00000000 219.00000000 0.00000000 231.00000000
974.00000000 618.00000000 1.00000000 230.00000000
632.00000000 272.00000000 0.00000000 230.00000000
684.00000000 38.00000000 0.00000000 229.00000000
1257.00000000 193.00000000 0.00000000 227.00000000
1071.00000000 319.00000000 0.00000000 227.00000000
1256.00000000 183.00000000 0.00000000 227.00000000
613.00000000 289.00000000 0.00000000 227.00000000
583.00000000 305.00000000 0.00000000 226.00000000
633.00000000 287.00000000 0.00000000 225.00000000
1261.00000000 229.00000000 0.00000000 225.00000000
1103.00000000 335.00000000 1.00000000 224.00000000
568.00000000 197.00000000 1.00000000 221.00000000
712.00000000 56.00000000 2.00000000 219.00000000
667.00000000 560.00000000 5.00000000 211.00000000
684.00000000 39.00000000 1.00000000 204.00000000
496.00000000 326.00000000 2.00000000 170.00000000
498.00000000 502.00000000 2.00000000 170.00000000
808.00000000 628.00000000 4.00000000 163.00000000
806.00000000 625.00000000 2.00000000 159.00000000
974.00000000 620.00000000 2.00000000 156.00000000
234.00000000 313.00000000 2.00000000 150.00000000
206.00000000 780.00000000 2.00000000 147.00000000
1102.00000000 588.00000000 2.00000000 145.00000000
