655.00000000 321.00000000 0.00000000 313.00000000
623.00000000 342.00000000 0.00000000 311.00000000
801.00000000 229.00000000 0.00000000 289.00000000
611.00000000 342.00000000 0.00000000 288.00000000
684.00000000 296.00000000 1.00000000 269.00000000
801.00000000 248.00000000 0.00000000 254.00000000
685.00000000 295.00000000 0.00000000 244.00000000
655.00000000 323.00000000 1.00000000 234.00000000
315.00000000 188.00000000 0.00000000 231.00000000
830.00000000 232.00000000 0.00000000 222.00000000
567.00000000 352.00000000 0.00000000 213.00000000
1248.00000000 221.00000000 0.00000000 211.00000000
1032.00000000 86.00000000 0.00000000 210.00000000
774.00000000 226.00000000 0.00000000 210.00000000
786.00000000 247.00000000 0.00000000 205.00000000
43.00000000 38.00000000 0.00000000 204.00000000
856.00000000 235.00000000 0.00000000 203.00000000
719.00000000 444.00000000 0.00000000 199.00000000
567.00000000 346.00000000 0.00000000 199.00000000
790.00000000 229.00000000 0.00000000 198.00000000
315.00000000 189.00000000 1.00000000 192.00000000
745.00000000 286.00000000 0.00000000 190.00000000
1247.00000000 221.00000000 1.00000000 181.00000000
280.00000000 370.00000000 0.00000000 179.00000000
816.00000000 231.00000000 0.00000000 179.00000000
684.00000000 296.00000000 1.00000000 177.00000000
874.00000000 395.00000000 0.00000000 176.00000000
103.00000000 18.00000000 0.00000000 173.00000000
623.00000000 344.00000000 1.00000000 167.00000000
791.00000000 248.00000000 0.00000000 165.00000000
733.00000000 294.00000000 1.00000000 164.00000000
753.00000000 342.00000000 0.00000000 163.00000000
611.00000000 343.00000000 1.00000000 161.00000000
843.00000000 234.00000000 0.00000000 159.00000000
598.00000000 286.00000000 2.00000000 155.00000000
548.00000000 447.00000000 0.00000000 154.00000000
842.00000000 243.00000000 0.00000000 152.00000000
1206.00000000 499.00000000 0.00000000 148.00000000
40.00000000 29.00000000 0.00000000 147.00000000
842.00000000 243.00000000 1.00000000 146.00000000
618.00000000 350.00000000 0.00000000 145.00000000
770.00000000 289.00000000 0.00000000 143.00000000
753.00000000 344.00000000 1.00000000 141.00000000
790.00000000 229.00000000 1.00000000 141.00000000
550.00000000 268.00000000 0.00000000 141.00000000
828.00000000 380.00000000 4.00000000 140.00000000
582.00000000 294.00000000 0.00000000 139.00000000
567.00000000 347.00000000 1.00000000 138.00000000
825.00000000 373.00000000 2.00000000 136.00000000
830.00000000 233.00000000 1.00000000 135.00000000
600.00000000 258.00000000 1.00000000 133.00000000
582.00000000 295.00000000 1.00000000 132.00000000
654.00000000 323.00000000 1.00000000 131.00000000
733.00000000 295.00000000 1.00000000 128.00000000
188.00000000 325.00000000 0.00000000 127.00000000
828.00000000 364.00000000 1.00000000 127.00000000
596.00000000 285.00000000 2.00000000 127.00000000
205.00000000 26.00000000 0.00000000 127.00000000
84.00000000 52.00000000 0.00000000 124.00000000
769.00000000 290.00000000 1.00000000 123.00000000
745.00000000 286.00000000 1.00000000 122.00000000
599.00000000 257.00000000 1.00000000 122.00000000
26.00000000 16.00000000 0.00000000 121.00000000
487.00000000 326.00000000 1.00000000 121.00000000
315.00000000 189.00000000 1.00000000 121.00000000
280.00000000 371.00000000 1.00000000 121.00000000
943.00000000 85.00000000 0.00000000 121.00000000
852.00000000 253.00000000 0.00000000 121.00000000
598.00000000 287.00000000 1.00000000 119.00000000
315.00000000 201.00000000 0.00000000 119.00000000
160.00000000 364.00000000 0.00000000 117.00000000
844.00000000 234.00000000 1.00000000 117.00000000
599.00000000 267.00000000 0.00000000 116.00000000
543.00000000 437.00000000 0.00000000 116.00000000
801.00000000 249.00000000 1.00000000 116.00000000
719.00000000 444.00000000 1.00000000 115.00000000
797.00000000 348.00000000 0.00000000 114.00000000
401.00000000 311.00000000 0.00000000 114.00000000
44.00000000 38.00000000 1.00000000 114.00000000
828.00000000 363.00000000 0.00000000 114.00000000
219.00000000 15.00000000 1.00000000 113.00000000
48.00000000 28.00000000 0.00000000 112.00000000
775.00000000 228.00000000 1.00000000 112.00000000
803.00000000 330.00000000 0.00000000 111.00000000
797.00000000 349.00000000 1.00000000 111.00000000
1251.00000000 232.00000000 0.00000000 111.00000000
832.00000000 480.00000000 1.00000000 110.00000000
856.00000000 236.00000000 1.00000000 109.00000000
486.00000000 326.00000000 1.00000000 108.00000000
567.00000000 349.00000000 1.00000000 108.00000000
797.00000000 350.00000000 1.00000000 108.00000000
863.00000000 383.00000000 0.00000000 105.00000000
832.00000000 480.00000000 0.00000000 105.00000000
816.00000000 231.00000000 1.00000000 104.00000000
828.00000000 370.00000000 2.00000000 104.00000000
782.00000000 289.00000000 0.00000000 104.00000000
660.00000000 378.00000000 0.00000000 104.00000000
549.00000000 268.00000000 1.00000000 103.00000000
1263.00000000 107.00000000 0.00000000 103.00000000
401.00000000 305.00000000 0.00000000 102.00000000
84.00000000 53.00000000 1.00000000 101.00000000
827.00000000 366.00000000 1.00000000 101.00000000
861.00000000 423.00000000 0.00000000 101.00000000
1026.00000000 86.00000000 1.00000000 101.00000000
752.00000000 345.00000000 1.00000000 100.00000000
487.00000000 323.00000000 0.00000000 98.00000000
576.00000000 328.00000000 0.00000000 97.00000000
824.00000000 340.00000000 0.00000000 95.00000000
732.00000000 294.00000000 2.00000000 95.00000000
585.00000000 347.00000000 0.00000000 95.00000000
1247.00000000 220.00000000 1.00000000 94.00000000
21.00000000 24.00000000 0.00000000 91.00000000
831.00000000 340.00000000 0.00000000 90.00000000
624.00000000 351.00000000 0.00000000 90.00000000
381.00000000 420.00000000 1.00000000 89.00000000
866.00000000 406.00000000 2.00000000 85.00000000
831.00000000 482.00000000 1.00000000 85.00000000
300.00000000 516.00000000 4.00000000 83.00000000
294.00000000 520.00000000 5.00000000 83.00000000
866.00000000 405.00000000 1.00000000 81.00000000
941.00000000 77.00000000 1.00000000 81.00000000
600.00000000 258.00000000 2.00000000 80.00000000
410.00000000 506.00000000 2.00000000 75.00000000
316.00000000 190.00000000 2.00000000 73.00000000
566.00000000 348.00000000 2.00000000 73.00000000
299.00000000 514.00000000 2.00000000 67.00000000
729.00000000 291.00000000 2.00000000 66.00000000
