568.00000000 192.00000000 0.00000000 606.00000000
1220.00000000 188.00000000 0.00000000 587.00000000
517.00000000 292.00000000 0.00000000 532.00000000
1230.00000000 339.00000000 1.00000000 512.00000000
1000.00000000 30.00000000 1.00000000 504.00000000
568.00000000 193.00000000 1.00000000 502.00000000
477.00000000 289.00000000 0.00000000 496.00000000
1178.00000000 427.00000000 1.00000000 490.00000000
289.00000000 330.00000000 0.00000000 488.00000000
1231.00000000 323.00000000 1.00000000 486.00000000
1103.00000000 302.00000000 1.00000000 483.00000000
1218.00000000 205.00000000 0.00000000 466.00000000
498.00000000 320.00000000 1.00000000 465.00000000
1244.00000000 323.00000000 1.00000000 457.00000000
477.00000000 277.00000000 0.00000000 457.00000000
497.00000000 321.00000000 1.00000000 457.00000000
1220.00000000 188.00000000 1.00000000 456.00000000
1000.00000000 29.00000000 0.00000000 451.00000000
999.00000000 29.00000000 1.00000000 450.00000000
634.00000000 302.00000000 1.00000000 445.00000000
1104.00000000 316.00000000 1.00000000 440.00000000
1218.00000000 215.00000000 0.00000000 436.00000000
1231.00000000 323.00000000 0.00000000 433.00000000
478.00000000 319.00000000 0.00000000 431.00000000
497.00000000 318.00000000 0.00000000 427.00000000
1103.00000000 302.00000000 1.00000000 426.00000000
478.00000000 335.00000000 0.00000000 423.00000000
1230.00000000 337.00000000 0.00000000 423.00000000
1219.00000000 226.00000000 0.00000000 421.00000000
214.00000000 260.00000000 0.00000000 420.00000000
1240.00000000 225.00000000 0.00000000 420.00000000
594.00000000 285.00000000 0.00000000 419.00000000
477.00000000 278.00000000 1.00000000 417.00000000
633.00000000 285.00000000 1.00000000 414.00000000
1239.00000000 205.00000000 0.00000000 413.00000000
594.00000000 287.00000000 1.00000000 412.00000000
1218.00000000 206.00000000 1.00000000 412.00000000
477.00000000 290.00000000 1.00000000 401.00000000
1103.00000000 314.00000000 0.00000000 400.00000000
571.00000000 271.00000000 1.00000000 396.00000000
633.00000000 302.00000000 1.00000000 394.00000000
654.00000000 318.00000000 0.00000000 394.00000000
1178.00000000 425.00000000 0.00000000 392.00000000
1138.00000000 327.00000000 0.00000000 391.00000000
652.00000000 268.00000000 0.00000000 390.00000000
1244.00000000 322.00000000 0.00000000 390.00000000
458.00000000 350.00000000 0.00000000 390.00000000
1218.00000000 216.00000000 1.00000000 389.00000000
1262.00000000 420.00000000 0.00000000 388.00000000
1103.00000000 300.00000000 0.00000000 388.00000000
1184.00000000 217.00000000 1.00000000 387.00000000
651.00000000 188.00000000 0.00000000 383.00000000
517.00000000 303.00000000 0.00000000 383.00000000
517.00000000 304.00000000 1.00000000 382.00000000
653.00000000 283.00000000 0.00000000 382.00000000
614.00000000 284.00000000 0.00000000 381.00000000
559.00000000 286.00000000 0.00000000 380.00000000
1104.00000000 316.00000000 1.00000000 378.00000000
571.00000000 287.00000000 1.00000000 375.00000000
517.00000000 318.00000000 0.00000000 370.00000000
572.00000000 286.00000000 0.00000000 369.00000000
478.00000000 336.00000000 1.00000000 367.00000000
998.00000000 30.00000000 2.00000000 366.00000000
537.00000000 307.00000000 0.00000000 360.00000000
537.00000000 318.00000000 0.00000000 359.00000000
560.00000000 317.00000000 0.00000000 359.00000000
1104.00000000 331.00000000 1.00000000 358.00000000
479.00000000 352.00000000 1.00000000 356.00000000
652.00000000 188.00000000 1.00000000 356.00000000
634.00000000 285.00000000 1.00000000 353.00000000
477.00000000 321.00000000 1.00000000 352.00000000
614.00000000 286.00000000 1.00000000 350.00000000
517.00000000 292.00000000 1.00000000 344.00000000
672.00000000 267.00000000 0.00000000 343.00000000
1240.00000000 205.00000000 1.00000000 340.00000000
1122.00000000 304.00000000 0.00000000 339.00000000
499.00000000 495.00000000 1.00000000 338.00000000
634.00000000 301.00000000 0.00000000 337.00000000
1218.00000000 226.00000000 1.00000000 337.00000000
1199.00000000 217.00000000 1.00000000 335.00000000
634.00000000 284.00000000 0.00000000 334.00000000
565.00000000 142.00000000 0.00000000 334.00000000
568.00000000 193.00000000 1.00000000 333.00000000
1112.00000000 545.00000000 0.00000000 333.00000000
736.00000000 205.00000000 0.00000000 330.00000000
1144.00000000 220.00000000 0.00000000 330.00000000
779.00000000 643.00000000 0.00000000 326.00000000
672.00000000 283.00000000 0.00000000 325.00000000
891.00000000 227.00000000 0.00000000 325.00000000
1184.00000000 215.00000000 0.00000000 324.00000000
1257.00000000 179.00000000 0.00000000 323.00000000
614.00000000 269.00000000 0.00000000 322.00000000
457.00000000 319.00000000 0.00000000 320.00000000
478.00000000 350.00000000 0.00000000 320.00000000
1245.00000000 421.00000000 0.00000000 320.00000000
499.00000000 494.00000000 0.00000000 319.00000000
1104.00000000 330.00000000 1.00000000 319.00000000
1136.00000000 207.00000000 0.00000000 319.00000000
572.00000000 270.00000000 0.00000000 319.00000000
1245.00000000 322.00000000 1.00000000 317.00000000
526.00000000 333.00000000 0.00000000 316.00000000
236.00000000 300.00000000 0.00000000 316.00000000
497.00000000 292.00000000 0.00000000 314.00000000
497.00000000 305.00000000 1.00000000 312.00000000
770.00000000 97.00000000 1.00000000 311.00000000
123.00000000 531.00000000 0.00000000 310.00000000
368.00000000 265.00000000 0.00000000 310.00000000
712.00000000 52.00000000 2.00000000 307.00000000
583.00000000 301.00000000 0.00000000 306.00000000
571.00000000 271.00000000 1.00000000 291.00000000
613.00000000 271.00000000 1.00000000 289.00000000
499.00000000 496.00000000 1.00000000 286.00000000
1219.00000000 239.00000000 1.00000000 285.00000000
1230.00000000 339.00000000 1.00000000 283.00000000
667.00000000 551.00000000 2.00000000 266.00000000
712.00000000 53.00000000 2.00000000 258.00000000
668.00000000 550.00000000 2.00000000 249.00000000
668.00000000 552.00000000 4.00000000 243.00000000
770.00000000 98.00000000 2.00000000 241.00000000
498.00000000 498.00000000 2.00000000 235.00000000
634.00000000 286.00000000 2.00000000 231.00000000
576.00000000 107.00000000 5.00000000 228.00000000
498.00000000 322.00000000 2.00000000 225.00000000
634.00000000 302.00000000 2.00000000 210.00000000
500.00000000 504.00000000 4.00000000 188.00000000
234.00000000 311.00000000 2.00000000 187.00000000
497.00000000 500.00000000 2.00000000 187.00000000
