188.00000000 30.00000000 0.00000000 592.00000000
188.00000000 31.00000000 1.00000000 487.00000000
231.00000000 74.00000000 0.00000000 482.00000000
239.00000000 184.00000000 0.00000000 463.00000000
376.00000000 125.00000000 0.00000000 461.00000000
234.00000000 87.00000000 2.00000000 454.00000000
236.00000000 88.00000000 2.00000000 454.00000000
237.00000000 87.00000000 1.00000000 437.00000000
142.00000000 88.00000000 2.00000000 437.00000000
170.00000000 62.00000000 0.00000000 437.00000000
141.00000000 87.00000000 1.00000000 433.00000000
376.00000000 127.00000000 1.00000000 431.00000000
238.00000000 86.00000000 0.00000000 427.00000000
236.00000000 87.00000000 1.00000000 410.00000000
137.00000000 74.00000000 0.00000000 398.00000000
142.00000000 88.00000000 1.00000000 380.00000000
238.00000000 184.00000000 1.00000000 375.00000000
236.00000000 92.00000000 4.00000000 368.00000000
142.00000000 87.00000000 0.00000000 367.00000000
377.00000000 128.00000000 1.00000000 365.00000000
328.00000000 239.00000000 0.00000000 351.00000000
377.00000000 143.00000000 0.00000000 334.00000000
488.00000000 221.00000000 0.00000000 322.00000000
237.00000000 185.00000000 1.00000000 315.00000000
328.00000000 240.00000000 1.00000000 313.00000000
246.00000000 239.00000000 0.00000000 311.00000000
443.00000000 239.00000000 0.00000000 305.00000000
141.00000000 87.00000000 2.00000000 301.00000000
516.00000000 253.00000000 0.00000000 296.00000000
238.00000000 118.00000000 0.00000000 292.00000000
408.00000000 212.00000000 1.00000000 287.00000000
408.00000000 212.00000000 0.00000000 284.00000000
184.00000000 42.00000000 0.00000000 274.00000000
395.00000000 175.00000000 5.00000000 273.00000000
407.00000000 195.00000000 0.00000000 257.00000000
225.00000000 378.00000000 0.00000000 251.00000000
509.00000000 247.00000000 0.00000000 251.00000000
186.00000000 51.00000000 0.00000000 249.00000000
51.00000000 255.00000000 1.00000000 249.00000000
232.00000000 74.00000000 1.00000000 249.00000000
407.00000000 196.00000000 1.00000000 248.00000000
51.00000000 254.00000000 0.00000000 245.00000000
443.00000000 240.00000000 1.00000000 245.00000000
488.00000000 222.00000000 1.00000000 240.00000000
378.00000000 130.00000000 2.00000000 237.00000000
171.00000000 62.00000000 1.00000000 233.00000000
238.00000000 119.00000000 1.00000000 228.00000000
188.00000000 31.00000000 1.00000000 227.00000000
187.00000000 52.00000000 1.00000000 223.00000000
212.00000000 331.00000000 0.00000000 216.00000000
137.00000000 75.00000000 1.00000000 209.00000000
400.00000000 176.00000000 4.00000000 208.00000000
407.00000000 241.00000000 0.00000000 204.00000000
458.00000000 258.00000000 0.00000000 202.00000000
407.00000000 196.00000000 1.00000000 199.00000000
533.00000000 428.00000000 0.00000000 196.00000000
238.00000000 186.00000000 2.00000000 196.00000000
398.00000000 172.00000000 2.00000000 194.00000000
377.00000000 144.00000000 1.00000000 193.00000000
379.00000000 149.00000000 0.00000000 193.00000000
238.00000000 239.00000000 0.00000000 192.00000000
315.00000000 200.00000000 0.00000000 192.00000000
583.00000000 235.00000000 1.00000000 190.00000000
50.00000000 254.00000000 1.00000000 180.00000000
523.00000000 427.00000000 0.00000000 176.00000000
517.00000000 253.00000000 1.00000000 176.00000000
400.00000000 174.00000000 2.00000000 176.00000000
489.00000000 223.00000000 1.00000000 173.00000000
328.00000000 239.00000000 1.00000000 169.00000000
215.00000000 304.00000000 1.00000000 164.00000000
512.00000000 425.00000000 0.00000000 163.00000000
316.00000000 202.00000000 1.00000000 162.00000000
195.00000000 84.00000000 0.00000000 159.00000000
407.00000000 212.00000000 1.00000000 159.00000000
583.00000000 234.00000000 0.00000000 157.00000000
430.00000000 201.00000000 0.00000000 154.00000000
185.00000000 62.00000000 0.00000000 152.00000000
450.00000000 251.00000000 0.00000000 152.00000000
558.00000000 267.00000000 0.00000000 147.00000000
293.00000000 352.00000000 0.00000000 146.00000000
407.00000000 229.00000000 0.00000000 146.00000000
442.00000000 239.00000000 1.00000000 144.00000000
400.00000000 173.00000000 1.00000000 143.00000000
50.00000000 256.00000000 2.00000000 135.00000000
236.00000000 158.00000000 0.00000000 135.00000000
431.00000000 205.00000000 1.00000000 134.00000000
582.00000000 236.00000000 1.00000000 134.00000000
403.00000000 182.00000000 0.00000000 133.00000000
488.00000000 265.00000000 0.00000000 132.00000000
431.00000000 203.00000000 1.00000000 129.00000000
225.00000000 304.00000000 0.00000000 129.00000000
234.00000000 186.00000000 2.00000000 127.00000000
111.00000000 258.00000000 0.00000000 126.00000000
408.00000000 198.00000000 2.00000000 125.00000000
490.00000000 224.00000000 2.00000000 125.00000000
532.00000000 428.00000000 1.00000000 124.00000000
186.00000000 52.00000000 1.00000000 123.00000000
214.00000000 304.00000000 0.00000000 122.00000000
450.00000000 252.00000000 1.00000000 122.00000000
236.00000000 225.00000000 0.00000000 120.00000000
140.00000000 166.00000000 0.00000000 118.00000000
237.00000000 118.00000000 1.00000000 117.00000000
247.00000000 240.00000000 1.00000000 116.00000000
559.00000000 269.00000000 1.00000000 116.00000000
236.00000000 164.00000000 0.00000000 115.00000000
469.00000000 255.00000000 0.00000000 115.00000000
224.00000000 378.00000000 1.00000000 113.00000000
238.00000000 239.00000000 1.00000000 112.00000000
522.00000000 427.00000000 1.00000000 112.00000000
250.00000000 328.00000000 0.00000000 109.00000000
236.00000000 226.00000000 1.00000000 109.00000000
376.00000000 135.00000000 0.00000000 107.00000000
557.00000000 241.00000000 0.00000000 106.00000000
255.00000000 455.00000000 0.00000000 105.00000000
282.00000000 362.00000000 0.00000000 105.00000000
403.00000000 182.00000000 1.00000000 104.00000000
237.00000000 198.00000000 1.00000000 103.00000000
237.00000000 108.00000000 0.00000000 101.00000000
559.00000000 260.00000000 0.00000000 101.00000000
236.00000000 198.00000000 0.00000000 100.00000000
236.00000000 147.00000000 0.00000000 99.00000000
61.00000000 263.00000000 0.00000000 99.00000000
449.00000000 393.00000000 0.00000000 98.00000000
236.00000000 172.00000000 0.00000000 97.00000000
28.00000000 239.00000000 0.00000000 96.00000000
135.00000000 356.00000000 0.00000000 94.00000000
141.00000000 338.00000000 0.00000000 94.00000000
