132.00000000 115.00000000 1.00000000 468.00000000
398.00000000 206.00000000 0.00000000 440.00000000
239.00000000 184.00000000 0.00000000 422.00000000
132.00000000 115.00000000 0.00000000 418.00000000
225.00000000 304.00000000 0.00000000 415.00000000
144.00000000 148.00000000 0.00000000 408.00000000
238.00000000 185.00000000 1.00000000 395.00000000
328.00000000 240.00000000 0.00000000 366.00000000
246.00000000 240.00000000 0.00000000 358.00000000
328.00000000 240.00000000 1.00000000 351.00000000
202.00000000 287.00000000 1.00000000 349.00000000
214.00000000 306.00000000 0.00000000 348.00000000
237.00000000 185.00000000 1.00000000 331.00000000
160.00000000 211.00000000 0.00000000 316.00000000
436.00000000 226.00000000 0.00000000 313.00000000
516.00000000 253.00000000 0.00000000 312.00000000
215.00000000 306.00000000 1.00000000 303.00000000
144.00000000 148.00000000 1.00000000 300.00000000
201.00000000 285.00000000 1.00000000 298.00000000
137.00000000 74.00000000 0.00000000 288.00000000
397.00000000 219.00000000 0.00000000 287.00000000
232.00000000 74.00000000 0.00000000 279.00000000
488.00000000 222.00000000 0.00000000 269.00000000
215.00000000 268.00000000 0.00000000 267.00000000
262.00000000 362.00000000 0.00000000 266.00000000
523.00000000 427.00000000 0.00000000 264.00000000
274.00000000 309.00000000 1.00000000 260.00000000
533.00000000 428.00000000 0.00000000 260.00000000
171.00000000 62.00000000 0.00000000 259.00000000
245.00000000 283.00000000 0.00000000 258.00000000
250.00000000 328.00000000 0.00000000 257.00000000
51.00000000 255.00000000 1.00000000 255.00000000
131.00000000 114.00000000 1.00000000 253.00000000
512.00000000 426.00000000 0.00000000 253.00000000
436.00000000 227.00000000 1.00000000 251.00000000
275.00000000 317.00000000 0.00000000 251.00000000
51.00000000 254.00000000 0.00000000 250.00000000
202.00000000 288.00000000 2.00000000 249.00000000
225.00000000 305.00000000 1.00000000 247.00000000
408.00000000 195.00000000 0.00000000 246.00000000
398.00000000 207.00000000 1.00000000 245.00000000
236.00000000 226.00000000 0.00000000 241.00000000
237.00000000 226.00000000 1.00000000 235.00000000
238.00000000 186.00000000 2.00000000 233.00000000
509.00000000 247.00000000 0.00000000 230.00000000
238.00000000 239.00000000 0.00000000 225.00000000
142.00000000 212.00000000 0.00000000 222.00000000
272.00000000 309.00000000 1.00000000 220.00000000
236.00000000 90.00000000 1.00000000 217.00000000
200.00000000 284.00000000 0.00000000 217.00000000
397.00000000 193.00000000 1.00000000 217.00000000
326.00000000 236.00000000 2.00000000 214.00000000
236.00000000 90.00000000 2.00000000 213.00000000
437.00000000 252.00000000 0.00000000 212.00000000
328.00000000 239.00000000 1.00000000 211.00000000
583.00000000 235.00000000 1.00000000 211.00000000
136.00000000 150.00000000 0.00000000 210.00000000
488.00000000 222.00000000 1.00000000 206.00000000
273.00000000 309.00000000 0.00000000 206.00000000
237.00000000 89.00000000 1.00000000 206.00000000
133.00000000 123.00000000 0.00000000 206.00000000
243.00000000 332.00000000 0.00000000 204.00000000
274.00000000 310.00000000 2.00000000 204.00000000
443.00000000 240.00000000 0.00000000 202.00000000
237.00000000 93.00000000 2.00000000 201.00000000
458.00000000 258.00000000 0.00000000 200.00000000
408.00000000 212.00000000 0.00000000 198.00000000
153.00000000 330.00000000 0.00000000 198.00000000
149.00000000 217.00000000 0.00000000 198.00000000
188.00000000 342.00000000 0.00000000 194.00000000
255.00000000 303.00000000 1.00000000 193.00000000
236.00000000 96.00000000 4.00000000 193.00000000
246.00000000 284.00000000 1.00000000 193.00000000
258.00000000 328.00000000 0.00000000 192.00000000
408.00000000 196.00000000 1.00000000 192.00000000
237.00000000 140.00000000 0.00000000 190.00000000
407.00000000 241.00000000 0.00000000 190.00000000
517.00000000 253.00000000 1.00000000 189.00000000
225.00000000 378.00000000 0.00000000 187.00000000
141.00000000 292.00000000 0.00000000 187.00000000
214.00000000 308.00000000 1.00000000 184.00000000
205.00000000 335.00000000 1.00000000 184.00000000
142.00000000 91.00000000 1.00000000 183.00000000
206.00000000 338.00000000 2.00000000 182.00000000
430.00000000 202.00000000 0.00000000 182.00000000
50.00000000 255.00000000 1.00000000 181.00000000
397.00000000 193.00000000 1.00000000 181.00000000
213.00000000 275.00000000 0.00000000 180.00000000
583.00000000 235.00000000 0.00000000 179.00000000
237.00000000 198.00000000 1.00000000 178.00000000
132.00000000 304.00000000 1.00000000 174.00000000
169.00000000 306.00000000 0.00000000 174.00000000
156.00000000 159.00000000 0.00000000 172.00000000
141.00000000 91.00000000 1.00000000 171.00000000
243.00000000 332.00000000 1.00000000 170.00000000
259.00000000 341.00000000 0.00000000 170.00000000
117.00000000 263.00000000 0.00000000 168.00000000
189.00000000 343.00000000 1.00000000 166.00000000
223.00000000 275.00000000 0.00000000 165.00000000
138.00000000 75.00000000 1.00000000 165.00000000
171.00000000 62.00000000 1.00000000 165.00000000
430.00000000 240.00000000 1.00000000 165.00000000
236.00000000 198.00000000 0.00000000 165.00000000
135.00000000 357.00000000 0.00000000 164.00000000
142.00000000 148.00000000 1.00000000 164.00000000
398.00000000 172.00000000 2.00000000 164.00000000
398.00000000 172.00000000 2.00000000 163.00000000
236.00000000 169.00000000 1.00000000 163.00000000
433.00000000 317.00000000 0.00000000 163.00000000
255.00000000 455.00000000 0.00000000 163.00000000
522.00000000 427.00000000 1.00000000 162.00000000
450.00000000 251.00000000 0.00000000 162.00000000
155.00000000 401.00000000 1.00000000 161.00000000
533.00000000 428.00000000 1.00000000 160.00000000
138.00000000 203.00000000 1.00000000 160.00000000
431.00000000 202.00000000 1.00000000 160.00000000
225.00000000 432.00000000 0.00000000 159.00000000
582.00000000 236.00000000 1.00000000 158.00000000
325.00000000 237.00000000 2.00000000 158.00000000
369.00000000 202.00000000 0.00000000 157.00000000
316.00000000 202.00000000 0.00000000 157.00000000
159.00000000 332.00000000 0.00000000 156.00000000
396.00000000 172.00000000 4.00000000 152.00000000
231.00000000 152.00000000 5.00000000 151.00000000
253.00000000 305.00000000 1.00000000 150.00000000
138.00000000 206.00000000 2.00000000 148.00000000
234.00000000 144.00000000 2.00000000 143.00000000
