232.00000000 74.00000000 0.00000000 413.00000000
171.00000000 62.00000000 0.00000000 377.00000000
137.00000000 75.00000000 0.00000000 369.00000000
377.00000000 129.00000000 1.00000000 340.00000000
239.00000000 185.00000000 0.00000000 332.00000000
533.00000000 429.00000000 0.00000000 313.00000000
523.00000000 427.00000000 0.00000000 309.00000000
328.00000000 241.00000000 0.00000000 303.00000000
513.00000000 427.00000000 0.00000000 294.00000000
239.00000000 185.00000000 1.00000000 289.00000000
237.00000000 89.00000000 1.00000000 286.00000000
142.00000000 90.00000000 1.00000000 283.00000000
238.00000000 89.00000000 1.00000000 282.00000000
237.00000000 90.00000000 2.00000000 279.00000000
443.00000000 241.00000000 0.00000000 278.00000000
238.00000000 90.00000000 2.00000000 270.00000000
376.00000000 125.00000000 0.00000000 265.00000000
143.00000000 90.00000000 1.00000000 258.00000000
238.00000000 88.00000000 0.00000000 252.00000000
377.00000000 128.00000000 1.00000000 250.00000000
142.00000000 90.00000000 2.00000000 243.00000000
329.00000000 241.00000000 1.00000000 239.00000000
443.00000000 241.00000000 1.00000000 235.00000000
378.00000000 144.00000000 0.00000000 232.00000000
171.00000000 63.00000000 1.00000000 227.00000000
239.00000000 119.00000000 0.00000000 224.00000000
236.00000000 92.00000000 4.00000000 223.00000000
233.00000000 75.00000000 1.00000000 220.00000000
408.00000000 212.00000000 0.00000000 220.00000000
239.00000000 185.00000000 1.00000000 217.00000000
143.00000000 89.00000000 0.00000000 215.00000000
533.00000000 429.00000000 1.00000000 214.00000000
408.00000000 213.00000000 1.00000000 214.00000000
379.00000000 151.00000000 0.00000000 206.00000000
138.00000000 76.00000000 1.00000000 204.00000000
255.00000000 456.00000000 0.00000000 202.00000000
523.00000000 428.00000000 1.00000000 191.00000000
187.00000000 53.00000000 1.00000000 190.00000000
239.00000000 240.00000000 0.00000000 186.00000000
225.00000000 458.00000000 0.00000000 185.00000000
237.00000000 227.00000000 0.00000000 184.00000000
513.00000000 427.00000000 1.00000000 177.00000000
500.00000000 426.00000000 0.00000000 173.00000000
225.00000000 432.00000000 0.00000000 169.00000000
187.00000000 53.00000000 0.00000000 165.00000000
55.00000000 444.00000000 0.00000000 165.00000000
383.00000000 156.00000000 0.00000000 161.00000000
378.00000000 130.00000000 2.00000000 160.00000000
231.00000000 118.00000000 5.00000000 157.00000000
328.00000000 240.00000000 1.00000000 157.00000000
237.00000000 199.00000000 0.00000000 156.00000000
238.00000000 109.00000000 0.00000000 152.00000000
238.00000000 120.00000000 1.00000000 151.00000000
72.00000000 398.00000000 0.00000000 150.00000000
72.00000000 400.00000000 1.00000000 148.00000000
55.00000000 427.00000000 1.00000000 148.00000000
237.00000000 228.00000000 1.00000000 147.00000000
55.00000000 400.00000000 0.00000000 143.00000000
378.00000000 145.00000000 1.00000000 140.00000000
442.00000000 240.00000000 1.00000000 136.00000000
408.00000000 213.00000000 1.00000000 132.00000000
185.00000000 65.00000000 0.00000000 130.00000000
55.00000000 444.00000000 1.00000000 130.00000000
238.00000000 186.00000000 2.00000000 128.00000000
141.00000000 90.00000000 2.00000000 127.00000000
317.00000000 402.00000000 1.00000000 126.00000000
237.00000000 199.00000000 1.00000000 126.00000000
55.00000000 426.00000000 0.00000000 124.00000000
442.00000000 238.00000000 2.00000000 123.00000000
48.00000000 408.00000000 0.00000000 121.00000000
55.00000000 428.00000000 1.00000000 120.00000000
238.00000000 241.00000000 1.00000000 119.00000000
304.00000000 399.00000000 1.00000000 118.00000000
244.00000000 376.00000000 0.00000000 118.00000000
237.00000000 148.00000000 0.00000000 117.00000000
56.00000000 401.00000000 1.00000000 114.00000000
238.00000000 110.00000000 1.00000000 112.00000000
427.00000000 404.00000000 0.00000000 111.00000000
490.00000000 267.00000000 0.00000000 111.00000000
407.00000000 242.00000000 0.00000000 110.00000000
72.00000000 424.00000000 1.00000000 109.00000000
275.00000000 307.00000000 0.00000000 108.00000000
473.00000000 265.00000000 0.00000000 107.00000000
441.00000000 237.00000000 2.00000000 106.00000000
48.00000000 401.00000000 0.00000000 106.00000000
500.00000000 427.00000000 1.00000000 105.00000000
72.00000000 401.00000000 1.00000000 105.00000000
55.00000000 404.00000000 1.00000000 103.00000000
72.00000000 427.00000000 1.00000000 102.00000000
449.00000000 420.00000000 0.00000000 102.00000000
304.00000000 398.00000000 0.00000000 102.00000000
331.00000000 406.00000000 1.00000000 101.00000000
237.00000000 159.00000000 0.00000000 101.00000000
212.00000000 333.00000000 0.00000000 101.00000000
225.00000000 446.00000000 0.00000000 98.00000000
196.00000000 85.00000000 0.00000000 97.00000000
237.00000000 120.00000000 1.00000000 95.00000000
401.00000000 178.00000000 2.00000000 95.00000000
72.00000000 422.00000000 0.00000000 95.00000000
282.00000000 363.00000000 0.00000000 94.00000000
330.00000000 405.00000000 0.00000000 94.00000000
328.00000000 238.00000000 2.00000000 93.00000000
426.00000000 394.00000000 0.00000000 92.00000000
316.00000000 193.00000000 0.00000000 92.00000000
255.00000000 303.00000000 1.00000000 91.00000000
244.00000000 376.00000000 1.00000000 91.00000000
443.00000000 415.00000000 0.00000000 90.00000000
292.00000000 395.00000000 0.00000000 90.00000000
292.00000000 396.00000000 1.00000000 90.00000000
543.00000000 429.00000000 0.00000000 90.00000000
186.00000000 52.00000000 1.00000000 90.00000000
400.00000000 180.00000000 4.00000000 88.00000000
180.00000000 306.00000000 0.00000000 88.00000000
317.00000000 402.00000000 0.00000000 87.00000000
155.00000000 325.00000000 0.00000000 84.00000000
54.00000000 406.00000000 2.00000000 84.00000000
264.00000000 458.00000000 0.00000000 83.00000000
521.00000000 453.00000000 0.00000000 83.00000000
55.00000000 407.00000000 0.00000000 83.00000000
407.00000000 231.00000000 0.00000000 82.00000000
236.00000000 169.00000000 1.00000000 81.00000000
77.00000000 444.00000000 1.00000000 81.00000000
376.00000000 136.00000000 0.00000000 80.00000000
226.00000000 305.00000000 0.00000000 79.00000000
225.00000000 379.00000000 0.00000000 78.00000000
402.00000000 178.00000000 2.00000000 78.00000000
214.00000000 305.00000000 1.00000000 76.00000000
