231.00000000 74.00000000 0.00000000 542.00000000
533.00000000 428.00000000 0.00000000 523.00000000
137.00000000 74.00000000 0.00000000 496.00000000
170.00000000 62.00000000 0.00000000 488.00000000
523.00000000 427.00000000 0.00000000 470.00000000
239.00000000 184.00000000 0.00000000 464.00000000
141.00000000 89.00000000 1.00000000 458.00000000
443.00000000 240.00000000 0.00000000 449.00000000
512.00000000 426.00000000 0.00000000 446.00000000
234.00000000 90.00000000 2.00000000 441.00000000
236.00000000 90.00000000 2.00000000 439.00000000
237.00000000 88.00000000 1.00000000 428.00000000
376.00000000 125.00000000 0.00000000 415.00000000
236.00000000 89.00000000 1.00000000 409.00000000
238.00000000 185.00000000 1.00000000 402.00000000
142.00000000 89.00000000 1.00000000 401.00000000
328.00000000 240.00000000 0.00000000 400.00000000
486.00000000 226.00000000 0.00000000 393.00000000
408.00000000 211.00000000 0.00000000 391.00000000
328.00000000 240.00000000 1.00000000 386.00000000
142.00000000 90.00000000 2.00000000 381.00000000
377.00000000 143.00000000 0.00000000 373.00000000
408.00000000 212.00000000 1.00000000 371.00000000
443.00000000 240.00000000 1.00000000 364.00000000
236.00000000 92.00000000 4.00000000 361.00000000
142.00000000 89.00000000 0.00000000 356.00000000
377.00000000 128.00000000 1.00000000 353.00000000
533.00000000 428.00000000 1.00000000 342.00000000
246.00000000 239.00000000 0.00000000 337.00000000
238.00000000 87.00000000 0.00000000 336.00000000
237.00000000 185.00000000 1.00000000 335.00000000
377.00000000 128.00000000 1.00000000 318.00000000
255.00000000 455.00000000 0.00000000 318.00000000
516.00000000 253.00000000 0.00000000 306.00000000
379.00000000 150.00000000 0.00000000 288.00000000
224.00000000 432.00000000 0.00000000 281.00000000
171.00000000 62.00000000 1.00000000 276.00000000
232.00000000 74.00000000 1.00000000 273.00000000
187.00000000 52.00000000 1.00000000 270.00000000
186.00000000 51.00000000 0.00000000 270.00000000
523.00000000 427.00000000 1.00000000 262.00000000
231.00000000 113.00000000 5.00000000 259.00000000
377.00000000 144.00000000 1.00000000 254.00000000
512.00000000 426.00000000 1.00000000 251.00000000
138.00000000 75.00000000 1.00000000 249.00000000
224.00000000 458.00000000 0.00000000 248.00000000
236.00000000 226.00000000 0.00000000 245.00000000
509.00000000 247.00000000 0.00000000 244.00000000
264.00000000 458.00000000 0.00000000 239.00000000
408.00000000 212.00000000 1.00000000 237.00000000
238.00000000 118.00000000 0.00000000 234.00000000
382.00000000 156.00000000 0.00000000 233.00000000
328.00000000 239.00000000 1.00000000 228.00000000
500.00000000 425.00000000 0.00000000 217.00000000
237.00000000 147.00000000 0.00000000 213.00000000
184.00000000 64.00000000 0.00000000 212.00000000
238.00000000 239.00000000 0.00000000 211.00000000
583.00000000 235.00000000 1.00000000 209.00000000
378.00000000 130.00000000 2.00000000 207.00000000
237.00000000 227.00000000 1.00000000 206.00000000
238.00000000 186.00000000 2.00000000 203.00000000
442.00000000 239.00000000 1.00000000 197.00000000
275.00000000 306.00000000 0.00000000 195.00000000
72.00000000 399.00000000 1.00000000 194.00000000
141.00000000 90.00000000 2.00000000 193.00000000
517.00000000 253.00000000 1.00000000 190.00000000
407.00000000 241.00000000 0.00000000 188.00000000
558.00000000 267.00000000 0.00000000 187.00000000
495.00000000 226.00000000 0.00000000 187.00000000
72.00000000 398.00000000 0.00000000 185.00000000
55.00000000 443.00000000 0.00000000 178.00000000
238.00000000 119.00000000 1.00000000 176.00000000
486.00000000 227.00000000 1.00000000 175.00000000
442.00000000 238.00000000 2.00000000 173.00000000
186.00000000 52.00000000 1.00000000 172.00000000
448.00000000 392.00000000 0.00000000 172.00000000
582.00000000 234.00000000 0.00000000 171.00000000
326.00000000 236.00000000 2.00000000 169.00000000
247.00000000 240.00000000 1.00000000 166.00000000
200.00000000 284.00000000 1.00000000 163.00000000
168.00000000 327.00000000 0.00000000 163.00000000
543.00000000 429.00000000 0.00000000 161.00000000
161.00000000 325.00000000 0.00000000 158.00000000
582.00000000 236.00000000 1.00000000 157.00000000
559.00000000 269.00000000 1.00000000 156.00000000
236.00000000 158.00000000 0.00000000 155.00000000
401.00000000 178.00000000 2.00000000 155.00000000
237.00000000 108.00000000 0.00000000 155.00000000
72.00000000 423.00000000 1.00000000 154.00000000
236.00000000 198.00000000 0.00000000 154.00000000
130.00000000 318.00000000 0.00000000 152.00000000
237.00000000 147.00000000 1.00000000 152.00000000
225.00000000 433.00000000 1.00000000 152.00000000
246.00000000 283.00000000 0.00000000 152.00000000
403.00000000 182.00000000 0.00000000 152.00000000
408.00000000 214.00000000 2.00000000 151.00000000
141.00000000 338.00000000 0.00000000 151.00000000
469.00000000 255.00000000 0.00000000 151.00000000
243.00000000 375.00000000 0.00000000 150.00000000
275.00000000 307.00000000 1.00000000 148.00000000
55.00000000 426.00000000 1.00000000 148.00000000
407.00000000 229.00000000 0.00000000 148.00000000
200.00000000 284.00000000 0.00000000 147.00000000
54.00000000 425.00000000 0.00000000 147.00000000
371.00000000 199.00000000 0.00000000 146.00000000
400.00000000 180.00000000 4.00000000 145.00000000
237.00000000 198.00000000 1.00000000 144.00000000
255.00000000 302.00000000 1.00000000 143.00000000
225.00000000 304.00000000 0.00000000 143.00000000
55.00000000 444.00000000 1.00000000 142.00000000
440.00000000 391.00000000 0.00000000 141.00000000
48.00000000 407.00000000 0.00000000 141.00000000
195.00000000 84.00000000 0.00000000 139.00000000
55.00000000 399.00000000 0.00000000 139.00000000
166.00000000 197.00000000 0.00000000 139.00000000
225.00000000 446.00000000 0.00000000 137.00000000
180.00000000 306.00000000 0.00000000 137.00000000
154.00000000 325.00000000 0.00000000 133.00000000
441.00000000 237.00000000 2.00000000 132.00000000
236.00000000 169.00000000 1.00000000 132.00000000
200.00000000 284.00000000 1.00000000 130.00000000
584.00000000 238.00000000 2.00000000 130.00000000
72.00000000 401.00000000 1.00000000 127.00000000
214.00000000 305.00000000 1.00000000 124.00000000
72.00000000 425.00000000 1.00000000 123.00000000
77.00000000 444.00000000 1.00000000 119.00000000
53.00000000 428.00000000 1.00000000 116.00000000
