533.00000000 427.00000000 0.00000000 867.00000000
512.00000000 425.00000000 0.00000000 834.00000000
522.00000000 427.00000000 0.00000000 759.00000000
354.00000000 176.00000000 0.00000000 659.00000000
237.00000000 90.00000000 1.00000000 628.00000000
130.00000000 318.00000000 0.00000000 611.00000000
141.00000000 91.00000000 1.00000000 597.00000000
141.00000000 91.00000000 1.00000000 592.00000000
236.00000000 89.00000000 0.00000000 577.00000000
236.00000000 90.00000000 1.00000000 574.00000000
377.00000000 144.00000000 0.00000000 572.00000000
231.00000000 74.00000000 0.00000000 552.00000000
170.00000000 62.00000000 0.00000000 545.00000000
485.00000000 446.00000000 0.00000000 544.00000000
142.00000000 90.00000000 0.00000000 534.00000000
131.00000000 318.00000000 1.00000000 523.00000000
558.00000000 267.00000000 0.00000000 522.00000000
77.00000000 440.00000000 0.00000000 521.00000000
509.00000000 247.00000000 0.00000000 515.00000000
533.00000000 427.00000000 1.00000000 493.00000000
443.00000000 240.00000000 0.00000000 490.00000000
255.00000000 455.00000000 0.00000000 482.00000000
593.00000000 260.00000000 0.00000000 481.00000000
137.00000000 74.00000000 0.00000000 480.00000000
239.00000000 184.00000000 0.00000000 479.00000000
485.00000000 446.00000000 1.00000000 473.00000000
495.00000000 386.00000000 0.00000000 472.00000000
238.00000000 185.00000000 1.00000000 471.00000000
466.00000000 442.00000000 1.00000000 471.00000000
140.00000000 92.00000000 2.00000000 468.00000000
369.00000000 251.00000000 0.00000000 467.00000000
236.00000000 92.00000000 2.00000000 467.00000000
395.00000000 175.00000000 0.00000000 467.00000000
516.00000000 253.00000000 0.00000000 463.00000000
264.00000000 458.00000000 0.00000000 463.00000000
328.00000000 240.00000000 0.00000000 461.00000000
161.00000000 325.00000000 0.00000000 458.00000000
328.00000000 240.00000000 1.00000000 452.00000000
77.00000000 441.00000000 1.00000000 449.00000000
442.00000000 409.00000000 1.00000000 436.00000000
156.00000000 161.00000000 0.00000000 433.00000000
106.00000000 292.00000000 0.00000000 433.00000000
593.00000000 260.00000000 1.00000000 433.00000000
237.00000000 185.00000000 1.00000000 428.00000000
591.00000000 267.00000000 0.00000000 416.00000000
547.00000000 391.00000000 0.00000000 416.00000000
354.00000000 176.00000000 1.00000000 408.00000000
304.00000000 398.00000000 0.00000000 405.00000000
370.00000000 200.00000000 0.00000000 405.00000000
382.00000000 156.00000000 0.00000000 400.00000000
559.00000000 269.00000000 1.00000000 396.00000000
443.00000000 240.00000000 1.00000000 394.00000000
168.00000000 327.00000000 0.00000000 394.00000000
469.00000000 255.00000000 0.00000000 391.00000000
624.00000000 267.00000000 0.00000000 387.00000000
154.00000000 325.00000000 0.00000000 383.00000000
234.00000000 93.00000000 2.00000000 382.00000000
465.00000000 440.00000000 0.00000000 380.00000000
316.00000000 401.00000000 0.00000000 380.00000000
144.00000000 139.00000000 0.00000000 380.00000000
141.00000000 337.00000000 0.00000000 377.00000000
558.00000000 260.00000000 0.00000000 370.00000000
378.00000000 144.00000000 1.00000000 362.00000000
498.00000000 227.00000000 1.00000000 356.00000000
512.00000000 426.00000000 1.00000000 356.00000000
246.00000000 283.00000000 1.00000000 354.00000000
236.00000000 140.00000000 0.00000000 353.00000000
236.00000000 226.00000000 0.00000000 352.00000000
624.00000000 268.00000000 1.00000000 351.00000000
161.00000000 125.00000000 0.00000000 346.00000000
460.00000000 376.00000000 0.00000000 343.00000000
304.00000000 398.00000000 1.00000000 338.00000000
523.00000000 427.00000000 1.00000000 337.00000000
330.00000000 405.00000000 0.00000000 337.00000000
238.00000000 186.00000000 2.00000000 333.00000000
291.00000000 394.00000000 0.00000000 332.00000000
407.00000000 241.00000000 0.00000000 331.00000000
407.00000000 197.00000000 1.00000000 331.00000000
554.00000000 430.00000000 0.00000000 329.00000000
232.00000000 74.00000000 1.00000000 329.00000000
358.00000000 247.00000000 0.00000000 326.00000000
557.00000000 243.00000000 0.00000000 325.00000000
237.00000000 240.00000000 0.00000000 324.00000000
407.00000000 195.00000000 0.00000000 324.00000000
156.00000000 219.00000000 0.00000000 324.00000000
592.00000000 260.00000000 1.00000000 324.00000000
330.00000000 405.00000000 1.00000000 322.00000000
157.00000000 161.00000000 1.00000000 322.00000000
171.00000000 62.00000000 1.00000000 319.00000000
442.00000000 410.00000000 0.00000000 317.00000000
317.00000000 402.00000000 1.00000000 316.00000000
465.00000000 444.00000000 1.00000000 316.00000000
449.00000000 395.00000000 0.00000000 316.00000000
153.00000000 331.00000000 0.00000000 315.00000000
396.00000000 176.00000000 1.00000000 310.00000000
246.00000000 239.00000000 0.00000000 310.00000000
236.00000000 96.00000000 4.00000000 310.00000000
485.00000000 446.00000000 1.00000000 309.00000000
246.00000000 283.00000000 0.00000000 309.00000000
175.00000000 79.00000000 1.00000000 308.00000000
175.00000000 78.00000000 0.00000000 307.00000000
407.00000000 196.00000000 1.00000000 306.00000000
131.00000000 349.00000000 0.00000000 305.00000000
408.00000000 211.00000000 0.00000000 301.00000000
370.00000000 201.00000000 1.00000000 301.00000000
246.00000000 282.00000000 1.00000000 299.00000000
448.00000000 395.00000000 1.00000000 298.00000000
486.00000000 226.00000000 0.00000000 297.00000000
369.00000000 251.00000000 1.00000000 293.00000000
408.00000000 198.00000000 2.00000000 285.00000000
326.00000000 236.00000000 2.00000000 277.00000000
442.00000000 238.00000000 2.00000000 261.00000000
76.00000000 442.00000000 1.00000000 252.00000000
407.00000000 214.00000000 1.00000000 250.00000000
141.00000000 93.00000000 2.00000000 242.00000000
131.00000000 318.00000000 1.00000000 241.00000000
234.00000000 186.00000000 2.00000000 240.00000000
200.00000000 284.00000000 1.00000000 237.00000000
497.00000000 227.00000000 1.00000000 235.00000000
173.00000000 79.00000000 1.00000000 234.00000000
374.00000000 398.00000000 1.00000000 233.00000000
594.00000000 260.00000000 2.00000000 229.00000000
328.00000000 240.00000000 1.00000000 222.00000000
366.00000000 212.00000000 2.00000000 218.00000000
231.00000000 144.00000000 2.00000000 189.00000000
232.00000000 144.00000000 4.00000000 185.00000000
237.00000000 101.00000000 5.00000000 153.00000000
