395.00000000 176.00000000 0.00000000 687.00000000
237.00000000 90.00000000 1.00000000 635.00000000
275.00000000 307.00000000 0.00000000 618.00000000
55.00000000 443.00000000 0.00000000 604.00000000
170.00000000 62.00000000 0.00000000 600.00000000
236.00000000 89.00000000 0.00000000 582.00000000
236.00000000 91.00000000 1.00000000 569.00000000
328.00000000 240.00000000 0.00000000 560.00000000
137.00000000 75.00000000 0.00000000 559.00000000
231.00000000 74.00000000 0.00000000 557.00000000
236.00000000 92.00000000 2.00000000 556.00000000
487.00000000 226.00000000 0.00000000 555.00000000
142.00000000 90.00000000 0.00000000 529.00000000
54.00000000 444.00000000 1.00000000 527.00000000
142.00000000 91.00000000 1.00000000 526.00000000
141.00000000 91.00000000 1.00000000 522.00000000
275.00000000 314.00000000 0.00000000 517.00000000
487.00000000 227.00000000 1.00000000 514.00000000
328.00000000 240.00000000 1.00000000 498.00000000
234.00000000 93.00000000 2.00000000 486.00000000
238.00000000 186.00000000 1.00000000 471.00000000
140.00000000 92.00000000 2.00000000 464.00000000
187.00000000 160.00000000 0.00000000 445.00000000
275.00000000 308.00000000 1.00000000 444.00000000
547.00000000 391.00000000 0.00000000 437.00000000
247.00000000 282.00000000 1.00000000 434.00000000
195.00000000 31.00000000 1.00000000 433.00000000
331.00000000 405.00000000 1.00000000 427.00000000
72.00000000 403.00000000 0.00000000 427.00000000
396.00000000 176.00000000 1.00000000 426.00000000
53.00000000 428.00000000 1.00000000 425.00000000
304.00000000 398.00000000 1.00000000 415.00000000
238.00000000 185.00000000 0.00000000 401.00000000
443.00000000 240.00000000 0.00000000 400.00000000
236.00000000 96.00000000 4.00000000 399.00000000
471.00000000 434.00000000 0.00000000 398.00000000
237.00000000 241.00000000 0.00000000 397.00000000
495.00000000 386.00000000 0.00000000 396.00000000
242.00000000 378.00000000 2.00000000 386.00000000
212.00000000 332.00000000 0.00000000 385.00000000
274.00000000 308.00000000 1.00000000 385.00000000
487.00000000 227.00000000 1.00000000 374.00000000
54.00000000 427.00000000 1.00000000 373.00000000
171.00000000 63.00000000 1.00000000 372.00000000
499.00000000 426.00000000 0.00000000 368.00000000
243.00000000 375.00000000 0.00000000 365.00000000
232.00000000 75.00000000 1.00000000 360.00000000
201.00000000 283.00000000 1.00000000 360.00000000
471.00000000 434.00000000 1.00000000 359.00000000
243.00000000 376.00000000 1.00000000 357.00000000
48.00000000 408.00000000 0.00000000 349.00000000
243.00000000 376.00000000 1.00000000 348.00000000
379.00000000 150.00000000 0.00000000 347.00000000
237.00000000 185.00000000 1.00000000 347.00000000
317.00000000 401.00000000 1.00000000 346.00000000
247.00000000 282.00000000 1.00000000 343.00000000
376.00000000 130.00000000 1.00000000 340.00000000
408.00000000 211.00000000 0.00000000 340.00000000
353.00000000 176.00000000 0.00000000 335.00000000
138.00000000 76.00000000 1.00000000 332.00000000
304.00000000 398.00000000 0.00000000 323.00000000
258.00000000 341.00000000 0.00000000 322.00000000
274.00000000 310.00000000 2.00000000 318.00000000
447.00000000 251.00000000 0.00000000 317.00000000
240.00000000 379.00000000 2.00000000 312.00000000
195.00000000 31.00000000 1.00000000 311.00000000
376.00000000 130.00000000 1.00000000 310.00000000
53.00000000 401.00000000 1.00000000 308.00000000
71.00000000 403.00000000 1.00000000 308.00000000
254.00000000 302.00000000 1.00000000 308.00000000
330.00000000 405.00000000 0.00000000 306.00000000
202.00000000 282.00000000 1.00000000 306.00000000
213.00000000 305.00000000 1.00000000 305.00000000
214.00000000 304.00000000 1.00000000 305.00000000
52.00000000 430.00000000 2.00000000 303.00000000
443.00000000 240.00000000 1.00000000 301.00000000
195.00000000 31.00000000 0.00000000 301.00000000
328.00000000 240.00000000 1.00000000 298.00000000
238.00000000 119.00000000 0.00000000 298.00000000
249.00000000 330.00000000 0.00000000 297.00000000
225.00000000 304.00000000 0.00000000 292.00000000
332.00000000 407.00000000 1.00000000 289.00000000
408.00000000 212.00000000 1.00000000 285.00000000
388.00000000 210.00000000 0.00000000 283.00000000
383.00000000 251.00000000 0.00000000 282.00000000
258.00000000 329.00000000 0.00000000 278.00000000
138.00000000 93.00000000 2.00000000 275.00000000
166.00000000 198.00000000 0.00000000 274.00000000
292.00000000 395.00000000 1.00000000 273.00000000
188.00000000 161.00000000 1.00000000 272.00000000
546.00000000 392.00000000 1.00000000 271.00000000
52.00000000 404.00000000 2.00000000 262.00000000
399.00000000 197.00000000 0.00000000 261.00000000
294.00000000 303.00000000 0.00000000 257.00000000
292.00000000 395.00000000 0.00000000 256.00000000
53.00000000 445.00000000 1.00000000 256.00000000
54.00000000 426.00000000 0.00000000 255.00000000
307.00000000 229.00000000 0.00000000 254.00000000
238.00000000 119.00000000 1.00000000 253.00000000
55.00000000 401.00000000 1.00000000 253.00000000
376.00000000 125.00000000 0.00000000 253.00000000
495.00000000 388.00000000 1.00000000 248.00000000
237.00000000 226.00000000 0.00000000 247.00000000
230.00000000 230.00000000 0.00000000 246.00000000
55.00000000 400.00000000 0.00000000 246.00000000
246.00000000 323.00000000 0.00000000 244.00000000
318.00000000 402.00000000 0.00000000 244.00000000
246.00000000 240.00000000 0.00000000 242.00000000
397.00000000 218.00000000 0.00000000 241.00000000
371.00000000 199.00000000 0.00000000 241.00000000
237.00000000 101.00000000 5.00000000 239.00000000
213.00000000 275.00000000 0.00000000 238.00000000
488.00000000 228.00000000 2.00000000 237.00000000
180.00000000 295.00000000 0.00000000 237.00000000
189.00000000 342.00000000 0.00000000 230.00000000
495.00000000 227.00000000 0.00000000 225.00000000
180.00000000 306.00000000 0.00000000 224.00000000
368.00000000 156.00000000 0.00000000 223.00000000
246.00000000 283.00000000 0.00000000 222.00000000
231.00000000 141.00000000 2.00000000 222.00000000
21.00000000 452.00000000 0.00000000 221.00000000
214.00000000 301.00000000 0.00000000 219.00000000
218.00000000 221.00000000 0.00000000 215.00000000
205.00000000 226.00000000 0.00000000 214.00000000
573.00000000 430.00000000 0.00000000 214.00000000
232.00000000 140.00000000 4.00000000 203.00000000
214.00000000 306.00000000 2.00000000 195.00000000
