649.00000000 323.00000000 0.00000000 710.00000000
741.00000000 318.00000000 0.00000000 645.00000000
709.00000000 319.00000000 0.00000000 533.00000000
741.00000000 319.00000000 1.00000000 518.00000000
664.00000000 288.00000000 0.00000000 517.00000000
651.00000000 272.00000000 0.00000000 505.00000000
779.00000000 317.00000000 0.00000000 501.00000000
669.00000000 323.00000000 0.00000000 486.00000000
705.00000000 277.00000000 0.00000000 471.00000000
584.00000000 401.00000000 0.00000000 453.00000000
719.00000000 319.00000000 0.00000000 452.00000000
629.00000000 413.00000000 1.00000000 450.00000000
681.00000000 277.00000000 0.00000000 437.00000000
564.00000000 359.00000000 0.00000000 435.00000000
735.00000000 284.00000000 0.00000000 411.00000000
622.00000000 324.00000000 0.00000000 402.00000000
615.00000000 316.00000000 0.00000000 400.00000000
640.00000000 446.00000000 2.00000000 373.00000000
629.00000000 413.00000000 0.00000000 368.00000000
564.00000000 360.00000000 1.00000000 366.00000000
729.00000000 318.00000000 0.00000000 350.00000000
700.00000000 324.00000000 0.00000000 341.00000000
649.00000000 324.00000000 1.00000000 336.00000000
719.00000000 320.00000000 1.00000000 326.00000000
583.00000000 402.00000000 1.00000000 317.00000000
384.00000000 260.00000000 5.00000000 313.00000000
669.00000000 324.00000000 1.00000000 312.00000000
664.00000000 289.00000000 1.00000000 310.00000000
384.00000000 256.00000000 4.00000000 310.00000000
639.00000000 272.00000000 0.00000000 308.00000000
750.00000000 317.00000000 0.00000000 300.00000000
779.00000000 317.00000000 1.00000000 300.00000000
593.00000000 350.00000000 0.00000000 287.00000000
639.00000000 445.00000000 1.00000000 285.00000000
381.00000000 251.00000000 2.00000000 275.00000000
755.00000000 276.00000000 0.00000000 274.00000000
682.00000000 319.00000000 1.00000000 270.00000000
651.00000000 272.00000000 1.00000000 268.00000000
608.00000000 339.00000000 0.00000000 256.00000000
787.00000000 463.00000000 0.00000000 253.00000000
753.00000000 287.00000000 0.00000000 253.00000000
213.00000000 366.00000000 1.00000000 252.00000000
730.00000000 319.00000000 1.00000000 251.00000000
762.00000000 287.00000000 0.00000000 246.00000000
608.00000000 428.00000000 1.00000000 245.00000000
641.00000000 325.00000000 1.00000000 244.00000000
564.00000000 308.00000000 4.00000000 239.00000000
629.00000000 412.00000000 1.00000000 234.00000000
608.00000000 428.00000000 0.00000000 233.00000000
642.00000000 449.00000000 0.00000000 230.00000000
695.00000000 338.00000000 0.00000000 229.00000000
590.00000000 340.00000000 0.00000000 225.00000000
606.00000000 323.00000000 0.00000000 223.00000000
692.00000000 320.00000000 0.00000000 222.00000000
622.00000000 452.00000000 0.00000000 222.00000000
376.00000000 212.00000000 2.00000000 220.00000000
171.00000000 316.00000000 0.00000000 219.00000000
668.00000000 330.00000000 0.00000000 218.00000000
709.00000000 319.00000000 1.00000000 217.00000000
639.00000000 446.00000000 2.00000000 216.00000000
735.00000000 285.00000000 1.00000000 216.00000000
289.00000000 330.00000000 0.00000000 216.00000000
631.00000000 325.00000000 0.00000000 215.00000000
639.00000000 272.00000000 1.00000000 213.00000000
640.00000000 325.00000000 0.00000000 210.00000000
621.00000000 450.00000000 1.00000000 209.00000000
726.00000000 329.00000000 0.00000000 208.00000000
568.00000000 302.00000000 2.00000000 206.00000000
582.00000000 403.00000000 1.00000000 205.00000000
149.00000000 265.00000000 0.00000000 204.00000000
688.00000000 337.00000000 0.00000000 200.00000000
147.00000000 216.00000000 0.00000000 200.00000000
213.00000000 366.00000000 0.00000000 200.00000000
750.00000000 317.00000000 1.00000000 199.00000000
309.00000000 356.00000000 0.00000000 195.00000000
681.00000000 319.00000000 1.00000000 195.00000000
606.00000000 427.00000000 1.00000000 193.00000000
742.00000000 335.00000000 0.00000000 193.00000000
762.00000000 289.00000000 1.00000000 191.00000000
620.00000000 451.00000000 1.00000000 191.00000000
625.00000000 344.00000000 0.00000000 190.00000000
564.00000000 360.00000000 1.00000000 189.00000000
147.00000000 216.00000000 1.00000000 189.00000000
615.00000000 317.00000000 1.00000000 189.00000000
712.00000000 280.00000000 0.00000000 188.00000000
632.00000000 325.00000000 1.00000000 187.00000000
622.00000000 325.00000000 1.00000000 186.00000000
376.00000000 212.00000000 2.00000000 186.00000000
641.00000000 448.00000000 1.00000000 186.00000000
620.00000000 452.00000000 2.00000000 185.00000000
701.00000000 324.00000000 1.00000000 180.00000000
212.00000000 364.00000000 1.00000000 179.00000000
752.00000000 288.00000000 1.00000000 177.00000000
599.00000000 327.00000000 0.00000000 176.00000000
608.00000000 342.00000000 1.00000000 176.00000000
714.00000000 303.00000000 0.00000000 175.00000000
573.00000000 373.00000000 0.00000000 175.00000000
741.00000000 319.00000000 1.00000000 174.00000000
633.00000000 427.00000000 1.00000000 173.00000000
705.00000000 278.00000000 1.00000000 173.00000000
721.00000000 298.00000000 0.00000000 173.00000000
687.00000000 289.00000000 0.00000000 172.00000000
195.00000000 255.00000000 0.00000000 172.00000000
760.00000000 320.00000000 0.00000000 171.00000000
721.00000000 304.00000000 0.00000000 169.00000000
565.00000000 325.00000000 1.00000000 168.00000000
590.00000000 340.00000000 1.00000000 167.00000000
702.00000000 281.00000000 1.00000000 167.00000000
377.00000000 295.00000000 0.00000000 166.00000000
386.00000000 284.00000000 2.00000000 166.00000000
566.00000000 326.00000000 2.00000000 164.00000000
309.00000000 367.00000000 0.00000000 164.00000000
377.00000000 296.00000000 1.00000000 164.00000000
671.00000000 58.00000000 0.00000000 163.00000000
384.00000000 252.00000000 2.00000000 160.00000000
679.00000000 328.00000000 0.00000000 159.00000000
185.00000000 265.00000000 0.00000000 158.00000000
528.00000000 67.00000000 0.00000000 157.00000000
197.00000000 314.00000000 0.00000000 155.00000000
680.00000000 319.00000000 0.00000000 153.00000000
620.00000000 382.00000000 0.00000000 153.00000000
144.00000000 212.00000000 2.00000000 150.00000000
439.00000000 470.00000000 1.00000000 146.00000000
438.00000000 470.00000000 2.00000000 144.00000000
384.00000000 253.00000000 1.00000000 138.00000000
145.00000000 213.00000000 1.00000000 135.00000000
514.00000000 80.00000000 1.00000000 133.00000000
