779.00000000 317.00000000 0.00000000 591.00000000
681.00000000 277.00000000 0.00000000 464.00000000
663.00000000 289.00000000 0.00000000 447.00000000
705.00000000 277.00000000 0.00000000 403.00000000
651.00000000 271.00000000 0.00000000 399.00000000
741.00000000 318.00000000 0.00000000 379.00000000
622.00000000 323.00000000 0.00000000 362.00000000
649.00000000 323.00000000 0.00000000 362.00000000
779.00000000 317.00000000 1.00000000 358.00000000
615.00000000 316.00000000 0.00000000 352.00000000
623.00000000 325.00000000 1.00000000 343.00000000
762.00000000 287.00000000 0.00000000 336.00000000
701.00000000 318.00000000 0.00000000 331.00000000
681.00000000 319.00000000 1.00000000 313.00000000
663.00000000 289.00000000 1.00000000 310.00000000
314.00000000 368.00000000 1.00000000 308.00000000
314.00000000 367.00000000 0.00000000 308.00000000
617.00000000 453.00000000 1.00000000 306.00000000
746.00000000 328.00000000 0.00000000 305.00000000
617.00000000 453.00000000 0.00000000 304.00000000
565.00000000 361.00000000 1.00000000 292.00000000
608.00000000 338.00000000 0.00000000 290.00000000
564.00000000 363.00000000 1.00000000 289.00000000
300.00000000 344.00000000 4.00000000 283.00000000
634.00000000 358.00000000 2.00000000 280.00000000
634.00000000 354.00000000 1.00000000 279.00000000
721.00000000 298.00000000 0.00000000 277.00000000
752.00000000 288.00000000 1.00000000 274.00000000
681.00000000 319.00000000 1.00000000 272.00000000
680.00000000 319.00000000 0.00000000 267.00000000
623.00000000 325.00000000 1.00000000 263.00000000
688.00000000 337.00000000 0.00000000 262.00000000
741.00000000 318.00000000 1.00000000 261.00000000
633.00000000 359.00000000 2.00000000 257.00000000
641.00000000 325.00000000 1.00000000 257.00000000
302.00000000 345.00000000 2.00000000 255.00000000
565.00000000 359.00000000 0.00000000 252.00000000
311.00000000 356.00000000 1.00000000 248.00000000
316.00000000 376.00000000 0.00000000 248.00000000
714.00000000 302.00000000 0.00000000 247.00000000
753.00000000 287.00000000 0.00000000 244.00000000
649.00000000 324.00000000 1.00000000 243.00000000
640.00000000 325.00000000 0.00000000 241.00000000
761.00000000 319.00000000 1.00000000 239.00000000
752.00000000 288.00000000 1.00000000 238.00000000
687.00000000 360.00000000 0.00000000 236.00000000
693.00000000 297.00000000 0.00000000 235.00000000
528.00000000 67.00000000 0.00000000 233.00000000
760.00000000 319.00000000 0.00000000 232.00000000
688.00000000 353.00000000 1.00000000 231.00000000
639.00000000 272.00000000 0.00000000 230.00000000
603.00000000 448.00000000 0.00000000 227.00000000
604.00000000 449.00000000 1.00000000 225.00000000
742.00000000 335.00000000 0.00000000 225.00000000
738.00000000 296.00000000 1.00000000 221.00000000
670.00000000 323.00000000 0.00000000 216.00000000
739.00000000 295.00000000 1.00000000 214.00000000
634.00000000 353.00000000 1.00000000 214.00000000
608.00000000 340.00000000 1.00000000 213.00000000
690.00000000 354.00000000 2.00000000 208.00000000
603.00000000 451.00000000 1.00000000 207.00000000
701.00000000 285.00000000 1.00000000 207.00000000
630.00000000 342.00000000 0.00000000 206.00000000
632.00000000 360.00000000 4.00000000 206.00000000
683.00000000 572.00000000 0.00000000 204.00000000
708.00000000 321.00000000 0.00000000 203.00000000
678.00000000 328.00000000 0.00000000 198.00000000
586.00000000 468.00000000 2.00000000 196.00000000
651.00000000 272.00000000 1.00000000 196.00000000
683.00000000 573.00000000 1.00000000 195.00000000
564.00000000 364.00000000 2.00000000 195.00000000
593.00000000 429.00000000 1.00000000 191.00000000
606.00000000 323.00000000 0.00000000 189.00000000
712.00000000 280.00000000 0.00000000 188.00000000
660.00000000 448.00000000 2.00000000 188.00000000
565.00000000 311.00000000 5.00000000 188.00000000
700.00000000 286.00000000 0.00000000 187.00000000
568.00000000 299.00000000 2.00000000 186.00000000
713.00000000 287.00000000 0.00000000 185.00000000
660.00000000 448.00000000 1.00000000 181.00000000
748.00000000 319.00000000 0.00000000 180.00000000
747.00000000 328.00000000 1.00000000 179.00000000
316.00000000 377.00000000 1.00000000 176.00000000
596.00000000 430.00000000 2.00000000 175.00000000
688.00000000 339.00000000 1.00000000 175.00000000
606.00000000 346.00000000 1.00000000 173.00000000
596.00000000 430.00000000 0.00000000 171.00000000
648.00000000 330.00000000 0.00000000 169.00000000
755.00000000 276.00000000 0.00000000 169.00000000
718.00000000 320.00000000 0.00000000 167.00000000
671.00000000 296.00000000 1.00000000 167.00000000
687.00000000 361.00000000 1.00000000 166.00000000
680.00000000 328.00000000 1.00000000 166.00000000
585.00000000 469.00000000 1.00000000 166.00000000
673.00000000 372.00000000 1.00000000 165.00000000
752.00000000 290.00000000 2.00000000 165.00000000
676.00000000 340.00000000 0.00000000 163.00000000
311.00000000 356.00000000 0.00000000 161.00000000
687.00000000 289.00000000 1.00000000 160.00000000
673.00000000 371.00000000 0.00000000 159.00000000
662.00000000 448.00000000 1.00000000 159.00000000
649.00000000 325.00000000 1.00000000 159.00000000
690.00000000 352.00000000 1.00000000 158.00000000
596.00000000 430.00000000 1.00000000 158.00000000
146.00000000 212.00000000 2.00000000 155.00000000
614.00000000 317.00000000 1.00000000 154.00000000
702.00000000 282.00000000 1.00000000 150.00000000
659.00000000 446.00000000 2.00000000 148.00000000
609.00000000 290.00000000 0.00000000 147.00000000
729.00000000 295.00000000 0.00000000 147.00000000
501.00000000 67.00000000 0.00000000 146.00000000
708.00000000 322.00000000 1.00000000 144.00000000
688.00000000 288.00000000 0.00000000 143.00000000
313.00000000 367.00000000 1.00000000 141.00000000
692.00000000 584.00000000 0.00000000 140.00000000
739.00000000 294.00000000 0.00000000 139.00000000
670.00000000 298.00000000 0.00000000 137.00000000
171.00000000 316.00000000 0.00000000 134.00000000
654.00000000 356.00000000 0.00000000 130.00000000
652.00000000 345.00000000 0.00000000 129.00000000
652.00000000 290.00000000 0.00000000 127.00000000
149.00000000 265.00000000 0.00000000 126.00000000
634.00000000 351.00000000 0.00000000 125.00000000
596.00000000 424.00000000 0.00000000 122.00000000
731.00000000 337.00000000 0.00000000 120.00000000
690.00000000 352.00000000 0.00000000 120.00000000
709.00000000 474.00000000 0.00000000 117.00000000
