649.00000000 323.00000000 0.00000000 820.00000000
648.00000000 446.00000000 2.00000000 787.00000000
647.00000000 446.00000000 2.00000000 742.00000000
741.00000000 318.00000000 0.00000000 619.00000000
709.00000000 319.00000000 0.00000000 607.00000000
647.00000000 445.00000000 1.00000000 604.00000000
779.00000000 317.00000000 0.00000000 598.00000000
697.00000000 291.00000000 0.00000000 592.00000000
719.00000000 319.00000000 0.00000000 563.00000000
626.00000000 300.00000000 1.00000000 561.00000000
740.00000000 319.00000000 1.00000000 499.00000000
669.00000000 323.00000000 0.00000000 489.00000000
171.00000000 316.00000000 0.00000000 488.00000000
622.00000000 324.00000000 0.00000000 480.00000000
648.00000000 448.00000000 4.00000000 469.00000000
729.00000000 318.00000000 0.00000000 449.00000000
625.00000000 299.00000000 0.00000000 447.00000000
700.00000000 324.00000000 0.00000000 442.00000000
615.00000000 316.00000000 0.00000000 434.00000000
719.00000000 320.00000000 1.00000000 427.00000000
669.00000000 283.00000000 0.00000000 421.00000000
149.00000000 265.00000000 0.00000000 419.00000000
648.00000000 445.00000000 1.00000000 417.00000000
649.00000000 324.00000000 1.00000000 407.00000000
750.00000000 317.00000000 0.00000000 400.00000000
197.00000000 315.00000000 1.00000000 394.00000000
568.00000000 374.00000000 0.00000000 393.00000000
197.00000000 314.00000000 0.00000000 387.00000000
779.00000000 317.00000000 1.00000000 380.00000000
697.00000000 291.00000000 1.00000000 378.00000000
784.00000000 461.00000000 1.00000000 356.00000000
565.00000000 361.00000000 1.00000000 356.00000000
195.00000000 255.00000000 0.00000000 355.00000000
784.00000000 461.00000000 0.00000000 347.00000000
641.00000000 325.00000000 1.00000000 343.00000000
783.00000000 542.00000000 1.00000000 342.00000000
376.00000000 296.00000000 1.00000000 342.00000000
376.00000000 296.00000000 1.00000000 338.00000000
171.00000000 265.00000000 0.00000000 330.00000000
185.00000000 265.00000000 0.00000000 329.00000000
568.00000000 374.00000000 1.00000000 325.00000000
710.00000000 290.00000000 0.00000000 324.00000000
734.00000000 284.00000000 0.00000000 314.00000000
564.00000000 362.00000000 1.00000000 308.00000000
565.00000000 360.00000000 0.00000000 306.00000000
506.00000000 95.00000000 1.00000000 301.00000000
669.00000000 324.00000000 1.00000000 301.00000000
608.00000000 338.00000000 0.00000000 297.00000000
704.00000000 277.00000000 0.00000000 296.00000000
517.00000000 120.00000000 0.00000000 292.00000000
678.00000000 284.00000000 0.00000000 290.00000000
681.00000000 319.00000000 1.00000000 290.00000000
626.00000000 299.00000000 1.00000000 289.00000000
564.00000000 304.00000000 4.00000000 289.00000000
730.00000000 319.00000000 1.00000000 280.00000000
195.00000000 257.00000000 1.00000000 278.00000000
640.00000000 325.00000000 0.00000000 275.00000000
427.00000000 434.00000000 1.00000000 274.00000000
289.00000000 330.00000000 0.00000000 273.00000000
709.00000000 319.00000000 1.00000000 269.00000000
647.00000000 287.00000000 0.00000000 267.00000000
753.00000000 286.00000000 0.00000000 265.00000000
721.00000000 298.00000000 0.00000000 265.00000000
668.00000000 330.00000000 0.00000000 259.00000000
376.00000000 295.00000000 0.00000000 258.00000000
458.00000000 128.00000000 1.00000000 258.00000000
630.00000000 325.00000000 0.00000000 257.00000000
692.00000000 320.00000000 0.00000000 256.00000000
458.00000000 129.00000000 1.00000000 256.00000000
565.00000000 299.00000000 2.00000000 256.00000000
784.00000000 490.00000000 1.00000000 253.00000000
762.00000000 290.00000000 0.00000000 253.00000000
678.00000000 285.00000000 1.00000000 251.00000000
519.00000000 92.00000000 0.00000000 251.00000000
506.00000000 95.00000000 0.00000000 251.00000000
783.00000000 541.00000000 0.00000000 251.00000000
742.00000000 335.00000000 0.00000000 244.00000000
651.00000000 270.00000000 0.00000000 244.00000000
695.00000000 338.00000000 0.00000000 242.00000000
760.00000000 320.00000000 0.00000000 241.00000000
172.00000000 317.00000000 1.00000000 240.00000000
750.00000000 317.00000000 1.00000000 239.00000000
612.00000000 102.00000000 0.00000000 239.00000000
631.00000000 326.00000000 1.00000000 239.00000000
739.00000000 294.00000000 1.00000000 236.00000000
622.00000000 325.00000000 1.00000000 235.00000000
785.00000000 506.00000000 0.00000000 232.00000000
638.00000000 270.00000000 0.00000000 232.00000000
608.00000000 342.00000000 1.00000000 231.00000000
435.00000000 473.00000000 1.00000000 231.00000000
427.00000000 435.00000000 1.00000000 230.00000000
788.00000000 352.00000000 0.00000000 227.00000000
704.00000000 278.00000000 1.00000000 226.00000000
533.00000000 178.00000000 0.00000000 222.00000000
568.00000000 296.00000000 2.00000000 219.00000000
510.00000000 110.00000000 1.00000000 218.00000000
688.00000000 337.00000000 0.00000000 218.00000000
680.00000000 319.00000000 0.00000000 217.00000000
376.00000000 271.00000000 2.00000000 214.00000000
514.00000000 80.00000000 1.00000000 213.00000000
648.00000000 444.00000000 0.00000000 211.00000000
146.00000000 212.00000000 2.00000000 211.00000000
147.00000000 216.00000000 0.00000000 211.00000000
506.00000000 94.00000000 1.00000000 211.00000000
708.00000000 295.00000000 1.00000000 209.00000000
606.00000000 323.00000000 0.00000000 208.00000000
510.00000000 110.00000000 2.00000000 206.00000000
274.00000000 304.00000000 0.00000000 205.00000000
458.00000000 200.00000000 0.00000000 204.00000000
528.00000000 67.00000000 0.00000000 203.00000000
536.00000000 125.00000000 0.00000000 203.00000000
144.00000000 212.00000000 2.00000000 203.00000000
565.00000000 311.00000000 5.00000000 202.00000000
162.00000000 316.00000000 0.00000000 202.00000000
726.00000000 329.00000000 0.00000000 200.00000000
434.00000000 472.00000000 1.00000000 200.00000000
435.00000000 481.00000000 0.00000000 199.00000000
458.00000000 128.00000000 0.00000000 199.00000000
378.00000000 276.00000000 2.00000000 199.00000000
376.00000000 298.00000000 2.00000000 196.00000000
681.00000000 319.00000000 1.00000000 196.00000000
568.00000000 294.00000000 1.00000000 187.00000000
663.00000000 74.00000000 1.00000000 185.00000000
145.00000000 214.00000000 1.00000000 184.00000000
292.00000000 394.00000000 2.00000000 183.00000000
606.00000000 346.00000000 1.00000000 182.00000000
564.00000000 364.00000000 2.00000000 181.00000000
