649.00000000 323.00000000 0.00000000 691.00000000
741.00000000 318.00000000 0.00000000 582.00000000
779.00000000 317.00000000 0.00000000 578.00000000
709.00000000 319.00000000 0.00000000 526.00000000
749.00000000 317.00000000 0.00000000 523.00000000
719.00000000 319.00000000 0.00000000 516.00000000
681.00000000 277.00000000 0.00000000 438.00000000
651.00000000 272.00000000 0.00000000 434.00000000
741.00000000 319.00000000 1.00000000 432.00000000
663.00000000 289.00000000 0.00000000 431.00000000
700.00000000 324.00000000 0.00000000 417.00000000
705.00000000 277.00000000 0.00000000 416.00000000
623.00000000 325.00000000 1.00000000 411.00000000
622.00000000 324.00000000 0.00000000 406.00000000
719.00000000 320.00000000 1.00000000 397.00000000
649.00000000 324.00000000 1.00000000 388.00000000
615.00000000 316.00000000 0.00000000 379.00000000
729.00000000 318.00000000 0.00000000 373.00000000
313.00000000 368.00000000 1.00000000 369.00000000
750.00000000 317.00000000 1.00000000 364.00000000
779.00000000 317.00000000 1.00000000 349.00000000
634.00000000 358.00000000 2.00000000 336.00000000
310.00000000 356.00000000 1.00000000 333.00000000
633.00000000 354.00000000 1.00000000 321.00000000
687.00000000 360.00000000 0.00000000 319.00000000
682.00000000 319.00000000 1.00000000 317.00000000
663.00000000 289.00000000 1.00000000 315.00000000
641.00000000 325.00000000 1.00000000 311.00000000
752.00000000 288.00000000 1.00000000 306.00000000
721.00000000 298.00000000 0.00000000 304.00000000
688.00000000 353.00000000 1.00000000 301.00000000
690.00000000 354.00000000 2.00000000 300.00000000
623.00000000 325.00000000 1.00000000 296.00000000
603.00000000 448.00000000 0.00000000 293.00000000
313.00000000 367.00000000 0.00000000 291.00000000
690.00000000 352.00000000 1.00000000 289.00000000
762.00000000 287.00000000 0.00000000 285.00000000
633.00000000 359.00000000 2.00000000 284.00000000
656.00000000 329.00000000 0.00000000 271.00000000
564.00000000 363.00000000 1.00000000 268.00000000
752.00000000 288.00000000 1.00000000 267.00000000
690.00000000 352.00000000 0.00000000 266.00000000
688.00000000 337.00000000 0.00000000 265.00000000
608.00000000 338.00000000 0.00000000 265.00000000
634.00000000 353.00000000 1.00000000 264.00000000
739.00000000 295.00000000 1.00000000 262.00000000
687.00000000 361.00000000 1.00000000 256.00000000
640.00000000 325.00000000 0.00000000 255.00000000
681.00000000 319.00000000 1.00000000 253.00000000
565.00000000 362.00000000 1.00000000 249.00000000
639.00000000 272.00000000 0.00000000 248.00000000
730.00000000 319.00000000 1.00000000 248.00000000
603.00000000 448.00000000 1.00000000 247.00000000
695.00000000 297.00000000 0.00000000 246.00000000
680.00000000 319.00000000 0.00000000 243.00000000
615.00000000 449.00000000 0.00000000 241.00000000
616.00000000 449.00000000 1.00000000 239.00000000
630.00000000 342.00000000 0.00000000 239.00000000
753.00000000 287.00000000 0.00000000 239.00000000
595.00000000 429.00000000 1.00000000 239.00000000
315.00000000 376.00000000 0.00000000 235.00000000
596.00000000 430.00000000 2.00000000 232.00000000
595.00000000 430.00000000 1.00000000 231.00000000
670.00000000 323.00000000 0.00000000 230.00000000
672.00000000 373.00000000 1.00000000 230.00000000
709.00000000 319.00000000 1.00000000 222.00000000
701.00000000 285.00000000 1.00000000 222.00000000
171.00000000 316.00000000 0.00000000 219.00000000
683.00000000 572.00000000 1.00000000 219.00000000
742.00000000 335.00000000 0.00000000 218.00000000
761.00000000 319.00000000 1.00000000 217.00000000
311.00000000 355.00000000 0.00000000 217.00000000
651.00000000 272.00000000 1.00000000 216.00000000
683.00000000 572.00000000 0.00000000 213.00000000
528.00000000 67.00000000 0.00000000 209.00000000
568.00000000 304.00000000 4.00000000 208.00000000
701.00000000 324.00000000 1.00000000 208.00000000
568.00000000 299.00000000 2.00000000 207.00000000
373.00000000 407.00000000 1.00000000 204.00000000
312.00000000 367.00000000 1.00000000 203.00000000
738.00000000 296.00000000 1.00000000 202.00000000
632.00000000 360.00000000 4.00000000 202.00000000
373.00000000 406.00000000 0.00000000 201.00000000
608.00000000 340.00000000 1.00000000 201.00000000
596.00000000 430.00000000 0.00000000 199.00000000
625.00000000 301.00000000 0.00000000 199.00000000
565.00000000 360.00000000 0.00000000 198.00000000
760.00000000 320.00000000 0.00000000 196.00000000
755.00000000 276.00000000 0.00000000 194.00000000
690.00000000 353.00000000 2.00000000 193.00000000
671.00000000 374.00000000 1.00000000 192.00000000
149.00000000 265.00000000 0.00000000 191.00000000
689.00000000 339.00000000 1.00000000 189.00000000
700.00000000 285.00000000 0.00000000 188.00000000
656.00000000 354.00000000 1.00000000 187.00000000
673.00000000 372.00000000 0.00000000 187.00000000
695.00000000 297.00000000 1.00000000 183.00000000
564.00000000 364.00000000 2.00000000 183.00000000
309.00000000 356.00000000 1.00000000 182.00000000
565.00000000 311.00000000 5.00000000 182.00000000
606.00000000 323.00000000 0.00000000 182.00000000
634.00000000 352.00000000 0.00000000 177.00000000
302.00000000 345.00000000 2.00000000 177.00000000
752.00000000 290.00000000 2.00000000 177.00000000
656.00000000 354.00000000 2.00000000 176.00000000
746.00000000 328.00000000 0.00000000 172.00000000
609.00000000 290.00000000 0.00000000 170.00000000
678.00000000 328.00000000 0.00000000 168.00000000
714.00000000 302.00000000 0.00000000 168.00000000
195.00000000 255.00000000 0.00000000 166.00000000
146.00000000 212.00000000 2.00000000 165.00000000
185.00000000 265.00000000 0.00000000 164.00000000
501.00000000 67.00000000 0.00000000 160.00000000
676.00000000 340.00000000 0.00000000 160.00000000
739.00000000 294.00000000 0.00000000 159.00000000
197.00000000 314.00000000 0.00000000 159.00000000
705.00000000 304.00000000 0.00000000 159.00000000
602.00000000 449.00000000 1.00000000 158.00000000
712.00000000 280.00000000 0.00000000 157.00000000
673.00000000 294.00000000 1.00000000 155.00000000
673.00000000 291.00000000 0.00000000 154.00000000
586.00000000 468.00000000 2.00000000 152.00000000
702.00000000 282.00000000 1.00000000 151.00000000
606.00000000 346.00000000 1.00000000 151.00000000
172.00000000 265.00000000 0.00000000 149.00000000
680.00000000 371.00000000 0.00000000 146.00000000
657.00000000 356.00000000 0.00000000 143.00000000
