649.00000000 323.00000000 0.00000000 810.00000000
648.00000000 446.00000000 2.00000000 741.00000000
647.00000000 446.00000000 2.00000000 704.00000000
709.00000000 319.00000000 0.00000000 605.00000000
741.00000000 318.00000000 0.00000000 602.00000000
779.00000000 317.00000000 0.00000000 590.00000000
719.00000000 319.00000000 0.00000000 572.00000000
647.00000000 445.00000000 1.00000000 538.00000000
740.00000000 319.00000000 1.00000000 491.00000000
729.00000000 318.00000000 0.00000000 490.00000000
648.00000000 448.00000000 4.00000000 479.00000000
171.00000000 316.00000000 0.00000000 472.00000000
669.00000000 323.00000000 0.00000000 471.00000000
697.00000000 292.00000000 0.00000000 467.00000000
700.00000000 324.00000000 0.00000000 465.00000000
622.00000000 324.00000000 0.00000000 460.00000000
651.00000000 271.00000000 0.00000000 442.00000000
719.00000000 320.00000000 1.00000000 439.00000000
615.00000000 316.00000000 0.00000000 436.00000000
750.00000000 317.00000000 0.00000000 418.00000000
649.00000000 324.00000000 1.00000000 408.00000000
149.00000000 265.00000000 0.00000000 401.00000000
626.00000000 301.00000000 1.00000000 401.00000000
197.00000000 314.00000000 0.00000000 391.00000000
197.00000000 315.00000000 1.00000000 391.00000000
625.00000000 300.00000000 0.00000000 391.00000000
704.00000000 277.00000000 0.00000000 386.00000000
779.00000000 317.00000000 1.00000000 374.00000000
784.00000000 461.00000000 1.00000000 374.00000000
784.00000000 461.00000000 0.00000000 368.00000000
641.00000000 325.00000000 1.00000000 353.00000000
565.00000000 362.00000000 1.00000000 342.00000000
564.00000000 363.00000000 1.00000000 329.00000000
195.00000000 255.00000000 0.00000000 326.00000000
185.00000000 265.00000000 0.00000000 322.00000000
721.00000000 298.00000000 0.00000000 322.00000000
564.00000000 308.00000000 4.00000000 319.00000000
669.00000000 283.00000000 0.00000000 317.00000000
681.00000000 277.00000000 0.00000000 313.00000000
376.00000000 296.00000000 1.00000000 308.00000000
432.00000000 470.00000000 1.00000000 306.00000000
608.00000000 338.00000000 0.00000000 305.00000000
171.00000000 265.00000000 0.00000000 304.00000000
648.00000000 447.00000000 1.00000000 300.00000000
568.00000000 375.00000000 0.00000000 298.00000000
730.00000000 319.00000000 1.00000000 298.00000000
681.00000000 319.00000000 1.00000000 298.00000000
376.00000000 296.00000000 1.00000000 294.00000000
435.00000000 453.00000000 1.00000000 294.00000000
783.00000000 543.00000000 1.00000000 292.00000000
669.00000000 324.00000000 1.00000000 290.00000000
506.00000000 95.00000000 1.00000000 284.00000000
640.00000000 325.00000000 0.00000000 283.00000000
565.00000000 302.00000000 2.00000000 280.00000000
688.00000000 364.00000000 1.00000000 279.00000000
709.00000000 319.00000000 1.00000000 276.00000000
517.00000000 119.00000000 0.00000000 270.00000000
750.00000000 317.00000000 1.00000000 262.00000000
753.00000000 286.00000000 0.00000000 259.00000000
633.00000000 411.00000000 1.00000000 259.00000000
195.00000000 257.00000000 1.00000000 259.00000000
565.00000000 360.00000000 0.00000000 258.00000000
647.00000000 285.00000000 0.00000000 257.00000000
739.00000000 294.00000000 1.00000000 257.00000000
788.00000000 353.00000000 0.00000000 254.00000000
519.00000000 92.00000000 0.00000000 252.00000000
668.00000000 330.00000000 0.00000000 251.00000000
680.00000000 319.00000000 0.00000000 250.00000000
705.00000000 278.00000000 1.00000000 249.00000000
784.00000000 300.00000000 1.00000000 249.00000000
784.00000000 299.00000000 0.00000000 248.00000000
310.00000000 356.00000000 1.00000000 246.00000000
434.00000000 471.00000000 1.00000000 246.00000000
691.00000000 320.00000000 0.00000000 246.00000000
696.00000000 292.00000000 1.00000000 243.00000000
568.00000000 375.00000000 1.00000000 242.00000000
458.00000000 128.00000000 1.00000000 242.00000000
688.00000000 337.00000000 0.00000000 240.00000000
622.00000000 325.00000000 1.00000000 240.00000000
633.00000000 401.00000000 5.00000000 240.00000000
458.00000000 130.00000000 1.00000000 239.00000000
760.00000000 320.00000000 0.00000000 239.00000000
647.00000000 398.00000000 1.00000000 236.00000000
608.00000000 342.00000000 1.00000000 236.00000000
506.00000000 95.00000000 0.00000000 236.00000000
568.00000000 296.00000000 2.00000000 235.00000000
172.00000000 317.00000000 1.00000000 235.00000000
678.00000000 284.00000000 0.00000000 234.00000000
289.00000000 330.00000000 0.00000000 233.00000000
634.00000000 360.00000000 2.00000000 233.00000000
379.00000000 271.00000000 2.00000000 233.00000000
673.00000000 292.00000000 0.00000000 233.00000000
742.00000000 335.00000000 0.00000000 232.00000000
564.00000000 364.00000000 2.00000000 231.00000000
378.00000000 274.00000000 2.00000000 227.00000000
633.00000000 357.00000000 1.00000000 227.00000000
434.00000000 453.00000000 1.00000000 222.00000000
606.00000000 323.00000000 0.00000000 217.00000000
514.00000000 80.00000000 1.00000000 213.00000000
310.00000000 356.00000000 0.00000000 213.00000000
528.00000000 67.00000000 0.00000000 213.00000000
688.00000000 364.00000000 0.00000000 212.00000000
678.00000000 328.00000000 0.00000000 212.00000000
146.00000000 212.00000000 2.00000000 211.00000000
612.00000000 102.00000000 0.00000000 210.00000000
376.00000000 295.00000000 0.00000000 209.00000000
681.00000000 373.00000000 1.00000000 209.00000000
432.00000000 463.00000000 2.00000000 207.00000000
634.00000000 412.00000000 0.00000000 206.00000000
755.00000000 276.00000000 0.00000000 205.00000000
147.00000000 216.00000000 0.00000000 205.00000000
783.00000000 543.00000000 0.00000000 204.00000000
626.00000000 301.00000000 1.00000000 204.00000000
639.00000000 271.00000000 0.00000000 202.00000000
506.00000000 94.00000000 1.00000000 201.00000000
720.00000000 289.00000000 0.00000000 201.00000000
681.00000000 319.00000000 1.00000000 199.00000000
631.00000000 325.00000000 0.00000000 198.00000000
663.00000000 74.00000000 1.00000000 196.00000000
533.00000000 178.00000000 0.00000000 195.00000000
434.00000000 462.00000000 2.00000000 193.00000000
510.00000000 110.00000000 1.00000000 192.00000000
162.00000000 316.00000000 0.00000000 191.00000000
458.00000000 128.00000000 0.00000000 190.00000000
649.00000000 448.00000000 0.00000000 188.00000000
510.00000000 110.00000000 2.00000000 187.00000000
500.00000000 67.00000000 0.00000000 186.00000000
