649.00000000 323.00000000 0.00000000 789.00000000
650.00000000 446.00000000 2.00000000 616.00000000
647.00000000 446.00000000 2.00000000 599.00000000
779.00000000 317.00000000 0.00000000 592.00000000
741.00000000 318.00000000 0.00000000 585.00000000
709.00000000 319.00000000 0.00000000 584.00000000
719.00000000 319.00000000 0.00000000 565.00000000
651.00000000 271.00000000 0.00000000 511.00000000
681.00000000 277.00000000 0.00000000 470.00000000
740.00000000 319.00000000 1.00000000 465.00000000
705.00000000 277.00000000 0.00000000 464.00000000
622.00000000 324.00000000 0.00000000 460.00000000
700.00000000 324.00000000 0.00000000 459.00000000
729.00000000 318.00000000 0.00000000 457.00000000
750.00000000 317.00000000 0.00000000 454.00000000
648.00000000 444.00000000 4.00000000 441.00000000
651.00000000 400.00000000 1.00000000 438.00000000
652.00000000 400.00000000 2.00000000 437.00000000
719.00000000 320.00000000 1.00000000 430.00000000
615.00000000 316.00000000 0.00000000 429.00000000
649.00000000 445.00000000 1.00000000 424.00000000
649.00000000 324.00000000 1.00000000 395.00000000
652.00000000 399.00000000 1.00000000 381.00000000
669.00000000 323.00000000 0.00000000 377.00000000
616.00000000 449.00000000 1.00000000 372.00000000
779.00000000 317.00000000 1.00000000 367.00000000
171.00000000 316.00000000 0.00000000 357.00000000
721.00000000 298.00000000 0.00000000 343.00000000
641.00000000 325.00000000 1.00000000 340.00000000
663.00000000 289.00000000 0.00000000 340.00000000
310.00000000 356.00000000 1.00000000 338.00000000
687.00000000 361.00000000 0.00000000 336.00000000
622.00000000 325.00000000 1.00000000 328.00000000
616.00000000 449.00000000 0.00000000 324.00000000
564.00000000 363.00000000 1.00000000 318.00000000
376.00000000 545.00000000 0.00000000 318.00000000
634.00000000 358.00000000 2.00000000 318.00000000
149.00000000 265.00000000 0.00000000 316.00000000
687.00000000 362.00000000 1.00000000 316.00000000
663.00000000 290.00000000 1.00000000 313.00000000
603.00000000 448.00000000 0.00000000 311.00000000
565.00000000 362.00000000 1.00000000 310.00000000
633.00000000 356.00000000 1.00000000 303.00000000
608.00000000 338.00000000 0.00000000 300.00000000
681.00000000 319.00000000 1.00000000 298.00000000
739.00000000 294.00000000 1.00000000 297.00000000
568.00000000 299.00000000 2.00000000 295.00000000
750.00000000 317.00000000 1.00000000 295.00000000
564.00000000 304.00000000 4.00000000 288.00000000
311.00000000 356.00000000 0.00000000 283.00000000
652.00000000 399.00000000 0.00000000 279.00000000
197.00000000 315.00000000 1.00000000 277.00000000
730.00000000 319.00000000 1.00000000 277.00000000
625.00000000 301.00000000 0.00000000 276.00000000
633.00000000 411.00000000 1.00000000 276.00000000
197.00000000 314.00000000 0.00000000 274.00000000
640.00000000 325.00000000 0.00000000 274.00000000
626.00000000 301.00000000 1.00000000 271.00000000
709.00000000 319.00000000 1.00000000 269.00000000
195.00000000 255.00000000 0.00000000 267.00000000
633.00000000 359.00000000 2.00000000 263.00000000
752.00000000 288.00000000 1.00000000 259.00000000
680.00000000 319.00000000 0.00000000 253.00000000
616.00000000 451.00000000 1.00000000 249.00000000
634.00000000 353.00000000 1.00000000 248.00000000
753.00000000 286.00000000 0.00000000 248.00000000
755.00000000 276.00000000 0.00000000 247.00000000
760.00000000 320.00000000 0.00000000 247.00000000
185.00000000 265.00000000 0.00000000 244.00000000
565.00000000 360.00000000 0.00000000 244.00000000
528.00000000 67.00000000 0.00000000 241.00000000
688.00000000 337.00000000 0.00000000 241.00000000
634.00000000 412.00000000 1.00000000 240.00000000
650.00000000 401.00000000 2.00000000 237.00000000
742.00000000 335.00000000 0.00000000 237.00000000
681.00000000 372.00000000 1.00000000 236.00000000
669.00000000 324.00000000 1.00000000 236.00000000
171.00000000 265.00000000 0.00000000 236.00000000
690.00000000 354.00000000 2.00000000 236.00000000
673.00000000 291.00000000 0.00000000 232.00000000
608.00000000 342.00000000 1.00000000 230.00000000
651.00000000 272.00000000 1.00000000 226.00000000
697.00000000 292.00000000 0.00000000 224.00000000
564.00000000 364.00000000 2.00000000 223.00000000
639.00000000 272.00000000 0.00000000 223.00000000
568.00000000 298.00000000 2.00000000 222.00000000
701.00000000 324.00000000 1.00000000 220.00000000
784.00000000 461.00000000 0.00000000 219.00000000
565.00000000 311.00000000 5.00000000 217.00000000
674.00000000 292.00000000 1.00000000 215.00000000
506.00000000 95.00000000 1.00000000 214.00000000
313.00000000 368.00000000 1.00000000 211.00000000
649.00000000 443.00000000 1.00000000 208.00000000
604.00000000 449.00000000 1.00000000 207.00000000
517.00000000 120.00000000 0.00000000 205.00000000
519.00000000 92.00000000 0.00000000 205.00000000
681.00000000 319.00000000 1.00000000 204.00000000
500.00000000 67.00000000 0.00000000 202.00000000
596.00000000 430.00000000 2.00000000 201.00000000
606.00000000 323.00000000 0.00000000 200.00000000
691.00000000 320.00000000 0.00000000 197.00000000
146.00000000 212.00000000 2.00000000 197.00000000
309.00000000 356.00000000 1.00000000 197.00000000
668.00000000 330.00000000 0.00000000 194.00000000
678.00000000 328.00000000 0.00000000 194.00000000
721.00000000 289.00000000 0.00000000 193.00000000
752.00000000 288.00000000 1.00000000 192.00000000
376.00000000 296.00000000 1.00000000 191.00000000
634.00000000 412.00000000 0.00000000 191.00000000
663.00000000 76.00000000 1.00000000 190.00000000
784.00000000 299.00000000 0.00000000 189.00000000
788.00000000 353.00000000 0.00000000 186.00000000
630.00000000 342.00000000 0.00000000 185.00000000
567.00000000 376.00000000 0.00000000 184.00000000
432.00000000 472.00000000 1.00000000 183.00000000
652.00000000 290.00000000 0.00000000 183.00000000
514.00000000 80.00000000 1.00000000 183.00000000
595.00000000 429.00000000 1.00000000 183.00000000
147.00000000 216.00000000 0.00000000 182.00000000
690.00000000 353.00000000 1.00000000 182.00000000
634.00000000 352.00000000 0.00000000 180.00000000
606.00000000 346.00000000 1.00000000 178.00000000
506.00000000 95.00000000 0.00000000 177.00000000
612.00000000 102.00000000 0.00000000 173.00000000
313.00000000 367.00000000 0.00000000 169.00000000
726.00000000 329.00000000 0.00000000 166.00000000
680.00000000 372.00000000 0.00000000 164.00000000
