1782.00000000 451.00000000 0.00000000 387.00000000
1257.00000000 388.00000000 0.00000000 368.00000000
1059.00000000 489.00000000 0.00000000 347.00000000
1060.00000000 490.00000000 1.00000000 345.00000000
1259.00000000 325.00000000 0.00000000 328.00000000
961.00000000 565.00000000 0.00000000 321.00000000
1782.00000000 451.00000000 1.00000000 309.00000000
1259.00000000 363.00000000 0.00000000 297.00000000
1784.00000000 400.00000000 4.00000000 268.00000000
1129.00000000 582.00000000 0.00000000 265.00000000
891.00000000 706.00000000 0.00000000 262.00000000
961.00000000 566.00000000 1.00000000 260.00000000
1924.00000000 424.00000000 0.00000000 251.00000000
1259.00000000 326.00000000 1.00000000 249.00000000
1091.00000000 575.00000000 0.00000000 239.00000000
1126.00000000 496.00000000 0.00000000 238.00000000
1784.00000000 398.00000000 2.00000000 234.00000000
1254.00000000 437.00000000 0.00000000 234.00000000
121.00000000 10.00000000 0.00000000 231.00000000
1255.00000000 400.00000000 0.00000000 231.00000000
1130.00000000 583.00000000 1.00000000 231.00000000
1083.00000000 523.00000000 1.00000000 228.00000000
961.00000000 552.00000000 0.00000000 223.00000000
1255.00000000 402.00000000 1.00000000 223.00000000
1081.00000000 523.00000000 1.00000000 221.00000000
1259.00000000 364.00000000 1.00000000 220.00000000
1788.00000000 461.00000000 0.00000000 218.00000000
1257.00000000 388.00000000 1.00000000 217.00000000
1728.00000000 336.00000000 4.00000000 215.00000000
1875.00000000 386.00000000 0.00000000 215.00000000
1021.00000000 562.00000000 0.00000000 214.00000000
1173.00000000 623.00000000 0.00000000 213.00000000
1091.00000000 576.00000000 1.00000000 211.00000000
960.00000000 579.00000000 0.00000000 210.00000000
1257.00000000 339.00000000 0.00000000 208.00000000
954.00000000 617.00000000 0.00000000 207.00000000
1128.00000000 446.00000000 0.00000000 207.00000000
982.00000000 612.00000000 2.00000000 206.00000000
1254.00000000 439.00000000 1.00000000 205.00000000
1059.00000000 600.00000000 0.00000000 203.00000000
981.00000000 613.00000000 2.00000000 203.00000000
1091.00000000 492.00000000 0.00000000 202.00000000
1674.00000000 390.00000000 2.00000000 200.00000000
981.00000000 609.00000000 1.00000000 198.00000000
1081.00000000 492.00000000 0.00000000 197.00000000
1487.00000000 432.00000000 0.00000000 196.00000000
1128.00000000 448.00000000 1.00000000 194.00000000
1022.00000000 577.00000000 0.00000000 194.00000000
954.00000000 617.00000000 1.00000000 194.00000000
1402.00000000 509.00000000 0.00000000 194.00000000
1174.00000000 624.00000000 1.00000000 194.00000000
1039.00000000 487.00000000 0.00000000 192.00000000
1343.00000000 565.00000000 1.00000000 188.00000000
1127.00000000 496.00000000 1.00000000 187.00000000
683.00000000 671.00000000 1.00000000 186.00000000
1082.00000000 524.00000000 2.00000000 185.00000000
1728.00000000 333.00000000 2.00000000 183.00000000
1112.00000000 496.00000000 1.00000000 180.00000000
981.00000000 609.00000000 1.00000000 179.00000000
1875.00000000 386.00000000 1.00000000 179.00000000
960.00000000 568.00000000 1.00000000 176.00000000
1875.00000000 384.00000000 1.00000000 175.00000000
1112.00000000 495.00000000 0.00000000 174.00000000
854.00000000 470.00000000 0.00000000 174.00000000
1786.00000000 396.00000000 2.00000000 172.00000000
311.00000000 729.00000000 5.00000000 172.00000000
1344.00000000 566.00000000 2.00000000 171.00000000
981.00000000 608.00000000 0.00000000 171.00000000
1252.00000000 411.00000000 0.00000000 171.00000000
1062.00000000 443.00000000 1.00000000 166.00000000
1093.00000000 567.00000000 0.00000000 166.00000000
1022.00000000 578.00000000 1.00000000 166.00000000
1874.00000000 384.00000000 2.00000000 164.00000000
961.00000000 552.00000000 1.00000000 164.00000000
1403.00000000 510.00000000 1.00000000 164.00000000
893.00000000 685.00000000 0.00000000 163.00000000
1060.00000000 490.00000000 1.00000000 163.00000000
1402.00000000 513.00000000 1.00000000 161.00000000
1059.00000000 600.00000000 1.00000000 160.00000000
683.00000000 670.00000000 0.00000000 159.00000000
1129.00000000 584.00000000 1.00000000 157.00000000
744.00000000 641.00000000 1.00000000 155.00000000
1783.00000000 451.00000000 1.00000000 151.00000000
432.00000000 217.00000000 0.00000000 148.00000000
996.00000000 461.00000000 0.00000000 148.00000000
892.00000000 706.00000000 1.00000000 145.00000000
743.00000000 639.00000000 0.00000000 144.00000000
1091.00000000 493.00000000 1.00000000 144.00000000
427.00000000 178.00000000 0.00000000 143.00000000
911.00000000 712.00000000 0.00000000 142.00000000
1676.00000000 386.00000000 2.00000000 142.00000000
1383.00000000 1046.00000000 1.00000000 141.00000000
818.00000000 808.00000000 0.00000000 141.00000000
1011.00000000 483.00000000 0.00000000 141.00000000
427.00000000 179.00000000 1.00000000 140.00000000
1065.00000000 453.00000000 0.00000000 140.00000000
1219.00000000 601.00000000 0.00000000 139.00000000
1344.00000000 566.00000000 1.00000000 139.00000000
1074.00000000 491.00000000 0.00000000 139.00000000
1062.00000000 502.00000000 0.00000000 138.00000000
1219.00000000 602.00000000 1.00000000 138.00000000
1042.00000000 466.00000000 0.00000000 138.00000000
1786.00000000 394.00000000 1.00000000 138.00000000
1260.00000000 326.00000000 1.00000000 137.00000000
1220.00000000 591.00000000 1.00000000 137.00000000
1258.00000000 339.00000000 1.00000000 137.00000000
1542.00000000 439.00000000 0.00000000 135.00000000
1030.00000000 589.00000000 0.00000000 135.00000000
1062.00000000 441.00000000 0.00000000 134.00000000
1083.00000000 522.00000000 0.00000000 134.00000000
1698.00000000 716.00000000 2.00000000 134.00000000
1033.00000000 486.00000000 0.00000000 134.00000000
1126.00000000 487.00000000 0.00000000 134.00000000
1998.00000000 320.00000000 2.00000000 132.00000000
865.00000000 553.00000000 0.00000000 132.00000000
924.00000000 617.00000000 0.00000000 132.00000000
1013.00000000 561.00000000 0.00000000 131.00000000
1173.00000000 625.00000000 1.00000000 131.00000000
986.00000000 630.00000000 0.00000000 131.00000000
1315.00000000 533.00000000 0.00000000 130.00000000
943.00000000 693.00000000 0.00000000 129.00000000
1151.00000000 646.00000000 1.00000000 129.00000000
1083.00000000 444.00000000 0.00000000 129.00000000
883.00000000 643.00000000 0.00000000 128.00000000
1800.00000000 457.00000000 0.00000000 127.00000000
954.00000000 616.00000000 1.00000000 126.00000000
683.00000000 671.00000000 1.00000000 126.00000000
