121.00000000 10.00000000 0.00000000 500.00000000
810.00000000 355.00000000 1.00000000 367.00000000
1261.00000000 363.00000000 1.00000000 358.00000000
1784.00000000 398.00000000 2.00000000 357.00000000
810.00000000 354.00000000 0.00000000 354.00000000
1784.00000000 400.00000000 4.00000000 347.00000000
1226.00000000 288.00000000 2.00000000 345.00000000
1021.00000000 561.00000000 0.00000000 342.00000000
1260.00000000 351.00000000 1.00000000 339.00000000
1403.00000000 509.00000000 0.00000000 337.00000000
863.00000000 323.00000000 0.00000000 336.00000000
1129.00000000 581.00000000 0.00000000 332.00000000
1257.00000000 387.00000000 0.00000000 330.00000000
824.00000000 356.00000000 1.00000000 330.00000000
1226.00000000 288.00000000 1.00000000 325.00000000
1788.00000000 340.00000000 4.00000000 324.00000000
1226.00000000 287.00000000 1.00000000 322.00000000
961.00000000 324.00000000 1.00000000 319.00000000
1244.00000000 311.00000000 1.00000000 319.00000000
788.00000000 357.00000000 1.00000000 318.00000000
1258.00000000 388.00000000 1.00000000 317.00000000
1244.00000000 312.00000000 2.00000000 308.00000000
1130.00000000 582.00000000 1.00000000 306.00000000
960.00000000 323.00000000 0.00000000 304.00000000
1129.00000000 601.00000000 0.00000000 303.00000000
1244.00000000 311.00000000 1.00000000 302.00000000
1260.00000000 325.00000000 0.00000000 299.00000000
1226.00000000 286.00000000 0.00000000 298.00000000
767.00000000 439.00000000 0.00000000 293.00000000
1786.00000000 396.00000000 2.00000000 292.00000000
1261.00000000 325.00000000 1.00000000 292.00000000
1787.00000000 336.00000000 2.00000000 287.00000000
787.00000000 357.00000000 0.00000000 284.00000000
1506.00000000 623.00000000 1.00000000 283.00000000
863.00000000 323.00000000 1.00000000 282.00000000
1260.00000000 362.00000000 0.00000000 281.00000000
1786.00000000 392.00000000 1.00000000 280.00000000
1674.00000000 390.00000000 2.00000000 280.00000000
892.00000000 705.00000000 0.00000000 279.00000000
1998.00000000 318.00000000 1.00000000 278.00000000
1997.00000000 317.00000000 1.00000000 277.00000000
1260.00000000 350.00000000 0.00000000 277.00000000
767.00000000 440.00000000 1.00000000 275.00000000
1677.00000000 447.00000000 1.00000000 274.00000000
1730.00000000 333.00000000 2.00000000 272.00000000
961.00000000 564.00000000 0.00000000 266.00000000
854.00000000 323.00000000 0.00000000 266.00000000
1506.00000000 622.00000000 0.00000000 265.00000000
1786.00000000 393.00000000 1.00000000 265.00000000
1082.00000000 522.00000000 1.00000000 263.00000000
1261.00000000 363.00000000 1.00000000 261.00000000
332.00000000 117.00000000 0.00000000 259.00000000
1130.00000000 602.00000000 1.00000000 256.00000000
1788.00000000 461.00000000 1.00000000 256.00000000
1005.00000000 360.00000000 1.00000000 256.00000000
1788.00000000 460.00000000 0.00000000 255.00000000
961.00000000 565.00000000 1.00000000 251.00000000
824.00000000 357.00000000 1.00000000 251.00000000
1050.00000000 567.00000000 0.00000000 250.00000000
824.00000000 355.00000000 0.00000000 250.00000000
810.00000000 356.00000000 1.00000000 250.00000000
1998.00000000 318.00000000 2.00000000 248.00000000
988.00000000 275.00000000 0.00000000 248.00000000
1677.00000000 446.00000000 0.00000000 246.00000000
1786.00000000 391.00000000 0.00000000 243.00000000
1964.00000000 478.00000000 1.00000000 241.00000000
850.00000000 535.00000000 0.00000000 241.00000000
1506.00000000 623.00000000 1.00000000 241.00000000
2029.00000000 233.00000000 1.00000000 240.00000000
451.00000000 193.00000000 0.00000000 235.00000000
1788.00000000 336.00000000 2.00000000 235.00000000
1081.00000000 523.00000000 1.00000000 234.00000000
1265.00000000 598.00000000 0.00000000 232.00000000
1005.00000000 359.00000000 0.00000000 232.00000000
1964.00000000 480.00000000 2.00000000 232.00000000
850.00000000 536.00000000 1.00000000 230.00000000
778.00000000 439.00000000 0.00000000 229.00000000
1219.00000000 601.00000000 0.00000000 227.00000000
842.00000000 323.00000000 1.00000000 227.00000000
1257.00000000 374.00000000 0.00000000 226.00000000
1060.00000000 489.00000000 0.00000000 225.00000000
1243.00000000 311.00000000 0.00000000 225.00000000
1408.00000000 630.00000000 0.00000000 225.00000000
893.00000000 684.00000000 0.00000000 222.00000000
327.00000000 519.00000000 1.00000000 222.00000000
1787.00000000 339.00000000 5.00000000 222.00000000
866.00000000 545.00000000 0.00000000 220.00000000
1787.00000000 462.00000000 1.00000000 220.00000000
1091.00000000 576.00000000 1.00000000 219.00000000
1255.00000000 434.00000000 0.00000000 218.00000000
787.00000000 357.00000000 1.00000000 218.00000000
1677.00000000 448.00000000 1.00000000 215.00000000
961.00000000 552.00000000 0.00000000 215.00000000
1346.00000000 763.00000000 0.00000000 215.00000000
1306.00000000 465.00000000 0.00000000 215.00000000
1403.00000000 510.00000000 1.00000000 214.00000000
1731.00000000 453.00000000 1.00000000 213.00000000
1787.00000000 333.00000000 1.00000000 211.00000000
1091.00000000 576.00000000 0.00000000 211.00000000
866.00000000 537.00000000 0.00000000 211.00000000
1049.00000000 568.00000000 1.00000000 211.00000000
1129.00000000 582.00000000 1.00000000 211.00000000
611.00000000 470.00000000 1.00000000 210.00000000
342.00000000 57.00000000 1.00000000 210.00000000
1964.00000000 477.00000000 1.00000000 209.00000000
1731.00000000 452.00000000 0.00000000 207.00000000
1167.00000000 453.00000000 0.00000000 205.00000000
1996.00000000 316.00000000 0.00000000 204.00000000
243.00000000 12.00000000 0.00000000 204.00000000
342.00000000 57.00000000 0.00000000 203.00000000
618.00000000 530.00000000 0.00000000 201.00000000
1260.00000000 337.00000000 0.00000000 201.00000000
1788.00000000 464.00000000 2.00000000 200.00000000
1243.00000000 321.00000000 0.00000000 200.00000000
1408.00000000 622.00000000 0.00000000 198.00000000
1498.00000000 649.00000000 0.00000000 198.00000000
1174.00000000 622.00000000 0.00000000 197.00000000
1093.00000000 567.00000000 0.00000000 197.00000000
342.00000000 58.00000000 2.00000000 195.00000000
842.00000000 323.00000000 0.00000000 193.00000000
611.00000000 469.00000000 0.00000000 192.00000000
1461.00000000 517.00000000 0.00000000 190.00000000
1254.00000000 449.00000000 0.00000000 189.00000000
1730.00000000 386.00000000 0.00000000 189.00000000
1242.00000000 447.00000000 0.00000000 189.00000000
768.00000000 621.00000000 0.00000000 188.00000000
866.00000000 552.00000000 0.00000000 188.00000000
