1060.00000000 490.00000000 1.00000000 310.00000000
1059.00000000 490.00000000 0.00000000 292.00000000
982.00000000 612.00000000 2.00000000 248.00000000
981.00000000 609.00000000 1.00000000 241.00000000
961.00000000 565.00000000 0.00000000 229.00000000
981.00000000 613.00000000 2.00000000 228.00000000
1081.00000000 492.00000000 0.00000000 221.00000000
981.00000000 609.00000000 1.00000000 221.00000000
1091.00000000 493.00000000 0.00000000 216.00000000
1126.00000000 496.00000000 0.00000000 216.00000000
1082.00000000 523.00000000 1.00000000 212.00000000
1081.00000000 523.00000000 1.00000000 212.00000000
422.00000000 214.00000000 2.00000000 211.00000000
1256.00000000 388.00000000 0.00000000 211.00000000
1698.00000000 716.00000000 2.00000000 200.00000000
1022.00000000 577.00000000 0.00000000 200.00000000
418.00000000 217.00000000 2.00000000 198.00000000
961.00000000 567.00000000 1.00000000 197.00000000
316.00000000 728.00000000 4.00000000 196.00000000
1039.00000000 487.00000000 0.00000000 189.00000000
1082.00000000 524.00000000 2.00000000 188.00000000
1022.00000000 578.00000000 1.00000000 188.00000000
416.00000000 220.00000000 4.00000000 186.00000000
1697.00000000 715.00000000 2.00000000 185.00000000
422.00000000 212.00000000 1.00000000 183.00000000
1343.00000000 567.00000000 1.00000000 183.00000000
981.00000000 608.00000000 0.00000000 180.00000000
1259.00000000 325.00000000 0.00000000 179.00000000
744.00000000 641.00000000 1.00000000 178.00000000
891.00000000 706.00000000 0.00000000 178.00000000
960.00000000 569.00000000 1.00000000 177.00000000
1173.00000000 625.00000000 1.00000000 177.00000000
961.00000000 551.00000000 0.00000000 177.00000000
1173.00000000 624.00000000 0.00000000 176.00000000
311.00000000 729.00000000 5.00000000 176.00000000
1128.00000000 446.00000000 0.00000000 175.00000000
1130.00000000 583.00000000 1.00000000 174.00000000
1091.00000000 494.00000000 1.00000000 173.00000000
1874.00000000 382.00000000 2.00000000 173.00000000
1062.00000000 443.00000000 1.00000000 172.00000000
1401.00000000 514.00000000 1.00000000 167.00000000
1129.00000000 582.00000000 0.00000000 165.00000000
1127.00000000 496.00000000 1.00000000 163.00000000
1128.00000000 448.00000000 1.00000000 162.00000000
1698.00000000 715.00000000 1.00000000 161.00000000
623.00000000 511.00000000 1.00000000 160.00000000
1344.00000000 566.00000000 2.00000000 160.00000000
1091.00000000 575.00000000 0.00000000 159.00000000
1112.00000000 496.00000000 1.00000000 158.00000000
1150.00000000 646.00000000 1.00000000 158.00000000
1487.00000000 432.00000000 0.00000000 158.00000000
1158.00000000 545.00000000 0.00000000 156.00000000
1383.00000000 1047.00000000 1.00000000 156.00000000
1152.00000000 650.00000000 2.00000000 156.00000000
683.00000000 671.00000000 1.00000000 156.00000000
1259.00000000 363.00000000 0.00000000 155.00000000
1151.00000000 647.00000000 1.00000000 155.00000000
1060.00000000 490.00000000 1.00000000 154.00000000
1220.00000000 591.00000000 1.00000000 153.00000000
743.00000000 641.00000000 0.00000000 152.00000000
1782.00000000 451.00000000 0.00000000 150.00000000
1402.00000000 511.00000000 1.00000000 150.00000000
1059.00000000 600.00000000 0.00000000 149.00000000
1541.00000000 439.00000000 0.00000000 149.00000000
1875.00000000 386.00000000 0.00000000 148.00000000
959.00000000 579.00000000 0.00000000 146.00000000
1782.00000000 451.00000000 1.00000000 146.00000000
1156.00000000 479.00000000 1.00000000 145.00000000
1875.00000000 383.00000000 1.00000000 145.00000000
1875.00000000 386.00000000 1.00000000 145.00000000
1021.00000000 562.00000000 0.00000000 145.00000000
1090.00000000 576.00000000 1.00000000 144.00000000
924.00000000 617.00000000 0.00000000 144.00000000
1219.00000000 602.00000000 0.00000000 143.00000000
246.00000000 1009.00000000 2.00000000 142.00000000
1031.00000000 590.00000000 1.00000000 141.00000000
1402.00000000 509.00000000 0.00000000 141.00000000
1062.00000000 474.00000000 2.00000000 139.00000000
1062.00000000 472.00000000 1.00000000 138.00000000
1063.00000000 471.00000000 1.00000000 137.00000000
1062.00000000 502.00000000 0.00000000 136.00000000
1219.00000000 591.00000000 1.00000000 136.00000000
426.00000000 179.00000000 0.00000000 136.00000000
1129.00000000 584.00000000 1.00000000 136.00000000
1112.00000000 496.00000000 0.00000000 135.00000000
1062.00000000 441.00000000 0.00000000 134.00000000
818.00000000 808.00000000 0.00000000 134.00000000
1074.00000000 491.00000000 0.00000000 132.00000000
883.00000000 774.00000000 1.00000000 131.00000000
1030.00000000 589.00000000 0.00000000 131.00000000
1011.00000000 483.00000000 0.00000000 130.00000000
426.00000000 179.00000000 1.00000000 130.00000000
961.00000000 552.00000000 1.00000000 128.00000000
1219.00000000 602.00000000 1.00000000 128.00000000
1344.00000000 566.00000000 1.00000000 128.00000000
1040.00000000 514.00000000 0.00000000 127.00000000
719.00000000 676.00000000 1.00000000 127.00000000
943.00000000 693.00000000 0.00000000 126.00000000
1059.00000000 601.00000000 1.00000000 125.00000000
1254.00000000 437.00000000 0.00000000 124.00000000
994.00000000 497.00000000 0.00000000 123.00000000
1153.00000000 588.00000000 1.00000000 123.00000000
853.00000000 470.00000000 0.00000000 121.00000000
1156.00000000 478.00000000 0.00000000 121.00000000
870.00000000 712.00000000 1.00000000 120.00000000
1039.00000000 515.00000000 1.00000000 120.00000000
1041.00000000 499.00000000 0.00000000 119.00000000
1083.00000000 522.00000000 0.00000000 119.00000000
877.00000000 610.00000000 0.00000000 118.00000000
1151.00000000 645.00000000 0.00000000 117.00000000
1153.00000000 588.00000000 0.00000000 117.00000000
1257.00000000 339.00000000 0.00000000 115.00000000
1025.00000000 485.00000000 0.00000000 114.00000000
1220.00000000 591.00000000 0.00000000 114.00000000
683.00000000 671.00000000 0.00000000 114.00000000
886.00000000 526.00000000 0.00000000 112.00000000
1033.00000000 486.00000000 0.00000000 111.00000000
954.00000000 616.00000000 0.00000000 109.00000000
1083.00000000 444.00000000 0.00000000 108.00000000
1064.00000000 470.00000000 0.00000000 106.00000000
1405.00000000 463.00000000 0.00000000 106.00000000
1080.00000000 574.00000000 0.00000000 105.00000000
1126.00000000 486.00000000 0.00000000 105.00000000
719.00000000 675.00000000 0.00000000 104.00000000
1145.00000000 543.00000000 0.00000000 103.00000000
1042.00000000 467.00000000 0.00000000 102.00000000
847.00000000 554.00000000 0.00000000 102.00000000
