121.00000000 10.00000000 0.00000000 507.00000000
1021.00000000 562.00000000 0.00000000 467.00000000
1129.00000000 581.00000000 0.00000000 439.00000000
1130.00000000 582.00000000 1.00000000 381.00000000
1784.00000000 400.00000000 4.00000000 379.00000000
1784.00000000 398.00000000 2.00000000 378.00000000
961.00000000 564.00000000 0.00000000 373.00000000
1126.00000000 497.00000000 0.00000000 358.00000000
1788.00000000 340.00000000 4.00000000 355.00000000
1060.00000000 490.00000000 0.00000000 352.00000000
961.00000000 552.00000000 0.00000000 349.00000000
1129.00000000 601.00000000 0.00000000 345.00000000
892.00000000 705.00000000 0.00000000 345.00000000
1257.00000000 387.00000000 0.00000000 344.00000000
863.00000000 323.00000000 0.00000000 337.00000000
243.00000000 12.00000000 0.00000000 334.00000000
1255.00000000 437.00000000 0.00000000 331.00000000
1244.00000000 312.00000000 1.00000000 327.00000000
1244.00000000 312.00000000 1.00000000 326.00000000
1128.00000000 446.00000000 0.00000000 323.00000000
1674.00000000 390.00000000 2.00000000 322.00000000
1255.00000000 438.00000000 1.00000000 318.00000000
1021.00000000 562.00000000 1.00000000 317.00000000
335.00000000 117.00000000 0.00000000 317.00000000
1728.00000000 333.00000000 2.00000000 316.00000000
1403.00000000 509.00000000 0.00000000 314.00000000
961.00000000 565.00000000 1.00000000 314.00000000
1787.00000000 336.00000000 2.00000000 313.00000000
1786.00000000 396.00000000 2.00000000 303.00000000
1265.00000000 597.00000000 0.00000000 303.00000000
1174.00000000 624.00000000 1.00000000 301.00000000
810.00000000 354.00000000 0.00000000 301.00000000
1082.00000000 523.00000000 1.00000000 301.00000000
1127.00000000 497.00000000 1.00000000 300.00000000
1049.00000000 567.00000000 0.00000000 298.00000000
824.00000000 356.00000000 1.00000000 294.00000000
810.00000000 355.00000000 1.00000000 294.00000000
1244.00000000 312.00000000 2.00000000 293.00000000
1787.00000000 461.00000000 0.00000000 292.00000000
1093.00000000 567.00000000 0.00000000 286.00000000
854.00000000 323.00000000 0.00000000 286.00000000
788.00000000 357.00000000 1.00000000 286.00000000
863.00000000 323.00000000 1.00000000 285.00000000
1173.00000000 623.00000000 0.00000000 284.00000000
961.00000000 324.00000000 1.00000000 278.00000000
787.00000000 357.00000000 0.00000000 277.00000000
1129.00000000 448.00000000 1.00000000 277.00000000
1788.00000000 462.00000000 1.00000000 276.00000000
1405.00000000 465.00000000 0.00000000 274.00000000
1060.00000000 490.00000000 1.00000000 271.00000000
1130.00000000 602.00000000 1.00000000 271.00000000
1081.00000000 523.00000000 1.00000000 270.00000000
866.00000000 545.00000000 0.00000000 270.00000000
1259.00000000 364.00000000 1.00000000 269.00000000
1506.00000000 623.00000000 1.00000000 267.00000000
1091.00000000 576.00000000 1.00000000 266.00000000
1875.00000000 388.00000000 0.00000000 266.00000000
1786.00000000 393.00000000 1.00000000 264.00000000
1786.00000000 394.00000000 1.00000000 263.00000000
1091.00000000 576.00000000 0.00000000 263.00000000
1677.00000000 447.00000000 1.00000000 262.00000000
1782.00000000 451.00000000 0.00000000 260.00000000
1219.00000000 601.00000000 0.00000000 258.00000000
960.00000000 323.00000000 0.00000000 258.00000000
768.00000000 621.00000000 0.00000000 255.00000000
1129.00000000 582.00000000 1.00000000 255.00000000
961.00000000 552.00000000 1.00000000 254.00000000
1786.00000000 336.00000000 2.00000000 253.00000000
1257.00000000 388.00000000 1.00000000 252.00000000
1059.00000000 599.00000000 0.00000000 250.00000000
767.00000000 439.00000000 0.00000000 249.00000000
1997.00000000 317.00000000 1.00000000 249.00000000
1243.00000000 311.00000000 0.00000000 249.00000000
1167.00000000 453.00000000 0.00000000 247.00000000
1996.00000000 318.00000000 1.00000000 245.00000000
1964.00000000 478.00000000 1.00000000 244.00000000
960.00000000 579.00000000 0.00000000 244.00000000
850.00000000 535.00000000 0.00000000 243.00000000
1005.00000000 360.00000000 1.00000000 243.00000000
683.00000000 670.00000000 0.00000000 242.00000000
1023.00000000 578.00000000 0.00000000 241.00000000
1506.00000000 622.00000000 0.00000000 240.00000000
1964.00000000 480.00000000 2.00000000 240.00000000
1259.00000000 363.00000000 0.00000000 239.00000000
1998.00000000 320.00000000 2.00000000 239.00000000
1338.00000000 438.00000000 1.00000000 239.00000000
209.00000000 10.00000000 0.00000000 239.00000000
1226.00000000 290.00000000 2.00000000 238.00000000
961.00000000 567.00000000 1.00000000 238.00000000
335.00000000 118.00000000 1.00000000 238.00000000
893.00000000 685.00000000 0.00000000 237.00000000
824.00000000 355.00000000 0.00000000 234.00000000
1403.00000000 510.00000000 1.00000000 233.00000000
847.00000000 1117.00000000 0.00000000 232.00000000
767.00000000 440.00000000 1.00000000 232.00000000
1677.00000000 446.00000000 0.00000000 231.00000000
1408.00000000 630.00000000 0.00000000 231.00000000
1004.00000000 359.00000000 0.00000000 230.00000000
1045.00000000 422.00000000 0.00000000 229.00000000
1477.00000000 489.00000000 0.00000000 228.00000000
1782.00000000 452.00000000 1.00000000 228.00000000
1170.00000000 588.00000000 0.00000000 227.00000000
1875.00000000 388.00000000 1.00000000 227.00000000
1787.00000000 339.00000000 5.00000000 224.00000000
943.00000000 693.00000000 0.00000000 221.00000000
1786.00000000 391.00000000 0.00000000 221.00000000
1676.00000000 386.00000000 2.00000000 220.00000000
1787.00000000 462.00000000 1.00000000 219.00000000
1506.00000000 623.00000000 1.00000000 218.00000000
824.00000000 357.00000000 1.00000000 217.00000000
854.00000000 447.00000000 0.00000000 217.00000000
1787.00000000 333.00000000 1.00000000 217.00000000
816.00000000 770.00000000 0.00000000 217.00000000
1226.00000000 288.00000000 1.00000000 216.00000000
1730.00000000 330.00000000 2.00000000 215.00000000
861.00000000 357.00000000 0.00000000 215.00000000
1346.00000000 763.00000000 0.00000000 214.00000000
1091.00000000 493.00000000 0.00000000 213.00000000
1677.00000000 448.00000000 1.00000000 213.00000000
954.00000000 618.00000000 0.00000000 210.00000000
1197.00000000 593.00000000 0.00000000 210.00000000
1127.00000000 627.00000000 0.00000000 210.00000000
1040.00000000 524.00000000 0.00000000 209.00000000
1529.00000000 580.00000000 0.00000000 209.00000000
810.00000000 356.00000000 1.00000000 197.00000000
1173.00000000 625.00000000 1.00000000 187.00000000
1255.00000000 438.00000000 1.00000000 183.00000000
