93.00000000 127.00000000 1.00000000 454.00000000
93.00000000 127.00000000 0.00000000 384.00000000
1349.00000000 260.00000000 0.00000000 333.00000000
1354.00000000 253.00000000 0.00000000 300.00000000
668.00000000 260.00000000 4.00000000 266.00000000
1366.00000000 278.00000000 0.00000000 259.00000000
1366.00000000 685.00000000 1.00000000 257.00000000
1356.00000000 718.00000000 2.00000000 256.00000000
1359.00000000 647.00000000 0.00000000 254.00000000
1359.00000000 647.00000000 1.00000000 247.00000000
91.00000000 127.00000000 1.00000000 246.00000000
533.00000000 246.00000000 0.00000000 241.00000000
667.00000000 260.00000000 5.00000000 222.00000000
987.00000000 591.00000000 0.00000000 221.00000000
724.00000000 252.00000000 4.00000000 219.00000000
673.00000000 251.00000000 2.00000000 219.00000000
1354.00000000 254.00000000 1.00000000 218.00000000
1354.00000000 715.00000000 1.00000000 217.00000000
1206.00000000 509.00000000 1.00000000 209.00000000
1416.00000000 591.00000000 0.00000000 205.00000000
1366.00000000 685.00000000 1.00000000 205.00000000
534.00000000 247.00000000 1.00000000 200.00000000
1366.00000000 684.00000000 0.00000000 196.00000000
1352.00000000 248.00000000 2.00000000 182.00000000
1354.00000000 718.00000000 2.00000000 182.00000000
783.00000000 383.00000000 0.00000000 181.00000000
988.00000000 592.00000000 1.00000000 177.00000000
101.00000000 282.00000000 1.00000000 173.00000000
167.00000000 256.00000000 1.00000000 172.00000000
1386.00000000 595.00000000 1.00000000 170.00000000
1367.00000000 278.00000000 1.00000000 168.00000000
1385.00000000 593.00000000 0.00000000 167.00000000
378.00000000 212.00000000 0.00000000 166.00000000
674.00000000 250.00000000 2.00000000 166.00000000
777.00000000 231.00000000 2.00000000 164.00000000
533.00000000 247.00000000 1.00000000 162.00000000
352.00000000 254.00000000 1.00000000 161.00000000
70.00000000 137.00000000 0.00000000 160.00000000
352.00000000 256.00000000 2.00000000 159.00000000
512.00000000 248.00000000 2.00000000 157.00000000
166.00000000 254.00000000 1.00000000 155.00000000
1354.00000000 251.00000000 1.00000000 154.00000000
275.00000000 251.00000000 0.00000000 154.00000000
352.00000000 254.00000000 1.00000000 153.00000000
816.00000000 216.00000000 2.00000000 153.00000000
1431.00000000 582.00000000 0.00000000 152.00000000
881.00000000 1060.00000000 1.00000000 152.00000000
814.00000000 217.00000000 2.00000000 151.00000000
783.00000000 384.00000000 1.00000000 146.00000000
942.00000000 932.00000000 2.00000000 145.00000000
1366.00000000 600.00000000 2.00000000 145.00000000
1206.00000000 511.00000000 0.00000000 143.00000000
1436.00000000 451.00000000 0.00000000 142.00000000
167.00000000 256.00000000 0.00000000 142.00000000
1359.00000000 649.00000000 1.00000000 142.00000000
188.00000000 74.00000000 1.00000000 139.00000000
945.00000000 931.00000000 1.00000000 138.00000000
801.00000000 959.00000000 0.00000000 135.00000000
794.00000000 417.00000000 0.00000000 135.00000000
378.00000000 212.00000000 1.00000000 135.00000000
1097.00000000 729.00000000 1.00000000 134.00000000
1388.00000000 430.00000000 0.00000000 134.00000000
1020.00000000 1106.00000000 1.00000000 134.00000000
1080.00000000 696.00000000 0.00000000 134.00000000
209.00000000 194.00000000 0.00000000 133.00000000
881.00000000 1060.00000000 0.00000000 133.00000000
188.00000000 74.00000000 0.00000000 133.00000000
881.00000000 1060.00000000 1.00000000 131.00000000
1355.00000000 716.00000000 1.00000000 131.00000000
1354.00000000 246.00000000 0.00000000 131.00000000
927.00000000 897.00000000 0.00000000 131.00000000
255.00000000 179.00000000 0.00000000 128.00000000
706.00000000 852.00000000 0.00000000 127.00000000
913.00000000 461.00000000 1.00000000 127.00000000
797.00000000 395.00000000 0.00000000 126.00000000
943.00000000 930.00000000 1.00000000 125.00000000
1388.00000000 431.00000000 1.00000000 125.00000000
923.00000000 889.00000000 1.00000000 124.00000000
511.00000000 246.00000000 1.00000000 124.00000000
1098.00000000 729.00000000 1.00000000 122.00000000
1080.00000000 697.00000000 1.00000000 122.00000000
868.00000000 1080.00000000 0.00000000 122.00000000
101.00000000 281.00000000 1.00000000 121.00000000
1366.00000000 601.00000000 1.00000000 121.00000000
746.00000000 873.00000000 1.00000000 121.00000000
788.00000000 735.00000000 1.00000000 120.00000000
1416.00000000 591.00000000 1.00000000 120.00000000
70.00000000 137.00000000 1.00000000 120.00000000
816.00000000 251.00000000 0.00000000 118.00000000
801.00000000 960.00000000 1.00000000 117.00000000
777.00000000 917.00000000 0.00000000 117.00000000
275.00000000 251.00000000 1.00000000 117.00000000
1430.00000000 582.00000000 1.00000000 116.00000000
946.00000000 930.00000000 0.00000000 116.00000000
1021.00000000 1106.00000000 0.00000000 116.00000000
777.00000000 917.00000000 1.00000000 115.00000000
811.00000000 407.00000000 0.00000000 114.00000000
808.00000000 769.00000000 0.00000000 114.00000000
209.00000000 194.00000000 1.00000000 114.00000000
161.00000000 210.00000000 0.00000000 114.00000000
913.00000000 461.00000000 0.00000000 113.00000000
1386.00000000 586.00000000 0.00000000 113.00000000
318.00000000 234.00000000 0.00000000 110.00000000
477.00000000 238.00000000 1.00000000 110.00000000
788.00000000 735.00000000 0.00000000 110.00000000
427.00000000 475.00000000 0.00000000 108.00000000
780.00000000 405.00000000 0.00000000 108.00000000
101.00000000 279.00000000 0.00000000 105.00000000
1409.00000000 605.00000000 0.00000000 105.00000000
96.00000000 591.00000000 0.00000000 104.00000000
861.00000000 574.00000000 0.00000000 103.00000000
1201.00000000 498.00000000 0.00000000 102.00000000
352.00000000 253.00000000 0.00000000 101.00000000
831.00000000 809.00000000 0.00000000 100.00000000
1348.00000000 688.00000000 0.00000000 100.00000000
1242.00000000 721.00000000 0.00000000 100.00000000
906.00000000 703.00000000 0.00000000 100.00000000
1288.00000000 393.00000000 0.00000000 99.00000000
1308.00000000 417.00000000 0.00000000 99.00000000
971.00000000 825.00000000 0.00000000 98.00000000
423.00000000 194.00000000 0.00000000 97.00000000
808.00000000 254.00000000 0.00000000 96.00000000
1466.00000000 453.00000000 0.00000000 95.00000000
331.00000000 230.00000000 0.00000000 95.00000000
781.00000000 908.00000000 0.00000000 95.00000000
1099.00000000 728.00000000 0.00000000 93.00000000
1297.00000000 794.00000000 0.00000000 93.00000000
