602.00000000 264.00000000 2.00000000 498.00000000
602.00000000 263.00000000 1.00000000 496.00000000
599.00000000 268.00000000 2.00000000 462.00000000
673.00000000 379.00000000 0.00000000 446.00000000
603.00000000 261.00000000 1.00000000 414.00000000
788.00000000 367.00000000 0.00000000 373.00000000
650.00000000 258.00000000 1.00000000 371.00000000
756.00000000 330.00000000 0.00000000 361.00000000
554.00000000 258.00000000 0.00000000 360.00000000
648.00000000 262.00000000 2.00000000 356.00000000
680.00000000 407.00000000 0.00000000 354.00000000
756.00000000 330.00000000 1.00000000 349.00000000
596.00000000 272.00000000 4.00000000 348.00000000
755.00000000 443.00000000 1.00000000 348.00000000
782.00000000 360.00000000 0.00000000 347.00000000
652.00000000 258.00000000 1.00000000 340.00000000
782.00000000 361.00000000 1.00000000 336.00000000
554.00000000 260.00000000 1.00000000 327.00000000
474.00000000 248.00000000 2.00000000 313.00000000
755.00000000 442.00000000 1.00000000 309.00000000
76.00000000 642.00000000 2.00000000 305.00000000
774.00000000 351.00000000 0.00000000 301.00000000
670.00000000 396.00000000 0.00000000 299.00000000
603.00000000 260.00000000 0.00000000 283.00000000
554.00000000 268.00000000 2.00000000 281.00000000
72.00000000 644.00000000 4.00000000 272.00000000
755.00000000 442.00000000 0.00000000 272.00000000
716.00000000 250.00000000 2.00000000 272.00000000
473.00000000 247.00000000 1.00000000 263.00000000
652.00000000 256.00000000 0.00000000 259.00000000
732.00000000 332.00000000 1.00000000 257.00000000
767.00000000 344.00000000 0.00000000 256.00000000
717.00000000 248.00000000 1.00000000 252.00000000
527.00000000 438.00000000 1.00000000 249.00000000
736.00000000 375.00000000 0.00000000 248.00000000
684.00000000 260.00000000 2.00000000 246.00000000
661.00000000 386.00000000 0.00000000 246.00000000
673.00000000 380.00000000 1.00000000 244.00000000
733.00000000 331.00000000 0.00000000 242.00000000
644.00000000 265.00000000 2.00000000 241.00000000
774.00000000 351.00000000 1.00000000 239.00000000
554.00000000 263.00000000 1.00000000 235.00000000
473.00000000 246.00000000 1.00000000 235.00000000
686.00000000 258.00000000 2.00000000 231.00000000
762.00000000 337.00000000 0.00000000 225.00000000
527.00000000 438.00000000 1.00000000 224.00000000
562.00000000 398.00000000 1.00000000 218.00000000
598.00000000 358.00000000 2.00000000 216.00000000
736.00000000 376.00000000 1.00000000 213.00000000
473.00000000 245.00000000 0.00000000 212.00000000
694.00000000 251.00000000 1.00000000 212.00000000
694.00000000 250.00000000 0.00000000 211.00000000
702.00000000 403.00000000 0.00000000 210.00000000
892.00000000 686.00000000 2.00000000 208.00000000
563.00000000 397.00000000 1.00000000 206.00000000
447.00000000 238.00000000 1.00000000 203.00000000
892.00000000 683.00000000 1.00000000 202.00000000
598.00000000 356.00000000 1.00000000 196.00000000
670.00000000 370.00000000 1.00000000 193.00000000
723.00000000 362.00000000 1.00000000 185.00000000
446.00000000 237.00000000 0.00000000 182.00000000
156.00000000 118.00000000 0.00000000 182.00000000
893.00000000 683.00000000 1.00000000 181.00000000
593.00000000 367.00000000 5.00000000 181.00000000
702.00000000 403.00000000 1.00000000 179.00000000
446.00000000 237.00000000 1.00000000 176.00000000
820.00000000 414.00000000 1.00000000 173.00000000
710.00000000 413.00000000 1.00000000 173.00000000
776.00000000 417.00000000 1.00000000 170.00000000
794.00000000 179.00000000 1.00000000 168.00000000
533.00000000 393.00000000 1.00000000 166.00000000
156.00000000 118.00000000 1.00000000 164.00000000
564.00000000 396.00000000 0.00000000 162.00000000
717.00000000 419.00000000 0.00000000 162.00000000
697.00000000 427.00000000 0.00000000 159.00000000
1269.00000000 1017.00000000 0.00000000 159.00000000
692.00000000 393.00000000 0.00000000 158.00000000
719.00000000 246.00000000 1.00000000 157.00000000
756.00000000 329.00000000 1.00000000 156.00000000
724.00000000 362.00000000 0.00000000 155.00000000
287.00000000 230.00000000 0.00000000 155.00000000
712.00000000 277.00000000 0.00000000 155.00000000
385.00000000 420.00000000 0.00000000 154.00000000
749.00000000 352.00000000 0.00000000 153.00000000
371.00000000 208.00000000 0.00000000 151.00000000
527.00000000 437.00000000 0.00000000 151.00000000
671.00000000 371.00000000 1.00000000 147.00000000
820.00000000 414.00000000 1.00000000 147.00000000
534.00000000 393.00000000 0.00000000 146.00000000
730.00000000 369.00000000 0.00000000 146.00000000
15.00000000 897.00000000 1.00000000 145.00000000
661.00000000 386.00000000 1.00000000 144.00000000
776.00000000 416.00000000 1.00000000 141.00000000
487.00000000 750.00000000 1.00000000 139.00000000
693.00000000 393.00000000 1.00000000 134.00000000
977.00000000 369.00000000 0.00000000 129.00000000
707.00000000 279.00000000 0.00000000 125.00000000
1040.00000000 316.00000000 0.00000000 124.00000000
535.00000000 432.00000000 0.00000000 124.00000000
894.00000000 682.00000000 0.00000000 123.00000000
51.00000000 135.00000000 1.00000000 122.00000000
943.00000000 82.00000000 0.00000000 122.00000000
797.00000000 178.00000000 1.00000000 121.00000000
726.00000000 429.00000000 0.00000000 120.00000000
323.00000000 221.00000000 0.00000000 119.00000000
393.00000000 859.00000000 0.00000000 119.00000000
553.00000000 279.00000000 0.00000000 117.00000000
709.00000000 412.00000000 0.00000000 116.00000000
690.00000000 927.00000000 1.00000000 116.00000000
524.00000000 718.00000000 0.00000000 113.00000000
683.00000000 383.00000000 0.00000000 112.00000000
536.00000000 400.00000000 0.00000000 111.00000000
797.00000000 177.00000000 0.00000000 109.00000000
737.00000000 339.00000000 0.00000000 107.00000000
760.00000000 620.00000000 0.00000000 105.00000000
574.00000000 406.00000000 0.00000000 104.00000000
720.00000000 244.00000000 0.00000000 103.00000000
707.00000000 438.00000000 0.00000000 102.00000000
51.00000000 135.00000000 0.00000000 102.00000000
549.00000000 423.00000000 0.00000000 101.00000000
1124.00000000 328.00000000 0.00000000 100.00000000
22.00000000 420.00000000 0.00000000 100.00000000
436.00000000 765.00000000 0.00000000 100.00000000
408.00000000 198.00000000 0.00000000 100.00000000
777.00000000 416.00000000 0.00000000 99.00000000
353.00000000 872.00000000 0.00000000 97.00000000
432.00000000 844.00000000 0.00000000 97.00000000
