156.00000000 118.00000000 0.00000000 648.00000000
52.00000000 135.00000000 0.00000000 465.00000000
600.00000000 266.00000000 2.00000000 431.00000000
680.00000000 407.00000000 0.00000000 430.00000000
599.00000000 268.00000000 2.00000000 422.00000000
156.00000000 119.00000000 1.00000000 406.00000000
661.00000000 386.00000000 0.00000000 362.00000000
684.00000000 260.00000000 2.00000000 355.00000000
671.00000000 397.00000000 0.00000000 344.00000000
640.00000000 268.00000000 4.00000000 342.00000000
738.00000000 339.00000000 0.00000000 342.00000000
596.00000000 272.00000000 4.00000000 334.00000000
642.00000000 268.00000000 2.00000000 330.00000000
52.00000000 136.00000000 1.00000000 330.00000000
554.00000000 268.00000000 2.00000000 325.00000000
491.00000000 249.00000000 0.00000000 322.00000000
548.00000000 780.00000000 5.00000000 310.00000000
601.00000000 263.00000000 1.00000000 309.00000000
253.00000000 199.00000000 1.00000000 287.00000000
893.00000000 683.00000000 1.00000000 283.00000000
893.00000000 683.00000000 1.00000000 283.00000000
491.00000000 250.00000000 1.00000000 278.00000000
545.00000000 780.00000000 2.00000000 271.00000000
716.00000000 250.00000000 2.00000000 267.00000000
347.00000000 240.00000000 1.00000000 264.00000000
738.00000000 339.00000000 1.00000000 257.00000000
674.00000000 380.00000000 0.00000000 253.00000000
749.00000000 353.00000000 0.00000000 251.00000000
661.00000000 386.00000000 1.00000000 247.00000000
684.00000000 258.00000000 2.00000000 246.00000000
554.00000000 264.00000000 1.00000000 243.00000000
251.00000000 199.00000000 1.00000000 243.00000000
145.00000000 241.00000000 1.00000000 240.00000000
231.00000000 87.00000000 1.00000000 238.00000000
688.00000000 926.00000000 1.00000000 238.00000000
688.00000000 928.00000000 2.00000000 238.00000000
347.00000000 239.00000000 0.00000000 237.00000000
690.00000000 927.00000000 1.00000000 235.00000000
558.00000000 860.00000000 2.00000000 234.00000000
253.00000000 198.00000000 0.00000000 234.00000000
233.00000000 88.00000000 1.00000000 231.00000000
328.00000000 130.00000000 1.00000000 230.00000000
347.00000000 240.00000000 1.00000000 229.00000000
372.00000000 208.00000000 0.00000000 227.00000000
681.00000000 407.00000000 1.00000000 226.00000000
212.00000000 119.00000000 1.00000000 225.00000000
648.00000000 262.00000000 2.00000000 222.00000000
718.00000000 248.00000000 1.00000000 220.00000000
212.00000000 118.00000000 0.00000000 219.00000000
893.00000000 683.00000000 0.00000000 208.00000000
145.00000000 241.00000000 1.00000000 208.00000000
232.00000000 88.00000000 2.00000000 206.00000000
473.00000000 247.00000000 1.00000000 206.00000000
690.00000000 927.00000000 0.00000000 206.00000000
558.00000000 859.00000000 1.00000000 205.00000000
328.00000000 130.00000000 1.00000000 200.00000000
492.00000000 250.00000000 1.00000000 197.00000000
671.00000000 397.00000000 1.00000000 195.00000000
328.00000000 130.00000000 0.00000000 194.00000000
210.00000000 118.00000000 1.00000000 190.00000000
603.00000000 262.00000000 1.00000000 180.00000000
554.00000000 258.00000000 0.00000000 179.00000000
750.00000000 353.00000000 1.00000000 176.00000000
512.00000000 201.00000000 0.00000000 175.00000000
604.00000000 1003.00000000 1.00000000 174.00000000
234.00000000 87.00000000 0.00000000 169.00000000
474.00000000 246.00000000 1.00000000 167.00000000
144.00000000 239.00000000 0.00000000 163.00000000
650.00000000 260.00000000 1.00000000 163.00000000
527.00000000 439.00000000 1.00000000 162.00000000
605.00000000 1003.00000000 0.00000000 161.00000000
554.00000000 260.00000000 1.00000000 161.00000000
713.00000000 450.00000000 0.00000000 157.00000000
302.00000000 178.00000000 1.00000000 156.00000000
652.00000000 258.00000000 1.00000000 156.00000000
287.00000000 231.00000000 0.00000000 155.00000000
543.00000000 439.00000000 0.00000000 155.00000000
409.00000000 198.00000000 0.00000000 151.00000000
528.00000000 439.00000000 1.00000000 148.00000000
745.00000000 361.00000000 1.00000000 148.00000000
321.00000000 69.00000000 1.00000000 148.00000000
321.00000000 69.00000000 0.00000000 146.00000000
1117.00000000 298.00000000 1.00000000 146.00000000
242.00000000 180.00000000 0.00000000 145.00000000
512.00000000 201.00000000 1.00000000 145.00000000
745.00000000 360.00000000 0.00000000 144.00000000
558.00000000 860.00000000 1.00000000 144.00000000
766.00000000 422.00000000 0.00000000 144.00000000
393.00000000 860.00000000 0.00000000 143.00000000
709.00000000 611.00000000 1.00000000 141.00000000
280.00000000 172.00000000 0.00000000 138.00000000
1219.00000000 560.00000000 0.00000000 138.00000000
447.00000000 237.00000000 0.00000000 138.00000000
704.00000000 599.00000000 0.00000000 136.00000000
536.00000000 401.00000000 0.00000000 136.00000000
713.00000000 277.00000000 0.00000000 134.00000000
448.00000000 238.00000000 1.00000000 133.00000000
668.00000000 363.00000000 0.00000000 132.00000000
1218.00000000 561.00000000 1.00000000 132.00000000
709.00000000 610.00000000 0.00000000 131.00000000
333.00000000 218.00000000 0.00000000 129.00000000
707.00000000 279.00000000 0.00000000 129.00000000
248.00000000 119.00000000 1.00000000 127.00000000
203.00000000 188.00000000 0.00000000 126.00000000
386.00000000 420.00000000 0.00000000 125.00000000
473.00000000 245.00000000 0.00000000 123.00000000
317.00000000 164.00000000 0.00000000 123.00000000
437.00000000 764.00000000 0.00000000 121.00000000
63.00000000 118.00000000 0.00000000 118.00000000
697.00000000 427.00000000 0.00000000 116.00000000
740.00000000 761.00000000 0.00000000 115.00000000
685.00000000 391.00000000 0.00000000 111.00000000
394.00000000 166.00000000 0.00000000 109.00000000
323.00000000 221.00000000 0.00000000 108.00000000
603.00000000 260.00000000 0.00000000 107.00000000
514.00000000 497.00000000 0.00000000 107.00000000
857.00000000 294.00000000 0.00000000 107.00000000
652.00000000 257.00000000 0.00000000 106.00000000
525.00000000 718.00000000 0.00000000 105.00000000
353.00000000 156.00000000 0.00000000 104.00000000
685.00000000 253.00000000 0.00000000 102.00000000
1191.00000000 830.00000000 0.00000000 102.00000000
1117.00000000 298.00000000 0.00000000 102.00000000
694.00000000 400.00000000 0.00000000 101.00000000
681.00000000 197.00000000 0.00000000 101.00000000
511.00000000 915.00000000 0.00000000 101.00000000
1185.00000000 880.00000000 0.00000000 99.00000000
