535.00000000 246.00000000 0.00000000 140.00000000
353.00000000 263.00000000 2.00000000 126.00000000
608.00000000 248.00000000 0.00000000 125.00000000
607.00000000 249.00000000 1.00000000 124.00000000
922.00000000 447.00000000 1.00000000 120.00000000
352.00000000 264.00000000 4.00000000 114.00000000
920.00000000 446.00000000 1.00000000 100.00000000
684.00000000 379.00000000 5.00000000 85.00000000
684.00000000 376.00000000 4.00000000 83.00000000
290.00000000 178.00000000 0.00000000 81.00000000
923.00000000 446.00000000 0.00000000 80.00000000
357.00000000 267.00000000 1.00000000 80.00000000
1335.00000000 272.00000000 1.00000000 78.00000000
687.00000000 367.00000000 2.00000000 78.00000000
354.00000000 266.00000000 2.00000000 77.00000000
356.00000000 267.00000000 1.00000000 76.00000000
53.00000000 579.00000000 1.00000000 75.00000000
52.00000000 579.00000000 1.00000000 75.00000000
290.00000000 180.00000000 1.00000000 74.00000000
969.00000000 412.00000000 1.00000000 74.00000000
1335.00000000 272.00000000 0.00000000 72.00000000
893.00000000 455.00000000 1.00000000 69.00000000
628.00000000 253.00000000 1.00000000 69.00000000
535.00000000 246.00000000 1.00000000 69.00000000
892.00000000 455.00000000 1.00000000 69.00000000
414.00000000 215.00000000 0.00000000 68.00000000
165.00000000 254.00000000 1.00000000 67.00000000
167.00000000 256.00000000 1.00000000 66.00000000
801.00000000 212.00000000 0.00000000 66.00000000
759.00000000 367.00000000 1.00000000 66.00000000
893.00000000 454.00000000 0.00000000 65.00000000
357.00000000 267.00000000 0.00000000 65.00000000
352.00000000 170.00000000 0.00000000 65.00000000
414.00000000 216.00000000 1.00000000 63.00000000
1362.00000000 285.00000000 1.00000000 63.00000000
769.00000000 227.00000000 1.00000000 63.00000000
403.00000000 454.00000000 0.00000000 61.00000000
688.00000000 366.00000000 2.00000000 60.00000000
759.00000000 366.00000000 0.00000000 60.00000000
968.00000000 411.00000000 1.00000000 58.00000000
353.00000000 170.00000000 1.00000000 58.00000000
1338.00000000 280.00000000 2.00000000 56.00000000
524.00000000 525.00000000 1.00000000 56.00000000
647.00000000 673.00000000 0.00000000 56.00000000
352.00000000 254.00000000 1.00000000 56.00000000
627.00000000 254.00000000 1.00000000 55.00000000
599.00000000 254.00000000 2.00000000 55.00000000
729.00000000 349.00000000 1.00000000 55.00000000
386.00000000 552.00000000 0.00000000 55.00000000
602.00000000 256.00000000 2.00000000 54.00000000
737.00000000 584.00000000 0.00000000 54.00000000
694.00000000 598.00000000 2.00000000 54.00000000
777.00000000 510.00000000 0.00000000 53.00000000
387.00000000 479.00000000 1.00000000 53.00000000
1361.00000000 285.00000000 1.00000000 53.00000000
437.00000000 488.00000000 0.00000000 53.00000000
646.00000000 673.00000000 1.00000000 52.00000000
730.00000000 348.00000000 1.00000000 52.00000000
752.00000000 294.00000000 2.00000000 52.00000000
1342.00000000 278.00000000 1.00000000 52.00000000
387.00000000 553.00000000 1.00000000 52.00000000
276.00000000 193.00000000 0.00000000 52.00000000
800.00000000 212.00000000 1.00000000 51.00000000
385.00000000 538.00000000 0.00000000 51.00000000
507.00000000 499.00000000 0.00000000 51.00000000
386.00000000 479.00000000 0.00000000 50.00000000
606.00000000 248.00000000 1.00000000 50.00000000
892.00000000 454.00000000 2.00000000 50.00000000
408.00000000 638.00000000 0.00000000 49.00000000
1359.00000000 286.00000000 0.00000000 49.00000000
351.00000000 252.00000000 1.00000000 49.00000000
690.00000000 239.00000000 1.00000000 49.00000000
628.00000000 251.00000000 0.00000000 49.00000000
414.00000000 216.00000000 1.00000000 49.00000000
164.00000000 254.00000000 2.00000000 49.00000000
167.00000000 257.00000000 0.00000000 48.00000000
749.00000000 552.00000000 0.00000000 48.00000000
691.00000000 239.00000000 1.00000000 48.00000000
920.00000000 448.00000000 2.00000000 48.00000000
404.00000000 455.00000000 1.00000000 47.00000000
523.00000000 248.00000000 0.00000000 47.00000000
437.00000000 488.00000000 1.00000000 45.00000000
694.00000000 596.00000000 1.00000000 45.00000000
523.00000000 526.00000000 1.00000000 45.00000000
738.00000000 585.00000000 1.00000000 45.00000000
429.00000000 586.00000000 0.00000000 45.00000000
966.00000000 417.00000000 0.00000000 45.00000000
436.00000000 249.00000000 0.00000000 45.00000000
421.00000000 235.00000000 0.00000000 44.00000000
414.00000000 586.00000000 0.00000000 44.00000000
429.00000000 587.00000000 1.00000000 43.00000000
53.00000000 578.00000000 0.00000000 43.00000000
1344.00000000 275.00000000 0.00000000 43.00000000
691.00000000 239.00000000 0.00000000 43.00000000
970.00000000 410.00000000 0.00000000 43.00000000
451.00000000 281.00000000 1.00000000 42.00000000
729.00000000 346.00000000 0.00000000 41.00000000
844.00000000 254.00000000 1.00000000 41.00000000
558.00000000 770.00000000 0.00000000 41.00000000
720.00000000 685.00000000 1.00000000 41.00000000
630.00000000 357.00000000 0.00000000 41.00000000
782.00000000 384.00000000 1.00000000 41.00000000
413.00000000 523.00000000 0.00000000 40.00000000
420.00000000 227.00000000 0.00000000 40.00000000
753.00000000 226.00000000 0.00000000 40.00000000
523.00000000 523.00000000 0.00000000 39.00000000
400.00000000 579.00000000 0.00000000 39.00000000
402.00000000 563.00000000 0.00000000 39.00000000
451.00000000 281.00000000 0.00000000 39.00000000
350.00000000 250.00000000 0.00000000 38.00000000
782.00000000 383.00000000 0.00000000 38.00000000
704.00000000 421.00000000 0.00000000 37.00000000
769.00000000 564.00000000 0.00000000 37.00000000
165.00000000 250.00000000 0.00000000 37.00000000
785.00000000 289.00000000 0.00000000 37.00000000
375.00000000 505.00000000 0.00000000 37.00000000
164.00000000 241.00000000 0.00000000 37.00000000
690.00000000 629.00000000 0.00000000 35.00000000
844.00000000 253.00000000 0.00000000 35.00000000
469.00000000 277.00000000 0.00000000 35.00000000
773.00000000 501.00000000 0.00000000 35.00000000
654.00000000 354.00000000 0.00000000 35.00000000
661.00000000 414.00000000 0.00000000 34.00000000
340.00000000 500.00000000 0.00000000 34.00000000
902.00000000 466.00000000 0.00000000 34.00000000
114.00000000 277.00000000 0.00000000 33.00000000
405.00000000 617.00000000 0.00000000 33.00000000
