1354.00000000 252.00000000 0.00000000 455.00000000
1350.00000000 259.00000000 0.00000000 451.00000000
533.00000000 248.00000000 1.00000000 447.00000000
533.00000000 248.00000000 1.00000000 421.00000000
532.00000000 250.00000000 2.00000000 417.00000000
1416.00000000 591.00000000 0.00000000 415.00000000
533.00000000 246.00000000 0.00000000 409.00000000
1354.00000000 718.00000000 1.00000000 402.00000000
736.00000000 1127.00000000 0.00000000 398.00000000
1355.00000000 717.00000000 1.00000000 387.00000000
1356.00000000 652.00000000 4.00000000 381.00000000
94.00000000 127.00000000 0.00000000 376.00000000
363.00000000 100.00000000 1.00000000 370.00000000
1366.00000000 600.00000000 2.00000000 362.00000000
1354.00000000 252.00000000 1.00000000 361.00000000
1428.00000000 438.00000000 1.00000000 360.00000000
1429.00000000 438.00000000 1.00000000 357.00000000
1359.00000000 648.00000000 1.00000000 349.00000000
93.00000000 128.00000000 1.00000000 346.00000000
737.00000000 1128.00000000 1.00000000 332.00000000
1360.00000000 650.00000000 2.00000000 330.00000000
1357.00000000 653.00000000 2.00000000 328.00000000
1354.00000000 720.00000000 2.00000000 325.00000000
531.00000000 251.00000000 2.00000000 323.00000000
1359.00000000 647.00000000 0.00000000 322.00000000
1358.00000000 768.00000000 0.00000000 318.00000000
746.00000000 1124.00000000 0.00000000 314.00000000
1359.00000000 649.00000000 1.00000000 310.00000000
963.00000000 688.00000000 0.00000000 309.00000000
1434.00000000 823.00000000 1.00000000 306.00000000
1354.00000000 717.00000000 0.00000000 305.00000000
364.00000000 100.00000000 2.00000000 305.00000000
1366.00000000 601.00000000 1.00000000 303.00000000
882.00000000 584.00000000 0.00000000 303.00000000
1434.00000000 821.00000000 0.00000000 293.00000000
1359.00000000 680.00000000 0.00000000 293.00000000
454.00000000 180.00000000 2.00000000 291.00000000
363.00000000 101.00000000 1.00000000 289.00000000
1424.00000000 827.00000000 0.00000000 289.00000000
1244.00000000 722.00000000 1.00000000 274.00000000
455.00000000 178.00000000 1.00000000 272.00000000
1366.00000000 599.00000000 2.00000000 271.00000000
1426.00000000 813.00000000 0.00000000 267.00000000
1350.00000000 246.00000000 2.00000000 261.00000000
1405.00000000 586.00000000 0.00000000 261.00000000
1440.00000000 832.00000000 0.00000000 252.00000000
532.00000000 252.00000000 4.00000000 251.00000000
883.00000000 584.00000000 1.00000000 248.00000000
1357.00000000 656.00000000 5.00000000 248.00000000
1347.00000000 688.00000000 0.00000000 246.00000000
964.00000000 689.00000000 1.00000000 245.00000000
503.00000000 362.00000000 2.00000000 245.00000000
1428.00000000 450.00000000 0.00000000 240.00000000
1359.00000000 680.00000000 1.00000000 238.00000000
1523.00000000 1039.00000000 0.00000000 237.00000000
895.00000000 542.00000000 0.00000000 236.00000000
746.00000000 1124.00000000 1.00000000 236.00000000
456.00000000 177.00000000 1.00000000 235.00000000
952.00000000 748.00000000 0.00000000 234.00000000
1416.00000000 591.00000000 1.00000000 233.00000000
1366.00000000 600.00000000 1.00000000 232.00000000
1042.00000000 724.00000000 0.00000000 231.00000000
506.00000000 360.00000000 2.00000000 225.00000000
165.00000000 254.00000000 1.00000000 225.00000000
1353.00000000 726.00000000 0.00000000 225.00000000
1443.00000000 885.00000000 0.00000000 222.00000000
861.00000000 591.00000000 0.00000000 216.00000000
91.00000000 127.00000000 1.00000000 216.00000000
1244.00000000 722.00000000 0.00000000 214.00000000
1295.00000000 794.00000000 0.00000000 210.00000000
1439.00000000 845.00000000 1.00000000 208.00000000
1063.00000000 629.00000000 1.00000000 207.00000000
1269.00000000 147.00000000 0.00000000 206.00000000
1429.00000000 437.00000000 0.00000000 202.00000000
1387.00000000 585.00000000 0.00000000 201.00000000
869.00000000 232.00000000 1.00000000 199.00000000
1348.00000000 689.00000000 1.00000000 196.00000000
1429.00000000 580.00000000 0.00000000 196.00000000
871.00000000 632.00000000 0.00000000 196.00000000
167.00000000 255.00000000 1.00000000 195.00000000
1342.00000000 754.00000000 1.00000000 194.00000000
112.00000000 280.00000000 0.00000000 192.00000000
1441.00000000 867.00000000 0.00000000 191.00000000
1068.00000000 424.00000000 1.00000000 189.00000000
506.00000000 359.00000000 1.00000000 188.00000000
1063.00000000 628.00000000 0.00000000 188.00000000
869.00000000 231.00000000 0.00000000 187.00000000
1366.00000000 593.00000000 0.00000000 187.00000000
1441.00000000 845.00000000 1.00000000 187.00000000
879.00000000 608.00000000 0.00000000 185.00000000
1366.00000000 600.00000000 0.00000000 185.00000000
1127.00000000 508.00000000 0.00000000 184.00000000
1353.00000000 251.00000000 1.00000000 184.00000000
456.00000000 176.00000000 0.00000000 183.00000000
764.00000000 155.00000000 0.00000000 183.00000000
1425.00000000 815.00000000 1.00000000 183.00000000
555.00000000 183.00000000 0.00000000 183.00000000
1523.00000000 1039.00000000 1.00000000 183.00000000
111.00000000 280.00000000 1.00000000 182.00000000
861.00000000 592.00000000 1.00000000 182.00000000
947.00000000 755.00000000 0.00000000 181.00000000
1392.00000000 789.00000000 1.00000000 180.00000000
1344.00000000 708.00000000 0.00000000 180.00000000
362.00000000 140.00000000 1.00000000 180.00000000
1269.00000000 147.00000000 1.00000000 179.00000000
507.00000000 359.00000000 1.00000000 177.00000000
927.00000000 897.00000000 0.00000000 174.00000000
1358.00000000 768.00000000 1.00000000 174.00000000
861.00000000 574.00000000 0.00000000 172.00000000
188.00000000 74.00000000 1.00000000 170.00000000
847.00000000 578.00000000 0.00000000 168.00000000
1251.00000000 783.00000000 1.00000000 168.00000000
868.00000000 231.00000000 1.00000000 167.00000000
1027.00000000 1122.00000000 0.00000000 166.00000000
1067.00000000 424.00000000 0.00000000 166.00000000
1268.00000000 726.00000000 0.00000000 165.00000000
1342.00000000 663.00000000 0.00000000 164.00000000
1222.00000000 515.00000000 0.00000000 164.00000000
1443.00000000 811.00000000 0.00000000 164.00000000
881.00000000 555.00000000 0.00000000 163.00000000
1480.00000000 1096.00000000 0.00000000 163.00000000
1385.00000000 595.00000000 0.00000000 163.00000000
1441.00000000 844.00000000 0.00000000 161.00000000
506.00000000 359.00000000 0.00000000 159.00000000
1342.00000000 753.00000000 0.00000000 159.00000000
1424.00000000 793.00000000 0.00000000 158.00000000
1540.00000000 1053.00000000 0.00000000 156.00000000
