1353.00000000 717.00000000 1.00000000 459.00000000
94.00000000 127.00000000 0.00000000 458.00000000
93.00000000 127.00000000 1.00000000 453.00000000
1354.00000000 718.00000000 2.00000000 449.00000000
1356.00000000 652.00000000 4.00000000 406.00000000
533.00000000 246.00000000 0.00000000 392.00000000
1359.00000000 647.00000000 0.00000000 389.00000000
533.00000000 247.00000000 1.00000000 378.00000000
1349.00000000 258.00000000 0.00000000 357.00000000
1357.00000000 650.00000000 2.00000000 357.00000000
1359.00000000 647.00000000 1.00000000 339.00000000
533.00000000 247.00000000 1.00000000 337.00000000
1366.00000000 600.00000000 2.00000000 329.00000000
1354.00000000 717.00000000 1.00000000 328.00000000
1358.00000000 650.00000000 2.00000000 308.00000000
1415.00000000 591.00000000 0.00000000 301.00000000
1359.00000000 680.00000000 0.00000000 299.00000000
913.00000000 461.00000000 1.00000000 292.00000000
1357.00000000 656.00000000 5.00000000 290.00000000
1357.00000000 649.00000000 1.00000000 289.00000000
1347.00000000 689.00000000 0.00000000 275.00000000
534.00000000 250.00000000 2.00000000 275.00000000
912.00000000 461.00000000 1.00000000 271.00000000
1364.00000000 601.00000000 1.00000000 271.00000000
1366.00000000 599.00000000 2.00000000 269.00000000
1353.00000000 251.00000000 1.00000000 269.00000000
913.00000000 461.00000000 0.00000000 266.00000000
1353.00000000 726.00000000 0.00000000 259.00000000
1354.00000000 718.00000000 2.00000000 259.00000000
167.00000000 256.00000000 1.00000000 252.00000000
1353.00000000 251.00000000 0.00000000 249.00000000
927.00000000 897.00000000 0.00000000 248.00000000
91.00000000 127.00000000 1.00000000 245.00000000
1348.00000000 689.00000000 1.00000000 244.00000000
1366.00000000 278.00000000 0.00000000 237.00000000
456.00000000 180.00000000 2.00000000 236.00000000
668.00000000 260.00000000 4.00000000 235.00000000
364.00000000 100.00000000 2.00000000 233.00000000
1426.00000000 816.00000000 0.00000000 229.00000000
1354.00000000 716.00000000 0.00000000 229.00000000
1353.00000000 727.00000000 1.00000000 223.00000000
166.00000000 257.00000000 0.00000000 223.00000000
165.00000000 254.00000000 1.00000000 220.00000000
455.00000000 181.00000000 2.00000000 217.00000000
363.00000000 100.00000000 1.00000000 215.00000000
1350.00000000 246.00000000 2.00000000 213.00000000
987.00000000 591.00000000 0.00000000 200.00000000
1353.00000000 250.00000000 1.00000000 198.00000000
1385.00000000 595.00000000 1.00000000 198.00000000
456.00000000 178.00000000 1.00000000 196.00000000
1359.00000000 680.00000000 1.00000000 195.00000000
362.00000000 142.00000000 2.00000000 191.00000000
882.00000000 584.00000000 0.00000000 188.00000000
1426.00000000 816.00000000 1.00000000 185.00000000
311.00000000 120.00000000 1.00000000 184.00000000
1366.00000000 279.00000000 1.00000000 184.00000000
1385.00000000 594.00000000 0.00000000 182.00000000
1358.00000000 768.00000000 0.00000000 182.00000000
309.00000000 118.00000000 1.00000000 179.00000000
362.00000000 140.00000000 1.00000000 179.00000000
1329.00000000 922.00000000 1.00000000 179.00000000
1254.00000000 811.00000000 0.00000000 178.00000000
1416.00000000 591.00000000 1.00000000 177.00000000
860.00000000 574.00000000 0.00000000 177.00000000
882.00000000 585.00000000 1.00000000 174.00000000
1020.00000000 1106.00000000 1.00000000 173.00000000
1245.00000000 837.00000000 0.00000000 172.00000000
1366.00000000 594.00000000 1.00000000 171.00000000
1366.00000000 684.00000000 0.00000000 170.00000000
881.00000000 599.00000000 0.00000000 169.00000000
1353.00000000 629.00000000 1.00000000 166.00000000
1335.00000000 850.00000000 0.00000000 165.00000000
830.00000000 810.00000000 1.00000000 164.00000000
1366.00000000 593.00000000 0.00000000 163.00000000
831.00000000 809.00000000 0.00000000 163.00000000
1069.00000000 1082.00000000 0.00000000 162.00000000
945.00000000 931.00000000 1.00000000 160.00000000
1409.00000000 605.00000000 0.00000000 160.00000000
1021.00000000 1106.00000000 0.00000000 159.00000000
1079.00000000 696.00000000 0.00000000 158.00000000
764.00000000 156.00000000 1.00000000 157.00000000
1254.00000000 811.00000000 1.00000000 157.00000000
988.00000000 592.00000000 1.00000000 157.00000000
96.00000000 591.00000000 0.00000000 157.00000000
1206.00000000 509.00000000 1.00000000 157.00000000
351.00000000 254.00000000 1.00000000 156.00000000
311.00000000 120.00000000 0.00000000 156.00000000
1351.00000000 630.00000000 1.00000000 155.00000000
350.00000000 254.00000000 1.00000000 154.00000000
1367.00000000 636.00000000 1.00000000 154.00000000
737.00000000 1127.00000000 1.00000000 154.00000000
860.00000000 575.00000000 1.00000000 153.00000000
363.00000000 138.00000000 1.00000000 153.00000000
543.00000000 210.00000000 0.00000000 152.00000000
763.00000000 155.00000000 0.00000000 151.00000000
895.00000000 543.00000000 0.00000000 150.00000000
946.00000000 931.00000000 0.00000000 150.00000000
1405.00000000 586.00000000 0.00000000 150.00000000
1296.00000000 794.00000000 0.00000000 150.00000000
905.00000000 703.00000000 0.00000000 149.00000000
895.00000000 543.00000000 1.00000000 148.00000000
70.00000000 137.00000000 0.00000000 147.00000000
1069.00000000 1083.00000000 1.00000000 146.00000000
1265.00000000 98.00000000 1.00000000 146.00000000
1307.00000000 417.00000000 0.00000000 146.00000000
781.00000000 908.00000000 0.00000000 146.00000000
1429.00000000 581.00000000 0.00000000 146.00000000
1268.00000000 80.00000000 0.00000000 145.00000000
1395.00000000 328.00000000 0.00000000 144.00000000
413.00000000 216.00000000 0.00000000 143.00000000
788.00000000 735.00000000 0.00000000 140.00000000
1028.00000000 1122.00000000 0.00000000 139.00000000
801.00000000 959.00000000 0.00000000 138.00000000
1366.00000000 636.00000000 0.00000000 138.00000000
1388.00000000 431.00000000 0.00000000 137.00000000
956.00000000 1024.00000000 0.00000000 137.00000000
794.00000000 417.00000000 0.00000000 137.00000000
1201.00000000 498.00000000 0.00000000 137.00000000
1352.00000000 243.00000000 0.00000000 137.00000000
818.00000000 440.00000000 0.00000000 136.00000000
1386.00000000 586.00000000 0.00000000 136.00000000
1424.00000000 827.00000000 0.00000000 135.00000000
1522.00000000 651.00000000 0.00000000 135.00000000
782.00000000 384.00000000 0.00000000 134.00000000
1344.00000000 709.00000000 0.00000000 134.00000000
808.00000000 769.00000000 0.00000000 133.00000000
351.00000000 253.00000000 0.00000000 132.00000000
