602.00000000 264.00000000 2.00000000 513.00000000
599.00000000 268.00000000 2.00000000 504.00000000
602.00000000 263.00000000 1.00000000 503.00000000
673.00000000 380.00000000 0.00000000 433.00000000
603.00000000 262.00000000 1.00000000 410.00000000
755.00000000 443.00000000 1.00000000 393.00000000
596.00000000 272.00000000 4.00000000 374.00000000
661.00000000 386.00000000 0.00000000 368.00000000
680.00000000 407.00000000 0.00000000 350.00000000
788.00000000 367.00000000 0.00000000 349.00000000
648.00000000 262.00000000 2.00000000 345.00000000
554.00000000 258.00000000 0.00000000 334.00000000
652.00000000 258.00000000 1.00000000 333.00000000
755.00000000 444.00000000 1.00000000 328.00000000
554.00000000 260.00000000 1.00000000 326.00000000
650.00000000 260.00000000 1.00000000 322.00000000
755.00000000 442.00000000 0.00000000 316.00000000
756.00000000 330.00000000 0.00000000 307.00000000
596.00000000 364.00000000 4.00000000 306.00000000
756.00000000 330.00000000 1.00000000 298.00000000
782.00000000 361.00000000 1.00000000 295.00000000
554.00000000 268.00000000 2.00000000 294.00000000
603.00000000 260.00000000 0.00000000 293.00000000
782.00000000 361.00000000 0.00000000 293.00000000
596.00000000 359.00000000 2.00000000 290.00000000
70.00000000 644.00000000 2.00000000 289.00000000
474.00000000 248.00000000 2.00000000 288.00000000
716.00000000 250.00000000 2.00000000 288.00000000
718.00000000 248.00000000 1.00000000 287.00000000
774.00000000 351.00000000 0.00000000 280.00000000
598.00000000 360.00000000 2.00000000 270.00000000
749.00000000 352.00000000 0.00000000 270.00000000
554.00000000 263.00000000 1.00000000 263.00000000
644.00000000 265.00000000 2.00000000 262.00000000
593.00000000 367.00000000 5.00000000 260.00000000
652.00000000 257.00000000 0.00000000 254.00000000
527.00000000 439.00000000 1.00000000 253.00000000
473.00000000 247.00000000 1.00000000 249.00000000
661.00000000 386.00000000 1.00000000 249.00000000
564.00000000 398.00000000 1.00000000 245.00000000
72.00000000 644.00000000 2.00000000 245.00000000
598.00000000 356.00000000 1.00000000 244.00000000
686.00000000 258.00000000 2.00000000 242.00000000
527.00000000 439.00000000 1.00000000 224.00000000
156.00000000 118.00000000 0.00000000 223.00000000
768.00000000 344.00000000 0.00000000 223.00000000
736.00000000 375.00000000 0.00000000 223.00000000
674.00000000 380.00000000 1.00000000 219.00000000
670.00000000 371.00000000 1.00000000 217.00000000
702.00000000 403.00000000 0.00000000 215.00000000
774.00000000 352.00000000 1.00000000 215.00000000
858.00000000 285.00000000 0.00000000 209.00000000
473.00000000 246.00000000 1.00000000 208.00000000
564.00000000 398.00000000 1.00000000 204.00000000
1098.00000000 86.00000000 0.00000000 201.00000000
762.00000000 337.00000000 0.00000000 200.00000000
736.00000000 376.00000000 1.00000000 200.00000000
719.00000000 246.00000000 1.00000000 195.00000000
156.00000000 118.00000000 1.00000000 193.00000000
892.00000000 684.00000000 1.00000000 189.00000000
820.00000000 414.00000000 1.00000000 185.00000000
695.00000000 250.00000000 0.00000000 184.00000000
717.00000000 420.00000000 0.00000000 182.00000000
732.00000000 332.00000000 1.00000000 181.00000000
733.00000000 331.00000000 0.00000000 180.00000000
694.00000000 251.00000000 1.00000000 178.00000000
1095.00000000 76.00000000 0.00000000 176.00000000
670.00000000 396.00000000 0.00000000 176.00000000
393.00000000 859.00000000 0.00000000 176.00000000
723.00000000 362.00000000 1.00000000 174.00000000
893.00000000 683.00000000 1.00000000 173.00000000
447.00000000 238.00000000 1.00000000 172.00000000
702.00000000 403.00000000 1.00000000 172.00000000
820.00000000 415.00000000 1.00000000 171.00000000
776.00000000 417.00000000 1.00000000 171.00000000
473.00000000 246.00000000 0.00000000 170.00000000
534.00000000 393.00000000 1.00000000 168.00000000
750.00000000 353.00000000 1.00000000 163.00000000
438.00000000 418.00000000 1.00000000 163.00000000
796.00000000 178.00000000 1.00000000 161.00000000
755.00000000 329.00000000 1.00000000 161.00000000
712.00000000 277.00000000 0.00000000 157.00000000
692.00000000 393.00000000 0.00000000 156.00000000
1097.00000000 86.00000000 1.00000000 156.00000000
287.00000000 231.00000000 0.00000000 155.00000000
15.00000000 897.00000000 1.00000000 155.00000000
1101.00000000 319.00000000 1.00000000 152.00000000
684.00000000 391.00000000 0.00000000 152.00000000
1338.00000000 740.00000000 0.00000000 151.00000000
527.00000000 437.00000000 0.00000000 151.00000000
446.00000000 237.00000000 0.00000000 148.00000000
1338.00000000 741.00000000 1.00000000 147.00000000
534.00000000 393.00000000 0.00000000 144.00000000
598.00000000 356.00000000 1.00000000 142.00000000
564.00000000 397.00000000 0.00000000 141.00000000
371.00000000 209.00000000 0.00000000 140.00000000
730.00000000 369.00000000 0.00000000 140.00000000
797.00000000 178.00000000 1.00000000 140.00000000
777.00000000 417.00000000 1.00000000 139.00000000
553.00000000 279.00000000 0.00000000 138.00000000
693.00000000 394.00000000 1.00000000 138.00000000
724.00000000 362.00000000 0.00000000 138.00000000
697.00000000 427.00000000 0.00000000 134.00000000
858.00000000 294.00000000 0.00000000 133.00000000
683.00000000 383.00000000 0.00000000 132.00000000
1101.00000000 318.00000000 0.00000000 131.00000000
1105.00000000 107.00000000 0.00000000 127.00000000
707.00000000 279.00000000 0.00000000 127.00000000
535.00000000 432.00000000 0.00000000 126.00000000
1209.00000000 330.00000000 0.00000000 125.00000000
908.00000000 270.00000000 0.00000000 125.00000000
385.00000000 420.00000000 0.00000000 123.00000000
797.00000000 177.00000000 0.00000000 122.00000000
893.00000000 683.00000000 0.00000000 122.00000000
1317.00000000 813.00000000 0.00000000 120.00000000
1112.00000000 120.00000000 0.00000000 119.00000000
436.00000000 765.00000000 0.00000000 116.00000000
51.00000000 135.00000000 0.00000000 116.00000000
942.00000000 82.00000000 0.00000000 115.00000000
693.00000000 400.00000000 0.00000000 114.00000000
306.00000000 430.00000000 0.00000000 111.00000000
1281.00000000 995.00000000 0.00000000 111.00000000
409.00000000 199.00000000 0.00000000 110.00000000
1245.00000000 426.00000000 0.00000000 110.00000000
1124.00000000 328.00000000 0.00000000 109.00000000
524.00000000 719.00000000 0.00000000 108.00000000
323.00000000 222.00000000 0.00000000 107.00000000
