156.00000000 118.00000000 0.00000000 612.00000000
552.00000000 274.00000000 2.00000000 421.00000000
552.00000000 272.00000000 1.00000000 410.00000000
156.00000000 118.00000000 1.00000000 393.00000000
553.00000000 273.00000000 1.00000000 376.00000000
51.00000000 135.00000000 0.00000000 355.00000000
51.00000000 135.00000000 1.00000000 336.00000000
716.00000000 250.00000000 2.00000000 292.00000000
674.00000000 379.00000000 0.00000000 282.00000000
598.00000000 278.00000000 2.00000000 277.00000000
474.00000000 248.00000000 2.00000000 264.00000000
598.00000000 277.00000000 1.00000000 261.00000000
347.00000000 239.00000000 1.00000000 257.00000000
473.00000000 247.00000000 1.00000000 257.00000000
717.00000000 248.00000000 1.00000000 254.00000000
552.00000000 272.00000000 0.00000000 246.00000000
684.00000000 264.00000000 2.00000000 244.00000000
681.00000000 265.00000000 2.00000000 243.00000000
346.00000000 240.00000000 1.00000000 234.00000000
347.00000000 239.00000000 0.00000000 228.00000000
680.00000000 407.00000000 0.00000000 222.00000000
893.00000000 683.00000000 1.00000000 218.00000000
328.00000000 129.00000000 1.00000000 216.00000000
557.00000000 859.00000000 2.00000000 214.00000000
474.00000000 246.00000000 1.00000000 214.00000000
548.00000000 784.00000000 4.00000000 213.00000000
371.00000000 208.00000000 0.00000000 212.00000000
548.00000000 780.00000000 5.00000000 212.00000000
642.00000000 276.00000000 2.00000000 212.00000000
893.00000000 683.00000000 1.00000000 208.00000000
558.00000000 860.00000000 2.00000000 206.00000000
346.00000000 242.00000000 2.00000000 205.00000000
212.00000000 118.00000000 1.00000000 199.00000000
328.00000000 128.00000000 1.00000000 196.00000000
688.00000000 926.00000000 1.00000000 196.00000000
596.00000000 280.00000000 2.00000000 188.00000000
212.00000000 118.00000000 0.00000000 183.00000000
556.00000000 860.00000000 4.00000000 183.00000000
210.00000000 118.00000000 1.00000000 180.00000000
475.00000000 246.00000000 2.00000000 176.00000000
328.00000000 129.00000000 0.00000000 176.00000000
473.00000000 245.00000000 0.00000000 175.00000000
642.00000000 275.00000000 1.00000000 175.00000000
690.00000000 927.00000000 1.00000000 173.00000000
447.00000000 237.00000000 0.00000000 168.00000000
447.00000000 237.00000000 1.00000000 167.00000000
893.00000000 683.00000000 0.00000000 167.00000000
527.00000000 439.00000000 1.00000000 164.00000000
604.00000000 1003.00000000 1.00000000 163.00000000
287.00000000 230.00000000 0.00000000 163.00000000
661.00000000 386.00000000 0.00000000 163.00000000
557.00000000 859.00000000 1.00000000 161.00000000
446.00000000 237.00000000 1.00000000 158.00000000
618.00000000 896.00000000 1.00000000 158.00000000
671.00000000 396.00000000 0.00000000 157.00000000
280.00000000 172.00000000 0.00000000 155.00000000
1117.00000000 298.00000000 0.00000000 153.00000000
512.00000000 200.00000000 0.00000000 152.00000000
674.00000000 380.00000000 1.00000000 152.00000000
50.00000000 134.00000000 1.00000000 151.00000000
604.00000000 1003.00000000 0.00000000 146.00000000
487.00000000 750.00000000 1.00000000 146.00000000
697.00000000 427.00000000 0.00000000 146.00000000
409.00000000 198.00000000 0.00000000 145.00000000
155.00000000 117.00000000 1.00000000 145.00000000
321.00000000 68.00000000 1.00000000 144.00000000
1118.00000000 298.00000000 1.00000000 143.00000000
321.00000000 67.00000000 0.00000000 143.00000000
528.00000000 438.00000000 1.00000000 138.00000000
303.00000000 176.00000000 1.00000000 137.00000000
333.00000000 218.00000000 0.00000000 137.00000000
690.00000000 927.00000000 0.00000000 136.00000000
598.00000000 276.00000000 1.00000000 136.00000000
157.00000000 476.00000000 0.00000000 132.00000000
385.00000000 420.00000000 0.00000000 132.00000000
702.00000000 599.00000000 0.00000000 131.00000000
241.00000000 180.00000000 0.00000000 130.00000000
703.00000000 599.00000000 1.00000000 126.00000000
372.00000000 208.00000000 1.00000000 123.00000000
202.00000000 188.00000000 0.00000000 123.00000000
713.00000000 277.00000000 0.00000000 123.00000000
707.00000000 279.00000000 0.00000000 121.00000000
316.00000000 164.00000000 0.00000000 121.00000000
248.00000000 118.00000000 1.00000000 121.00000000
511.00000000 915.00000000 0.00000000 119.00000000
536.00000000 400.00000000 0.00000000 119.00000000
738.00000000 339.00000000 0.00000000 118.00000000
513.00000000 201.00000000 1.00000000 118.00000000
604.00000000 260.00000000 1.00000000 118.00000000
323.00000000 221.00000000 0.00000000 117.00000000
247.00000000 117.00000000 0.00000000 117.00000000
487.00000000 750.00000000 1.00000000 117.00000000
1144.00000000 361.00000000 1.00000000 115.00000000
684.00000000 390.00000000 0.00000000 115.00000000
490.00000000 251.00000000 0.00000000 113.00000000
558.00000000 859.00000000 1.00000000 112.00000000
717.00000000 248.00000000 1.00000000 112.00000000
1144.00000000 361.00000000 0.00000000 110.00000000
491.00000000 252.00000000 1.00000000 107.00000000
303.00000000 176.00000000 0.00000000 102.00000000
548.00000000 780.00000000 1.00000000 101.00000000
394.00000000 165.00000000 0.00000000 101.00000000
511.00000000 916.00000000 1.00000000 101.00000000
1196.00000000 781.00000000 0.00000000 100.00000000
1172.00000000 433.00000000 0.00000000 100.00000000
858.00000000 292.00000000 0.00000000 100.00000000
750.00000000 352.00000000 0.00000000 99.00000000
661.00000000 386.00000000 1.00000000 99.00000000
130.00000000 243.00000000 0.00000000 98.00000000
618.00000000 896.00000000 0.00000000 97.00000000
543.00000000 438.00000000 0.00000000 97.00000000
1196.00000000 781.00000000 1.00000000 96.00000000
1183.00000000 457.00000000 0.00000000 95.00000000
353.00000000 156.00000000 0.00000000 95.00000000
733.00000000 560.00000000 0.00000000 95.00000000
354.00000000 178.00000000 0.00000000 95.00000000
708.00000000 437.00000000 0.00000000 92.00000000
682.00000000 196.00000000 0.00000000 91.00000000
514.00000000 497.00000000 0.00000000 91.00000000
1161.00000000 350.00000000 0.00000000 90.00000000
1083.00000000 216.00000000 0.00000000 89.00000000
548.00000000 779.00000000 0.00000000 88.00000000
1024.00000000 333.00000000 0.00000000 87.00000000
457.00000000 941.00000000 0.00000000 87.00000000
538.00000000 422.00000000 0.00000000 86.00000000
644.00000000 279.00000000 0.00000000 85.00000000
766.00000000 422.00000000 0.00000000 85.00000000
