93.00000000 127.00000000 1.00000000 543.00000000
1353.00000000 717.00000000 1.00000000 485.00000000
1354.00000000 718.00000000 2.00000000 477.00000000
93.00000000 126.00000000 0.00000000 451.00000000
1359.00000000 646.00000000 0.00000000 406.00000000
533.00000000 246.00000000 0.00000000 398.00000000
1359.00000000 647.00000000 1.00000000 394.00000000
1349.00000000 258.00000000 0.00000000 392.00000000
1356.00000000 652.00000000 4.00000000 385.00000000
533.00000000 247.00000000 1.00000000 380.00000000
1357.00000000 650.00000000 2.00000000 364.00000000
1354.00000000 716.00000000 1.00000000 356.00000000
1358.00000000 650.00000000 2.00000000 341.00000000
533.00000000 247.00000000 1.00000000 337.00000000
1366.00000000 600.00000000 2.00000000 334.00000000
1357.00000000 649.00000000 1.00000000 313.00000000
987.00000000 591.00000000 0.00000000 306.00000000
1415.00000000 591.00000000 0.00000000 304.00000000
1364.00000000 601.00000000 1.00000000 302.00000000
1357.00000000 656.00000000 5.00000000 293.00000000
1354.00000000 718.00000000 2.00000000 289.00000000
532.00000000 250.00000000 2.00000000 286.00000000
91.00000000 127.00000000 1.00000000 286.00000000
1347.00000000 688.00000000 0.00000000 271.00000000
1366.00000000 599.00000000 2.00000000 261.00000000
167.00000000 256.00000000 1.00000000 251.00000000
1354.00000000 716.00000000 0.00000000 248.00000000
1366.00000000 278.00000000 0.00000000 247.00000000
1359.00000000 680.00000000 0.00000000 246.00000000
1353.00000000 251.00000000 1.00000000 243.00000000
988.00000000 592.00000000 1.00000000 237.00000000
1366.00000000 685.00000000 1.00000000 231.00000000
1352.00000000 251.00000000 0.00000000 229.00000000
1348.00000000 688.00000000 1.00000000 227.00000000
1366.00000000 684.00000000 0.00000000 224.00000000
1364.00000000 600.00000000 4.00000000 223.00000000
531.00000000 251.00000000 2.00000000 222.00000000
100.00000000 284.00000000 1.00000000 222.00000000
912.00000000 461.00000000 1.00000000 221.00000000
1351.00000000 250.00000000 1.00000000 220.00000000
1366.00000000 279.00000000 1.00000000 216.00000000
927.00000000 897.00000000 0.00000000 216.00000000
166.00000000 254.00000000 1.00000000 212.00000000
1350.00000000 246.00000000 2.00000000 208.00000000
913.00000000 461.00000000 1.00000000 208.00000000
1353.00000000 726.00000000 0.00000000 207.00000000
167.00000000 256.00000000 0.00000000 207.00000000
1358.00000000 767.00000000 0.00000000 199.00000000
1242.00000000 721.00000000 0.00000000 195.00000000
1020.00000000 1106.00000000 1.00000000 194.00000000
942.00000000 932.00000000 2.00000000 189.00000000
913.00000000 460.00000000 0.00000000 188.00000000
1329.00000000 922.00000000 1.00000000 188.00000000
882.00000000 598.00000000 0.00000000 188.00000000
956.00000000 1024.00000000 0.00000000 186.00000000
1353.00000000 727.00000000 1.00000000 186.00000000
1385.00000000 595.00000000 1.00000000 184.00000000
1426.00000000 816.00000000 0.00000000 183.00000000
364.00000000 100.00000000 2.00000000 182.00000000
1307.00000000 417.00000000 0.00000000 182.00000000
1405.00000000 586.00000000 0.00000000 181.00000000
1366.00000000 600.00000000 1.00000000 181.00000000
96.00000000 591.00000000 0.00000000 181.00000000
102.00000000 283.00000000 1.00000000 180.00000000
1243.00000000 722.00000000 1.00000000 180.00000000
1386.00000000 585.00000000 0.00000000 179.00000000
960.00000000 943.00000000 0.00000000 179.00000000
1079.00000000 696.00000000 0.00000000 179.00000000
1366.00000000 278.00000000 1.00000000 176.00000000
808.00000000 769.00000000 0.00000000 175.00000000
956.00000000 1024.00000000 1.00000000 175.00000000
1416.00000000 591.00000000 1.00000000 173.00000000
1204.00000000 509.00000000 1.00000000 173.00000000
1096.00000000 728.00000000 1.00000000 172.00000000
1021.00000000 1106.00000000 0.00000000 170.00000000
456.00000000 180.00000000 2.00000000 167.00000000
1329.00000000 919.00000000 1.00000000 167.00000000
363.00000000 100.00000000 1.00000000 165.00000000
1358.00000000 769.00000000 1.00000000 165.00000000
1097.00000000 727.00000000 1.00000000 164.00000000
543.00000000 210.00000000 0.00000000 164.00000000
1388.00000000 430.00000000 0.00000000 164.00000000
945.00000000 931.00000000 1.00000000 164.00000000
1296.00000000 793.00000000 0.00000000 163.00000000
1245.00000000 837.00000000 0.00000000 162.00000000
801.00000000 959.00000000 0.00000000 161.00000000
1366.00000000 600.00000000 0.00000000 160.00000000
1069.00000000 1082.00000000 0.00000000 159.00000000
188.00000000 74.00000000 0.00000000 158.00000000
1424.00000000 827.00000000 0.00000000 158.00000000
311.00000000 118.00000000 1.00000000 158.00000000
1254.00000000 811.00000000 0.00000000 157.00000000
1008.00000000 749.00000000 1.00000000 156.00000000
1385.00000000 594.00000000 0.00000000 156.00000000
830.00000000 810.00000000 1.00000000 156.00000000
312.00000000 120.00000000 1.00000000 155.00000000
70.00000000 137.00000000 0.00000000 153.00000000
1206.00000000 511.00000000 0.00000000 153.00000000
706.00000000 852.00000000 0.00000000 152.00000000
188.00000000 74.00000000 1.00000000 149.00000000
1353.00000000 629.00000000 1.00000000 148.00000000
1069.00000000 1082.00000000 1.00000000 148.00000000
1436.00000000 452.00000000 0.00000000 148.00000000
905.00000000 703.00000000 0.00000000 148.00000000
1426.00000000 816.00000000 1.00000000 147.00000000
946.00000000 930.00000000 0.00000000 146.00000000
1344.00000000 709.00000000 0.00000000 143.00000000
788.00000000 734.00000000 1.00000000 143.00000000
860.00000000 574.00000000 0.00000000 143.00000000
1387.00000000 431.00000000 1.00000000 142.00000000
352.00000000 176.00000000 0.00000000 140.00000000
883.00000000 585.00000000 1.00000000 139.00000000
1027.00000000 1122.00000000 0.00000000 139.00000000
1008.00000000 1115.00000000 0.00000000 137.00000000
1238.00000000 821.00000000 0.00000000 137.00000000
859.00000000 490.00000000 0.00000000 137.00000000
1410.00000000 816.00000000 0.00000000 134.00000000
782.00000000 1035.00000000 0.00000000 133.00000000
994.00000000 1074.00000000 0.00000000 133.00000000
881.00000000 555.00000000 0.00000000 131.00000000
788.00000000 734.00000000 0.00000000 131.00000000
311.00000000 120.00000000 0.00000000 131.00000000
883.00000000 583.00000000 0.00000000 130.00000000
764.00000000 155.00000000 0.00000000 128.00000000
1005.00000000 1026.00000000 0.00000000 127.00000000
1097.00000000 727.00000000 0.00000000 126.00000000
1201.00000000 497.00000000 0.00000000 126.00000000
