600.00000000 264.00000000 2.00000000 524.00000000
599.00000000 268.00000000 2.00000000 516.00000000
156.00000000 118.00000000 0.00000000 484.00000000
602.00000000 263.00000000 1.00000000 453.00000000
674.00000000 379.00000000 0.00000000 400.00000000
596.00000000 272.00000000 4.00000000 397.00000000
51.00000000 135.00000000 0.00000000 386.00000000
156.00000000 118.00000000 1.00000000 373.00000000
51.00000000 135.00000000 1.00000000 350.00000000
684.00000000 260.00000000 2.00000000 344.00000000
554.00000000 268.00000000 2.00000000 326.00000000
640.00000000 268.00000000 4.00000000 323.00000000
603.00000000 261.00000000 1.00000000 321.00000000
474.00000000 248.00000000 2.00000000 321.00000000
554.00000000 258.00000000 0.00000000 319.00000000
680.00000000 407.00000000 0.00000000 319.00000000
671.00000000 396.00000000 0.00000000 311.00000000
716.00000000 250.00000000 2.00000000 300.00000000
652.00000000 258.00000000 1.00000000 298.00000000
554.00000000 260.00000000 1.00000000 295.00000000
642.00000000 268.00000000 2.00000000 295.00000000
651.00000000 258.00000000 1.00000000 286.00000000
473.00000000 247.00000000 1.00000000 284.00000000
648.00000000 262.00000000 2.00000000 270.00000000
687.00000000 927.00000000 2.00000000 268.00000000
554.00000000 263.00000000 1.00000000 266.00000000
688.00000000 928.00000000 2.00000000 261.00000000
684.00000000 258.00000000 2.00000000 254.00000000
893.00000000 683.00000000 1.00000000 253.00000000
717.00000000 248.00000000 1.00000000 250.00000000
893.00000000 683.00000000 1.00000000 248.00000000
474.00000000 246.00000000 1.00000000 245.00000000
757.00000000 330.00000000 0.00000000 230.00000000
661.00000000 386.00000000 0.00000000 228.00000000
543.00000000 780.00000000 5.00000000 225.00000000
558.00000000 860.00000000 2.00000000 223.00000000
782.00000000 361.00000000 0.00000000 223.00000000
527.00000000 439.00000000 1.00000000 223.00000000
688.00000000 926.00000000 1.00000000 218.00000000
473.00000000 245.00000000 0.00000000 215.00000000
447.00000000 238.00000000 1.00000000 211.00000000
447.00000000 237.00000000 0.00000000 210.00000000
755.00000000 442.00000000 1.00000000 209.00000000
674.00000000 380.00000000 1.00000000 208.00000000
1198.00000000 451.00000000 1.00000000 208.00000000
652.00000000 256.00000000 0.00000000 206.00000000
690.00000000 927.00000000 1.00000000 200.00000000
446.00000000 237.00000000 1.00000000 196.00000000
603.00000000 260.00000000 0.00000000 195.00000000
371.00000000 208.00000000 0.00000000 195.00000000
755.00000000 442.00000000 1.00000000 193.00000000
789.00000000 367.00000000 0.00000000 192.00000000
602.00000000 1002.00000000 1.00000000 192.00000000
893.00000000 683.00000000 0.00000000 191.00000000
557.00000000 859.00000000 1.00000000 186.00000000
328.00000000 130.00000000 1.00000000 185.00000000
528.00000000 438.00000000 1.00000000 185.00000000
346.00000000 241.00000000 1.00000000 184.00000000
697.00000000 427.00000000 0.00000000 183.00000000
347.00000000 240.00000000 1.00000000 183.00000000
757.00000000 330.00000000 1.00000000 182.00000000
676.00000000 414.00000000 1.00000000 182.00000000
675.00000000 415.00000000 1.00000000 177.00000000
858.00000000 284.00000000 0.00000000 176.00000000
1199.00000000 451.00000000 1.00000000 176.00000000
690.00000000 927.00000000 0.00000000 175.00000000
280.00000000 172.00000000 0.00000000 175.00000000
287.00000000 230.00000000 0.00000000 175.00000000
487.00000000 750.00000000 1.00000000 171.00000000
347.00000000 239.00000000 0.00000000 167.00000000
604.00000000 1003.00000000 1.00000000 167.00000000
774.00000000 352.00000000 0.00000000 166.00000000
385.00000000 420.00000000 0.00000000 164.00000000
321.00000000 69.00000000 1.00000000 160.00000000
857.00000000 294.00000000 0.00000000 159.00000000
328.00000000 130.00000000 0.00000000 158.00000000
1219.00000000 736.00000000 1.00000000 157.00000000
1198.00000000 450.00000000 0.00000000 155.00000000
563.00000000 397.00000000 1.00000000 152.00000000
782.00000000 362.00000000 1.00000000 151.00000000
768.00000000 345.00000000 0.00000000 151.00000000
487.00000000 750.00000000 1.00000000 150.00000000
317.00000000 164.00000000 0.00000000 149.00000000
241.00000000 181.00000000 0.00000000 145.00000000
321.00000000 69.00000000 0.00000000 144.00000000
712.00000000 277.00000000 0.00000000 143.00000000
709.00000000 610.00000000 0.00000000 143.00000000
511.00000000 915.00000000 1.00000000 143.00000000
409.00000000 198.00000000 0.00000000 141.00000000
618.00000000 896.00000000 1.00000000 141.00000000
211.00000000 118.00000000 1.00000000 140.00000000
738.00000000 339.00000000 0.00000000 138.00000000
536.00000000 400.00000000 0.00000000 138.00000000
333.00000000 218.00000000 0.00000000 136.00000000
707.00000000 280.00000000 0.00000000 136.00000000
323.00000000 221.00000000 0.00000000 136.00000000
736.00000000 375.00000000 0.00000000 135.00000000
604.00000000 1003.00000000 0.00000000 132.00000000
534.00000000 393.00000000 1.00000000 132.00000000
212.00000000 118.00000000 0.00000000 132.00000000
762.00000000 337.00000000 0.00000000 130.00000000
675.00000000 414.00000000 0.00000000 130.00000000
684.00000000 390.00000000 0.00000000 130.00000000
709.00000000 611.00000000 1.00000000 129.00000000
661.00000000 386.00000000 1.00000000 129.00000000
749.00000000 353.00000000 0.00000000 127.00000000
63.00000000 118.00000000 1.00000000 126.00000000
733.00000000 332.00000000 0.00000000 126.00000000
543.00000000 438.00000000 0.00000000 125.00000000
733.00000000 332.00000000 1.00000000 124.00000000
774.00000000 352.00000000 1.00000000 124.00000000
1219.00000000 736.00000000 0.00000000 120.00000000
511.00000000 915.00000000 0.00000000 118.00000000
694.00000000 400.00000000 0.00000000 117.00000000
202.00000000 188.00000000 0.00000000 117.00000000
684.00000000 253.00000000 0.00000000 116.00000000
534.00000000 393.00000000 0.00000000 116.00000000
1101.00000000 318.00000000 0.00000000 115.00000000
157.00000000 476.00000000 0.00000000 115.00000000
707.00000000 437.00000000 0.00000000 114.00000000
538.00000000 422.00000000 0.00000000 114.00000000
563.00000000 396.00000000 0.00000000 113.00000000
63.00000000 118.00000000 0.00000000 111.00000000
704.00000000 598.00000000 0.00000000 110.00000000
702.00000000 403.00000000 0.00000000 110.00000000
514.00000000 497.00000000 0.00000000 106.00000000
695.00000000 250.00000000 0.00000000 105.00000000
