599.00000000 268.00000000 2.00000000 549.00000000
602.00000000 264.00000000 2.00000000 548.00000000
602.00000000 263.00000000 1.00000000 480.00000000
674.00000000 379.00000000 0.00000000 401.00000000
596.00000000 272.00000000 4.00000000 395.00000000
156.00000000 118.00000000 0.00000000 385.00000000
603.00000000 261.00000000 1.00000000 363.00000000
555.00000000 258.00000000 0.00000000 351.00000000
650.00000000 262.00000000 2.00000000 346.00000000
554.00000000 268.00000000 2.00000000 345.00000000
756.00000000 443.00000000 1.00000000 339.00000000
651.00000000 258.00000000 1.00000000 331.00000000
555.00000000 260.00000000 1.00000000 324.00000000
718.00000000 248.00000000 1.00000000 309.00000000
652.00000000 258.00000000 1.00000000 305.00000000
474.00000000 248.00000000 2.00000000 301.00000000
644.00000000 265.00000000 2.00000000 300.00000000
684.00000000 260.00000000 2.00000000 299.00000000
716.00000000 250.00000000 2.00000000 297.00000000
596.00000000 364.00000000 4.00000000 294.00000000
755.00000000 442.00000000 1.00000000 285.00000000
554.00000000 263.00000000 1.00000000 284.00000000
156.00000000 118.00000000 1.00000000 280.00000000
661.00000000 386.00000000 0.00000000 273.00000000
686.00000000 258.00000000 2.00000000 267.00000000
604.00000000 260.00000000 0.00000000 266.00000000
756.00000000 442.00000000 0.00000000 259.00000000
473.00000000 247.00000000 1.00000000 258.00000000
596.00000000 359.00000000 2.00000000 257.00000000
593.00000000 367.00000000 5.00000000 256.00000000
51.00000000 135.00000000 1.00000000 253.00000000
757.00000000 330.00000000 0.00000000 251.00000000
680.00000000 407.00000000 0.00000000 249.00000000
527.00000000 439.00000000 1.00000000 245.00000000
789.00000000 367.00000000 0.00000000 242.00000000
474.00000000 246.00000000 1.00000000 242.00000000
598.00000000 358.00000000 2.00000000 241.00000000
52.00000000 135.00000000 0.00000000 238.00000000
893.00000000 683.00000000 1.00000000 236.00000000
782.00000000 361.00000000 0.00000000 233.00000000
528.00000000 438.00000000 1.00000000 224.00000000
756.00000000 330.00000000 1.00000000 220.00000000
674.00000000 380.00000000 1.00000000 218.00000000
894.00000000 683.00000000 1.00000000 216.00000000
892.00000000 686.00000000 2.00000000 211.00000000
599.00000000 356.00000000 1.00000000 210.00000000
671.00000000 396.00000000 0.00000000 210.00000000
782.00000000 361.00000000 1.00000000 205.00000000
719.00000000 246.00000000 1.00000000 198.00000000
774.00000000 351.00000000 0.00000000 193.00000000
653.00000000 256.00000000 0.00000000 192.00000000
564.00000000 398.00000000 1.00000000 189.00000000
448.00000000 238.00000000 1.00000000 182.00000000
473.00000000 245.00000000 0.00000000 181.00000000
564.00000000 397.00000000 1.00000000 179.00000000
858.00000000 284.00000000 0.00000000 177.00000000
288.00000000 230.00000000 0.00000000 173.00000000
736.00000000 375.00000000 0.00000000 170.00000000
372.00000000 208.00000000 0.00000000 168.00000000
894.00000000 682.00000000 0.00000000 167.00000000
820.00000000 414.00000000 1.00000000 166.00000000
736.00000000 376.00000000 1.00000000 164.00000000
448.00000000 237.00000000 1.00000000 162.00000000
528.00000000 437.00000000 0.00000000 160.00000000
661.00000000 386.00000000 1.00000000 156.00000000
684.00000000 390.00000000 0.00000000 156.00000000
695.00000000 251.00000000 1.00000000 154.00000000
768.00000000 344.00000000 0.00000000 154.00000000
762.00000000 337.00000000 0.00000000 149.00000000
694.00000000 400.00000000 0.00000000 149.00000000
858.00000000 294.00000000 0.00000000 147.00000000
702.00000000 403.00000000 0.00000000 146.00000000
821.00000000 414.00000000 1.00000000 146.00000000
774.00000000 351.00000000 1.00000000 145.00000000
447.00000000 237.00000000 0.00000000 145.00000000
676.00000000 414.00000000 1.00000000 145.00000000
347.00000000 240.00000000 1.00000000 145.00000000
695.00000000 250.00000000 0.00000000 145.00000000
386.00000000 420.00000000 0.00000000 144.00000000
671.00000000 370.00000000 1.00000000 143.00000000
697.00000000 427.00000000 0.00000000 139.00000000
439.00000000 418.00000000 1.00000000 135.00000000
50.00000000 135.00000000 1.00000000 134.00000000
675.00000000 415.00000000 1.00000000 134.00000000
713.00000000 277.00000000 0.00000000 133.00000000
693.00000000 393.00000000 0.00000000 133.00000000
347.00000000 239.00000000 0.00000000 131.00000000
488.00000000 750.00000000 1.00000000 129.00000000
703.00000000 403.00000000 1.00000000 129.00000000
323.00000000 221.00000000 0.00000000 129.00000000
409.00000000 198.00000000 0.00000000 128.00000000
328.00000000 130.00000000 1.00000000 128.00000000
242.00000000 180.00000000 0.00000000 127.00000000
280.00000000 172.00000000 0.00000000 127.00000000
317.00000000 164.00000000 0.00000000 126.00000000
749.00000000 352.00000000 0.00000000 126.00000000
717.00000000 420.00000000 0.00000000 125.00000000
15.00000000 897.00000000 1.00000000 124.00000000
909.00000000 270.00000000 1.00000000 123.00000000
1102.00000000 318.00000000 1.00000000 123.00000000
619.00000000 896.00000000 1.00000000 123.00000000
691.00000000 927.00000000 1.00000000 121.00000000
564.00000000 397.00000000 0.00000000 121.00000000
535.00000000 432.00000000 0.00000000 120.00000000
733.00000000 331.00000000 0.00000000 117.00000000
203.00000000 188.00000000 0.00000000 117.00000000
393.00000000 859.00000000 0.00000000 117.00000000
599.00000000 355.00000000 1.00000000 117.00000000
157.00000000 476.00000000 0.00000000 117.00000000
333.00000000 219.00000000 0.00000000 117.00000000
321.00000000 69.00000000 1.00000000 116.00000000
707.00000000 279.00000000 0.00000000 115.00000000
553.00000000 279.00000000 0.00000000 113.00000000
328.00000000 130.00000000 0.00000000 111.00000000
1102.00000000 318.00000000 0.00000000 111.00000000
909.00000000 269.00000000 0.00000000 109.00000000
321.00000000 69.00000000 0.00000000 106.00000000
525.00000000 718.00000000 0.00000000 105.00000000
536.00000000 400.00000000 0.00000000 103.00000000
683.00000000 383.00000000 0.00000000 102.00000000
738.00000000 339.00000000 0.00000000 102.00000000
511.00000000 915.00000000 0.00000000 100.00000000
857.00000000 275.00000000 0.00000000 97.00000000
1041.00000000 316.00000000 0.00000000 97.00000000
721.00000000 244.00000000 0.00000000 97.00000000
306.00000000 430.00000000 0.00000000 96.00000000
543.00000000 439.00000000 0.00000000 96.00000000
