198.00000000 1064.00000000 0.00000000 310.00000000
249.00000000 589.00000000 1.00000000 300.00000000
846.00000000 983.00000000 0.00000000 298.00000000
170.00000000 1030.00000000 0.00000000 291.00000000
26.00000000 1121.00000000 0.00000000 279.00000000
209.00000000 1057.00000000 0.00000000 264.00000000
267.00000000 585.00000000 1.00000000 262.00000000
169.00000000 1082.00000000 0.00000000 260.00000000
150.00000000 1094.00000000 0.00000000 259.00000000
265.00000000 585.00000000 1.00000000 256.00000000
244.00000000 1667.00000000 0.00000000 255.00000000
2214.00000000 624.00000000 1.00000000 254.00000000
2196.00000000 1118.00000000 1.00000000 252.00000000
846.00000000 984.00000000 1.00000000 251.00000000
1055.00000000 1356.00000000 0.00000000 249.00000000
1055.00000000 1367.00000000 0.00000000 249.00000000
236.00000000 1040.00000000 0.00000000 248.00000000
2196.00000000 1117.00000000 0.00000000 245.00000000
1924.00000000 1409.00000000 0.00000000 242.00000000
2878.00000000 1104.00000000 2.00000000 241.00000000
1645.00000000 1371.00000000 0.00000000 241.00000000
1613.00000000 1413.00000000 0.00000000 239.00000000
1470.00000000 1644.00000000 0.00000000 237.00000000
1435.00000000 1613.00000000 0.00000000 236.00000000
2196.00000000 1118.00000000 1.00000000 236.00000000
1435.00000000 1614.00000000 1.00000000 230.00000000
2213.00000000 930.00000000 0.00000000 228.00000000
140.00000000 1100.00000000 0.00000000 227.00000000
2117.00000000 1595.00000000 0.00000000 227.00000000
2877.00000000 1101.00000000 1.00000000 226.00000000
2745.00000000 656.00000000 0.00000000 226.00000000
109.00000000 1120.00000000 0.00000000 225.00000000
248.00000000 589.00000000 1.00000000 225.00000000
1954.00000000 1322.00000000 0.00000000 224.00000000
130.00000000 1107.00000000 0.00000000 223.00000000
178.00000000 1076.00000000 0.00000000 223.00000000
187.00000000 1071.00000000 0.00000000 222.00000000
249.00000000 589.00000000 0.00000000 221.00000000
1435.00000000 1616.00000000 1.00000000 221.00000000
1613.00000000 1414.00000000 1.00000000 220.00000000
2472.00000000 1159.00000000 0.00000000 219.00000000
2916.00000000 1111.00000000 0.00000000 219.00000000
2878.00000000 1101.00000000 1.00000000 219.00000000
1182.00000000 552.00000000 1.00000000 216.00000000
159.00000000 1088.00000000 0.00000000 215.00000000
2213.00000000 623.00000000 0.00000000 214.00000000
1468.00000000 1617.00000000 1.00000000 212.00000000
2876.00000000 1103.00000000 2.00000000 212.00000000
137.00000000 958.00000000 1.00000000 211.00000000
267.00000000 584.00000000 0.00000000 209.00000000
199.00000000 1064.00000000 1.00000000 206.00000000
2107.00000000 836.00000000 0.00000000 206.00000000
1515.00000000 1617.00000000 1.00000000 205.00000000
627.00000000 1425.00000000 0.00000000 204.00000000
243.00000000 1668.00000000 1.00000000 204.00000000
1182.00000000 554.00000000 2.00000000 204.00000000
79.00000000 941.00000000 0.00000000 202.00000000
951.00000000 1538.00000000 0.00000000 202.00000000
284.00000000 580.00000000 1.00000000 201.00000000
357.00000000 776.00000000 1.00000000 201.00000000
120.00000000 1113.00000000 0.00000000 198.00000000
136.00000000 956.00000000 0.00000000 198.00000000
2056.00000000 1163.00000000 0.00000000 198.00000000
1556.00000000 1669.00000000 1.00000000 197.00000000
1380.00000000 1773.00000000 1.00000000 197.00000000
1380.00000000 1772.00000000 0.00000000 194.00000000
2878.00000000 1100.00000000 0.00000000 194.00000000
2091.00000000 1116.00000000 1.00000000 194.00000000
1968.00000000 1233.00000000 0.00000000 193.00000000
916.00000000 1378.00000000 1.00000000 193.00000000
1467.00000000 1616.00000000 0.00000000 191.00000000
2916.00000000 1112.00000000 1.00000000 191.00000000
2213.00000000 623.00000000 1.00000000 191.00000000
115.00000000 904.00000000 1.00000000 191.00000000
2472.00000000 1160.00000000 1.00000000 191.00000000
1914.00000000 1545.00000000 0.00000000 191.00000000
1954.00000000 1323.00000000 1.00000000 191.00000000
2332.00000000 616.00000000 1.00000000 191.00000000
1054.00000000 1355.00000000 1.00000000 191.00000000
2196.00000000 1120.00000000 2.00000000 189.00000000
357.00000000 775.00000000 0.00000000 189.00000000
262.00000000 482.00000000 2.00000000 188.00000000
2137.00000000 593.00000000 0.00000000 187.00000000
1888.00000000 1454.00000000 0.00000000 186.00000000
282.00000000 581.00000000 1.00000000 186.00000000
73.00000000 924.00000000 1.00000000 186.00000000
2011.00000000 1511.00000000 1.00000000 186.00000000
219.00000000 1050.00000000 0.00000000 186.00000000
1849.00000000 1572.00000000 5.00000000 185.00000000
1555.00000000 1668.00000000 1.00000000 184.00000000
1564.00000000 1732.00000000 0.00000000 183.00000000
127.00000000 893.00000000 0.00000000 183.00000000
80.00000000 941.00000000 1.00000000 182.00000000
99.00000000 1126.00000000 0.00000000 182.00000000
1470.00000000 1644.00000000 1.00000000 182.00000000
3063.00000000 1223.00000000 1.00000000 182.00000000
275.00000000 1013.00000000 0.00000000 181.00000000
251.00000000 1029.00000000 0.00000000 181.00000000
107.00000000 923.00000000 1.00000000 180.00000000
2011.00000000 1510.00000000 0.00000000 179.00000000
1404.00000000 1608.00000000 4.00000000 178.00000000
13.00000000 1277.00000000 0.00000000 177.00000000
749.00000000 378.00000000 0.00000000 177.00000000
1914.00000000 1546.00000000 1.00000000 177.00000000
1183.00000000 552.00000000 1.00000000 177.00000000
1083.00000000 446.00000000 0.00000000 177.00000000
126.00000000 931.00000000 0.00000000 175.00000000
92.00000000 928.00000000 0.00000000 174.00000000
455.00000000 1504.00000000 0.00000000 173.00000000
304.00000000 996.00000000 0.00000000 173.00000000
230.00000000 848.00000000 0.00000000 172.00000000
924.00000000 1422.00000000 2.00000000 172.00000000
666.00000000 398.00000000 2.00000000 170.00000000
1579.00000000 1732.00000000 0.00000000 170.00000000
1318.00000000 429.00000000 0.00000000 169.00000000
667.00000000 397.00000000 1.00000000 169.00000000
156.00000000 463.00000000 1.00000000 169.00000000
1612.00000000 1415.00000000 1.00000000 169.00000000
107.00000000 924.00000000 1.00000000 167.00000000
1436.00000000 1618.00000000 2.00000000 166.00000000
72.00000000 923.00000000 1.00000000 164.00000000
1852.00000000 1564.00000000 4.00000000 162.00000000
357.00000000 777.00000000 1.00000000 162.00000000
1612.00000000 1418.00000000 2.00000000 161.00000000
1252.00000000 1609.00000000 2.00000000 161.00000000
924.00000000 1420.00000000 2.00000000 160.00000000
1182.00000000 554.00000000 2.00000000 158.00000000
