1957.00000000 1808.00000000 0.00000000 492.00000000
1892.00000000 1549.00000000 0.00000000 484.00000000
1958.00000000 1809.00000000 1.00000000 474.00000000
1114.00000000 1692.00000000 0.00000000 444.00000000
1893.00000000 1550.00000000 1.00000000 422.00000000
1976.00000000 1822.00000000 0.00000000 415.00000000
245.00000000 1668.00000000 0.00000000 414.00000000
1468.00000000 1617.00000000 0.00000000 409.00000000
1510.00000000 1746.00000000 0.00000000 404.00000000
1914.00000000 1547.00000000 0.00000000 399.00000000
917.00000000 1379.00000000 1.00000000 397.00000000
1540.00000000 1593.00000000 0.00000000 396.00000000
1976.00000000 1823.00000000 1.00000000 385.00000000
2473.00000000 726.00000000 1.00000000 384.00000000
244.00000000 1668.00000000 1.00000000 374.00000000
623.00000000 1337.00000000 0.00000000 363.00000000
1971.00000000 1190.00000000 0.00000000 362.00000000
1877.00000000 1456.00000000 0.00000000 355.00000000
1380.00000000 1775.00000000 1.00000000 354.00000000
1516.00000000 1617.00000000 1.00000000 351.00000000
1957.00000000 1181.00000000 0.00000000 351.00000000
903.00000000 1210.00000000 1.00000000 351.00000000
1955.00000000 1323.00000000 0.00000000 348.00000000
1469.00000000 1618.00000000 1.00000000 345.00000000
2473.00000000 725.00000000 0.00000000 345.00000000
1166.00000000 1457.00000000 0.00000000 344.00000000
1380.00000000 1773.00000000 0.00000000 343.00000000
1915.00000000 1547.00000000 1.00000000 339.00000000
952.00000000 1539.00000000 0.00000000 332.00000000
1114.00000000 1693.00000000 1.00000000 332.00000000
1961.00000000 1303.00000000 0.00000000 332.00000000
1570.00000000 1595.00000000 0.00000000 331.00000000
1936.00000000 1145.00000000 0.00000000 331.00000000
1862.00000000 1660.00000000 0.00000000 328.00000000
1050.00000000 1414.00000000 0.00000000 324.00000000
251.00000000 590.00000000 1.00000000 323.00000000
2469.00000000 819.00000000 1.00000000 323.00000000
1870.00000000 1549.00000000 0.00000000 323.00000000
2435.00000000 697.00000000 0.00000000 321.00000000
2119.00000000 1596.00000000 0.00000000 320.00000000
456.00000000 1511.00000000 0.00000000 319.00000000
2459.00000000 697.00000000 0.00000000 318.00000000
924.00000000 1422.00000000 2.00000000 317.00000000
1516.00000000 1617.00000000 0.00000000 315.00000000
1876.00000000 1457.00000000 1.00000000 314.00000000
917.00000000 1378.00000000 0.00000000 311.00000000
1433.00000000 1772.00000000 0.00000000 311.00000000
1908.00000000 1122.00000000 1.00000000 311.00000000
230.00000000 1031.00000000 0.00000000 309.00000000
1418.00000000 1735.00000000 0.00000000 309.00000000
1971.00000000 1191.00000000 1.00000000 308.00000000
2469.00000000 818.00000000 1.00000000 305.00000000
456.00000000 1744.00000000 1.00000000 302.00000000
1988.00000000 1529.00000000 0.00000000 296.00000000
369.00000000 1793.00000000 0.00000000 296.00000000
268.00000000 585.00000000 1.00000000 295.00000000
267.00000000 585.00000000 1.00000000 291.00000000
1166.00000000 1458.00000000 1.00000000 291.00000000
1953.00000000 1409.00000000 1.00000000 291.00000000
2143.00000000 1545.00000000 0.00000000 290.00000000
45.00000000 1129.00000000 0.00000000 290.00000000
2257.00000000 1844.00000000 0.00000000 289.00000000
457.00000000 1511.00000000 1.00000000 288.00000000
2392.00000000 724.00000000 0.00000000 288.00000000
368.00000000 1794.00000000 1.00000000 288.00000000
676.00000000 2007.00000000 1.00000000 287.00000000
2084.00000000 1132.00000000 1.00000000 287.00000000
1252.00000000 1609.00000000 2.00000000 287.00000000
1477.00000000 1776.00000000 0.00000000 283.00000000
1907.00000000 1121.00000000 1.00000000 283.00000000
1808.00000000 1549.00000000 0.00000000 283.00000000
2450.00000000 669.00000000 0.00000000 283.00000000
2476.00000000 774.00000000 0.00000000 282.00000000
1955.00000000 1324.00000000 1.00000000 281.00000000
2259.00000000 1646.00000000 0.00000000 281.00000000
1955.00000000 1400.00000000 0.00000000 276.00000000
514.00000000 1488.00000000 1.00000000 276.00000000
321.00000000 984.00000000 0.00000000 276.00000000
2392.00000000 726.00000000 1.00000000 275.00000000
24.00000000 1126.00000000 0.00000000 275.00000000
67.00000000 1244.00000000 0.00000000 273.00000000
675.00000000 2006.00000000 0.00000000 273.00000000
512.00000000 1344.00000000 0.00000000 273.00000000
955.00000000 1415.00000000 0.00000000 272.00000000
185.00000000 673.00000000 0.00000000 272.00000000
1724.00000000 686.00000000 0.00000000 271.00000000
2085.00000000 1132.00000000 1.00000000 271.00000000
1051.00000000 1415.00000000 1.00000000 270.00000000
1902.00000000 1096.00000000 0.00000000 270.00000000
1563.00000000 1617.00000000 0.00000000 270.00000000
533.00000000 1151.00000000 0.00000000 269.00000000
2469.00000000 818.00000000 0.00000000 268.00000000
1558.00000000 1593.00000000 0.00000000 267.00000000
1570.00000000 1645.00000000 1.00000000 267.00000000
2215.00000000 625.00000000 1.00000000 266.00000000
1906.00000000 1122.00000000 2.00000000 266.00000000
598.00000000 1325.00000000 0.00000000 265.00000000
2476.00000000 775.00000000 1.00000000 265.00000000
532.00000000 1467.00000000 0.00000000 265.00000000
2406.00000000 668.00000000 0.00000000 263.00000000
616.00000000 1354.00000000 1.00000000 263.00000000
1908.00000000 1121.00000000 0.00000000 262.00000000
358.00000000 777.00000000 1.00000000 262.00000000
192.00000000 1052.00000000 0.00000000 261.00000000
1436.00000000 1614.00000000 0.00000000 261.00000000
2590.00000000 773.00000000 1.00000000 261.00000000
243.00000000 1668.00000000 1.00000000 261.00000000
926.00000000 1420.00000000 2.00000000 260.00000000
2084.00000000 1134.00000000 2.00000000 257.00000000
1454.00000000 1130.00000000 2.00000000 252.00000000
1380.00000000 1774.00000000 1.00000000 247.00000000
250.00000000 589.00000000 1.00000000 247.00000000
1254.00000000 1608.00000000 2.00000000 245.00000000
1182.00000000 554.00000000 1.00000000 245.00000000
369.00000000 1794.00000000 1.00000000 241.00000000
668.00000000 398.00000000 2.00000000 241.00000000
1958.00000000 1808.00000000 1.00000000 241.00000000
902.00000000 1210.00000000 1.00000000 236.00000000
142.00000000 1434.00000000 2.00000000 235.00000000
1453.00000000 1129.00000000 1.00000000 229.00000000
668.00000000 398.00000000 1.00000000 228.00000000
1420.00000000 1132.00000000 2.00000000 227.00000000
1404.00000000 1608.00000000 4.00000000 212.00000000
2084.00000000 1134.00000000 2.00000000 210.00000000
924.00000000 1424.00000000 4.00000000 205.00000000
916.00000000 868.00000000 2.00000000 205.00000000
237.00000000 1465.00000000 5.00000000 186.00000000
