244.00000000 1668.00000000 0.00000000 436.00000000
244.00000000 1668.00000000 1.00000000 417.00000000
966.00000000 1456.00000000 1.00000000 380.00000000
966.00000000 1455.00000000 0.00000000 377.00000000
1468.00000000 1617.00000000 0.00000000 371.00000000
2011.00000000 1511.00000000 0.00000000 366.00000000
1914.00000000 1546.00000000 0.00000000 359.00000000
964.00000000 1455.00000000 1.00000000 358.00000000
1096.00000000 1738.00000000 0.00000000 356.00000000
1961.00000000 1162.00000000 0.00000000 355.00000000
2118.00000000 1596.00000000 0.00000000 354.00000000
964.00000000 1458.00000000 2.00000000 353.00000000
1380.00000000 1774.00000000 1.00000000 352.00000000
1961.00000000 1162.00000000 1.00000000 351.00000000
1037.00000000 1396.00000000 0.00000000 350.00000000
917.00000000 1379.00000000 1.00000000 347.00000000
1516.00000000 1617.00000000 1.00000000 346.00000000
1955.00000000 1323.00000000 0.00000000 338.00000000
1105.00000000 1724.00000000 0.00000000 336.00000000
1969.00000000 1233.00000000 0.00000000 335.00000000
2153.00000000 1576.00000000 0.00000000 334.00000000
1096.00000000 1739.00000000 1.00000000 332.00000000
1145.00000000 1164.00000000 1.00000000 331.00000000
924.00000000 1422.00000000 2.00000000 329.00000000
250.00000000 589.00000000 1.00000000 329.00000000
1052.00000000 1344.00000000 1.00000000 326.00000000
2778.00000000 644.00000000 1.00000000 324.00000000
2153.00000000 1577.00000000 1.00000000 320.00000000
1468.00000000 1617.00000000 1.00000000 319.00000000
903.00000000 1210.00000000 1.00000000 317.00000000
1053.00000000 1344.00000000 0.00000000 314.00000000
2472.00000000 726.00000000 1.00000000 314.00000000
2778.00000000 643.00000000 0.00000000 312.00000000
1436.00000000 1613.00000000 0.00000000 311.00000000
2472.00000000 1158.00000000 0.00000000 309.00000000
1145.00000000 1164.00000000 0.00000000 309.00000000
2043.00000000 1277.00000000 1.00000000 306.00000000
1105.00000000 1587.00000000 0.00000000 306.00000000
2043.00000000 1277.00000000 0.00000000 305.00000000
1914.00000000 1547.00000000 1.00000000 305.00000000
2011.00000000 1511.00000000 1.00000000 301.00000000
1380.00000000 1773.00000000 0.00000000 300.00000000
488.00000000 1659.00000000 0.00000000 299.00000000
1516.00000000 1617.00000000 0.00000000 299.00000000
41.00000000 1259.00000000 0.00000000 298.00000000
510.00000000 1651.00000000 0.00000000 298.00000000
66.00000000 1243.00000000 0.00000000 298.00000000
1849.00000000 1572.00000000 5.00000000 297.00000000
961.00000000 1459.00000000 2.00000000 296.00000000
1570.00000000 1592.00000000 0.00000000 295.00000000
1297.00000000 1431.00000000 0.00000000 294.00000000
1094.00000000 1738.00000000 1.00000000 294.00000000
1105.00000000 1725.00000000 1.00000000 290.00000000
2472.00000000 725.00000000 0.00000000 286.00000000
267.00000000 585.00000000 1.00000000 286.00000000
1052.00000000 1455.00000000 1.00000000 285.00000000
456.00000000 1744.00000000 1.00000000 285.00000000
1053.00000000 1456.00000000 1.00000000 284.00000000
924.00000000 1420.00000000 2.00000000 284.00000000
1030.00000000 1349.00000000 0.00000000 284.00000000
514.00000000 1487.00000000 1.00000000 282.00000000
1943.00000000 1268.00000000 1.00000000 281.00000000
988.00000000 1426.00000000 0.00000000 278.00000000
1447.00000000 1146.00000000 0.00000000 278.00000000
2056.00000000 1163.00000000 0.00000000 277.00000000
1050.00000000 1426.00000000 0.00000000 276.00000000
1436.00000000 1615.00000000 1.00000000 276.00000000
542.00000000 1641.00000000 0.00000000 275.00000000
2473.00000000 1160.00000000 1.00000000 274.00000000
267.00000000 585.00000000 1.00000000 273.00000000
1618.00000000 1156.00000000 1.00000000 273.00000000
1960.00000000 1162.00000000 1.00000000 272.00000000
1112.00000000 1588.00000000 0.00000000 272.00000000
1252.00000000 1609.00000000 2.00000000 269.00000000
1054.00000000 1356.00000000 0.00000000 268.00000000
1852.00000000 1564.00000000 4.00000000 268.00000000
623.00000000 1337.00000000 0.00000000 268.00000000
966.00000000 1828.00000000 0.00000000 267.00000000
1570.00000000 1592.00000000 1.00000000 267.00000000
952.00000000 1539.00000000 0.00000000 267.00000000
2224.00000000 1121.00000000 0.00000000 266.00000000
532.00000000 1644.00000000 0.00000000 266.00000000
1567.00000000 1558.00000000 0.00000000 264.00000000
1069.00000000 1578.00000000 0.00000000 264.00000000
1907.00000000 1122.00000000 0.00000000 263.00000000
511.00000000 1344.00000000 0.00000000 262.00000000
1108.00000000 1700.00000000 1.00000000 261.00000000
2118.00000000 1597.00000000 1.00000000 259.00000000
499.00000000 1656.00000000 0.00000000 258.00000000
1603.00000000 1418.00000000 1.00000000 257.00000000
1512.00000000 582.00000000 0.00000000 257.00000000
2459.00000000 697.00000000 0.00000000 257.00000000
917.00000000 1378.00000000 0.00000000 257.00000000
243.00000000 1668.00000000 1.00000000 257.00000000
2434.00000000 697.00000000 0.00000000 257.00000000
919.00000000 1846.00000000 0.00000000 256.00000000
1600.00000000 1419.00000000 2.00000000 256.00000000
1888.00000000 1455.00000000 0.00000000 256.00000000
1604.00000000 1420.00000000 2.00000000 254.00000000
597.00000000 1325.00000000 0.00000000 254.00000000
1297.00000000 1422.00000000 0.00000000 253.00000000
1414.00000000 1198.00000000 0.00000000 251.00000000
521.00000000 1648.00000000 0.00000000 251.00000000
1988.00000000 1535.00000000 0.00000000 250.00000000
2449.00000000 669.00000000 0.00000000 249.00000000
1040.00000000 1388.00000000 0.00000000 249.00000000
548.00000000 1432.00000000 0.00000000 249.00000000
1040.00000000 1539.00000000 1.00000000 248.00000000
1772.00000000 1178.00000000 0.00000000 248.00000000
1435.00000000 1616.00000000 1.00000000 248.00000000
170.00000000 1030.00000000 0.00000000 247.00000000
913.00000000 1240.00000000 0.00000000 247.00000000
1964.00000000 1257.00000000 1.00000000 246.00000000
1955.00000000 1323.00000000 1.00000000 245.00000000
1254.00000000 1608.00000000 2.00000000 244.00000000
1906.00000000 1122.00000000 2.00000000 243.00000000
1958.00000000 1164.00000000 2.00000000 239.00000000
248.00000000 589.00000000 1.00000000 238.00000000
1182.00000000 552.00000000 1.00000000 236.00000000
1814.00000000 1436.00000000 2.00000000 230.00000000
2008.00000000 1460.00000000 4.00000000 227.00000000
1555.00000000 1670.00000000 1.00000000 227.00000000
2010.00000000 1460.00000000 2.00000000 224.00000000
1378.00000000 1774.00000000 1.00000000 222.00000000
1516.00000000 1617.00000000 1.00000000 218.00000000
916.00000000 1378.00000000 1.00000000 218.00000000
616.00000000 1354.00000000 1.00000000 217.00000000
