2031.00000000 1160.00000000 1.00000000 459.00000000
2470.00000000 819.00000000 1.00000000 449.00000000
1516.00000000 1716.00000000 0.00000000 430.00000000
170.00000000 675.00000000 0.00000000 414.00000000
1460.00000000 1590.00000000 0.00000000 414.00000000
245.00000000 1668.00000000 0.00000000 412.00000000
186.00000000 673.00000000 0.00000000 411.00000000
1915.00000000 1547.00000000 0.00000000 411.00000000
245.00000000 1668.00000000 1.00000000 403.00000000
624.00000000 1337.00000000 0.00000000 396.00000000
2470.00000000 818.00000000 1.00000000 373.00000000
1578.00000000 1683.00000000 1.00000000 371.00000000
2470.00000000 818.00000000 0.00000000 369.00000000
2030.00000000 1161.00000000 1.00000000 365.00000000
1578.00000000 750.00000000 0.00000000 360.00000000
1915.00000000 1548.00000000 1.00000000 359.00000000
1381.00000000 1775.00000000 1.00000000 350.00000000
2012.00000000 1511.00000000 0.00000000 348.00000000
2473.00000000 726.00000000 1.00000000 342.00000000
2031.00000000 1161.00000000 0.00000000 341.00000000
904.00000000 1210.00000000 1.00000000 340.00000000
170.00000000 676.00000000 1.00000000 339.00000000
251.00000000 590.00000000 1.00000000 335.00000000
530.00000000 1345.00000000 0.00000000 332.00000000
1380.00000000 1774.00000000 0.00000000 331.00000000
202.00000000 671.00000000 0.00000000 331.00000000
69.00000000 1180.00000000 0.00000000 331.00000000
529.00000000 1346.00000000 1.00000000 330.00000000
1955.00000000 1323.00000000 0.00000000 330.00000000
924.00000000 1422.00000000 2.00000000 326.00000000
2030.00000000 1162.00000000 2.00000000 323.00000000
2119.00000000 1597.00000000 0.00000000 323.00000000
1034.00000000 1567.00000000 0.00000000 321.00000000
926.00000000 1420.00000000 2.00000000 319.00000000
2590.00000000 773.00000000 1.00000000 318.00000000
1772.00000000 1178.00000000 1.00000000 318.00000000
2661.00000000 1148.00000000 1.00000000 318.00000000
2473.00000000 725.00000000 0.00000000 317.00000000
1989.00000000 1206.00000000 1.00000000 314.00000000
2662.00000000 1149.00000000 1.00000000 312.00000000
1849.00000000 1572.00000000 5.00000000 311.00000000
2027.00000000 1159.00000000 2.00000000 310.00000000
1940.00000000 1405.00000000 0.00000000 308.00000000
2344.00000000 1682.00000000 0.00000000 307.00000000
533.00000000 1466.00000000 0.00000000 306.00000000
187.00000000 674.00000000 1.00000000 306.00000000
1436.00000000 1614.00000000 0.00000000 305.00000000
1578.00000000 1682.00000000 0.00000000 305.00000000
1990.00000000 1208.00000000 2.00000000 303.00000000
2154.00000000 1577.00000000 0.00000000 302.00000000
219.00000000 669.00000000 0.00000000 302.00000000
1516.00000000 1717.00000000 1.00000000 300.00000000
1766.00000000 1166.00000000 0.00000000 297.00000000
1909.00000000 1122.00000000 1.00000000 296.00000000
222.00000000 1031.00000000 0.00000000 295.00000000
75.00000000 1275.00000000 0.00000000 295.00000000
2645.00000000 818.00000000 0.00000000 294.00000000
1909.00000000 1121.00000000 0.00000000 292.00000000
2431.00000000 1644.00000000 0.00000000 292.00000000
953.00000000 1539.00000000 0.00000000 291.00000000
1469.00000000 1617.00000000 0.00000000 290.00000000
2645.00000000 819.00000000 1.00000000 289.00000000
69.00000000 1181.00000000 1.00000000 289.00000000
2476.00000000 774.00000000 0.00000000 288.00000000
598.00000000 1325.00000000 0.00000000 286.00000000
1419.00000000 1735.00000000 0.00000000 285.00000000
203.00000000 672.00000000 1.00000000 285.00000000
232.00000000 1026.00000000 0.00000000 284.00000000
1511.00000000 598.00000000 0.00000000 284.00000000
2591.00000000 774.00000000 1.00000000 284.00000000
1990.00000000 1206.00000000 1.00000000 283.00000000
1516.00000000 1617.00000000 0.00000000 283.00000000
2012.00000000 1511.00000000 1.00000000 283.00000000
319.00000000 984.00000000 0.00000000 283.00000000
243.00000000 1668.00000000 1.00000000 282.00000000
311.00000000 988.00000000 0.00000000 282.00000000
153.00000000 678.00000000 0.00000000 282.00000000
137.00000000 1255.00000000 0.00000000 281.00000000
358.00000000 777.00000000 1.00000000 278.00000000
225.00000000 683.00000000 1.00000000 278.00000000
2662.00000000 1150.00000000 2.00000000 278.00000000
1577.00000000 1672.00000000 1.00000000 275.00000000
1469.00000000 1617.00000000 1.00000000 275.00000000
1516.00000000 1617.00000000 1.00000000 275.00000000
1460.00000000 1591.00000000 1.00000000 275.00000000
225.00000000 683.00000000 0.00000000 274.00000000
1511.00000000 1640.00000000 0.00000000 273.00000000
269.00000000 585.00000000 1.00000000 273.00000000
77.00000000 1103.00000000 0.00000000 272.00000000
2259.00000000 1607.00000000 0.00000000 272.00000000
825.00000000 1480.00000000 1.00000000 271.00000000
1511.00000000 599.00000000 1.00000000 270.00000000
268.00000000 585.00000000 1.00000000 269.00000000
2344.00000000 1683.00000000 1.00000000 268.00000000
234.00000000 667.00000000 0.00000000 266.00000000
272.00000000 1006.00000000 0.00000000 266.00000000
528.00000000 1346.00000000 1.00000000 265.00000000
2747.00000000 656.00000000 0.00000000 264.00000000
1095.00000000 1689.00000000 0.00000000 264.00000000
2662.00000000 1149.00000000 0.00000000 263.00000000
927.00000000 1422.00000000 0.00000000 262.00000000
616.00000000 1354.00000000 1.00000000 262.00000000
250.00000000 589.00000000 1.00000000 261.00000000
903.00000000 1209.00000000 0.00000000 261.00000000
1052.00000000 1518.00000000 0.00000000 260.00000000
315.00000000 1386.00000000 0.00000000 259.00000000
51.00000000 1116.00000000 0.00000000 258.00000000
2392.00000000 725.00000000 0.00000000 258.00000000
417.00000000 1201.00000000 0.00000000 256.00000000
668.00000000 398.00000000 2.00000000 256.00000000
1852.00000000 1564.00000000 4.00000000 254.00000000
2658.00000000 1148.00000000 2.00000000 254.00000000
115.00000000 1084.00000000 0.00000000 253.00000000
1907.00000000 1121.00000000 1.00000000 253.00000000
1252.00000000 1609.00000000 2.00000000 252.00000000
193.00000000 1243.00000000 0.00000000 251.00000000
719.00000000 1140.00000000 0.00000000 250.00000000
2028.00000000 1160.00000000 4.00000000 250.00000000
227.00000000 1238.00000000 0.00000000 249.00000000
670.00000000 398.00000000 1.00000000 245.00000000
2644.00000000 818.00000000 1.00000000 244.00000000
1380.00000000 1774.00000000 1.00000000 241.00000000
1908.00000000 1122.00000000 2.00000000 241.00000000
910.00000000 1276.00000000 2.00000000 236.00000000
1510.00000000 596.00000000 1.00000000 235.00000000
1436.00000000 1616.00000000 1.00000000 232.00000000
2002.00000000 1236.00000000 2.00000000 225.00000000
