1493.00000000 1670.00000000 1.00000000 371.00000000
1490.00000000 1568.00000000 0.00000000 351.00000000
1493.00000000 1669.00000000 0.00000000 336.00000000
1435.00000000 1612.00000000 0.00000000 333.00000000
1435.00000000 1613.00000000 1.00000000 301.00000000
1252.00000000 1606.00000000 2.00000000 283.00000000
1914.00000000 1544.00000000 0.00000000 274.00000000
1254.00000000 1606.00000000 2.00000000 273.00000000
627.00000000 1423.00000000 0.00000000 268.00000000
1455.00000000 1649.00000000 0.00000000 261.00000000
1888.00000000 1453.00000000 0.00000000 261.00000000
1435.00000000 1615.00000000 1.00000000 260.00000000
1501.00000000 1568.00000000 0.00000000 256.00000000
1956.00000000 1284.00000000 0.00000000 256.00000000
2291.00000000 966.00000000 1.00000000 243.00000000
2179.00000000 1003.00000000 1.00000000 243.00000000
2056.00000000 1162.00000000 0.00000000 241.00000000
168.00000000 673.00000000 0.00000000 235.00000000
1465.00000000 1680.00000000 5.00000000 233.00000000
2184.00000000 963.00000000 1.00000000 232.00000000
1914.00000000 1545.00000000 1.00000000 231.00000000
2031.00000000 1445.00000000 1.00000000 227.00000000
2179.00000000 1001.00000000 0.00000000 219.00000000
1493.00000000 1670.00000000 1.00000000 219.00000000
691.00000000 1390.00000000 0.00000000 218.00000000
234.00000000 1212.00000000 0.00000000 218.00000000
1552.00000000 1680.00000000 4.00000000 216.00000000
1103.00000000 1721.00000000 0.00000000 216.00000000
974.00000000 863.00000000 0.00000000 216.00000000
1571.00000000 1730.00000000 0.00000000 216.00000000
2275.00000000 965.00000000 1.00000000 215.00000000
79.00000000 1267.00000000 0.00000000 215.00000000
952.00000000 1537.00000000 0.00000000 213.00000000
1404.00000000 1608.00000000 4.00000000 213.00000000
2031.00000000 1444.00000000 0.00000000 213.00000000
1528.00000000 1648.00000000 0.00000000 211.00000000
1888.00000000 1453.00000000 1.00000000 211.00000000
2118.00000000 1595.00000000 0.00000000 211.00000000
1417.00000000 1733.00000000 0.00000000 207.00000000
627.00000000 1424.00000000 1.00000000 204.00000000
764.00000000 868.00000000 1.00000000 203.00000000
2091.00000000 1282.00000000 0.00000000 202.00000000
1255.00000000 1605.00000000 1.00000000 201.00000000
1456.00000000 1650.00000000 1.00000000 199.00000000
235.00000000 1213.00000000 1.00000000 196.00000000
904.00000000 1437.00000000 1.00000000 196.00000000
1491.00000000 1568.00000000 1.00000000 196.00000000
1399.00000000 1670.00000000 0.00000000 195.00000000
1436.00000000 1644.00000000 0.00000000 195.00000000
2291.00000000 965.00000000 0.00000000 194.00000000
2127.00000000 770.00000000 0.00000000 193.00000000
2272.00000000 981.00000000 1.00000000 192.00000000
801.00000000 1351.00000000 0.00000000 191.00000000
2165.00000000 978.00000000 0.00000000 189.00000000
2179.00000000 1004.00000000 1.00000000 189.00000000
739.00000000 869.00000000 1.00000000 189.00000000
2194.00000000 1003.00000000 1.00000000 188.00000000
1556.00000000 1672.00000000 2.00000000 188.00000000
916.00000000 1151.00000000 0.00000000 188.00000000
2271.00000000 980.00000000 0.00000000 188.00000000
169.00000000 674.00000000 1.00000000 187.00000000
2275.00000000 964.00000000 0.00000000 187.00000000
1555.00000000 1668.00000000 1.00000000 187.00000000
1479.00000000 1677.00000000 0.00000000 186.00000000
1436.00000000 1618.00000000 2.00000000 185.00000000
143.00000000 1242.00000000 1.00000000 184.00000000
689.00000000 869.00000000 1.00000000 183.00000000
652.00000000 869.00000000 1.00000000 183.00000000
776.00000000 868.00000000 1.00000000 183.00000000
1436.00000000 1645.00000000 1.00000000 182.00000000
2118.00000000 1595.00000000 1.00000000 181.00000000
2234.00000000 977.00000000 1.00000000 181.00000000
714.00000000 1387.00000000 0.00000000 181.00000000
2184.00000000 962.00000000 0.00000000 181.00000000
1379.00000000 1773.00000000 1.00000000 181.00000000
2203.00000000 938.00000000 0.00000000 180.00000000
241.00000000 1668.00000000 1.00000000 180.00000000
2076.00000000 822.00000000 0.00000000 180.00000000
2200.00000000 963.00000000 1.00000000 179.00000000
1510.00000000 596.00000000 0.00000000 179.00000000
751.00000000 1372.00000000 0.00000000 178.00000000
1380.00000000 1771.00000000 0.00000000 178.00000000
185.00000000 672.00000000 0.00000000 178.00000000
244.00000000 1667.00000000 1.00000000 177.00000000
2747.00000000 655.00000000 1.00000000 177.00000000
1014.00000000 1308.00000000 0.00000000 177.00000000
152.00000000 675.00000000 0.00000000 177.00000000
2214.00000000 623.00000000 1.00000000 177.00000000
260.00000000 1207.00000000 0.00000000 176.00000000
726.00000000 869.00000000 1.00000000 176.00000000
922.00000000 1496.00000000 0.00000000 175.00000000
244.00000000 1665.00000000 0.00000000 173.00000000
1405.00000000 1603.00000000 2.00000000 173.00000000
1555.00000000 1674.00000000 2.00000000 173.00000000
1939.00000000 1161.00000000 0.00000000 172.00000000
1104.00000000 1698.00000000 0.00000000 172.00000000
2187.00000000 938.00000000 0.00000000 172.00000000
1414.00000000 1741.00000000 0.00000000 171.00000000
143.00000000 1241.00000000 0.00000000 171.00000000
1508.00000000 1568.00000000 0.00000000 169.00000000
2214.00000000 622.00000000 0.00000000 167.00000000
820.00000000 896.00000000 1.00000000 167.00000000
1504.00000000 1665.00000000 0.00000000 167.00000000
1955.00000000 1321.00000000 0.00000000 167.00000000
2194.00000000 1001.00000000 0.00000000 166.00000000
830.00000000 1368.00000000 0.00000000 166.00000000
1108.00000000 1622.00000000 0.00000000 164.00000000
1535.00000000 1649.00000000 0.00000000 163.00000000
106.00000000 920.00000000 0.00000000 163.00000000
1467.00000000 1680.00000000 2.00000000 162.00000000
2291.00000000 965.00000000 1.00000000 161.00000000
987.00000000 847.00000000 0.00000000 161.00000000
2230.00000000 998.00000000 0.00000000 159.00000000
623.00000000 1335.00000000 0.00000000 159.00000000
36.00000000 434.00000000 2.00000000 158.00000000
2234.00000000 978.00000000 1.00000000 154.00000000
2811.00000000 612.00000000 1.00000000 152.00000000
2194.00000000 1004.00000000 1.00000000 150.00000000
1408.00000000 1602.00000000 2.00000000 148.00000000
2030.00000000 1446.00000000 1.00000000 148.00000000
2184.00000000 963.00000000 1.00000000 146.00000000
1469.00000000 1677.00000000 1.00000000 144.00000000
1060.00000000 866.00000000 2.00000000 142.00000000
924.00000000 1415.00000000 1.00000000 142.00000000
35.00000000 434.00000000 1.00000000 140.00000000
1468.00000000 1678.00000000 2.00000000 137.00000000
926.00000000 1418.00000000 2.00000000 134.00000000
