719.00000000 209.00000000 1.00000000 1249.00000000
719.00000000 207.00000000 1.00000000 1091.00000000
52.00000000 588.00000000 2.00000000 850.00000000
1076.00000000 185.00000000 0.00000000 848.00000000
1081.00000000 212.00000000 0.00000000 819.00000000
718.00000000 207.00000000 0.00000000 804.00000000
126.00000000 590.00000000 2.00000000 775.00000000
1081.00000000 212.00000000 1.00000000 774.00000000
52.00000000 588.00000000 1.00000000 773.00000000
1077.00000000 186.00000000 1.00000000 741.00000000
168.00000000 588.00000000 2.00000000 707.00000000
422.00000000 648.00000000 2.00000000 706.00000000
89.00000000 588.00000000 1.00000000 673.00000000
208.00000000 588.00000000 2.00000000 664.00000000
127.00000000 589.00000000 1.00000000 638.00000000
460.00000000 618.00000000 2.00000000 637.00000000
530.00000000 560.00000000 2.00000000 637.00000000
1035.00000000 226.00000000 0.00000000 636.00000000
528.00000000 558.00000000 1.00000000 622.00000000
561.00000000 552.00000000 1.00000000 610.00000000
421.00000000 646.00000000 1.00000000 608.00000000
562.00000000 554.00000000 2.00000000 607.00000000
656.00000000 225.00000000 1.00000000 604.00000000
461.00000000 666.00000000 1.00000000 595.00000000
168.00000000 588.00000000 1.00000000 581.00000000
591.00000000 548.00000000 1.00000000 575.00000000
656.00000000 224.00000000 1.00000000 559.00000000
656.00000000 224.00000000 0.00000000 556.00000000
1081.00000000 212.00000000 1.00000000 551.00000000
459.00000000 616.00000000 1.00000000 545.00000000
902.00000000 449.00000000 0.00000000 540.00000000
903.00000000 430.00000000 1.00000000 533.00000000
209.00000000 586.00000000 1.00000000 528.00000000
127.00000000 591.00000000 2.00000000 521.00000000
459.00000000 711.00000000 1.00000000 517.00000000
50.00000000 588.00000000 2.00000000 517.00000000
902.00000000 429.00000000 0.00000000 502.00000000
53.00000000 590.00000000 1.00000000 498.00000000
903.00000000 431.00000000 1.00000000 497.00000000
166.00000000 588.00000000 2.00000000 495.00000000
875.00000000 667.00000000 1.00000000 494.00000000
833.00000000 677.00000000 0.00000000 493.00000000
209.00000000 588.00000000 2.00000000 476.00000000
701.00000000 208.00000000 1.00000000 475.00000000
701.00000000 205.00000000 0.00000000 450.00000000
169.00000000 590.00000000 1.00000000 445.00000000
1035.00000000 226.00000000 1.00000000 429.00000000
129.00000000 591.00000000 1.00000000 426.00000000
709.00000000 514.00000000 0.00000000 425.00000000
876.00000000 667.00000000 0.00000000 412.00000000
461.00000000 665.00000000 1.00000000 410.00000000
625.00000000 207.00000000 0.00000000 402.00000000
1121.00000000 263.00000000 0.00000000 399.00000000
651.00000000 210.00000000 0.00000000 399.00000000
833.00000000 678.00000000 1.00000000 397.00000000
89.00000000 588.00000000 1.00000000 388.00000000
460.00000000 711.00000000 1.00000000 383.00000000
903.00000000 449.00000000 1.00000000 382.00000000
1099.00000000 374.00000000 0.00000000 380.00000000
530.00000000 558.00000000 1.00000000 377.00000000
691.00000000 475.00000000 0.00000000 370.00000000
694.00000000 498.00000000 1.00000000 369.00000000
460.00000000 617.00000000 1.00000000 368.00000000
1170.00000000 864.00000000 0.00000000 366.00000000
902.00000000 370.00000000 0.00000000 366.00000000
902.00000000 371.00000000 1.00000000 360.00000000
210.00000000 588.00000000 1.00000000 351.00000000
562.00000000 553.00000000 1.00000000 350.00000000
692.00000000 484.00000000 0.00000000 348.00000000
591.00000000 547.00000000 1.00000000 346.00000000
694.00000000 497.00000000 0.00000000 345.00000000
652.00000000 211.00000000 1.00000000 338.00000000
692.00000000 477.00000000 1.00000000 336.00000000
422.00000000 646.00000000 1.00000000 336.00000000
698.00000000 826.00000000 0.00000000 333.00000000
1067.00000000 670.00000000 1.00000000 331.00000000
615.00000000 676.00000000 1.00000000 331.00000000
329.00000000 778.00000000 0.00000000 330.00000000
630.00000000 709.00000000 0.00000000 329.00000000
1081.00000000 561.00000000 0.00000000 326.00000000
626.00000000 207.00000000 1.00000000 325.00000000
423.00000000 694.00000000 1.00000000 325.00000000
608.00000000 718.00000000 1.00000000 322.00000000
423.00000000 739.00000000 1.00000000 321.00000000
725.00000000 410.00000000 0.00000000 318.00000000
902.00000000 415.00000000 0.00000000 315.00000000
946.00000000 452.00000000 0.00000000 314.00000000
1075.00000000 406.00000000 0.00000000 314.00000000
695.00000000 505.00000000 0.00000000 310.00000000
707.00000000 492.00000000 0.00000000 309.00000000
922.00000000 667.00000000 0.00000000 303.00000000
1158.00000000 871.00000000 0.00000000 298.00000000
1067.00000000 670.00000000 0.00000000 297.00000000
1080.00000000 458.00000000 0.00000000 295.00000000
656.00000000 199.00000000 0.00000000 291.00000000
299.00000000 574.00000000 0.00000000 290.00000000
1102.00000000 613.00000000 0.00000000 289.00000000
278.00000000 576.00000000 0.00000000 287.00000000
1166.00000000 615.00000000 0.00000000 283.00000000
128.00000000 591.00000000 0.00000000 281.00000000
169.00000000 589.00000000 0.00000000 277.00000000
608.00000000 717.00000000 0.00000000 275.00000000
251.00000000 872.00000000 0.00000000 274.00000000
236.00000000 578.00000000 0.00000000 274.00000000
1111.00000000 419.00000000 0.00000000 273.00000000
1122.00000000 613.00000000 0.00000000 273.00000000
1035.00000000 258.00000000 0.00000000 271.00000000
615.00000000 675.00000000 0.00000000 271.00000000
1253.00000000 255.00000000 0.00000000 270.00000000
90.00000000 589.00000000 0.00000000 270.00000000
1084.00000000 388.00000000 0.00000000 266.00000000
591.00000000 548.00000000 0.00000000 264.00000000
717.00000000 488.00000000 0.00000000 262.00000000
983.00000000 609.00000000 0.00000000 260.00000000
714.00000000 468.00000000 0.00000000 260.00000000
1123.00000000 419.00000000 0.00000000 258.00000000
1074.00000000 437.00000000 0.00000000 255.00000000
53.00000000 591.00000000 0.00000000 254.00000000
955.00000000 330.00000000 0.00000000 250.00000000
902.00000000 377.00000000 0.00000000 248.00000000
873.00000000 428.00000000 0.00000000 247.00000000
992.00000000 400.00000000 0.00000000 246.00000000
1147.00000000 614.00000000 0.00000000 243.00000000
383.00000000 568.00000000 0.00000000 240.00000000
656.00000000 212.00000000 4.00000000 222.00000000
128.00000000 588.00000000 4.00000000 216.00000000
656.00000000 214.00000000 5.00000000 149.00000000
