50.00000000 588.00000000 1.00000000 1399.00000000
208.00000000 588.00000000 2.00000000 1358.00000000
561.00000000 554.00000000 1.00000000 1342.00000000
591.00000000 550.00000000 1.00000000 1237.00000000
166.00000000 588.00000000 2.00000000 1185.00000000
562.00000000 556.00000000 2.00000000 1176.00000000
530.00000000 560.00000000 2.00000000 1173.00000000
126.00000000 590.00000000 2.00000000 1157.00000000
52.00000000 590.00000000 2.00000000 1091.00000000
528.00000000 560.00000000 1.00000000 1089.00000000
209.00000000 588.00000000 1.00000000 1078.00000000
127.00000000 589.00000000 1.00000000 1042.00000000
166.00000000 588.00000000 1.00000000 1034.00000000
592.00000000 550.00000000 2.00000000 1021.00000000
460.00000000 618.00000000 2.00000000 957.00000000
461.00000000 667.00000000 1.00000000 956.00000000
618.00000000 544.00000000 1.00000000 830.00000000
528.00000000 537.00000000 1.00000000 819.00000000
591.00000000 550.00000000 1.00000000 810.00000000
560.00000000 531.00000000 1.00000000 809.00000000
459.00000000 711.00000000 1.00000000 775.00000000
458.00000000 569.00000000 1.00000000 771.00000000
421.00000000 647.00000000 1.00000000 768.00000000
614.00000000 455.00000000 0.00000000 766.00000000
718.00000000 207.00000000 1.00000000 765.00000000
459.00000000 618.00000000 1.00000000 759.00000000
209.00000000 588.00000000 1.00000000 757.00000000
718.00000000 208.00000000 1.00000000 749.00000000
618.00000000 545.00000000 1.00000000 743.00000000
209.00000000 588.00000000 2.00000000 739.00000000
52.00000000 591.00000000 1.00000000 737.00000000
998.00000000 860.00000000 0.00000000 731.00000000
561.00000000 554.00000000 1.00000000 689.00000000
166.00000000 588.00000000 2.00000000 687.00000000
461.00000000 669.00000000 1.00000000 679.00000000
168.00000000 589.00000000 1.00000000 670.00000000
590.00000000 528.00000000 1.00000000 650.00000000
458.00000000 570.00000000 1.00000000 639.00000000
876.00000000 656.00000000 0.00000000 628.00000000
617.00000000 524.00000000 1.00000000 627.00000000
608.00000000 718.00000000 1.00000000 625.00000000
127.00000000 591.00000000 2.00000000 614.00000000
587.00000000 505.00000000 1.00000000 610.00000000
528.00000000 539.00000000 1.00000000 609.00000000
1099.00000000 374.00000000 0.00000000 608.00000000
528.00000000 560.00000000 2.00000000 603.00000000
591.00000000 549.00000000 0.00000000 585.00000000
299.00000000 574.00000000 0.00000000 583.00000000
530.00000000 561.00000000 1.00000000 583.00000000
586.00000000 505.00000000 0.00000000 581.00000000
613.00000000 501.00000000 0.00000000 579.00000000
622.00000000 502.00000000 0.00000000 575.00000000
608.00000000 717.00000000 0.00000000 575.00000000
461.00000000 668.00000000 0.00000000 570.00000000
128.00000000 591.00000000 1.00000000 570.00000000
691.00000000 475.00000000 0.00000000 566.00000000
414.00000000 499.00000000 1.00000000 566.00000000
362.00000000 570.00000000 0.00000000 561.00000000
999.00000000 866.00000000 0.00000000 556.00000000
1071.00000000 609.00000000 1.00000000 551.00000000
424.00000000 696.00000000 1.00000000 550.00000000
876.00000000 656.00000000 1.00000000 539.00000000
530.00000000 698.00000000 1.00000000 536.00000000
526.00000000 513.00000000 1.00000000 535.00000000
443.00000000 562.00000000 0.00000000 535.00000000
321.00000000 573.00000000 0.00000000 532.00000000
1067.00000000 669.00000000 0.00000000 519.00000000
481.00000000 558.00000000 0.00000000 514.00000000
423.00000000 650.00000000 1.00000000 510.00000000
558.00000000 509.00000000 1.00000000 509.00000000
692.00000000 477.00000000 1.00000000 507.00000000
709.00000000 514.00000000 0.00000000 507.00000000
614.00000000 455.00000000 1.00000000 507.00000000
655.00000000 449.00000000 0.00000000 507.00000000
530.00000000 697.00000000 0.00000000 504.00000000
383.00000000 568.00000000 0.00000000 502.00000000
560.00000000 534.00000000 1.00000000 498.00000000
455.00000000 520.00000000 1.00000000 495.00000000
614.00000000 501.00000000 1.00000000 495.00000000
463.00000000 561.00000000 0.00000000 494.00000000
413.00000000 499.00000000 0.00000000 494.00000000
460.00000000 711.00000000 1.00000000 494.00000000
616.00000000 524.00000000 0.00000000 482.00000000
683.00000000 571.00000000 0.00000000 481.00000000
421.00000000 600.00000000 1.00000000 481.00000000
837.00000000 622.00000000 5.00000000 478.00000000
557.00000000 510.00000000 0.00000000 476.00000000
693.00000000 497.00000000 0.00000000 474.00000000
342.00000000 572.00000000 0.00000000 473.00000000
692.00000000 483.00000000 0.00000000 471.00000000
642.00000000 583.00000000 0.00000000 470.00000000
717.00000000 207.00000000 0.00000000 470.00000000
796.00000000 395.00000000 0.00000000 469.00000000
528.00000000 538.00000000 0.00000000 468.00000000
1037.00000000 493.00000000 0.00000000 467.00000000
998.00000000 860.00000000 1.00000000 464.00000000
525.00000000 514.00000000 0.00000000 464.00000000
668.00000000 673.00000000 0.00000000 455.00000000
1058.00000000 467.00000000 0.00000000 455.00000000
795.00000000 388.00000000 0.00000000 454.00000000
618.00000000 543.00000000 0.00000000 451.00000000
1063.00000000 643.00000000 0.00000000 450.00000000
640.00000000 542.00000000 0.00000000 445.00000000
499.00000000 555.00000000 0.00000000 442.00000000
458.00000000 570.00000000 0.00000000 439.00000000
750.00000000 575.00000000 0.00000000 438.00000000
551.00000000 274.00000000 0.00000000 435.00000000
1071.00000000 610.00000000 0.00000000 433.00000000
840.00000000 616.00000000 4.00000000 432.00000000
719.00000000 511.00000000 0.00000000 421.00000000
589.00000000 529.00000000 0.00000000 418.00000000
571.00000000 316.00000000 0.00000000 412.00000000
210.00000000 588.00000000 0.00000000 410.00000000
615.00000000 675.00000000 0.00000000 405.00000000
560.00000000 534.00000000 0.00000000 405.00000000
662.00000000 494.00000000 0.00000000 405.00000000
1032.00000000 742.00000000 0.00000000 404.00000000
422.00000000 650.00000000 0.00000000 404.00000000
695.00000000 505.00000000 0.00000000 403.00000000
278.00000000 576.00000000 0.00000000 398.00000000
424.00000000 696.00000000 0.00000000 395.00000000
959.00000000 461.00000000 0.00000000 393.00000000
707.00000000 492.00000000 0.00000000 390.00000000
1051.00000000 668.00000000 0.00000000 389.00000000
589.00000000 360.00000000 0.00000000 389.00000000
458.00000000 709.00000000 0.00000000 388.00000000
208.00000000 588.00000000 4.00000000 264.00000000
