208.00000000 588.00000000 2.00000000 1412.00000000
50.00000000 589.00000000 1.00000000 1408.00000000
560.00000000 554.00000000 1.00000000 1325.00000000
591.00000000 550.00000000 1.00000000 1304.00000000
560.00000000 556.00000000 2.00000000 1271.00000000
166.00000000 588.00000000 2.00000000 1237.00000000
207.00000000 586.00000000 1.00000000 1205.00000000
528.00000000 560.00000000 2.00000000 1173.00000000
50.00000000 590.00000000 2.00000000 1126.00000000
126.00000000 590.00000000 2.00000000 1095.00000000
590.00000000 550.00000000 2.00000000 1081.00000000
460.00000000 620.00000000 2.00000000 1070.00000000
166.00000000 589.00000000 1.00000000 1062.00000000
125.00000000 589.00000000 1.00000000 1046.00000000
528.00000000 560.00000000 1.00000000 1043.00000000
461.00000000 667.00000000 1.00000000 1035.00000000
528.00000000 537.00000000 1.00000000 924.00000000
591.00000000 550.00000000 1.00000000 908.00000000
560.00000000 531.00000000 1.00000000 885.00000000
618.00000000 544.00000000 1.00000000 882.00000000
459.00000000 619.00000000 1.00000000 844.00000000
618.00000000 545.00000000 1.00000000 826.00000000
458.00000000 569.00000000 1.00000000 810.00000000
209.00000000 588.00000000 1.00000000 807.00000000
613.00000000 455.00000000 0.00000000 805.00000000
461.00000000 669.00000000 1.00000000 803.00000000
51.00000000 591.00000000 1.00000000 794.00000000
420.00000000 599.00000000 1.00000000 793.00000000
421.00000000 649.00000000 1.00000000 791.00000000
528.00000000 538.00000000 1.00000000 768.00000000
459.00000000 711.00000000 1.00000000 741.00000000
587.00000000 505.00000000 1.00000000 739.00000000
561.00000000 555.00000000 1.00000000 726.00000000
458.00000000 571.00000000 1.00000000 711.00000000
209.00000000 588.00000000 2.00000000 710.00000000
692.00000000 483.00000000 0.00000000 688.00000000
461.00000000 619.00000000 2.00000000 683.00000000
167.00000000 589.00000000 1.00000000 680.00000000
166.00000000 588.00000000 2.00000000 672.00000000
608.00000000 719.00000000 1.00000000 657.00000000
560.00000000 533.00000000 1.00000000 647.00000000
837.00000000 622.00000000 5.00000000 634.00000000
614.00000000 455.00000000 1.00000000 633.00000000
127.00000000 591.00000000 1.00000000 622.00000000
528.00000000 560.00000000 2.00000000 621.00000000
461.00000000 668.00000000 0.00000000 606.00000000
586.00000000 504.00000000 0.00000000 604.00000000
589.00000000 529.00000000 1.00000000 598.00000000
692.00000000 483.00000000 1.00000000 597.00000000
414.00000000 499.00000000 1.00000000 597.00000000
460.00000000 621.00000000 1.00000000 596.00000000
622.00000000 502.00000000 0.00000000 584.00000000
617.00000000 523.00000000 1.00000000 580.00000000
423.00000000 697.00000000 1.00000000 579.00000000
591.00000000 550.00000000 0.00000000 574.00000000
655.00000000 448.00000000 0.00000000 564.00000000
455.00000000 520.00000000 1.00000000 564.00000000
530.00000000 698.00000000 1.00000000 561.00000000
525.00000000 514.00000000 1.00000000 560.00000000
997.00000000 861.00000000 0.00000000 555.00000000
608.00000000 717.00000000 0.00000000 549.00000000
525.00000000 514.00000000 0.00000000 547.00000000
618.00000000 545.00000000 0.00000000 541.00000000
840.00000000 620.00000000 4.00000000 537.00000000
423.00000000 650.00000000 1.00000000 530.00000000
639.00000000 521.00000000 1.00000000 530.00000000
529.00000000 560.00000000 1.00000000 529.00000000
795.00000000 388.00000000 0.00000000 526.00000000
459.00000000 711.00000000 1.00000000 509.00000000
557.00000000 510.00000000 1.00000000 505.00000000
875.00000000 656.00000000 0.00000000 504.00000000
418.00000000 551.00000000 1.00000000 504.00000000
557.00000000 510.00000000 0.00000000 501.00000000
528.00000000 538.00000000 0.00000000 499.00000000
421.00000000 599.00000000 1.00000000 498.00000000
690.00000000 475.00000000 0.00000000 482.00000000
481.00000000 558.00000000 0.00000000 480.00000000
362.00000000 569.00000000 0.00000000 479.00000000
1100.00000000 409.00000000 1.00000000 478.00000000
560.00000000 533.00000000 0.00000000 478.00000000
571.00000000 316.00000000 0.00000000 478.00000000
554.00000000 284.00000000 0.00000000 475.00000000
809.00000000 393.00000000 0.00000000 475.00000000
641.00000000 543.00000000 1.00000000 465.00000000
529.00000000 697.00000000 0.00000000 456.00000000
854.00000000 742.00000000 0.00000000 453.00000000
1071.00000000 609.00000000 0.00000000 449.00000000
644.00000000 402.00000000 0.00000000 448.00000000
694.00000000 505.00000000 0.00000000 447.00000000
1066.00000000 670.00000000 0.00000000 442.00000000
413.00000000 499.00000000 0.00000000 439.00000000
639.00000000 521.00000000 0.00000000 438.00000000
551.00000000 274.00000000 0.00000000 435.00000000
707.00000000 499.00000000 0.00000000 434.00000000
321.00000000 573.00000000 0.00000000 434.00000000
616.00000000 523.00000000 0.00000000 434.00000000
589.00000000 529.00000000 0.00000000 431.00000000
342.00000000 572.00000000 0.00000000 429.00000000
462.00000000 560.00000000 0.00000000 426.00000000
51.00000000 591.00000000 0.00000000 426.00000000
461.00000000 620.00000000 0.00000000 424.00000000
417.00000000 551.00000000 0.00000000 424.00000000
299.00000000 574.00000000 0.00000000 422.00000000
642.00000000 583.00000000 0.00000000 420.00000000
1100.00000000 408.00000000 0.00000000 420.00000000
458.00000000 570.00000000 0.00000000 420.00000000
603.00000000 407.00000000 0.00000000 418.00000000
383.00000000 568.00000000 0.00000000 418.00000000
683.00000000 571.00000000 0.00000000 411.00000000
423.00000000 697.00000000 0.00000000 410.00000000
209.00000000 587.00000000 0.00000000 410.00000000
640.00000000 543.00000000 0.00000000 409.00000000
499.00000000 555.00000000 0.00000000 407.00000000
706.00000000 492.00000000 0.00000000 405.00000000
613.00000000 500.00000000 0.00000000 397.00000000
750.00000000 575.00000000 0.00000000 395.00000000
1099.00000000 374.00000000 0.00000000 392.00000000
454.00000000 521.00000000 0.00000000 391.00000000
561.00000000 557.00000000 0.00000000 389.00000000
403.00000000 566.00000000 0.00000000 386.00000000
1037.00000000 493.00000000 0.00000000 386.00000000
458.00000000 709.00000000 0.00000000 384.00000000
693.00000000 497.00000000 0.00000000 383.00000000
167.00000000 590.00000000 0.00000000 383.00000000
671.00000000 445.00000000 0.00000000 382.00000000
422.00000000 649.00000000 0.00000000 377.00000000
460.00000000 568.00000000 4.00000000 309.00000000
