208.00000000 588.00000000 2.00000000 1406.00000000
50.00000000 589.00000000 1.00000000 1390.00000000
560.00000000 554.00000000 1.00000000 1368.00000000
560.00000000 556.00000000 2.00000000 1299.00000000
591.00000000 550.00000000 1.00000000 1280.00000000
166.00000000 590.00000000 2.00000000 1223.00000000
207.00000000 588.00000000 1.00000000 1170.00000000
528.00000000 560.00000000 2.00000000 1165.00000000
50.00000000 590.00000000 2.00000000 1121.00000000
126.00000000 590.00000000 2.00000000 1088.00000000
590.00000000 550.00000000 2.00000000 1076.00000000
528.00000000 560.00000000 1.00000000 1065.00000000
460.00000000 620.00000000 2.00000000 1052.00000000
166.00000000 589.00000000 1.00000000 1051.00000000
125.00000000 589.00000000 1.00000000 1040.00000000
461.00000000 667.00000000 1.00000000 1038.00000000
528.00000000 537.00000000 1.00000000 929.00000000
618.00000000 544.00000000 1.00000000 870.00000000
591.00000000 550.00000000 1.00000000 848.00000000
560.00000000 531.00000000 1.00000000 840.00000000
459.00000000 619.00000000 1.00000000 826.00000000
458.00000000 569.00000000 1.00000000 817.00000000
618.00000000 545.00000000 1.00000000 815.00000000
614.00000000 455.00000000 0.00000000 792.00000000
420.00000000 599.00000000 1.00000000 791.00000000
421.00000000 649.00000000 1.00000000 791.00000000
209.00000000 588.00000000 1.00000000 767.00000000
459.00000000 712.00000000 1.00000000 760.00000000
51.00000000 591.00000000 1.00000000 751.00000000
461.00000000 669.00000000 1.00000000 751.00000000
528.00000000 538.00000000 1.00000000 750.00000000
561.00000000 555.00000000 1.00000000 731.00000000
209.00000000 588.00000000 2.00000000 714.00000000
458.00000000 571.00000000 1.00000000 710.00000000
461.00000000 619.00000000 2.00000000 676.00000000
608.00000000 719.00000000 1.00000000 672.00000000
166.00000000 588.00000000 2.00000000 666.00000000
692.00000000 483.00000000 0.00000000 659.00000000
167.00000000 589.00000000 1.00000000 657.00000000
590.00000000 528.00000000 1.00000000 654.00000000
587.00000000 505.00000000 1.00000000 648.00000000
616.00000000 524.00000000 1.00000000 645.00000000
837.00000000 622.00000000 5.00000000 625.00000000
562.00000000 557.00000000 2.00000000 619.00000000
558.00000000 509.00000000 1.00000000 610.00000000
614.00000000 455.00000000 1.00000000 596.00000000
621.00000000 502.00000000 0.00000000 593.00000000
530.00000000 698.00000000 1.00000000 575.00000000
461.00000000 669.00000000 0.00000000 571.00000000
423.00000000 697.00000000 1.00000000 565.00000000
455.00000000 520.00000000 1.00000000 564.00000000
618.00000000 544.00000000 0.00000000 559.00000000
692.00000000 483.00000000 1.00000000 558.00000000
557.00000000 510.00000000 0.00000000 550.00000000
529.00000000 560.00000000 1.00000000 549.00000000
460.00000000 621.00000000 1.00000000 548.00000000
998.00000000 860.00000000 0.00000000 546.00000000
608.00000000 717.00000000 0.00000000 542.00000000
875.00000000 656.00000000 0.00000000 542.00000000
641.00000000 543.00000000 1.00000000 540.00000000
421.00000000 600.00000000 1.00000000 538.00000000
655.00000000 449.00000000 0.00000000 537.00000000
640.00000000 543.00000000 0.00000000 534.00000000
127.00000000 591.00000000 1.00000000 534.00000000
423.00000000 650.00000000 1.00000000 531.00000000
840.00000000 620.00000000 4.00000000 529.00000000
481.00000000 558.00000000 0.00000000 526.00000000
414.00000000 499.00000000 1.00000000 520.00000000
525.00000000 514.00000000 1.00000000 519.00000000
560.00000000 532.00000000 1.00000000 518.00000000
616.00000000 523.00000000 0.00000000 516.00000000
586.00000000 505.00000000 0.00000000 516.00000000
707.00000000 499.00000000 0.00000000 514.00000000
551.00000000 274.00000000 0.00000000 511.00000000
644.00000000 402.00000000 0.00000000 508.00000000
591.00000000 549.00000000 0.00000000 500.00000000
639.00000000 521.00000000 1.00000000 499.00000000
528.00000000 538.00000000 0.00000000 498.00000000
795.00000000 388.00000000 0.00000000 496.00000000
571.00000000 316.00000000 0.00000000 494.00000000
691.00000000 475.00000000 0.00000000 493.00000000
459.00000000 711.00000000 1.00000000 492.00000000
589.00000000 528.00000000 0.00000000 486.00000000
334.00000000 532.00000000 1.00000000 474.00000000
362.00000000 569.00000000 0.00000000 469.00000000
553.00000000 284.00000000 0.00000000 462.00000000
529.00000000 697.00000000 0.00000000 459.00000000
383.00000000 568.00000000 0.00000000 458.00000000
525.00000000 514.00000000 0.00000000 458.00000000
418.00000000 551.00000000 1.00000000 457.00000000
809.00000000 392.00000000 0.00000000 451.00000000
729.00000000 839.00000000 0.00000000 445.00000000
342.00000000 572.00000000 0.00000000 444.00000000
321.00000000 573.00000000 0.00000000 442.00000000
854.00000000 742.00000000 0.00000000 437.00000000
642.00000000 583.00000000 0.00000000 435.00000000
603.00000000 407.00000000 0.00000000 434.00000000
462.00000000 560.00000000 0.00000000 431.00000000
1037.00000000 493.00000000 0.00000000 430.00000000
413.00000000 500.00000000 0.00000000 423.00000000
683.00000000 571.00000000 0.00000000 423.00000000
998.00000000 866.00000000 0.00000000 420.00000000
561.00000000 557.00000000 0.00000000 416.00000000
423.00000000 697.00000000 0.00000000 413.00000000
458.00000000 572.00000000 0.00000000 410.00000000
695.00000000 504.00000000 0.00000000 406.00000000
706.00000000 492.00000000 0.00000000 402.00000000
461.00000000 620.00000000 0.00000000 400.00000000
806.00000000 400.00000000 0.00000000 397.00000000
454.00000000 521.00000000 0.00000000 397.00000000
1067.00000000 670.00000000 0.00000000 395.00000000
403.00000000 566.00000000 0.00000000 394.00000000
209.00000000 590.00000000 0.00000000 393.00000000
589.00000000 361.00000000 0.00000000 391.00000000
1071.00000000 609.00000000 0.00000000 389.00000000
639.00000000 521.00000000 0.00000000 387.00000000
422.00000000 650.00000000 0.00000000 385.00000000
443.00000000 562.00000000 0.00000000 378.00000000
525.00000000 507.00000000 0.00000000 378.00000000
499.00000000 555.00000000 0.00000000 376.00000000
458.00000000 709.00000000 0.00000000 372.00000000
905.00000000 739.00000000 0.00000000 372.00000000
51.00000000 591.00000000 0.00000000 370.00000000
1040.00000000 738.00000000 0.00000000 370.00000000
719.00000000 511.00000000 0.00000000 364.00000000
566.00000000 305.00000000 0.00000000 362.00000000
460.00000000 568.00000000 4.00000000 314.00000000
