50.00000000 588.00000000 1.00000000 1414.00000000
208.00000000 588.00000000 2.00000000 1390.00000000
560.00000000 554.00000000 1.00000000 1372.00000000
591.00000000 550.00000000 1.00000000 1302.00000000
560.00000000 556.00000000 2.00000000 1272.00000000
166.00000000 588.00000000 2.00000000 1261.00000000
528.00000000 560.00000000 2.00000000 1195.00000000
207.00000000 586.00000000 1.00000000 1187.00000000
126.00000000 590.00000000 2.00000000 1092.00000000
50.00000000 590.00000000 2.00000000 1092.00000000
590.00000000 550.00000000 2.00000000 1078.00000000
166.00000000 588.00000000 1.00000000 1076.00000000
528.00000000 560.00000000 1.00000000 1055.00000000
460.00000000 618.00000000 2.00000000 1047.00000000
125.00000000 589.00000000 1.00000000 1046.00000000
461.00000000 667.00000000 1.00000000 1013.00000000
528.00000000 537.00000000 1.00000000 955.00000000
591.00000000 550.00000000 1.00000000 896.00000000
560.00000000 531.00000000 1.00000000 876.00000000
618.00000000 544.00000000 1.00000000 855.00000000
528.00000000 538.00000000 1.00000000 827.00000000
421.00000000 647.00000000 1.00000000 817.00000000
459.00000000 618.00000000 1.00000000 813.00000000
613.00000000 455.00000000 0.00000000 804.00000000
209.00000000 588.00000000 1.00000000 803.00000000
618.00000000 545.00000000 1.00000000 790.00000000
459.00000000 711.00000000 1.00000000 782.00000000
420.00000000 599.00000000 1.00000000 779.00000000
458.00000000 569.00000000 1.00000000 776.00000000
51.00000000 591.00000000 1.00000000 773.00000000
561.00000000 555.00000000 1.00000000 757.00000000
461.00000000 669.00000000 1.00000000 751.00000000
209.00000000 588.00000000 2.00000000 701.00000000
455.00000000 520.00000000 1.00000000 694.00000000
167.00000000 589.00000000 1.00000000 685.00000000
166.00000000 588.00000000 2.00000000 685.00000000
458.00000000 570.00000000 1.00000000 676.00000000
461.00000000 619.00000000 2.00000000 669.00000000
608.00000000 718.00000000 1.00000000 646.00000000
528.00000000 560.00000000 2.00000000 645.00000000
614.00000000 455.00000000 1.00000000 644.00000000
590.00000000 528.00000000 1.00000000 632.00000000
837.00000000 622.00000000 5.00000000 629.00000000
617.00000000 523.00000000 1.00000000 615.00000000
560.00000000 533.00000000 1.00000000 612.00000000
998.00000000 860.00000000 0.00000000 606.00000000
414.00000000 499.00000000 1.00000000 603.00000000
655.00000000 448.00000000 0.00000000 600.00000000
587.00000000 504.00000000 1.00000000 599.00000000
127.00000000 590.00000000 1.00000000 595.00000000
530.00000000 698.00000000 1.00000000 588.00000000
692.00000000 483.00000000 1.00000000 588.00000000
558.00000000 508.00000000 1.00000000 587.00000000
692.00000000 483.00000000 0.00000000 586.00000000
591.00000000 549.00000000 0.00000000 578.00000000
854.00000000 741.00000000 0.00000000 572.00000000
461.00000000 669.00000000 0.00000000 567.00000000
622.00000000 502.00000000 0.00000000 566.00000000
608.00000000 717.00000000 0.00000000 563.00000000
423.00000000 697.00000000 1.00000000 557.00000000
460.00000000 621.00000000 1.00000000 553.00000000
526.00000000 513.00000000 1.00000000 541.00000000
840.00000000 620.00000000 4.00000000 535.00000000
422.00000000 649.00000000 1.00000000 529.00000000
528.00000000 538.00000000 0.00000000 529.00000000
639.00000000 521.00000000 1.00000000 527.00000000
362.00000000 569.00000000 0.00000000 521.00000000
529.00000000 560.00000000 1.00000000 517.00000000
616.00000000 523.00000000 0.00000000 515.00000000
481.00000000 557.00000000 0.00000000 514.00000000
557.00000000 510.00000000 0.00000000 510.00000000
459.00000000 711.00000000 1.00000000 510.00000000
695.00000000 504.00000000 0.00000000 509.00000000
586.00000000 504.00000000 0.00000000 507.00000000
750.00000000 575.00000000 0.00000000 502.00000000
455.00000000 519.00000000 0.00000000 499.00000000
618.00000000 544.00000000 0.00000000 497.00000000
529.00000000 697.00000000 0.00000000 490.00000000
875.00000000 655.00000000 0.00000000 487.00000000
809.00000000 392.00000000 0.00000000 484.00000000
554.00000000 284.00000000 0.00000000 482.00000000
420.00000000 600.00000000 1.00000000 479.00000000
644.00000000 402.00000000 0.00000000 473.00000000
589.00000000 528.00000000 0.00000000 465.00000000
418.00000000 550.00000000 1.00000000 461.00000000
462.00000000 560.00000000 0.00000000 458.00000000
525.00000000 514.00000000 0.00000000 457.00000000
642.00000000 583.00000000 0.00000000 452.00000000
795.00000000 388.00000000 0.00000000 448.00000000
560.00000000 533.00000000 0.00000000 448.00000000
334.00000000 532.00000000 1.00000000 448.00000000
571.00000000 316.00000000 0.00000000 440.00000000
695.00000000 504.00000000 1.00000000 436.00000000
321.00000000 573.00000000 0.00000000 434.00000000
1071.00000000 609.00000000 0.00000000 432.00000000
499.00000000 555.00000000 0.00000000 423.00000000
690.00000000 475.00000000 0.00000000 421.00000000
413.00000000 499.00000000 0.00000000 420.00000000
551.00000000 273.00000000 0.00000000 416.00000000
383.00000000 568.00000000 0.00000000 414.00000000
209.00000000 589.00000000 0.00000000 411.00000000
640.00000000 542.00000000 0.00000000 409.00000000
299.00000000 574.00000000 0.00000000 408.00000000
461.00000000 620.00000000 0.00000000 406.00000000
639.00000000 521.00000000 0.00000000 401.00000000
729.00000000 839.00000000 0.00000000 398.00000000
342.00000000 572.00000000 0.00000000 397.00000000
706.00000000 492.00000000 0.00000000 395.00000000
458.00000000 569.00000000 0.00000000 393.00000000
683.00000000 571.00000000 0.00000000 392.00000000
589.00000000 360.00000000 0.00000000 387.00000000
707.00000000 499.00000000 0.00000000 386.00000000
1037.00000000 492.00000000 0.00000000 383.00000000
1066.00000000 670.00000000 0.00000000 381.00000000
561.00000000 557.00000000 0.00000000 379.00000000
423.00000000 697.00000000 0.00000000 372.00000000
422.00000000 649.00000000 0.00000000 370.00000000
840.00000000 298.00000000 0.00000000 369.00000000
782.00000000 394.00000000 0.00000000 367.00000000
603.00000000 406.00000000 0.00000000 367.00000000
51.00000000 591.00000000 0.00000000 367.00000000
1029.00000000 758.00000000 0.00000000 366.00000000
905.00000000 739.00000000 0.00000000 363.00000000
403.00000000 566.00000000 0.00000000 362.00000000
693.00000000 497.00000000 0.00000000 360.00000000
696.00000000 525.00000000 0.00000000 360.00000000
460.00000000 568.00000000 4.00000000 309.00000000
