719.00000000 209.00000000 1.00000000 1238.00000000
719.00000000 207.00000000 1.00000000 1018.00000000
1081.00000000 212.00000000 0.00000000 865.00000000
1076.00000000 185.00000000 0.00000000 829.00000000
718.00000000 207.00000000 0.00000000 818.00000000
1081.00000000 212.00000000 1.00000000 772.00000000
1077.00000000 186.00000000 1.00000000 668.00000000
422.00000000 648.00000000 2.00000000 651.00000000
460.00000000 618.00000000 2.00000000 614.00000000
421.00000000 646.00000000 1.00000000 610.00000000
656.00000000 225.00000000 1.00000000 599.00000000
530.00000000 560.00000000 2.00000000 597.00000000
1035.00000000 226.00000000 0.00000000 588.00000000
52.00000000 588.00000000 2.00000000 581.00000000
528.00000000 558.00000000 1.00000000 580.00000000
420.00000000 598.00000000 2.00000000 578.00000000
656.00000000 224.00000000 1.00000000 573.00000000
458.00000000 570.00000000 2.00000000 568.00000000
88.00000000 588.00000000 2.00000000 566.00000000
561.00000000 552.00000000 1.00000000 563.00000000
1081.00000000 212.00000000 1.00000000 558.00000000
656.00000000 224.00000000 0.00000000 557.00000000
1120.00000000 263.00000000 0.00000000 554.00000000
562.00000000 554.00000000 2.00000000 554.00000000
591.00000000 547.00000000 1.00000000 536.00000000
459.00000000 616.00000000 1.00000000 530.00000000
461.00000000 666.00000000 1.00000000 525.00000000
89.00000000 588.00000000 1.00000000 513.00000000
52.00000000 588.00000000 1.00000000 502.00000000
701.00000000 208.00000000 1.00000000 495.00000000
701.00000000 205.00000000 0.00000000 477.00000000
458.00000000 568.00000000 1.00000000 466.00000000
422.00000000 694.00000000 1.00000000 456.00000000
420.00000000 598.00000000 1.00000000 451.00000000
127.00000000 589.00000000 1.00000000 437.00000000
459.00000000 711.00000000 1.00000000 433.00000000
1035.00000000 227.00000000 1.00000000 423.00000000
903.00000000 430.00000000 1.00000000 423.00000000
902.00000000 429.00000000 0.00000000 416.00000000
902.00000000 371.00000000 1.00000000 412.00000000
709.00000000 514.00000000 0.00000000 397.00000000
902.00000000 371.00000000 0.00000000 392.00000000
461.00000000 665.00000000 1.00000000 389.00000000
458.00000000 568.00000000 2.00000000 387.00000000
421.00000000 647.00000000 2.00000000 386.00000000
902.00000000 449.00000000 0.00000000 385.00000000
651.00000000 210.00000000 0.00000000 383.00000000
421.00000000 599.00000000 2.00000000 381.00000000
50.00000000 588.00000000 2.00000000 373.00000000
460.00000000 617.00000000 1.00000000 372.00000000
625.00000000 207.00000000 0.00000000 367.00000000
422.00000000 646.00000000 1.00000000 367.00000000
694.00000000 498.00000000 1.00000000 365.00000000
652.00000000 211.00000000 1.00000000 363.00000000
1253.00000000 255.00000000 0.00000000 363.00000000
529.00000000 557.00000000 1.00000000 358.00000000
590.00000000 546.00000000 1.00000000 346.00000000
561.00000000 552.00000000 1.00000000 345.00000000
694.00000000 497.00000000 0.00000000 345.00000000
902.00000000 450.00000000 1.00000000 343.00000000
90.00000000 589.00000000 1.00000000 341.00000000
169.00000000 590.00000000 1.00000000 340.00000000
691.00000000 475.00000000 0.00000000 338.00000000
423.00000000 694.00000000 1.00000000 331.00000000
615.00000000 676.00000000 1.00000000 331.00000000
460.00000000 711.00000000 1.00000000 330.00000000
1035.00000000 258.00000000 0.00000000 328.00000000
1170.00000000 864.00000000 0.00000000 323.00000000
626.00000000 207.00000000 1.00000000 318.00000000
692.00000000 477.00000000 1.00000000 317.00000000
53.00000000 591.00000000 1.00000000 314.00000000
696.00000000 520.00000000 1.00000000 314.00000000
692.00000000 484.00000000 0.00000000 312.00000000
1121.00000000 263.00000000 1.00000000 307.00000000
1254.00000000 256.00000000 1.00000000 305.00000000
696.00000000 519.00000000 0.00000000 303.00000000
695.00000000 505.00000000 0.00000000 303.00000000
707.00000000 492.00000000 0.00000000 301.00000000
1053.00000000 857.00000000 0.00000000 297.00000000
709.00000000 515.00000000 1.00000000 297.00000000
615.00000000 675.00000000 0.00000000 296.00000000
902.00000000 388.00000000 0.00000000 293.00000000
525.00000000 741.00000000 1.00000000 288.00000000
128.00000000 591.00000000 1.00000000 285.00000000
617.00000000 541.00000000 1.00000000 285.00000000
1158.00000000 871.00000000 0.00000000 283.00000000
656.00000000 199.00000000 0.00000000 283.00000000
1075.00000000 406.00000000 0.00000000 281.00000000
630.00000000 709.00000000 0.00000000 274.00000000
1084.00000000 388.00000000 0.00000000 270.00000000
717.00000000 488.00000000 0.00000000 270.00000000
1100.00000000 372.00000000 0.00000000 266.00000000
873.00000000 429.00000000 0.00000000 257.00000000
902.00000000 415.00000000 0.00000000 255.00000000
960.00000000 328.00000000 0.00000000 247.00000000
902.00000000 400.00000000 0.00000000 246.00000000
949.00000000 395.00000000 0.00000000 244.00000000
1147.00000000 614.00000000 0.00000000 244.00000000
1233.00000000 267.00000000 0.00000000 243.00000000
1111.00000000 419.00000000 0.00000000 240.00000000
983.00000000 609.00000000 0.00000000 235.00000000
329.00000000 778.00000000 0.00000000 235.00000000
714.00000000 468.00000000 0.00000000 233.00000000
1262.00000000 869.00000000 0.00000000 231.00000000
1217.00000000 867.00000000 0.00000000 229.00000000
955.00000000 330.00000000 0.00000000 229.00000000
889.00000000 390.00000000 0.00000000 229.00000000
1074.00000000 437.00000000 0.00000000 227.00000000
461.00000000 663.00000000 0.00000000 226.00000000
608.00000000 717.00000000 0.00000000 226.00000000
1166.00000000 615.00000000 0.00000000 225.00000000
169.00000000 590.00000000 0.00000000 225.00000000
460.00000000 615.00000000 0.00000000 224.00000000
881.00000000 680.00000000 0.00000000 223.00000000
525.00000000 740.00000000 0.00000000 215.00000000
1026.00000000 424.00000000 0.00000000 215.00000000
463.00000000 561.00000000 0.00000000 211.00000000
999.00000000 365.00000000 0.00000000 210.00000000
948.00000000 383.00000000 0.00000000 209.00000000
656.00000000 212.00000000 4.00000000 208.00000000
460.00000000 568.00000000 4.00000000 207.00000000
1123.00000000 420.00000000 0.00000000 205.00000000
824.00000000 291.00000000 0.00000000 204.00000000
562.00000000 551.00000000 0.00000000 203.00000000
529.00000000 556.00000000 0.00000000 202.00000000
992.00000000 400.00000000 0.00000000 202.00000000
656.00000000 214.00000000 5.00000000 137.00000000
