465.00000000 502.00000000 0.00000000 451.00000000
466.00000000 386.00000000 2.00000000 375.00000000
465.00000000 502.00000000 1.00000000 370.00000000
599.00000000 395.00000000 5.00000000 348.00000000
600.00000000 392.00000000 4.00000000 336.00000000
602.00000000 387.00000000 2.00000000 333.00000000
466.00000000 383.00000000 1.00000000 325.00000000
463.00000000 390.00000000 2.00000000 314.00000000
448.00000000 152.00000000 4.00000000 290.00000000
1006.00000000 548.00000000 2.00000000 286.00000000
449.00000000 149.00000000 2.00000000 284.00000000
602.00000000 384.00000000 2.00000000 278.00000000
450.00000000 148.00000000 2.00000000 263.00000000
449.00000000 145.00000000 1.00000000 237.00000000
985.00000000 449.00000000 1.00000000 233.00000000
984.00000000 448.00000000 1.00000000 229.00000000
984.00000000 450.00000000 2.00000000 213.00000000
450.00000000 145.00000000 1.00000000 211.00000000
987.00000000 489.00000000 1.00000000 210.00000000
602.00000000 381.00000000 1.00000000 207.00000000
986.00000000 492.00000000 2.00000000 198.00000000
986.00000000 489.00000000 1.00000000 194.00000000
1006.00000000 542.00000000 2.00000000 184.00000000
984.00000000 449.00000000 0.00000000 182.00000000
459.00000000 415.00000000 1.00000000 178.00000000
451.00000000 144.00000000 0.00000000 165.00000000
86.00000000 487.00000000 0.00000000 165.00000000
468.00000000 381.00000000 1.00000000 164.00000000
460.00000000 464.00000000 2.00000000 152.00000000
1005.00000000 538.00000000 1.00000000 150.00000000
603.00000000 381.00000000 1.00000000 144.00000000
468.00000000 485.00000000 0.00000000 137.00000000
985.00000000 463.00000000 1.00000000 136.00000000
994.00000000 658.00000000 2.00000000 127.00000000
1008.00000000 552.00000000 1.00000000 126.00000000
1006.00000000 539.00000000 1.00000000 122.00000000
986.00000000 488.00000000 0.00000000 122.00000000
469.00000000 486.00000000 1.00000000 116.00000000
375.00000000 320.00000000 0.00000000 112.00000000
94.00000000 502.00000000 0.00000000 111.00000000
463.00000000 398.00000000 1.00000000 111.00000000
469.00000000 492.00000000 0.00000000 111.00000000
635.00000000 601.00000000 0.00000000 111.00000000
958.00000000 629.00000000 1.00000000 109.00000000
992.00000000 656.00000000 1.00000000 109.00000000
278.00000000 288.00000000 0.00000000 107.00000000
294.00000000 320.00000000 0.00000000 104.00000000
603.00000000 379.00000000 0.00000000 104.00000000
465.00000000 502.00000000 1.00000000 104.00000000
94.00000000 449.00000000 0.00000000 101.00000000
644.00000000 608.00000000 0.00000000 100.00000000
345.00000000 288.00000000 0.00000000 100.00000000
465.00000000 405.00000000 1.00000000 99.00000000
85.00000000 412.00000000 0.00000000 99.00000000
465.00000000 404.00000000 0.00000000 98.00000000
985.00000000 464.00000000 1.00000000 97.00000000
459.00000000 415.00000000 1.00000000 97.00000000
469.00000000 388.00000000 0.00000000 97.00000000
101.00000000 511.00000000 0.00000000 95.00000000
265.00000000 281.00000000 0.00000000 95.00000000
459.00000000 463.00000000 1.00000000 94.00000000
101.00000000 406.00000000 0.00000000 93.00000000
1008.00000000 553.00000000 1.00000000 93.00000000
91.00000000 516.00000000 0.00000000 91.00000000
633.00000000 604.00000000 1.00000000 91.00000000
606.00000000 428.00000000 1.00000000 90.00000000
94.00000000 493.00000000 0.00000000 90.00000000
606.00000000 410.00000000 1.00000000 86.00000000
958.00000000 629.00000000 1.00000000 86.00000000
607.00000000 427.00000000 1.00000000 86.00000000
372.00000000 450.00000000 0.00000000 86.00000000
84.00000000 137.00000000 0.00000000 85.00000000
94.00000000 468.00000000 0.00000000 84.00000000
985.00000000 464.00000000 0.00000000 80.00000000
372.00000000 451.00000000 1.00000000 80.00000000
606.00000000 411.00000000 1.00000000 79.00000000
606.00000000 411.00000000 0.00000000 79.00000000
266.00000000 282.00000000 1.00000000 78.00000000
645.00000000 609.00000000 1.00000000 78.00000000
985.00000000 457.00000000 0.00000000 78.00000000
1006.00000000 538.00000000 0.00000000 77.00000000
481.00000000 490.00000000 0.00000000 77.00000000
802.00000000 651.00000000 1.00000000 74.00000000
345.00000000 289.00000000 1.00000000 74.00000000
487.00000000 535.00000000 0.00000000 74.00000000
690.00000000 637.00000000 1.00000000 73.00000000
86.00000000 553.00000000 0.00000000 72.00000000
993.00000000 655.00000000 1.00000000 72.00000000
469.00000000 397.00000000 0.00000000 72.00000000
454.00000000 615.00000000 1.00000000 71.00000000
101.00000000 449.00000000 0.00000000 70.00000000
102.00000000 407.00000000 1.00000000 70.00000000
91.00000000 562.00000000 0.00000000 70.00000000
95.00000000 573.00000000 0.00000000 69.00000000
95.00000000 502.00000000 1.00000000 69.00000000
319.00000000 327.00000000 0.00000000 69.00000000
307.00000000 327.00000000 0.00000000 68.00000000
457.00000000 481.00000000 1.00000000 67.00000000
689.00000000 637.00000000 0.00000000 67.00000000
95.00000000 574.00000000 1.00000000 67.00000000
294.00000000 321.00000000 1.00000000 67.00000000
91.00000000 427.00000000 0.00000000 67.00000000
84.00000000 138.00000000 1.00000000 65.00000000
297.00000000 288.00000000 0.00000000 65.00000000
480.00000000 508.00000000 0.00000000 65.00000000
86.00000000 487.00000000 1.00000000 65.00000000
607.00000000 425.00000000 0.00000000 65.00000000
453.00000000 583.00000000 1.00000000 65.00000000
336.00000000 288.00000000 0.00000000 64.00000000
914.00000000 439.00000000 0.00000000 63.00000000
668.00000000 517.00000000 0.00000000 63.00000000
101.00000000 468.00000000 0.00000000 62.00000000
94.00000000 419.00000000 0.00000000 62.00000000
468.00000000 381.00000000 0.00000000 61.00000000
987.00000000 517.00000000 0.00000000 60.00000000
606.00000000 405.00000000 0.00000000 59.00000000
481.00000000 535.00000000 0.00000000 59.00000000
414.00000000 321.00000000 0.00000000 59.00000000
454.00000000 615.00000000 0.00000000 59.00000000
666.00000000 560.00000000 0.00000000 58.00000000
480.00000000 474.00000000 0.00000000 57.00000000
651.00000000 560.00000000 0.00000000 55.00000000
1008.00000000 552.00000000 0.00000000 55.00000000
457.00000000 494.00000000 0.00000000 55.00000000
651.00000000 606.00000000 0.00000000 55.00000000
326.00000000 321.00000000 0.00000000 54.00000000
66.00000000 259.00000000 0.00000000 53.00000000
