1006.00000000 551.00000000 2.00000000 485.00000000
599.00000000 395.00000000 5.00000000 432.00000000
465.00000000 502.00000000 0.00000000 429.00000000
1004.00000000 552.00000000 4.00000000 429.00000000
600.00000000 392.00000000 4.00000000 416.00000000
599.00000000 387.00000000 2.00000000 394.00000000
466.00000000 386.00000000 2.00000000 376.00000000
466.00000000 383.00000000 1.00000000 349.00000000
465.00000000 502.00000000 1.00000000 348.00000000
602.00000000 384.00000000 2.00000000 309.00000000
463.00000000 390.00000000 2.00000000 302.00000000
987.00000000 490.00000000 1.00000000 296.00000000
1008.00000000 554.00000000 2.00000000 286.00000000
986.00000000 490.00000000 1.00000000 285.00000000
985.00000000 449.00000000 1.00000000 284.00000000
986.00000000 492.00000000 2.00000000 278.00000000
984.00000000 448.00000000 1.00000000 264.00000000
449.00000000 149.00000000 2.00000000 261.00000000
1008.00000000 552.00000000 1.00000000 252.00000000
450.00000000 148.00000000 2.00000000 240.00000000
984.00000000 450.00000000 2.00000000 240.00000000
984.00000000 449.00000000 0.00000000 226.00000000
1005.00000000 540.00000000 1.00000000 221.00000000
602.00000000 381.00000000 1.00000000 215.00000000
985.00000000 463.00000000 1.00000000 198.00000000
449.00000000 145.00000000 1.00000000 197.00000000
468.00000000 382.00000000 1.00000000 193.00000000
986.00000000 489.00000000 0.00000000 186.00000000
452.00000000 588.00000000 2.00000000 185.00000000
1006.00000000 539.00000000 1.00000000 178.00000000
1008.00000000 553.00000000 1.00000000 177.00000000
451.00000000 145.00000000 1.00000000 170.00000000
86.00000000 487.00000000 0.00000000 170.00000000
94.00000000 449.00000000 0.00000000 165.00000000
372.00000000 451.00000000 0.00000000 163.00000000
452.00000000 585.00000000 1.00000000 163.00000000
994.00000000 658.00000000 2.00000000 160.00000000
992.00000000 657.00000000 1.00000000 159.00000000
372.00000000 451.00000000 1.00000000 157.00000000
459.00000000 415.00000000 1.00000000 157.00000000
95.00000000 502.00000000 0.00000000 156.00000000
453.00000000 584.00000000 1.00000000 156.00000000
375.00000000 320.00000000 0.00000000 155.00000000
644.00000000 608.00000000 0.00000000 151.00000000
986.00000000 464.00000000 1.00000000 148.00000000
667.00000000 520.00000000 1.00000000 143.00000000
279.00000000 288.00000000 0.00000000 140.00000000
294.00000000 321.00000000 0.00000000 138.00000000
94.00000000 468.00000000 0.00000000 137.00000000
603.00000000 381.00000000 1.00000000 136.00000000
987.00000000 517.00000000 0.00000000 135.00000000
345.00000000 288.00000000 0.00000000 133.00000000
115.00000000 261.00000000 1.00000000 133.00000000
985.00000000 464.00000000 0.00000000 130.00000000
634.00000000 601.00000000 0.00000000 129.00000000
102.00000000 407.00000000 0.00000000 128.00000000
985.00000000 457.00000000 0.00000000 127.00000000
644.00000000 610.00000000 1.00000000 126.00000000
94.00000000 493.00000000 0.00000000 126.00000000
451.00000000 144.00000000 0.00000000 125.00000000
466.00000000 405.00000000 1.00000000 125.00000000
370.00000000 451.00000000 1.00000000 123.00000000
265.00000000 281.00000000 0.00000000 123.00000000
468.00000000 485.00000000 0.00000000 123.00000000
988.00000000 518.00000000 1.00000000 121.00000000
668.00000000 519.00000000 1.00000000 121.00000000
94.00000000 511.00000000 0.00000000 115.00000000
466.00000000 405.00000000 0.00000000 114.00000000
101.00000000 511.00000000 0.00000000 112.00000000
94.00000000 420.00000000 0.00000000 112.00000000
453.00000000 583.00000000 0.00000000 112.00000000
86.00000000 413.00000000 0.00000000 111.00000000
993.00000000 656.00000000 1.00000000 109.00000000
1006.00000000 539.00000000 0.00000000 108.00000000
469.00000000 486.00000000 1.00000000 108.00000000
668.00000000 518.00000000 0.00000000 107.00000000
914.00000000 439.00000000 0.00000000 107.00000000
470.00000000 492.00000000 0.00000000 107.00000000
116.00000000 261.00000000 1.00000000 107.00000000
266.00000000 282.00000000 1.00000000 106.00000000
465.00000000 398.00000000 1.00000000 105.00000000
91.00000000 517.00000000 0.00000000 105.00000000
958.00000000 629.00000000 1.00000000 104.00000000
606.00000000 411.00000000 0.00000000 103.00000000
95.00000000 502.00000000 1.00000000 102.00000000
1008.00000000 552.00000000 0.00000000 101.00000000
607.00000000 427.00000000 1.00000000 101.00000000
454.00000000 616.00000000 1.00000000 100.00000000
469.00000000 388.00000000 0.00000000 99.00000000
345.00000000 289.00000000 1.00000000 98.00000000
689.00000000 637.00000000 0.00000000 95.00000000
606.00000000 411.00000000 1.00000000 95.00000000
690.00000000 638.00000000 1.00000000 94.00000000
801.00000000 651.00000000 1.00000000 93.00000000
101.00000000 449.00000000 0.00000000 93.00000000
865.00000000 436.00000000 0.00000000 91.00000000
603.00000000 380.00000000 0.00000000 91.00000000
92.00000000 427.00000000 0.00000000 91.00000000
102.00000000 407.00000000 1.00000000 90.00000000
94.00000000 350.00000000 0.00000000 89.00000000
294.00000000 321.00000000 1.00000000 89.00000000
453.00000000 595.00000000 1.00000000 88.00000000
460.00000000 415.00000000 1.00000000 88.00000000
94.00000000 317.00000000 0.00000000 88.00000000
101.00000000 468.00000000 0.00000000 84.00000000
713.00000000 427.00000000 0.00000000 84.00000000
67.00000000 260.00000000 1.00000000 83.00000000
430.00000000 320.00000000 0.00000000 83.00000000
319.00000000 327.00000000 0.00000000 83.00000000
94.00000000 368.00000000 0.00000000 83.00000000
634.00000000 603.00000000 1.00000000 83.00000000
307.00000000 327.00000000 0.00000000 83.00000000
454.00000000 615.00000000 0.00000000 83.00000000
414.00000000 321.00000000 0.00000000 82.00000000
336.00000000 289.00000000 0.00000000 82.00000000
101.00000000 289.00000000 0.00000000 81.00000000
297.00000000 288.00000000 0.00000000 81.00000000
86.00000000 553.00000000 0.00000000 81.00000000
94.00000000 326.00000000 0.00000000 81.00000000
898.00000000 439.00000000 0.00000000 80.00000000
469.00000000 397.00000000 0.00000000 79.00000000
299.00000000 504.00000000 0.00000000 79.00000000
374.00000000 381.00000000 0.00000000 78.00000000
782.00000000 432.00000000 0.00000000 77.00000000
66.00000000 259.00000000 0.00000000 77.00000000
669.00000000 630.00000000 0.00000000 76.00000000
84.00000000 137.00000000 0.00000000 76.00000000
