465.00000000 502.00000000 0.00000000 446.00000000
466.00000000 386.00000000 2.00000000 364.00000000
465.00000000 502.00000000 1.00000000 355.00000000
446.00000000 158.00000000 5.00000000 333.00000000
463.00000000 390.00000000 2.00000000 315.00000000
448.00000000 152.00000000 4.00000000 310.00000000
449.00000000 149.00000000 2.00000000 310.00000000
602.00000000 387.00000000 2.00000000 296.00000000
450.00000000 148.00000000 2.00000000 291.00000000
466.00000000 383.00000000 1.00000000 286.00000000
600.00000000 392.00000000 4.00000000 274.00000000
449.00000000 145.00000000 1.00000000 262.00000000
451.00000000 145.00000000 1.00000000 252.00000000
602.00000000 384.00000000 2.00000000 244.00000000
451.00000000 144.00000000 0.00000000 196.00000000
458.00000000 466.00000000 2.00000000 193.00000000
603.00000000 381.00000000 1.00000000 189.00000000
459.00000000 417.00000000 1.00000000 172.00000000
984.00000000 449.00000000 1.00000000 166.00000000
985.00000000 449.00000000 1.00000000 166.00000000
984.00000000 450.00000000 2.00000000 163.00000000
460.00000000 466.00000000 2.00000000 154.00000000
86.00000000 487.00000000 0.00000000 153.00000000
604.00000000 381.00000000 1.00000000 147.00000000
468.00000000 382.00000000 1.00000000 138.00000000
468.00000000 485.00000000 0.00000000 131.00000000
984.00000000 449.00000000 0.00000000 115.00000000
469.00000000 486.00000000 1.00000000 115.00000000
465.00000000 503.00000000 1.00000000 108.00000000
463.00000000 398.00000000 1.00000000 107.00000000
987.00000000 489.00000000 1.00000000 107.00000000
469.00000000 492.00000000 0.00000000 107.00000000
603.00000000 380.00000000 0.00000000 104.00000000
459.00000000 415.00000000 1.00000000 100.00000000
988.00000000 492.00000000 2.00000000 98.00000000
986.00000000 489.00000000 1.00000000 97.00000000
633.00000000 604.00000000 1.00000000 97.00000000
469.00000000 388.00000000 0.00000000 95.00000000
635.00000000 601.00000000 0.00000000 95.00000000
465.00000000 405.00000000 0.00000000 95.00000000
459.00000000 463.00000000 1.00000000 95.00000000
460.00000000 418.00000000 2.00000000 93.00000000
480.00000000 592.00000000 2.00000000 93.00000000
466.00000000 405.00000000 1.00000000 93.00000000
86.00000000 413.00000000 0.00000000 89.00000000
84.00000000 137.00000000 0.00000000 88.00000000
95.00000000 502.00000000 0.00000000 86.00000000
606.00000000 428.00000000 1.00000000 83.00000000
606.00000000 410.00000000 1.00000000 82.00000000
101.00000000 511.00000000 0.00000000 80.00000000
91.00000000 517.00000000 0.00000000 79.00000000
481.00000000 490.00000000 0.00000000 79.00000000
644.00000000 608.00000000 0.00000000 78.00000000
607.00000000 427.00000000 1.00000000 78.00000000
651.00000000 562.00000000 1.00000000 77.00000000
84.00000000 138.00000000 1.00000000 77.00000000
94.00000000 449.00000000 0.00000000 77.00000000
651.00000000 562.00000000 0.00000000 76.00000000
456.00000000 483.00000000 1.00000000 75.00000000
487.00000000 536.00000000 0.00000000 74.00000000
666.00000000 560.00000000 0.00000000 72.00000000
469.00000000 397.00000000 0.00000000 71.00000000
480.00000000 508.00000000 0.00000000 70.00000000
632.00000000 603.00000000 1.00000000 70.00000000
1006.00000000 540.00000000 1.00000000 68.00000000
607.00000000 407.00000000 1.00000000 67.00000000
94.00000000 493.00000000 0.00000000 67.00000000
457.00000000 482.00000000 1.00000000 67.00000000
958.00000000 629.00000000 1.00000000 66.00000000
985.00000000 463.00000000 1.00000000 66.00000000
86.00000000 553.00000000 0.00000000 66.00000000
95.00000000 574.00000000 0.00000000 66.00000000
606.00000000 411.00000000 0.00000000 65.00000000
986.00000000 488.00000000 0.00000000 64.00000000
480.00000000 474.00000000 0.00000000 64.00000000
606.00000000 405.00000000 0.00000000 63.00000000
481.00000000 535.00000000 0.00000000 63.00000000
95.00000000 574.00000000 1.00000000 62.00000000
91.00000000 562.00000000 0.00000000 61.00000000
645.00000000 609.00000000 1.00000000 61.00000000
467.00000000 526.00000000 1.00000000 61.00000000
101.00000000 407.00000000 0.00000000 61.00000000
94.00000000 468.00000000 0.00000000 59.00000000
101.00000000 512.00000000 1.00000000 59.00000000
86.00000000 487.00000000 1.00000000 59.00000000
958.00000000 630.00000000 1.00000000 59.00000000
608.00000000 426.00000000 0.00000000 58.00000000
66.00000000 516.00000000 1.00000000 57.00000000
1006.00000000 539.00000000 1.00000000 57.00000000
457.00000000 495.00000000 0.00000000 57.00000000
294.00000000 321.00000000 0.00000000 55.00000000
375.00000000 320.00000000 0.00000000 53.00000000
460.00000000 464.00000000 1.00000000 52.00000000
91.00000000 427.00000000 0.00000000 51.00000000
278.00000000 288.00000000 0.00000000 51.00000000
468.00000000 381.00000000 0.00000000 50.00000000
488.00000000 474.00000000 0.00000000 50.00000000
986.00000000 465.00000000 1.00000000 50.00000000
66.00000000 516.00000000 0.00000000 50.00000000
94.00000000 584.00000000 0.00000000 49.00000000
95.00000000 502.00000000 1.00000000 49.00000000
802.00000000 651.00000000 1.00000000 49.00000000
101.00000000 468.00000000 0.00000000 49.00000000
88.00000000 474.00000000 0.00000000 48.00000000
101.00000000 450.00000000 0.00000000 46.00000000
665.00000000 561.00000000 1.00000000 46.00000000
87.00000000 554.00000000 1.00000000 46.00000000
669.00000000 517.00000000 0.00000000 45.00000000
454.00000000 616.00000000 1.00000000 45.00000000
102.00000000 407.00000000 1.00000000 44.00000000
345.00000000 288.00000000 0.00000000 44.00000000
993.00000000 656.00000000 1.00000000 44.00000000
66.00000000 260.00000000 0.00000000 44.00000000
651.00000000 607.00000000 0.00000000 44.00000000
265.00000000 281.00000000 0.00000000 43.00000000
88.00000000 442.00000000 0.00000000 42.00000000
467.00000000 526.00000000 0.00000000 41.00000000
86.00000000 494.00000000 0.00000000 41.00000000
985.00000000 457.00000000 0.00000000 40.00000000
85.00000000 400.00000000 0.00000000 39.00000000
459.00000000 414.00000000 0.00000000 39.00000000
487.00000000 557.00000000 0.00000000 39.00000000
307.00000000 328.00000000 0.00000000 38.00000000
985.00000000 465.00000000 0.00000000 38.00000000
103.00000000 462.00000000 0.00000000 38.00000000
1006.00000000 539.00000000 0.00000000 38.00000000
94.00000000 420.00000000 0.00000000 37.00000000
