1006.00000000 551.00000000 2.00000000 623.00000000
1004.00000000 556.00000000 4.00000000 544.00000000
599.00000000 395.00000000 5.00000000 485.00000000
600.00000000 392.00000000 4.00000000 477.00000000
599.00000000 387.00000000 2.00000000 448.00000000
465.00000000 502.00000000 0.00000000 388.00000000
1008.00000000 554.00000000 2.00000000 375.00000000
468.00000000 383.00000000 1.00000000 366.00000000
987.00000000 490.00000000 1.00000000 354.00000000
986.00000000 490.00000000 1.00000000 349.00000000
602.00000000 384.00000000 2.00000000 329.00000000
1008.00000000 552.00000000 1.00000000 327.00000000
466.00000000 386.00000000 2.00000000 325.00000000
986.00000000 492.00000000 2.00000000 322.00000000
452.00000000 591.00000000 2.00000000 321.00000000
985.00000000 449.00000000 1.00000000 318.00000000
465.00000000 502.00000000 1.00000000 314.00000000
984.00000000 448.00000000 1.00000000 286.00000000
1005.00000000 540.00000000 1.00000000 282.00000000
984.00000000 449.00000000 0.00000000 268.00000000
987.00000000 494.00000000 2.00000000 265.00000000
452.00000000 588.00000000 2.00000000 263.00000000
984.00000000 450.00000000 2.00000000 258.00000000
452.00000000 585.00000000 1.00000000 241.00000000
985.00000000 463.00000000 1.00000000 238.00000000
453.00000000 584.00000000 1.00000000 234.00000000
94.00000000 449.00000000 0.00000000 231.00000000
667.00000000 520.00000000 1.00000000 228.00000000
986.00000000 489.00000000 0.00000000 228.00000000
1008.00000000 552.00000000 1.00000000 225.00000000
469.00000000 382.00000000 1.00000000 224.00000000
450.00000000 148.00000000 2.00000000 219.00000000
602.00000000 381.00000000 1.00000000 219.00000000
1005.00000000 539.00000000 1.00000000 216.00000000
666.00000000 524.00000000 2.00000000 212.00000000
375.00000000 320.00000000 0.00000000 207.00000000
372.00000000 451.00000000 0.00000000 203.00000000
95.00000000 502.00000000 0.00000000 200.00000000
294.00000000 321.00000000 0.00000000 194.00000000
372.00000000 451.00000000 1.00000000 194.00000000
94.00000000 468.00000000 0.00000000 194.00000000
992.00000000 657.00000000 1.00000000 193.00000000
279.00000000 288.00000000 0.00000000 192.00000000
668.00000000 520.00000000 1.00000000 190.00000000
115.00000000 261.00000000 1.00000000 186.00000000
86.00000000 487.00000000 0.00000000 185.00000000
449.00000000 147.00000000 1.00000000 185.00000000
986.00000000 464.00000000 1.00000000 183.00000000
345.00000000 288.00000000 0.00000000 178.00000000
644.00000000 609.00000000 0.00000000 176.00000000
987.00000000 517.00000000 0.00000000 176.00000000
985.00000000 464.00000000 0.00000000 168.00000000
94.00000000 420.00000000 0.00000000 165.00000000
453.00000000 583.00000000 0.00000000 165.00000000
94.00000000 493.00000000 0.00000000 165.00000000
985.00000000 457.00000000 0.00000000 162.00000000
265.00000000 281.00000000 0.00000000 160.00000000
668.00000000 519.00000000 0.00000000 159.00000000
94.00000000 511.00000000 0.00000000 158.00000000
988.00000000 518.00000000 1.00000000 157.00000000
102.00000000 407.00000000 0.00000000 153.00000000
370.00000000 451.00000000 1.00000000 151.00000000
644.00000000 610.00000000 1.00000000 150.00000000
466.00000000 405.00000000 1.00000000 147.00000000
450.00000000 146.00000000 1.00000000 142.00000000
461.00000000 415.00000000 1.00000000 138.00000000
993.00000000 656.00000000 1.00000000 138.00000000
266.00000000 282.00000000 1.00000000 137.00000000
95.00000000 502.00000000 1.00000000 137.00000000
466.00000000 405.00000000 0.00000000 137.00000000
548.00000000 479.00000000 0.00000000 136.00000000
86.00000000 413.00000000 0.00000000 136.00000000
634.00000000 601.00000000 0.00000000 135.00000000
116.00000000 261.00000000 1.00000000 135.00000000
67.00000000 260.00000000 1.00000000 135.00000000
345.00000000 290.00000000 1.00000000 132.00000000
914.00000000 440.00000000 0.00000000 132.00000000
1006.00000000 539.00000000 0.00000000 131.00000000
548.00000000 479.00000000 1.00000000 130.00000000
603.00000000 381.00000000 1.00000000 128.00000000
1008.00000000 552.00000000 0.00000000 127.00000000
101.00000000 511.00000000 0.00000000 127.00000000
91.00000000 517.00000000 0.00000000 125.00000000
430.00000000 320.00000000 0.00000000 123.00000000
988.00000000 517.00000000 1.00000000 123.00000000
547.00000000 478.00000000 1.00000000 123.00000000
453.00000000 595.00000000 1.00000000 121.00000000
94.00000000 350.00000000 0.00000000 121.00000000
92.00000000 427.00000000 0.00000000 120.00000000
94.00000000 317.00000000 0.00000000 119.00000000
669.00000000 631.00000000 1.00000000 118.00000000
94.00000000 368.00000000 0.00000000 117.00000000
294.00000000 321.00000000 1.00000000 117.00000000
713.00000000 427.00000000 0.00000000 114.00000000
279.00000000 289.00000000 1.00000000 114.00000000
865.00000000 437.00000000 0.00000000 114.00000000
468.00000000 485.00000000 0.00000000 114.00000000
66.00000000 260.00000000 0.00000000 112.00000000
606.00000000 411.00000000 0.00000000 111.00000000
94.00000000 327.00000000 0.00000000 110.00000000
375.00000000 321.00000000 1.00000000 110.00000000
454.00000000 616.00000000 1.00000000 110.00000000
898.00000000 439.00000000 0.00000000 110.00000000
101.00000000 449.00000000 0.00000000 109.00000000
319.00000000 327.00000000 0.00000000 107.00000000
374.00000000 381.00000000 0.00000000 107.00000000
801.00000000 651.00000000 1.00000000 107.00000000
94.00000000 361.00000000 0.00000000 107.00000000
669.00000000 630.00000000 0.00000000 106.00000000
101.00000000 468.00000000 0.00000000 106.00000000
336.00000000 289.00000000 0.00000000 106.00000000
606.00000000 412.00000000 1.00000000 105.00000000
255.00000000 280.00000000 0.00000000 105.00000000
470.00000000 492.00000000 0.00000000 105.00000000
414.00000000 321.00000000 0.00000000 104.00000000
906.00000000 440.00000000 0.00000000 104.00000000
308.00000000 328.00000000 0.00000000 103.00000000
297.00000000 288.00000000 0.00000000 103.00000000
607.00000000 427.00000000 1.00000000 103.00000000
297.00000000 290.00000000 1.00000000 102.00000000
470.00000000 388.00000000 0.00000000 101.00000000
94.00000000 482.00000000 0.00000000 101.00000000
101.00000000 289.00000000 0.00000000 101.00000000
782.00000000 432.00000000 0.00000000 100.00000000
881.00000000 438.00000000 0.00000000 97.00000000
689.00000000 637.00000000 0.00000000 97.00000000
453.00000000 596.00000000 0.00000000 96.00000000
