280.00000000 301.00000000 0.00000000 676.00000000
280.00000000 302.00000000 1.00000000 636.00000000
110.00000000 241.00000000 0.00000000 627.00000000
219.00000000 300.00000000 0.00000000 624.00000000
179.00000000 314.00000000 0.00000000 575.00000000
120.00000000 241.00000000 0.00000000 566.00000000
383.00000000 312.00000000 0.00000000 538.00000000
220.00000000 300.00000000 1.00000000 527.00000000
100.00000000 241.00000000 0.00000000 469.00000000
422.00000000 312.00000000 0.00000000 466.00000000
396.00000000 312.00000000 0.00000000 451.00000000
397.00000000 313.00000000 1.00000000 432.00000000
384.00000000 313.00000000 1.00000000 430.00000000
422.00000000 313.00000000 1.00000000 430.00000000
227.00000000 240.00000000 0.00000000 429.00000000
168.00000000 332.00000000 0.00000000 428.00000000
121.00000000 242.00000000 1.00000000 416.00000000
164.00000000 276.00000000 0.00000000 414.00000000
190.00000000 315.00000000 0.00000000 412.00000000
147.00000000 287.00000000 1.00000000 408.00000000
409.00000000 312.00000000 0.00000000 402.00000000
110.00000000 242.00000000 1.00000000 401.00000000
264.00000000 302.00000000 1.00000000 400.00000000
264.00000000 301.00000000 0.00000000 396.00000000
313.00000000 246.00000000 0.00000000 366.00000000
190.00000000 291.00000000 0.00000000 364.00000000
147.00000000 287.00000000 1.00000000 360.00000000
190.00000000 301.00000000 0.00000000 356.00000000
131.00000000 277.00000000 0.00000000 350.00000000
335.00000000 248.00000000 0.00000000 346.00000000
220.00000000 301.00000000 1.00000000 343.00000000
478.00000000 322.00000000 0.00000000 342.00000000
342.00000000 297.00000000 0.00000000 334.00000000
364.00000000 249.00000000 0.00000000 331.00000000
147.00000000 286.00000000 0.00000000 330.00000000
321.00000000 246.00000000 0.00000000 325.00000000
123.00000000 277.00000000 0.00000000 325.00000000
219.00000000 252.00000000 0.00000000 321.00000000
410.00000000 313.00000000 1.00000000 321.00000000
263.00000000 302.00000000 1.00000000 321.00000000
280.00000000 302.00000000 1.00000000 313.00000000
255.00000000 241.00000000 0.00000000 309.00000000
140.00000000 277.00000000 0.00000000 305.00000000
342.00000000 298.00000000 1.00000000 302.00000000
205.00000000 282.00000000 0.00000000 299.00000000
243.00000000 243.00000000 0.00000000 297.00000000
180.00000000 315.00000000 1.00000000 294.00000000
165.00000000 277.00000000 1.00000000 294.00000000
316.00000000 285.00000000 0.00000000 292.00000000
422.00000000 313.00000000 1.00000000 291.00000000
478.00000000 301.00000000 0.00000000 285.00000000
449.00000000 313.00000000 1.00000000 284.00000000
196.00000000 282.00000000 0.00000000 271.00000000
101.00000000 242.00000000 1.00000000 268.00000000
450.00000000 316.00000000 2.00000000 264.00000000
302.00000000 306.00000000 0.00000000 261.00000000
202.00000000 314.00000000 0.00000000 260.00000000
188.00000000 281.00000000 1.00000000 259.00000000
295.00000000 292.00000000 1.00000000 256.00000000
217.00000000 238.00000000 0.00000000 251.00000000
384.00000000 313.00000000 1.00000000 245.00000000
219.00000000 252.00000000 1.00000000 245.00000000
228.00000000 240.00000000 1.00000000 244.00000000
173.00000000 242.00000000 0.00000000 242.00000000
222.00000000 283.00000000 1.00000000 240.00000000
450.00000000 314.00000000 1.00000000 239.00000000
478.00000000 322.00000000 1.00000000 239.00000000
337.00000000 334.00000000 0.00000000 238.00000000
478.00000000 303.00000000 1.00000000 236.00000000
442.00000000 332.00000000 0.00000000 233.00000000
135.00000000 241.00000000 0.00000000 231.00000000
313.00000000 247.00000000 1.00000000 228.00000000
258.00000000 280.00000000 0.00000000 225.00000000
296.00000000 295.00000000 0.00000000 224.00000000
342.00000000 299.00000000 1.00000000 221.00000000
146.00000000 288.00000000 2.00000000 220.00000000
397.00000000 313.00000000 1.00000000 219.00000000
168.00000000 332.00000000 1.00000000 217.00000000
321.00000000 247.00000000 1.00000000 216.00000000
219.00000000 313.00000000 0.00000000 213.00000000
222.00000000 283.00000000 0.00000000 212.00000000
364.00000000 250.00000000 1.00000000 210.00000000
455.00000000 287.00000000 1.00000000 210.00000000
410.00000000 313.00000000 1.00000000 209.00000000
187.00000000 281.00000000 0.00000000 208.00000000
190.00000000 315.00000000 1.00000000 208.00000000
188.00000000 242.00000000 0.00000000 203.00000000
352.00000000 258.00000000 1.00000000 203.00000000
352.00000000 257.00000000 1.00000000 199.00000000
222.00000000 284.00000000 1.00000000 197.00000000
243.00000000 245.00000000 1.00000000 196.00000000
180.00000000 243.00000000 0.00000000 194.00000000
234.00000000 244.00000000 0.00000000 194.00000000
188.00000000 281.00000000 1.00000000 194.00000000
344.00000000 248.00000000 0.00000000 193.00000000
259.00000000 281.00000000 1.00000000 192.00000000
522.00000000 381.00000000 1.00000000 189.00000000
180.00000000 352.00000000 2.00000000 188.00000000
181.00000000 350.00000000 1.00000000 186.00000000
264.00000000 304.00000000 2.00000000 185.00000000
159.00000000 309.00000000 0.00000000 184.00000000
164.00000000 242.00000000 0.00000000 183.00000000
337.00000000 336.00000000 1.00000000 183.00000000
148.00000000 322.00000000 0.00000000 182.00000000
616.00000000 288.00000000 1.00000000 182.00000000
172.00000000 301.00000000 0.00000000 179.00000000
330.00000000 316.00000000 0.00000000 177.00000000
84.00000000 300.00000000 4.00000000 177.00000000
576.00000000 397.00000000 0.00000000 172.00000000
178.00000000 353.00000000 2.00000000 172.00000000
523.00000000 381.00000000 0.00000000 172.00000000
140.00000000 328.00000000 0.00000000 170.00000000
454.00000000 288.00000000 2.00000000 170.00000000
449.00000000 298.00000000 0.00000000 168.00000000
97.00000000 259.00000000 0.00000000 167.00000000
252.00000000 267.00000000 0.00000000 165.00000000
144.00000000 241.00000000 0.00000000 165.00000000
352.00000000 258.00000000 0.00000000 165.00000000
280.00000000 396.00000000 0.00000000 165.00000000
449.00000000 316.00000000 2.00000000 165.00000000
87.00000000 294.00000000 2.00000000 164.00000000
144.00000000 285.00000000 2.00000000 162.00000000
260.00000000 282.00000000 2.00000000 145.00000000
88.00000000 290.00000000 2.00000000 137.00000000
220.00000000 304.00000000 2.00000000 136.00000000
84.00000000 299.00000000 5.00000000 125.00000000
452.00000000 316.00000000 4.00000000 116.00000000
