280.00000000 301.00000000 0.00000000 612.00000000
280.00000000 302.00000000 1.00000000 566.00000000
365.00000000 250.00000000 0.00000000 494.00000000
264.00000000 301.00000000 0.00000000 469.00000000
264.00000000 303.00000000 1.00000000 441.00000000
345.00000000 265.00000000 0.00000000 433.00000000
321.00000000 247.00000000 0.00000000 429.00000000
217.00000000 240.00000000 1.00000000 418.00000000
165.00000000 276.00000000 0.00000000 417.00000000
174.00000000 243.00000000 0.00000000 416.00000000
217.00000000 239.00000000 0.00000000 412.00000000
148.00000000 277.00000000 1.00000000 410.00000000
219.00000000 253.00000000 0.00000000 407.00000000
188.00000000 243.00000000 0.00000000 404.00000000
132.00000000 277.00000000 0.00000000 388.00000000
342.00000000 298.00000000 0.00000000 388.00000000
165.00000000 277.00000000 1.00000000 387.00000000
244.00000000 246.00000000 1.00000000 387.00000000
365.00000000 251.00000000 1.00000000 379.00000000
243.00000000 245.00000000 0.00000000 375.00000000
220.00000000 254.00000000 1.00000000 359.00000000
264.00000000 302.00000000 1.00000000 354.00000000
398.00000000 314.00000000 1.00000000 351.00000000
343.00000000 299.00000000 1.00000000 344.00000000
220.00000000 299.00000000 0.00000000 342.00000000
115.00000000 289.00000000 0.00000000 341.00000000
148.00000000 278.00000000 2.00000000 337.00000000
220.00000000 300.00000000 1.00000000 336.00000000
424.00000000 314.00000000 1.00000000 333.00000000
149.00000000 276.00000000 1.00000000 330.00000000
385.00000000 314.00000000 1.00000000 328.00000000
342.00000000 299.00000000 1.00000000 324.00000000
123.00000000 277.00000000 0.00000000 320.00000000
121.00000000 241.00000000 0.00000000 316.00000000
280.00000000 302.00000000 1.00000000 313.00000000
216.00000000 240.00000000 1.00000000 311.00000000
479.00000000 303.00000000 1.00000000 309.00000000
335.00000000 267.00000000 0.00000000 305.00000000
478.00000000 302.00000000 0.00000000 282.00000000
411.00000000 315.00000000 1.00000000 280.00000000
111.00000000 241.00000000 0.00000000 279.00000000
140.00000000 328.00000000 0.00000000 275.00000000
166.00000000 241.00000000 0.00000000 275.00000000
386.00000000 313.00000000 1.00000000 269.00000000
165.00000000 277.00000000 1.00000000 269.00000000
313.00000000 246.00000000 0.00000000 268.00000000
219.00000000 253.00000000 1.00000000 264.00000000
322.00000000 248.00000000 1.00000000 262.00000000
345.00000000 248.00000000 0.00000000 257.00000000
398.00000000 313.00000000 1.00000000 256.00000000
244.00000000 246.00000000 1.00000000 255.00000000
345.00000000 266.00000000 1.00000000 251.00000000
479.00000000 304.00000000 1.00000000 248.00000000
116.00000000 289.00000000 1.00000000 248.00000000
149.00000000 280.00000000 2.00000000 247.00000000
217.00000000 248.00000000 2.00000000 243.00000000
384.00000000 312.00000000 0.00000000 239.00000000
336.00000000 278.00000000 0.00000000 233.00000000
398.00000000 312.00000000 0.00000000 233.00000000
149.00000000 275.00000000 0.00000000 232.00000000
424.00000000 313.00000000 1.00000000 230.00000000
234.00000000 243.00000000 0.00000000 227.00000000
101.00000000 241.00000000 0.00000000 227.00000000
218.00000000 250.00000000 2.00000000 223.00000000
422.00000000 312.00000000 0.00000000 221.00000000
411.00000000 313.00000000 1.00000000 218.00000000
181.00000000 243.00000000 0.00000000 216.00000000
113.00000000 276.00000000 0.00000000 215.00000000
193.00000000 333.00000000 0.00000000 212.00000000
335.00000000 248.00000000 0.00000000 211.00000000
255.00000000 240.00000000 0.00000000 211.00000000
122.00000000 242.00000000 1.00000000 210.00000000
220.00000000 301.00000000 1.00000000 209.00000000
246.00000000 309.00000000 0.00000000 207.00000000
115.00000000 288.00000000 1.00000000 201.00000000
140.00000000 277.00000000 0.00000000 201.00000000
135.00000000 241.00000000 0.00000000 200.00000000
452.00000000 314.00000000 2.00000000 198.00000000
276.00000000 277.00000000 0.00000000 198.00000000
107.00000000 299.00000000 5.00000000 196.00000000
410.00000000 312.00000000 0.00000000 195.00000000
190.00000000 291.00000000 0.00000000 192.00000000
179.00000000 314.00000000 0.00000000 190.00000000
164.00000000 254.00000000 0.00000000 185.00000000
295.00000000 291.00000000 1.00000000 185.00000000
190.00000000 301.00000000 0.00000000 184.00000000
144.00000000 241.00000000 0.00000000 184.00000000
89.00000000 306.00000000 1.00000000 183.00000000
111.00000000 241.00000000 1.00000000 183.00000000
149.00000000 328.00000000 0.00000000 183.00000000
306.00000000 244.00000000 0.00000000 182.00000000
108.00000000 296.00000000 4.00000000 182.00000000
114.00000000 276.00000000 1.00000000 182.00000000
449.00000000 313.00000000 2.00000000 180.00000000
167.00000000 241.00000000 1.00000000 178.00000000
295.00000000 290.00000000 0.00000000 177.00000000
294.00000000 277.00000000 0.00000000 175.00000000
244.00000000 248.00000000 2.00000000 174.00000000
90.00000000 305.00000000 1.00000000 171.00000000
114.00000000 290.00000000 2.00000000 171.00000000
264.00000000 304.00000000 2.00000000 171.00000000
132.00000000 277.00000000 1.00000000 168.00000000
280.00000000 396.00000000 0.00000000 168.00000000
342.00000000 302.00000000 2.00000000 161.00000000
164.00000000 254.00000000 1.00000000 156.00000000
190.00000000 315.00000000 0.00000000 155.00000000
159.00000000 309.00000000 0.00000000 149.00000000
256.00000000 340.00000000 1.00000000 146.00000000
452.00000000 313.00000000 1.00000000 146.00000000
452.00000000 316.00000000 4.00000000 144.00000000
337.00000000 278.00000000 1.00000000 144.00000000
113.00000000 291.00000000 2.00000000 142.00000000
228.00000000 240.00000000 0.00000000 140.00000000
246.00000000 310.00000000 1.00000000 139.00000000
347.00000000 310.00000000 0.00000000 139.00000000
301.00000000 311.00000000 0.00000000 139.00000000
101.00000000 241.00000000 1.00000000 138.00000000
303.00000000 354.00000000 0.00000000 136.00000000
545.00000000 397.00000000 0.00000000 135.00000000
166.00000000 254.00000000 2.00000000 135.00000000
317.00000000 286.00000000 0.00000000 135.00000000
164.00000000 328.00000000 0.00000000 133.00000000
140.00000000 328.00000000 1.00000000 133.00000000
257.00000000 340.00000000 0.00000000 133.00000000
101.00000000 322.00000000 0.00000000 132.00000000
560.00000000 270.00000000 0.00000000 131.00000000
294.00000000 355.00000000 0.00000000 130.00000000
