280.00000000 301.00000000 0.00000000 690.00000000
280.00000000 302.00000000 1.00000000 654.00000000
219.00000000 253.00000000 1.00000000 567.00000000
220.00000000 300.00000000 0.00000000 557.00000000
217.00000000 240.00000000 1.00000000 511.00000000
217.00000000 239.00000000 0.00000000 508.00000000
220.00000000 300.00000000 1.00000000 504.00000000
264.00000000 302.00000000 1.00000000 495.00000000
264.00000000 301.00000000 0.00000000 488.00000000
219.00000000 253.00000000 1.00000000 487.00000000
364.00000000 249.00000000 0.00000000 474.00000000
132.00000000 277.00000000 0.00000000 467.00000000
321.00000000 246.00000000 0.00000000 459.00000000
219.00000000 253.00000000 0.00000000 448.00000000
111.00000000 241.00000000 0.00000000 439.00000000
140.00000000 277.00000000 0.00000000 433.00000000
123.00000000 277.00000000 0.00000000 430.00000000
423.00000000 313.00000000 1.00000000 425.00000000
342.00000000 297.00000000 0.00000000 421.00000000
165.00000000 275.00000000 0.00000000 418.00000000
243.00000000 244.00000000 0.00000000 409.00000000
385.00000000 314.00000000 1.00000000 404.00000000
121.00000000 241.00000000 0.00000000 397.00000000
179.00000000 314.00000000 0.00000000 396.00000000
228.00000000 240.00000000 0.00000000 392.00000000
398.00000000 314.00000000 1.00000000 391.00000000
264.00000000 302.00000000 1.00000000 389.00000000
384.00000000 312.00000000 0.00000000 383.00000000
101.00000000 241.00000000 0.00000000 383.00000000
422.00000000 311.00000000 0.00000000 381.00000000
342.00000000 298.00000000 1.00000000 380.00000000
365.00000000 250.00000000 1.00000000 375.00000000
173.00000000 243.00000000 0.00000000 371.00000000
165.00000000 276.00000000 1.00000000 367.00000000
397.00000000 311.00000000 0.00000000 362.00000000
280.00000000 302.00000000 1.00000000 355.00000000
342.00000000 299.00000000 1.00000000 350.00000000
190.00000000 291.00000000 0.00000000 339.00000000
410.00000000 312.00000000 0.00000000 339.00000000
410.00000000 314.00000000 1.00000000 331.00000000
478.00000000 301.00000000 0.00000000 330.00000000
190.00000000 301.00000000 0.00000000 329.00000000
216.00000000 239.00000000 1.00000000 328.00000000
220.00000000 301.00000000 1.00000000 327.00000000
135.00000000 241.00000000 0.00000000 325.00000000
255.00000000 240.00000000 0.00000000 325.00000000
121.00000000 242.00000000 1.00000000 323.00000000
313.00000000 246.00000000 0.00000000 316.00000000
181.00000000 243.00000000 0.00000000 316.00000000
244.00000000 246.00000000 1.00000000 316.00000000
116.00000000 289.00000000 0.00000000 312.00000000
234.00000000 243.00000000 0.00000000 307.00000000
450.00000000 314.00000000 2.00000000 300.00000000
335.00000000 248.00000000 0.00000000 297.00000000
205.00000000 282.00000000 0.00000000 296.00000000
218.00000000 254.00000000 2.00000000 295.00000000
188.00000000 243.00000000 0.00000000 294.00000000
190.00000000 314.00000000 0.00000000 291.00000000
479.00000000 303.00000000 1.00000000 288.00000000
424.00000000 313.00000000 1.00000000 288.00000000
111.00000000 241.00000000 1.00000000 287.00000000
384.00000000 313.00000000 1.00000000 273.00000000
398.00000000 313.00000000 1.00000000 268.00000000
166.00000000 241.00000000 0.00000000 259.00000000
144.00000000 241.00000000 0.00000000 251.00000000
295.00000000 291.00000000 1.00000000 249.00000000
322.00000000 247.00000000 1.00000000 247.00000000
317.00000000 285.00000000 0.00000000 246.00000000
449.00000000 313.00000000 2.00000000 246.00000000
195.00000000 282.00000000 0.00000000 239.00000000
411.00000000 313.00000000 1.00000000 239.00000000
479.00000000 304.00000000 1.00000000 236.00000000
258.00000000 280.00000000 0.00000000 235.00000000
217.00000000 251.00000000 2.00000000 233.00000000
451.00000000 312.00000000 1.00000000 232.00000000
295.00000000 291.00000000 1.00000000 227.00000000
165.00000000 277.00000000 1.00000000 225.00000000
478.00000000 321.00000000 0.00000000 224.00000000
336.00000000 279.00000000 0.00000000 223.00000000
345.00000000 248.00000000 0.00000000 222.00000000
295.00000000 290.00000000 0.00000000 221.00000000
353.00000000 266.00000000 0.00000000 220.00000000
101.00000000 241.00000000 1.00000000 218.00000000
294.00000000 279.00000000 0.00000000 215.00000000
150.00000000 285.00000000 1.00000000 209.00000000
141.00000000 277.00000000 1.00000000 209.00000000
149.00000000 285.00000000 1.00000000 208.00000000
149.00000000 275.00000000 0.00000000 206.00000000
442.00000000 332.00000000 0.00000000 197.00000000
113.00000000 276.00000000 0.00000000 197.00000000
132.00000000 277.00000000 1.00000000 196.00000000
264.00000000 304.00000000 2.00000000 195.00000000
164.00000000 254.00000000 0.00000000 194.00000000
244.00000000 246.00000000 1.00000000 194.00000000
115.00000000 289.00000000 1.00000000 192.00000000
89.00000000 309.00000000 0.00000000 189.00000000
246.00000000 309.00000000 0.00000000 188.00000000
342.00000000 300.00000000 2.00000000 185.00000000
219.00000000 313.00000000 0.00000000 183.00000000
180.00000000 352.00000000 2.00000000 180.00000000
178.00000000 353.00000000 2.00000000 180.00000000
180.00000000 315.00000000 1.00000000 179.00000000
451.00000000 312.00000000 1.00000000 178.00000000
123.00000000 277.00000000 1.00000000 178.00000000
452.00000000 316.00000000 4.00000000 176.00000000
222.00000000 282.00000000 0.00000000 176.00000000
259.00000000 279.00000000 1.00000000 175.00000000
577.00000000 289.00000000 0.00000000 175.00000000
202.00000000 314.00000000 0.00000000 175.00000000
337.00000000 279.00000000 1.00000000 174.00000000
222.00000000 282.00000000 1.00000000 173.00000000
113.00000000 276.00000000 1.00000000 168.00000000
280.00000000 396.00000000 0.00000000 168.00000000
302.00000000 305.00000000 0.00000000 166.00000000
159.00000000 309.00000000 0.00000000 165.00000000
149.00000000 285.00000000 0.00000000 164.00000000
246.00000000 310.00000000 1.00000000 159.00000000
345.00000000 266.00000000 0.00000000 159.00000000
560.00000000 269.00000000 0.00000000 155.00000000
188.00000000 243.00000000 1.00000000 155.00000000
306.00000000 259.00000000 0.00000000 153.00000000
244.00000000 248.00000000 2.00000000 140.00000000
220.00000000 302.00000000 2.00000000 137.00000000
114.00000000 290.00000000 2.00000000 133.00000000
84.00000000 296.00000000 2.00000000 123.00000000
220.00000000 252.00000000 4.00000000 118.00000000
452.00000000 316.00000000 5.00000000 67.00000000
