450.00000000 297.00000000 0.00000000 325.00000000
430.00000000 298.00000000 0.00000000 213.00000000
576.00000000 397.00000000 0.00000000 190.00000000
451.00000000 299.00000000 1.00000000 190.00000000
280.00000000 396.00000000 0.00000000 183.00000000
345.00000000 397.00000000 0.00000000 163.00000000
234.00000000 239.00000000 0.00000000 159.00000000
564.00000000 287.00000000 1.00000000 158.00000000
361.00000000 397.00000000 0.00000000 151.00000000
566.00000000 290.00000000 2.00000000 143.00000000
545.00000000 397.00000000 0.00000000 139.00000000
431.00000000 299.00000000 1.00000000 137.00000000
565.00000000 285.00000000 1.00000000 127.00000000
131.00000000 398.00000000 0.00000000 124.00000000
610.00000000 395.00000000 0.00000000 124.00000000
338.00000000 395.00000000 0.00000000 117.00000000
147.00000000 398.00000000 0.00000000 109.00000000
74.00000000 328.00000000 0.00000000 108.00000000
405.00000000 309.00000000 0.00000000 105.00000000
482.00000000 395.00000000 0.00000000 103.00000000
111.00000000 394.00000000 0.00000000 103.00000000
531.00000000 395.00000000 0.00000000 101.00000000
278.00000000 394.00000000 1.00000000 97.00000000
147.00000000 287.00000000 0.00000000 97.00000000
166.00000000 398.00000000 0.00000000 97.00000000
96.00000000 398.00000000 0.00000000 96.00000000
110.00000000 266.00000000 0.00000000 94.00000000
616.00000000 286.00000000 0.00000000 93.00000000
514.00000000 395.00000000 0.00000000 91.00000000
119.00000000 228.00000000 0.00000000 91.00000000
294.00000000 262.00000000 0.00000000 91.00000000
589.00000000 286.00000000 0.00000000 87.00000000
383.00000000 313.00000000 0.00000000 87.00000000
617.00000000 287.00000000 1.00000000 87.00000000
121.00000000 396.00000000 0.00000000 87.00000000
111.00000000 241.00000000 0.00000000 85.00000000
140.00000000 277.00000000 0.00000000 84.00000000
307.00000000 236.00000000 0.00000000 83.00000000
522.00000000 395.00000000 0.00000000 82.00000000
598.00000000 394.00000000 0.00000000 82.00000000
325.00000000 243.00000000 0.00000000 81.00000000
564.00000000 285.00000000 0.00000000 81.00000000
435.00000000 187.00000000 0.00000000 81.00000000
382.00000000 394.00000000 1.00000000 78.00000000
425.00000000 195.00000000 1.00000000 77.00000000
603.00000000 395.00000000 0.00000000 77.00000000
588.00000000 286.00000000 1.00000000 75.00000000
335.00000000 248.00000000 0.00000000 75.00000000
400.00000000 294.00000000 0.00000000 74.00000000
524.00000000 86.00000000 0.00000000 74.00000000
555.00000000 398.00000000 0.00000000 73.00000000
230.00000000 315.00000000 1.00000000 73.00000000
574.00000000 394.00000000 1.00000000 73.00000000
404.00000000 309.00000000 1.00000000 73.00000000
415.00000000 195.00000000 0.00000000 73.00000000
598.00000000 394.00000000 1.00000000 73.00000000
427.00000000 177.00000000 0.00000000 72.00000000
383.00000000 397.00000000 0.00000000 72.00000000
174.00000000 243.00000000 0.00000000 72.00000000
161.00000000 236.00000000 0.00000000 71.00000000
229.00000000 239.00000000 1.00000000 70.00000000
444.00000000 381.00000000 0.00000000 70.00000000
190.00000000 243.00000000 1.00000000 70.00000000
148.00000000 287.00000000 1.00000000 70.00000000
307.00000000 398.00000000 0.00000000 69.00000000
230.00000000 313.00000000 1.00000000 69.00000000
293.00000000 263.00000000 1.00000000 69.00000000
597.00000000 320.00000000 0.00000000 69.00000000
502.00000000 393.00000000 0.00000000 69.00000000
121.00000000 242.00000000 0.00000000 68.00000000
250.00000000 382.00000000 0.00000000 68.00000000
456.00000000 353.00000000 0.00000000 68.00000000
333.00000000 236.00000000 0.00000000 67.00000000
220.00000000 301.00000000 0.00000000 67.00000000
426.00000000 194.00000000 0.00000000 67.00000000
391.00000000 300.00000000 0.00000000 67.00000000
224.00000000 357.00000000 0.00000000 67.00000000
132.00000000 277.00000000 0.00000000 66.00000000
539.00000000 395.00000000 0.00000000 66.00000000
386.00000000 217.00000000 0.00000000 65.00000000
145.00000000 394.00000000 1.00000000 65.00000000
71.00000000 396.00000000 0.00000000 65.00000000
123.00000000 277.00000000 0.00000000 65.00000000
84.00000000 398.00000000 0.00000000 65.00000000
562.00000000 288.00000000 2.00000000 64.00000000
435.00000000 187.00000000 1.00000000 64.00000000
455.00000000 353.00000000 1.00000000 63.00000000
358.00000000 394.00000000 1.00000000 63.00000000
115.00000000 264.00000000 1.00000000 62.00000000
111.00000000 243.00000000 1.00000000 61.00000000
306.00000000 236.00000000 1.00000000 59.00000000
229.00000000 240.00000000 1.00000000 59.00000000
479.00000000 394.00000000 1.00000000 59.00000000
333.00000000 237.00000000 1.00000000 59.00000000
166.00000000 277.00000000 1.00000000 59.00000000
456.00000000 285.00000000 1.00000000 58.00000000
189.00000000 243.00000000 1.00000000 58.00000000
401.00000000 295.00000000 1.00000000 57.00000000
165.00000000 394.00000000 1.00000000 56.00000000
123.00000000 277.00000000 1.00000000 56.00000000
618.00000000 287.00000000 1.00000000 56.00000000
521.00000000 394.00000000 1.00000000 56.00000000
597.00000000 320.00000000 1.00000000 55.00000000
261.00000000 243.00000000 1.00000000 55.00000000
384.00000000 314.00000000 1.00000000 54.00000000
108.00000000 268.00000000 2.00000000 54.00000000
451.00000000 299.00000000 1.00000000 54.00000000
262.00000000 244.00000000 2.00000000 52.00000000
110.00000000 267.00000000 1.00000000 51.00000000
147.00000000 287.00000000 1.00000000 51.00000000
260.00000000 246.00000000 2.00000000 48.00000000
165.00000000 277.00000000 1.00000000 45.00000000
458.00000000 286.00000000 2.00000000 41.00000000
588.00000000 287.00000000 1.00000000 39.00000000
270.00000000 93.00000000 1.00000000 39.00000000
400.00000000 294.00000000 1.00000000 39.00000000
188.00000000 244.00000000 2.00000000 39.00000000
432.00000000 299.00000000 1.00000000 38.00000000
538.00000000 284.00000000 1.00000000 38.00000000
270.00000000 96.00000000 2.00000000 37.00000000
146.00000000 286.00000000 2.00000000 35.00000000
230.00000000 314.00000000 2.00000000 31.00000000
268.00000000 96.00000000 2.00000000 29.00000000
367.00000000 257.00000000 2.00000000 29.00000000
564.00000000 288.00000000 4.00000000 27.00000000
372.00000000 264.00000000 4.00000000 25.00000000
373.00000000 265.00000000 5.00000000 17.00000000
