450.00000000 296.00000000 0.00000000 337.00000000
430.00000000 296.00000000 0.00000000 224.00000000
576.00000000 397.00000000 0.00000000 211.00000000
451.00000000 298.00000000 1.00000000 193.00000000
280.00000000 396.00000000 0.00000000 178.00000000
392.00000000 302.00000000 0.00000000 156.00000000
405.00000000 307.00000000 0.00000000 155.00000000
361.00000000 397.00000000 0.00000000 152.00000000
545.00000000 397.00000000 0.00000000 140.00000000
565.00000000 285.00000000 1.00000000 133.00000000
610.00000000 395.00000000 0.00000000 131.00000000
131.00000000 398.00000000 0.00000000 128.00000000
234.00000000 237.00000000 0.00000000 124.00000000
405.00000000 308.00000000 1.00000000 117.00000000
147.00000000 398.00000000 0.00000000 114.00000000
431.00000000 297.00000000 1.00000000 113.00000000
565.00000000 285.00000000 1.00000000 111.00000000
306.00000000 235.00000000 0.00000000 107.00000000
530.00000000 396.00000000 0.00000000 101.00000000
111.00000000 394.00000000 0.00000000 101.00000000
166.00000000 397.00000000 0.00000000 101.00000000
278.00000000 394.00000000 1.00000000 100.00000000
619.00000000 40.00000000 0.00000000 100.00000000
436.00000000 186.00000000 0.00000000 99.00000000
96.00000000 398.00000000 0.00000000 98.00000000
325.00000000 242.00000000 0.00000000 97.00000000
191.00000000 241.00000000 0.00000000 96.00000000
119.00000000 226.00000000 0.00000000 93.00000000
294.00000000 260.00000000 0.00000000 93.00000000
191.00000000 241.00000000 1.00000000 90.00000000
514.00000000 395.00000000 0.00000000 88.00000000
121.00000000 396.00000000 0.00000000 88.00000000
426.00000000 193.00000000 0.00000000 85.00000000
426.00000000 194.00000000 1.00000000 85.00000000
566.00000000 288.00000000 2.00000000 83.00000000
524.00000000 85.00000000 0.00000000 83.00000000
415.00000000 195.00000000 0.00000000 83.00000000
401.00000000 293.00000000 0.00000000 80.00000000
483.00000000 398.00000000 0.00000000 79.00000000
161.00000000 234.00000000 0.00000000 79.00000000
383.00000000 397.00000000 0.00000000 78.00000000
522.00000000 395.00000000 0.00000000 78.00000000
438.00000000 179.00000000 0.00000000 77.00000000
140.00000000 275.00000000 0.00000000 77.00000000
392.00000000 303.00000000 1.00000000 76.00000000
574.00000000 394.00000000 1.00000000 73.00000000
427.00000000 176.00000000 0.00000000 73.00000000
555.00000000 398.00000000 0.00000000 72.00000000
435.00000000 187.00000000 1.00000000 71.00000000
564.00000000 284.00000000 0.00000000 71.00000000
424.00000000 184.00000000 0.00000000 70.00000000
236.00000000 214.00000000 0.00000000 70.00000000
539.00000000 395.00000000 0.00000000 70.00000000
417.00000000 171.00000000 0.00000000 70.00000000
382.00000000 394.00000000 1.00000000 69.00000000
492.00000000 395.00000000 0.00000000 69.00000000
625.00000000 245.00000000 0.00000000 69.00000000
84.00000000 398.00000000 0.00000000 69.00000000
307.00000000 398.00000000 0.00000000 69.00000000
418.00000000 307.00000000 0.00000000 68.00000000
252.00000000 77.00000000 0.00000000 68.00000000
252.00000000 77.00000000 1.00000000 67.00000000
71.00000000 396.00000000 0.00000000 67.00000000
145.00000000 394.00000000 1.00000000 67.00000000
302.00000000 238.00000000 1.00000000 67.00000000
589.00000000 285.00000000 0.00000000 66.00000000
125.00000000 219.00000000 0.00000000 66.00000000
347.00000000 398.00000000 0.00000000 65.00000000
120.00000000 241.00000000 0.00000000 65.00000000
451.00000000 298.00000000 1.00000000 65.00000000
293.00000000 262.00000000 1.00000000 64.00000000
253.00000000 77.00000000 1.00000000 64.00000000
190.00000000 241.00000000 1.00000000 64.00000000
369.00000000 199.00000000 0.00000000 64.00000000
115.00000000 262.00000000 0.00000000 64.00000000
333.00000000 235.00000000 0.00000000 64.00000000
261.00000000 241.00000000 1.00000000 63.00000000
147.00000000 285.00000000 0.00000000 63.00000000
335.00000000 394.00000000 1.00000000 63.00000000
335.00000000 247.00000000 0.00000000 63.00000000
111.00000000 241.00000000 0.00000000 63.00000000
262.00000000 244.00000000 2.00000000 63.00000000
285.00000000 82.00000000 0.00000000 62.00000000
490.00000000 291.00000000 0.00000000 62.00000000
250.00000000 381.00000000 0.00000000 62.00000000
252.00000000 78.00000000 2.00000000 62.00000000
502.00000000 393.00000000 0.00000000 62.00000000
599.00000000 394.00000000 1.00000000 61.00000000
53.00000000 324.00000000 0.00000000 61.00000000
110.00000000 264.00000000 1.00000000 57.00000000
114.00000000 263.00000000 1.00000000 57.00000000
260.00000000 246.00000000 2.00000000 56.00000000
432.00000000 299.00000000 1.00000000 55.00000000
326.00000000 372.00000000 1.00000000 54.00000000
516.00000000 175.00000000 1.00000000 53.00000000
540.00000000 282.00000000 1.00000000 53.00000000
166.00000000 232.00000000 1.00000000 53.00000000
479.00000000 394.00000000 1.00000000 53.00000000
165.00000000 394.00000000 1.00000000 52.00000000
502.00000000 310.00000000 2.00000000 52.00000000
521.00000000 394.00000000 1.00000000 51.00000000
251.00000000 79.00000000 2.00000000 51.00000000
262.00000000 239.00000000 1.00000000 50.00000000
620.00000000 48.00000000 1.00000000 50.00000000
325.00000000 242.00000000 1.00000000 50.00000000
402.00000000 293.00000000 1.00000000 50.00000000
554.00000000 187.00000000 1.00000000 49.00000000
597.00000000 319.00000000 1.00000000 48.00000000
359.00000000 394.00000000 1.00000000 47.00000000
370.00000000 248.00000000 1.00000000 47.00000000
286.00000000 82.00000000 1.00000000 47.00000000
108.00000000 266.00000000 2.00000000 45.00000000
425.00000000 193.00000000 1.00000000 44.00000000
502.00000000 308.00000000 1.00000000 43.00000000
30.00000000 284.00000000 2.00000000 42.00000000
497.00000000 311.00000000 2.00000000 41.00000000
370.00000000 252.00000000 2.00000000 41.00000000
370.00000000 254.00000000 2.00000000 39.00000000
28.00000000 282.00000000 1.00000000 39.00000000
188.00000000 244.00000000 2.00000000 38.00000000
496.00000000 312.00000000 4.00000000 37.00000000
229.00000000 237.00000000 1.00000000 36.00000000
411.00000000 203.00000000 1.00000000 36.00000000
372.00000000 260.00000000 4.00000000 35.00000000
391.00000000 302.00000000 1.00000000 35.00000000
161.00000000 233.00000000 1.00000000 33.00000000
373.00000000 265.00000000 5.00000000 25.00000000
