449.00000000 296.00000000 0.00000000 324.00000000
219.00000000 299.00000000 0.00000000 296.00000000
429.00000000 296.00000000 0.00000000 264.00000000
234.00000000 237.00000000 0.00000000 257.00000000
220.00000000 300.00000000 1.00000000 235.00000000
230.00000000 310.00000000 1.00000000 223.00000000
450.00000000 297.00000000 1.00000000 221.00000000
230.00000000 308.00000000 0.00000000 199.00000000
564.00000000 288.00000000 2.00000000 194.00000000
564.00000000 287.00000000 1.00000000 187.00000000
564.00000000 283.00000000 1.00000000 182.00000000
576.00000000 397.00000000 0.00000000 181.00000000
229.00000000 312.00000000 1.00000000 174.00000000
280.00000000 396.00000000 0.00000000 172.00000000
395.00000000 311.00000000 0.00000000 170.00000000
430.00000000 297.00000000 1.00000000 169.00000000
190.00000000 315.00000000 0.00000000 161.00000000
221.00000000 282.00000000 1.00000000 156.00000000
74.00000000 325.00000000 0.00000000 150.00000000
222.00000000 281.00000000 0.00000000 148.00000000
383.00000000 312.00000000 0.00000000 147.00000000
147.00000000 286.00000000 0.00000000 145.00000000
147.00000000 275.00000000 0.00000000 145.00000000
106.00000000 316.00000000 0.00000000 145.00000000
325.00000000 243.00000000 0.00000000 141.00000000
301.00000000 273.00000000 0.00000000 140.00000000
190.00000000 242.00000000 1.00000000 140.00000000
220.00000000 282.00000000 1.00000000 138.00000000
414.00000000 194.00000000 0.00000000 136.00000000
190.00000000 316.00000000 1.00000000 135.00000000
293.00000000 261.00000000 0.00000000 133.00000000
408.00000000 311.00000000 0.00000000 131.00000000
564.00000000 282.00000000 0.00000000 131.00000000
303.00000000 285.00000000 0.00000000 131.00000000
189.00000000 243.00000000 1.00000000 130.00000000
545.00000000 397.00000000 0.00000000 129.00000000
352.00000000 385.00000000 0.00000000 128.00000000
324.00000000 200.00000000 0.00000000 127.00000000
421.00000000 312.00000000 0.00000000 126.00000000
426.00000000 176.00000000 0.00000000 125.00000000
187.00000000 338.00000000 0.00000000 124.00000000
131.00000000 398.00000000 0.00000000 124.00000000
425.00000000 193.00000000 1.00000000 124.00000000
249.00000000 381.00000000 1.00000000 124.00000000
49.00000000 374.00000000 0.00000000 123.00000000
437.00000000 179.00000000 0.00000000 120.00000000
249.00000000 381.00000000 0.00000000 120.00000000
147.00000000 286.00000000 1.00000000 119.00000000
190.00000000 246.00000000 2.00000000 118.00000000
610.00000000 395.00000000 0.00000000 117.00000000
434.00000000 185.00000000 0.00000000 117.00000000
425.00000000 193.00000000 0.00000000 115.00000000
362.00000000 395.00000000 0.00000000 115.00000000
615.00000000 285.00000000 0.00000000 113.00000000
190.00000000 241.00000000 0.00000000 111.00000000
187.00000000 339.00000000 1.00000000 111.00000000
423.00000000 184.00000000 0.00000000 110.00000000
147.00000000 398.00000000 0.00000000 110.00000000
562.00000000 288.00000000 2.00000000 108.00000000
206.00000000 280.00000000 0.00000000 107.00000000
187.00000000 353.00000000 0.00000000 107.00000000
164.00000000 242.00000000 0.00000000 106.00000000
188.00000000 359.00000000 0.00000000 106.00000000
303.00000000 224.00000000 0.00000000 106.00000000
299.00000000 272.00000000 1.00000000 104.00000000
202.00000000 295.00000000 1.00000000 102.00000000
111.00000000 276.00000000 0.00000000 102.00000000
492.00000000 179.00000000 0.00000000 102.00000000
625.00000000 245.00000000 0.00000000 102.00000000
300.00000000 273.00000000 1.00000000 101.00000000
342.00000000 354.00000000 1.00000000 101.00000000
309.00000000 217.00000000 0.00000000 101.00000000
408.00000000 312.00000000 1.00000000 101.00000000
396.00000000 312.00000000 1.00000000 101.00000000
219.00000000 306.00000000 0.00000000 101.00000000
111.00000000 394.00000000 0.00000000 100.00000000
140.00000000 275.00000000 0.00000000 99.00000000
434.00000000 186.00000000 1.00000000 99.00000000
342.00000000 356.00000000 2.00000000 99.00000000
220.00000000 313.00000000 0.00000000 99.00000000
303.00000000 286.00000000 1.00000000 98.00000000
616.00000000 287.00000000 1.00000000 98.00000000
386.00000000 216.00000000 0.00000000 97.00000000
278.00000000 394.00000000 1.00000000 97.00000000
586.00000000 398.00000000 0.00000000 97.00000000
515.00000000 173.00000000 0.00000000 96.00000000
452.00000000 210.00000000 0.00000000 96.00000000
260.00000000 241.00000000 1.00000000 96.00000000
96.00000000 398.00000000 0.00000000 96.00000000
619.00000000 41.00000000 0.00000000 96.00000000
166.00000000 397.00000000 0.00000000 95.00000000
293.00000000 262.00000000 1.00000000 94.00000000
531.00000000 395.00000000 0.00000000 94.00000000
197.00000000 325.00000000 0.00000000 94.00000000
147.00000000 297.00000000 0.00000000 94.00000000
454.00000000 181.00000000 0.00000000 93.00000000
343.00000000 356.00000000 1.00000000 92.00000000
194.00000000 374.00000000 1.00000000 91.00000000
454.00000000 181.00000000 1.00000000 91.00000000
515.00000000 174.00000000 1.00000000 90.00000000
147.00000000 297.00000000 1.00000000 90.00000000
228.00000000 314.00000000 2.00000000 89.00000000
193.00000000 373.00000000 1.00000000 89.00000000
186.00000000 248.00000000 2.00000000 88.00000000
426.00000000 176.00000000 1.00000000 87.00000000
233.00000000 238.00000000 1.00000000 86.00000000
383.00000000 313.00000000 1.00000000 85.00000000
339.00000000 353.00000000 2.00000000 85.00000000
586.00000000 285.00000000 1.00000000 85.00000000
604.00000000 288.00000000 1.00000000 85.00000000
198.00000000 325.00000000 1.00000000 81.00000000
421.00000000 313.00000000 1.00000000 81.00000000
260.00000000 244.00000000 2.00000000 79.00000000
148.00000000 248.00000000 2.00000000 77.00000000
202.00000000 296.00000000 2.00000000 76.00000000
500.00000000 310.00000000 2.00000000 74.00000000
147.00000000 285.00000000 1.00000000 70.00000000
229.00000000 237.00000000 1.00000000 70.00000000
144.00000000 248.00000000 2.00000000 68.00000000
538.00000000 282.00000000 1.00000000 68.00000000
369.00000000 250.00000000 1.00000000 66.00000000
431.00000000 298.00000000 1.00000000 65.00000000
616.00000000 287.00000000 1.00000000 64.00000000
149.00000000 244.00000000 1.00000000 64.00000000
192.00000000 265.00000000 5.00000000 62.00000000
336.00000000 352.00000000 4.00000000 59.00000000
372.00000000 260.00000000 4.00000000 58.00000000
