273.00000000 334.00000000 0.00000000 194.00000000
201.00000000 299.00000000 1.00000000 191.00000000
200.00000000 299.00000000 0.00000000 190.00000000
480.00000000 354.00000000 0.00000000 170.00000000
480.00000000 355.00000000 1.00000000 164.00000000
200.00000000 298.00000000 1.00000000 158.00000000
60.00000000 323.00000000 0.00000000 157.00000000
510.00000000 362.00000000 0.00000000 156.00000000
385.00000000 327.00000000 0.00000000 153.00000000
318.00000000 303.00000000 0.00000000 150.00000000
409.00000000 346.00000000 0.00000000 141.00000000
155.00000000 324.00000000 0.00000000 139.00000000
200.00000000 300.00000000 2.00000000 133.00000000
120.00000000 330.00000000 0.00000000 132.00000000
306.00000000 362.00000000 0.00000000 129.00000000
510.00000000 363.00000000 1.00000000 127.00000000
465.00000000 340.00000000 0.00000000 123.00000000
625.00000000 356.00000000 0.00000000 115.00000000
386.00000000 326.00000000 1.00000000 114.00000000
409.00000000 346.00000000 1.00000000 113.00000000
285.00000000 357.00000000 1.00000000 111.00000000
449.00000000 356.00000000 1.00000000 111.00000000
255.00000000 348.00000000 0.00000000 111.00000000
414.00000000 312.00000000 0.00000000 107.00000000
212.00000000 257.00000000 1.00000000 107.00000000
307.00000000 302.00000000 0.00000000 105.00000000
323.00000000 326.00000000 0.00000000 105.00000000
450.00000000 357.00000000 1.00000000 104.00000000
461.00000000 193.00000000 0.00000000 104.00000000
336.00000000 356.00000000 0.00000000 104.00000000
212.00000000 258.00000000 2.00000000 103.00000000
393.00000000 347.00000000 0.00000000 102.00000000
371.00000000 316.00000000 0.00000000 97.00000000
176.00000000 312.00000000 1.00000000 97.00000000
563.00000000 340.00000000 0.00000000 97.00000000
318.00000000 304.00000000 1.00000000 95.00000000
511.00000000 346.00000000 1.00000000 94.00000000
169.00000000 354.00000000 0.00000000 93.00000000
220.00000000 336.00000000 0.00000000 93.00000000
479.00000000 354.00000000 1.00000000 92.00000000
177.00000000 310.00000000 0.00000000 92.00000000
53.00000000 297.00000000 0.00000000 90.00000000
390.00000000 181.00000000 0.00000000 90.00000000
120.00000000 332.00000000 1.00000000 90.00000000
185.00000000 356.00000000 1.00000000 90.00000000
314.00000000 285.00000000 0.00000000 90.00000000
173.00000000 292.00000000 0.00000000 88.00000000
307.00000000 302.00000000 1.00000000 88.00000000
511.00000000 345.00000000 0.00000000 87.00000000
434.00000000 345.00000000 0.00000000 87.00000000
390.00000000 181.00000000 1.00000000 86.00000000
436.00000000 362.00000000 0.00000000 85.00000000
115.00000000 302.00000000 0.00000000 85.00000000
137.00000000 328.00000000 0.00000000 85.00000000
265.00000000 301.00000000 0.00000000 85.00000000
260.00000000 292.00000000 0.00000000 85.00000000
197.00000000 302.00000000 2.00000000 85.00000000
371.00000000 296.00000000 0.00000000 84.00000000
66.00000000 325.00000000 0.00000000 83.00000000
273.00000000 334.00000000 1.00000000 82.00000000
398.00000000 366.00000000 0.00000000 82.00000000
170.00000000 355.00000000 1.00000000 82.00000000
544.00000000 337.00000000 0.00000000 81.00000000
299.00000000 313.00000000 0.00000000 79.00000000
166.00000000 314.00000000 0.00000000 79.00000000
155.00000000 324.00000000 1.00000000 79.00000000
323.00000000 334.00000000 0.00000000 79.00000000
209.00000000 260.00000000 2.00000000 78.00000000
334.00000000 324.00000000 0.00000000 78.00000000
347.00000000 345.00000000 0.00000000 77.00000000
41.00000000 323.00000000 0.00000000 77.00000000
535.00000000 358.00000000 0.00000000 77.00000000
581.00000000 343.00000000 0.00000000 77.00000000
410.00000000 330.00000000 0.00000000 77.00000000
343.00000000 298.00000000 0.00000000 76.00000000
135.00000000 301.00000000 0.00000000 76.00000000
159.00000000 347.00000000 0.00000000 76.00000000
248.00000000 315.00000000 0.00000000 75.00000000
285.00000000 356.00000000 1.00000000 75.00000000
458.00000000 330.00000000 0.00000000 75.00000000
173.00000000 347.00000000 0.00000000 75.00000000
451.00000000 358.00000000 0.00000000 73.00000000
268.00000000 356.00000000 1.00000000 73.00000000
286.00000000 327.00000000 0.00000000 73.00000000
12.00000000 168.00000000 0.00000000 72.00000000
185.00000000 356.00000000 1.00000000 72.00000000
458.00000000 329.00000000 1.00000000 72.00000000
465.00000000 340.00000000 1.00000000 72.00000000
608.00000000 339.00000000 0.00000000 71.00000000
347.00000000 320.00000000 0.00000000 70.00000000
504.00000000 354.00000000 0.00000000 70.00000000
493.00000000 368.00000000 0.00000000 70.00000000
52.00000000 317.00000000 1.00000000 69.00000000
375.00000000 146.00000000 0.00000000 69.00000000
239.00000000 282.00000000 0.00000000 69.00000000
175.00000000 312.00000000 1.00000000 69.00000000
283.00000000 338.00000000 1.00000000 69.00000000
410.00000000 331.00000000 1.00000000 69.00000000
305.00000000 363.00000000 1.00000000 68.00000000
116.00000000 302.00000000 1.00000000 67.00000000
139.00000000 340.00000000 1.00000000 65.00000000
199.00000000 364.00000000 1.00000000 64.00000000
288.00000000 252.00000000 1.00000000 63.00000000
300.00000000 314.00000000 1.00000000 62.00000000
52.00000000 297.00000000 1.00000000 62.00000000
212.00000000 259.00000000 1.00000000 61.00000000
414.00000000 313.00000000 1.00000000 61.00000000
390.00000000 181.00000000 1.00000000 55.00000000
176.00000000 314.00000000 2.00000000 52.00000000
52.00000000 316.00000000 1.00000000 52.00000000
288.00000000 251.00000000 1.00000000 51.00000000
208.00000000 260.00000000 4.00000000 46.00000000
339.00000000 357.00000000 1.00000000 46.00000000
386.00000000 326.00000000 1.00000000 45.00000000
318.00000000 304.00000000 1.00000000 45.00000000
390.00000000 188.00000000 2.00000000 44.00000000
302.00000000 332.00000000 2.00000000 41.00000000
200.00000000 304.00000000 4.00000000 40.00000000
209.00000000 254.00000000 5.00000000 39.00000000
120.00000000 332.00000000 1.00000000 38.00000000
387.00000000 186.00000000 2.00000000 36.00000000
169.00000000 354.00000000 1.00000000 36.00000000
510.00000000 345.00000000 1.00000000 35.00000000
134.00000000 212.00000000 2.00000000 32.00000000
68.00000000 310.00000000 2.00000000 31.00000000
380.00000000 154.00000000 2.00000000 26.00000000
87.00000000 282.00000000 2.00000000 24.00000000
