445.00000000 51.00000000 0.00000000 613.00000000
445.00000000 52.00000000 1.00000000 561.00000000
300.00000000 113.00000000 0.00000000 389.00000000
300.00000000 114.00000000 1.00000000 313.00000000
36.00000000 145.00000000 0.00000000 308.00000000
410.00000000 50.00000000 0.00000000 306.00000000
79.00000000 144.00000000 1.00000000 261.00000000
544.00000000 16.00000000 0.00000000 254.00000000
563.00000000 154.00000000 1.00000000 248.00000000
79.00000000 142.00000000 1.00000000 239.00000000
35.00000000 146.00000000 1.00000000 222.00000000
60.00000000 269.00000000 0.00000000 212.00000000
166.00000000 53.00000000 0.00000000 208.00000000
60.00000000 269.00000000 1.00000000 204.00000000
447.00000000 41.00000000 0.00000000 202.00000000
444.00000000 50.00000000 1.00000000 199.00000000
273.00000000 334.00000000 0.00000000 199.00000000
375.00000000 146.00000000 0.00000000 198.00000000
150.00000000 33.00000000 0.00000000 196.00000000
521.00000000 39.00000000 0.00000000 193.00000000
562.00000000 154.00000000 1.00000000 190.00000000
318.00000000 303.00000000 0.00000000 185.00000000
544.00000000 16.00000000 1.00000000 184.00000000
304.00000000 127.00000000 0.00000000 182.00000000
411.00000000 52.00000000 1.00000000 182.00000000
426.00000000 193.00000000 1.00000000 180.00000000
201.00000000 299.00000000 1.00000000 178.00000000
200.00000000 299.00000000 0.00000000 175.00000000
313.00000000 111.00000000 0.00000000 173.00000000
379.00000000 154.00000000 1.00000000 172.00000000
79.00000000 142.00000000 0.00000000 170.00000000
390.00000000 181.00000000 0.00000000 169.00000000
150.00000000 34.00000000 1.00000000 169.00000000
166.00000000 54.00000000 1.00000000 168.00000000
299.00000000 114.00000000 1.00000000 167.00000000
270.00000000 24.00000000 1.00000000 165.00000000
140.00000000 22.00000000 0.00000000 165.00000000
375.00000000 146.00000000 1.00000000 165.00000000
51.00000000 158.00000000 0.00000000 163.00000000
425.00000000 192.00000000 1.00000000 163.00000000
300.00000000 104.00000000 0.00000000 162.00000000
59.00000000 268.00000000 1.00000000 161.00000000
44.00000000 145.00000000 0.00000000 161.00000000
385.00000000 327.00000000 0.00000000 159.00000000
578.00000000 45.00000000 0.00000000 156.00000000
91.00000000 159.00000000 0.00000000 155.00000000
269.00000000 26.00000000 0.00000000 155.00000000
200.00000000 298.00000000 1.00000000 154.00000000
62.00000000 280.00000000 0.00000000 152.00000000
119.00000000 330.00000000 0.00000000 150.00000000
409.00000000 345.00000000 0.00000000 149.00000000
379.00000000 153.00000000 0.00000000 147.00000000
115.00000000 253.00000000 0.00000000 146.00000000
155.00000000 324.00000000 0.00000000 146.00000000
30.00000000 146.00000000 2.00000000 145.00000000
480.00000000 355.00000000 1.00000000 144.00000000
303.00000000 98.00000000 0.00000000 144.00000000
564.00000000 153.00000000 0.00000000 143.00000000
31.00000000 164.00000000 0.00000000 143.00000000
390.00000000 181.00000000 1.00000000 143.00000000
103.00000000 171.00000000 0.00000000 142.00000000
346.00000000 45.00000000 0.00000000 142.00000000
56.00000000 219.00000000 1.00000000 141.00000000
60.00000000 323.00000000 0.00000000 141.00000000
426.00000000 193.00000000 0.00000000 140.00000000
562.00000000 156.00000000 2.00000000 139.00000000
56.00000000 222.00000000 2.00000000 139.00000000
270.00000000 26.00000000 1.00000000 139.00000000
465.00000000 340.00000000 0.00000000 136.00000000
510.00000000 362.00000000 0.00000000 136.00000000
212.00000000 13.00000000 0.00000000 136.00000000
200.00000000 300.00000000 2.00000000 136.00000000
480.00000000 354.00000000 0.00000000 135.00000000
177.00000000 309.00000000 0.00000000 133.00000000
78.00000000 144.00000000 2.00000000 132.00000000
250.00000000 138.00000000 0.00000000 132.00000000
550.00000000 129.00000000 0.00000000 132.00000000
67.00000000 286.00000000 0.00000000 131.00000000
388.00000000 180.00000000 4.00000000 130.00000000
265.00000000 47.00000000 0.00000000 129.00000000
207.00000000 21.00000000 0.00000000 129.00000000
66.00000000 147.00000000 0.00000000 128.00000000
169.00000000 39.00000000 0.00000000 126.00000000
169.00000000 354.00000000 0.00000000 126.00000000
405.00000000 118.00000000 0.00000000 124.00000000
228.00000000 43.00000000 0.00000000 124.00000000
380.00000000 154.00000000 1.00000000 124.00000000
265.00000000 301.00000000 0.00000000 123.00000000
140.00000000 22.00000000 1.00000000 123.00000000
409.00000000 346.00000000 1.00000000 123.00000000
228.00000000 44.00000000 1.00000000 123.00000000
413.00000000 312.00000000 0.00000000 123.00000000
323.00000000 325.00000000 0.00000000 122.00000000
424.00000000 194.00000000 2.00000000 121.00000000
285.00000000 115.00000000 0.00000000 119.00000000
33.00000000 113.00000000 0.00000000 119.00000000
212.00000000 258.00000000 1.00000000 119.00000000
306.00000000 362.00000000 0.00000000 118.00000000
253.00000000 130.00000000 0.00000000 118.00000000
54.00000000 243.00000000 1.00000000 116.00000000
114.00000000 28.00000000 0.00000000 115.00000000
89.00000000 276.00000000 0.00000000 114.00000000
332.00000000 131.00000000 0.00000000 114.00000000
560.00000000 158.00000000 2.00000000 114.00000000
387.00000000 175.00000000 2.00000000 112.00000000
212.00000000 258.00000000 2.00000000 112.00000000
447.00000000 40.00000000 1.00000000 111.00000000
56.00000000 218.00000000 1.00000000 110.00000000
33.00000000 147.00000000 1.00000000 109.00000000
381.00000000 28.00000000 1.00000000 109.00000000
266.00000000 48.00000000 1.00000000 109.00000000
285.00000000 357.00000000 1.00000000 108.00000000
578.00000000 45.00000000 1.00000000 108.00000000
510.00000000 363.00000000 1.00000000 108.00000000
318.00000000 304.00000000 1.00000000 108.00000000
521.00000000 61.00000000 1.00000000 107.00000000
445.00000000 38.00000000 1.00000000 107.00000000
32.00000000 114.00000000 1.00000000 107.00000000
449.00000000 356.00000000 1.00000000 106.00000000
380.00000000 30.00000000 2.00000000 105.00000000
74.00000000 168.00000000 1.00000000 105.00000000
304.00000000 128.00000000 1.00000000 105.00000000
138.00000000 22.00000000 1.00000000 103.00000000
53.00000000 226.00000000 2.00000000 95.00000000
373.00000000 152.00000000 5.00000000 88.00000000
209.00000000 260.00000000 2.00000000 88.00000000
388.00000000 256.00000000 4.00000000 64.00000000
