200.00000000 299.00000000 0.00000000 219.00000000
273.00000000 334.00000000 0.00000000 206.00000000
201.00000000 299.00000000 1.00000000 206.00000000
155.00000000 324.00000000 0.00000000 203.00000000
461.00000000 193.00000000 0.00000000 201.00000000
60.00000000 323.00000000 0.00000000 199.00000000
318.00000000 303.00000000 0.00000000 198.00000000
200.00000000 298.00000000 1.00000000 171.00000000
480.00000000 354.00000000 0.00000000 168.00000000
409.00000000 346.00000000 0.00000000 167.00000000
480.00000000 355.00000000 1.00000000 164.00000000
119.00000000 330.00000000 0.00000000 162.00000000
465.00000000 340.00000000 0.00000000 149.00000000
385.00000000 327.00000000 0.00000000 149.00000000
306.00000000 362.00000000 0.00000000 149.00000000
200.00000000 300.00000000 2.00000000 148.00000000
169.00000000 354.00000000 0.00000000 146.00000000
413.00000000 313.00000000 0.00000000 146.00000000
510.00000000 362.00000000 0.00000000 143.00000000
255.00000000 348.00000000 0.00000000 141.00000000
409.00000000 346.00000000 1.00000000 141.00000000
461.00000000 186.00000000 0.00000000 137.00000000
285.00000000 357.00000000 1.00000000 131.00000000
265.00000000 301.00000000 0.00000000 130.00000000
323.00000000 326.00000000 0.00000000 129.00000000
393.00000000 347.00000000 0.00000000 122.00000000
185.00000000 356.00000000 1.00000000 120.00000000
604.00000000 358.00000000 0.00000000 119.00000000
212.00000000 258.00000000 1.00000000 119.00000000
336.00000000 356.00000000 0.00000000 119.00000000
318.00000000 304.00000000 1.00000000 117.00000000
449.00000000 356.00000000 1.00000000 116.00000000
307.00000000 302.00000000 0.00000000 116.00000000
371.00000000 316.00000000 0.00000000 116.00000000
386.00000000 326.00000000 1.00000000 115.00000000
155.00000000 324.00000000 1.00000000 115.00000000
371.00000000 296.00000000 0.00000000 114.00000000
510.00000000 363.00000000 1.00000000 114.00000000
461.00000000 194.00000000 1.00000000 113.00000000
390.00000000 181.00000000 1.00000000 113.00000000
220.00000000 336.00000000 0.00000000 112.00000000
232.00000000 338.00000000 0.00000000 111.00000000
176.00000000 312.00000000 1.00000000 110.00000000
563.00000000 340.00000000 0.00000000 110.00000000
212.00000000 258.00000000 2.00000000 110.00000000
260.00000000 292.00000000 0.00000000 109.00000000
390.00000000 181.00000000 0.00000000 108.00000000
436.00000000 362.00000000 0.00000000 108.00000000
434.00000000 345.00000000 0.00000000 108.00000000
511.00000000 346.00000000 1.00000000 106.00000000
450.00000000 357.00000000 1.00000000 105.00000000
169.00000000 355.00000000 1.00000000 105.00000000
177.00000000 310.00000000 0.00000000 105.00000000
185.00000000 356.00000000 1.00000000 104.00000000
314.00000000 285.00000000 0.00000000 103.00000000
296.00000000 304.00000000 0.00000000 102.00000000
625.00000000 356.00000000 0.00000000 101.00000000
41.00000000 323.00000000 0.00000000 98.00000000
120.00000000 332.00000000 1.00000000 98.00000000
166.00000000 315.00000000 0.00000000 97.00000000
334.00000000 324.00000000 0.00000000 95.00000000
197.00000000 302.00000000 2.00000000 94.00000000
307.00000000 302.00000000 1.00000000 94.00000000
465.00000000 341.00000000 1.00000000 93.00000000
544.00000000 337.00000000 0.00000000 93.00000000
323.00000000 334.00000000 0.00000000 93.00000000
270.00000000 324.00000000 0.00000000 92.00000000
479.00000000 354.00000000 1.00000000 92.00000000
511.00000000 345.00000000 0.00000000 91.00000000
172.00000000 347.00000000 0.00000000 89.00000000
173.00000000 292.00000000 0.00000000 89.00000000
390.00000000 191.00000000 0.00000000 88.00000000
348.00000000 320.00000000 0.00000000 88.00000000
458.00000000 330.00000000 0.00000000 88.00000000
283.00000000 338.00000000 1.00000000 87.00000000
209.00000000 260.00000000 2.00000000 87.00000000
254.00000000 317.00000000 0.00000000 86.00000000
159.00000000 347.00000000 0.00000000 86.00000000
286.00000000 328.00000000 0.00000000 86.00000000
581.00000000 344.00000000 0.00000000 85.00000000
451.00000000 358.00000000 0.00000000 85.00000000
273.00000000 334.00000000 1.00000000 84.00000000
268.00000000 356.00000000 1.00000000 84.00000000
239.00000000 282.00000000 0.00000000 83.00000000
156.00000000 361.00000000 0.00000000 83.00000000
535.00000000 358.00000000 0.00000000 82.00000000
493.00000000 368.00000000 0.00000000 82.00000000
375.00000000 146.00000000 0.00000000 80.00000000
184.00000000 357.00000000 0.00000000 80.00000000
115.00000000 302.00000000 0.00000000 80.00000000
284.00000000 356.00000000 1.00000000 80.00000000
166.00000000 314.00000000 1.00000000 80.00000000
66.00000000 325.00000000 0.00000000 79.00000000
137.00000000 328.00000000 0.00000000 78.00000000
147.00000000 316.00000000 0.00000000 78.00000000
215.00000000 324.00000000 0.00000000 78.00000000
60.00000000 324.00000000 1.00000000 76.00000000
414.00000000 313.00000000 1.00000000 73.00000000
390.00000000 191.00000000 1.00000000 73.00000000
458.00000000 330.00000000 1.00000000 73.00000000
296.00000000 304.00000000 1.00000000 73.00000000
390.00000000 181.00000000 1.00000000 72.00000000
175.00000000 312.00000000 1.00000000 72.00000000
289.00000000 252.00000000 1.00000000 71.00000000
139.00000000 340.00000000 1.00000000 71.00000000
52.00000000 317.00000000 1.00000000 69.00000000
303.00000000 353.00000000 1.00000000 68.00000000
445.00000000 52.00000000 1.00000000 68.00000000
337.00000000 357.00000000 1.00000000 64.00000000
52.00000000 316.00000000 1.00000000 60.00000000
318.00000000 304.00000000 1.00000000 60.00000000
208.00000000 260.00000000 4.00000000 58.00000000
461.00000000 193.00000000 1.00000000 57.00000000
302.00000000 332.00000000 2.00000000 56.00000000
288.00000000 251.00000000 1.00000000 55.00000000
155.00000000 323.00000000 1.00000000 52.00000000
386.00000000 326.00000000 1.00000000 51.00000000
465.00000000 340.00000000 1.00000000 49.00000000
176.00000000 314.00000000 2.00000000 49.00000000
390.00000000 188.00000000 2.00000000 48.00000000
209.00000000 254.00000000 5.00000000 45.00000000
387.00000000 186.00000000 2.00000000 43.00000000
200.00000000 304.00000000 4.00000000 43.00000000
134.00000000 212.00000000 2.00000000 42.00000000
380.00000000 154.00000000 2.00000000 37.00000000
68.00000000 310.00000000 2.00000000 33.00000000
302.00000000 333.00000000 2.00000000 30.00000000
