350.00000000 68.00000000 2.00000000 310.00000000
247.00000000 87.00000000 1.00000000 310.00000000
352.00000000 69.00000000 1.00000000 289.00000000
247.00000000 87.00000000 1.00000000 288.00000000
178.00000000 421.00000000 0.00000000 287.00000000
198.00000000 116.00000000 1.00000000 278.00000000
353.00000000 70.00000000 1.00000000 278.00000000
308.00000000 475.00000000 0.00000000 265.00000000
256.00000000 92.00000000 0.00000000 263.00000000
248.00000000 86.00000000 0.00000000 261.00000000
352.00000000 70.00000000 0.00000000 254.00000000
159.00000000 159.00000000 1.00000000 248.00000000
366.00000000 468.00000000 1.00000000 240.00000000
308.00000000 476.00000000 1.00000000 240.00000000
198.00000000 115.00000000 0.00000000 238.00000000
440.00000000 184.00000000 4.00000000 235.00000000
313.00000000 72.00000000 0.00000000 230.00000000
298.00000000 73.00000000 1.00000000 229.00000000
366.00000000 467.00000000 1.00000000 229.00000000
219.00000000 449.00000000 0.00000000 228.00000000
472.00000000 67.00000000 1.00000000 225.00000000
472.00000000 67.00000000 0.00000000 222.00000000
263.00000000 82.00000000 0.00000000 222.00000000
257.00000000 93.00000000 1.00000000 221.00000000
307.00000000 82.00000000 0.00000000 217.00000000
489.00000000 483.00000000 1.00000000 210.00000000
212.00000000 356.00000000 4.00000000 210.00000000
214.00000000 356.00000000 2.00000000 209.00000000
165.00000000 396.00000000 1.00000000 209.00000000
298.00000000 74.00000000 2.00000000 208.00000000
480.00000000 74.00000000 0.00000000 207.00000000
444.00000000 181.00000000 2.00000000 205.00000000
197.00000000 115.00000000 1.00000000 203.00000000
427.00000000 71.00000000 0.00000000 203.00000000
363.00000000 62.00000000 0.00000000 201.00000000
164.00000000 398.00000000 1.00000000 201.00000000
489.00000000 65.00000000 0.00000000 200.00000000
300.00000000 74.00000000 1.00000000 198.00000000
158.00000000 161.00000000 1.00000000 196.00000000
246.00000000 88.00000000 2.00000000 195.00000000
159.00000000 158.00000000 0.00000000 195.00000000
489.00000000 483.00000000 1.00000000 195.00000000
159.00000000 145.00000000 0.00000000 193.00000000
481.00000000 74.00000000 1.00000000 193.00000000
161.00000000 404.00000000 2.00000000 189.00000000
304.00000000 188.00000000 2.00000000 188.00000000
168.00000000 144.00000000 0.00000000 188.00000000
218.00000000 356.00000000 2.00000000 187.00000000
307.00000000 83.00000000 1.00000000 186.00000000
497.00000000 106.00000000 0.00000000 186.00000000
162.00000000 402.00000000 2.00000000 185.00000000
496.00000000 107.00000000 1.00000000 184.00000000
219.00000000 450.00000000 1.00000000 182.00000000
308.00000000 65.00000000 0.00000000 181.00000000
214.00000000 356.00000000 5.00000000 178.00000000
164.00000000 411.00000000 1.00000000 175.00000000
292.00000000 476.00000000 1.00000000 175.00000000
212.00000000 105.00000000 0.00000000 173.00000000
489.00000000 482.00000000 0.00000000 171.00000000
299.00000000 74.00000000 0.00000000 171.00000000
165.00000000 395.00000000 0.00000000 171.00000000
470.00000000 66.00000000 1.00000000 167.00000000
178.00000000 421.00000000 1.00000000 166.00000000
293.00000000 475.00000000 1.00000000 165.00000000
347.00000000 67.00000000 2.00000000 165.00000000
166.00000000 422.00000000 0.00000000 162.00000000
314.00000000 73.00000000 1.00000000 161.00000000
428.00000000 72.00000000 1.00000000 159.00000000
489.00000000 65.00000000 1.00000000 159.00000000
169.00000000 156.00000000 0.00000000 158.00000000
470.00000000 68.00000000 2.00000000 157.00000000
304.00000000 189.00000000 1.00000000 155.00000000
363.00000000 62.00000000 1.00000000 153.00000000
301.00000000 466.00000000 0.00000000 153.00000000
209.00000000 116.00000000 0.00000000 146.00000000
177.00000000 410.00000000 0.00000000 143.00000000
178.00000000 411.00000000 1.00000000 143.00000000
366.00000000 468.00000000 0.00000000 140.00000000
158.00000000 162.00000000 2.00000000 140.00000000
301.00000000 466.00000000 1.00000000 136.00000000
217.00000000 356.00000000 1.00000000 135.00000000
164.00000000 411.00000000 0.00000000 133.00000000
470.00000000 462.00000000 0.00000000 132.00000000
263.00000000 82.00000000 1.00000000 132.00000000
293.00000000 475.00000000 0.00000000 131.00000000
471.00000000 462.00000000 1.00000000 130.00000000
442.00000000 478.00000000 0.00000000 127.00000000
170.00000000 157.00000000 1.00000000 123.00000000
277.00000000 455.00000000 0.00000000 123.00000000
442.00000000 478.00000000 1.00000000 123.00000000
214.00000000 439.00000000 0.00000000 121.00000000
215.00000000 439.00000000 1.00000000 120.00000000
229.00000000 344.00000000 1.00000000 117.00000000
202.00000000 103.00000000 0.00000000 112.00000000
218.00000000 356.00000000 1.00000000 112.00000000
356.00000000 267.00000000 1.00000000 112.00000000
181.00000000 432.00000000 0.00000000 111.00000000
166.00000000 422.00000000 1.00000000 110.00000000
97.00000000 353.00000000 1.00000000 106.00000000
231.00000000 444.00000000 0.00000000 104.00000000
446.00000000 181.00000000 1.00000000 102.00000000
497.00000000 490.00000000 0.00000000 102.00000000
214.00000000 439.00000000 1.00000000 98.00000000
321.00000000 210.00000000 0.00000000 92.00000000
255.00000000 77.00000000 0.00000000 92.00000000
301.00000000 483.00000000 0.00000000 88.00000000
478.00000000 185.00000000 0.00000000 86.00000000
499.00000000 475.00000000 0.00000000 83.00000000
195.00000000 144.00000000 0.00000000 81.00000000
419.00000000 79.00000000 0.00000000 81.00000000
229.00000000 343.00000000 0.00000000 81.00000000
162.00000000 133.00000000 0.00000000 81.00000000
478.00000000 470.00000000 0.00000000 76.00000000
376.00000000 475.00000000 0.00000000 76.00000000
218.00000000 356.00000000 0.00000000 75.00000000
354.00000000 288.00000000 0.00000000 68.00000000
354.00000000 280.00000000 0.00000000 67.00000000
435.00000000 79.00000000 0.00000000 65.00000000
481.00000000 457.00000000 0.00000000 64.00000000
497.00000000 71.00000000 0.00000000 63.00000000
196.00000000 132.00000000 0.00000000 63.00000000
449.00000000 89.00000000 0.00000000 61.00000000
170.00000000 132.00000000 0.00000000 59.00000000
217.00000000 323.00000000 0.00000000 57.00000000
225.00000000 458.00000000 0.00000000 57.00000000
97.00000000 352.00000000 0.00000000 57.00000000
245.00000000 465.00000000 0.00000000 57.00000000
