350.00000000 68.00000000 2.00000000 300.00000000
352.00000000 69.00000000 1.00000000 286.00000000
353.00000000 70.00000000 1.00000000 284.00000000
247.00000000 87.00000000 1.00000000 283.00000000
178.00000000 421.00000000 0.00000000 277.00000000
247.00000000 87.00000000 1.00000000 268.00000000
308.00000000 475.00000000 0.00000000 264.00000000
198.00000000 116.00000000 1.00000000 259.00000000
219.00000000 449.00000000 0.00000000 256.00000000
352.00000000 70.00000000 0.00000000 255.00000000
248.00000000 86.00000000 0.00000000 248.00000000
308.00000000 476.00000000 1.00000000 237.00000000
256.00000000 92.00000000 0.00000000 236.00000000
159.00000000 159.00000000 1.00000000 233.00000000
472.00000000 67.00000000 0.00000000 231.00000000
313.00000000 73.00000000 0.00000000 231.00000000
472.00000000 67.00000000 1.00000000 224.00000000
263.00000000 82.00000000 0.00000000 221.00000000
489.00000000 65.00000000 0.00000000 220.00000000
198.00000000 115.00000000 0.00000000 220.00000000
497.00000000 106.00000000 0.00000000 219.00000000
219.00000000 450.00000000 1.00000000 217.00000000
496.00000000 107.00000000 1.00000000 209.00000000
489.00000000 483.00000000 1.00000000 207.00000000
489.00000000 483.00000000 1.00000000 207.00000000
212.00000000 356.00000000 4.00000000 206.00000000
480.00000000 74.00000000 0.00000000 204.00000000
298.00000000 73.00000000 1.00000000 203.00000000
214.00000000 356.00000000 2.00000000 202.00000000
427.00000000 71.00000000 0.00000000 200.00000000
367.00000000 468.00000000 1.00000000 199.00000000
298.00000000 74.00000000 2.00000000 193.00000000
257.00000000 93.00000000 1.00000000 192.00000000
307.00000000 82.00000000 0.00000000 192.00000000
366.00000000 468.00000000 1.00000000 191.00000000
246.00000000 90.00000000 2.00000000 191.00000000
440.00000000 184.00000000 4.00000000 190.00000000
481.00000000 74.00000000 1.00000000 189.00000000
159.00000000 145.00000000 0.00000000 189.00000000
158.00000000 161.00000000 1.00000000 187.00000000
292.00000000 476.00000000 1.00000000 187.00000000
197.00000000 117.00000000 1.00000000 185.00000000
168.00000000 144.00000000 0.00000000 183.00000000
308.00000000 65.00000000 0.00000000 183.00000000
489.00000000 482.00000000 0.00000000 182.00000000
300.00000000 75.00000000 1.00000000 180.00000000
214.00000000 356.00000000 5.00000000 179.00000000
489.00000000 65.00000000 1.00000000 178.00000000
159.00000000 158.00000000 0.00000000 176.00000000
218.00000000 356.00000000 2.00000000 175.00000000
212.00000000 105.00000000 0.00000000 174.00000000
363.00000000 62.00000000 0.00000000 172.00000000
293.00000000 476.00000000 1.00000000 172.00000000
307.00000000 83.00000000 1.00000000 172.00000000
347.00000000 67.00000000 2.00000000 168.00000000
444.00000000 181.00000000 2.00000000 168.00000000
470.00000000 66.00000000 1.00000000 168.00000000
427.00000000 72.00000000 1.00000000 164.00000000
304.00000000 188.00000000 2.00000000 164.00000000
166.00000000 422.00000000 0.00000000 163.00000000
367.00000000 468.00000000 0.00000000 160.00000000
178.00000000 422.00000000 1.00000000 159.00000000
314.00000000 73.00000000 1.00000000 158.00000000
305.00000000 186.00000000 2.00000000 156.00000000
470.00000000 68.00000000 2.00000000 154.00000000
164.00000000 411.00000000 1.00000000 152.00000000
299.00000000 74.00000000 0.00000000 150.00000000
301.00000000 466.00000000 0.00000000 145.00000000
169.00000000 156.00000000 0.00000000 141.00000000
263.00000000 82.00000000 1.00000000 139.00000000
177.00000000 411.00000000 0.00000000 138.00000000
164.00000000 398.00000000 1.00000000 138.00000000
290.00000000 476.00000000 2.00000000 137.00000000
363.00000000 62.00000000 1.00000000 136.00000000
158.00000000 162.00000000 2.00000000 136.00000000
165.00000000 396.00000000 1.00000000 135.00000000
442.00000000 478.00000000 0.00000000 133.00000000
301.00000000 466.00000000 1.00000000 131.00000000
178.00000000 411.00000000 1.00000000 129.00000000
215.00000000 439.00000000 1.00000000 128.00000000
470.00000000 462.00000000 0.00000000 128.00000000
217.00000000 356.00000000 1.00000000 128.00000000
277.00000000 455.00000000 0.00000000 127.00000000
293.00000000 475.00000000 0.00000000 126.00000000
214.00000000 439.00000000 0.00000000 125.00000000
308.00000000 65.00000000 1.00000000 123.00000000
304.00000000 189.00000000 1.00000000 122.00000000
208.00000000 117.00000000 0.00000000 121.00000000
164.00000000 410.00000000 1.00000000 120.00000000
164.00000000 412.00000000 0.00000000 117.00000000
471.00000000 463.00000000 1.00000000 115.00000000
97.00000000 353.00000000 1.00000000 114.00000000
181.00000000 432.00000000 0.00000000 113.00000000
170.00000000 157.00000000 1.00000000 112.00000000
277.00000000 456.00000000 1.00000000 112.00000000
442.00000000 478.00000000 1.00000000 110.00000000
213.00000000 439.00000000 1.00000000 109.00000000
166.00000000 423.00000000 1.00000000 109.00000000
202.00000000 103.00000000 0.00000000 105.00000000
255.00000000 77.00000000 0.00000000 104.00000000
165.00000000 395.00000000 0.00000000 103.00000000
478.00000000 470.00000000 0.00000000 102.00000000
497.00000000 490.00000000 0.00000000 102.00000000
231.00000000 445.00000000 0.00000000 101.00000000
363.00000000 247.00000000 1.00000000 97.00000000
499.00000000 475.00000000 0.00000000 96.00000000
195.00000000 144.00000000 0.00000000 87.00000000
497.00000000 72.00000000 0.00000000 87.00000000
301.00000000 484.00000000 0.00000000 84.00000000
161.00000000 134.00000000 0.00000000 82.00000000
436.00000000 79.00000000 0.00000000 79.00000000
478.00000000 185.00000000 0.00000000 76.00000000
316.00000000 467.00000000 0.00000000 73.00000000
376.00000000 474.00000000 0.00000000 72.00000000
321.00000000 209.00000000 0.00000000 72.00000000
362.00000000 193.00000000 0.00000000 72.00000000
218.00000000 356.00000000 0.00000000 71.00000000
170.00000000 132.00000000 0.00000000 68.00000000
449.00000000 89.00000000 0.00000000 67.00000000
217.00000000 324.00000000 0.00000000 66.00000000
196.00000000 133.00000000 0.00000000 65.00000000
235.00000000 453.00000000 0.00000000 64.00000000
362.00000000 246.00000000 0.00000000 63.00000000
354.00000000 280.00000000 0.00000000 63.00000000
229.00000000 343.00000000 0.00000000 62.00000000
364.00000000 219.00000000 0.00000000 61.00000000
182.00000000 156.00000000 0.00000000 60.00000000
