435.00000000 260.00000000 1.00000000 688.00000000
436.00000000 259.00000000 1.00000000 658.00000000
436.00000000 258.00000000 0.00000000 597.00000000
436.00000000 262.00000000 2.00000000 517.00000000
174.00000000 249.00000000 0.00000000 474.00000000
241.00000000 221.00000000 0.00000000 462.00000000
481.00000000 87.00000000 0.00000000 432.00000000
550.00000000 58.00000000 0.00000000 415.00000000
483.00000000 96.00000000 0.00000000 397.00000000
502.00000000 68.00000000 0.00000000 378.00000000
550.00000000 59.00000000 1.00000000 367.00000000
269.00000000 252.00000000 0.00000000 361.00000000
241.00000000 221.00000000 1.00000000 352.00000000
605.00000000 264.00000000 0.00000000 340.00000000
257.00000000 251.00000000 0.00000000 328.00000000
100.00000000 290.00000000 1.00000000 317.00000000
101.00000000 289.00000000 0.00000000 300.00000000
533.00000000 43.00000000 0.00000000 299.00000000
434.00000000 246.00000000 0.00000000 299.00000000
340.00000000 309.00000000 0.00000000 297.00000000
236.00000000 227.00000000 0.00000000 285.00000000
553.00000000 73.00000000 0.00000000 282.00000000
131.00000000 296.00000000 1.00000000 278.00000000
246.00000000 239.00000000 0.00000000 274.00000000
551.00000000 59.00000000 1.00000000 271.00000000
605.00000000 264.00000000 1.00000000 271.00000000
237.00000000 254.00000000 1.00000000 254.00000000
435.00000000 246.00000000 1.00000000 253.00000000
441.00000000 209.00000000 0.00000000 253.00000000
434.00000000 241.00000000 1.00000000 251.00000000
440.00000000 210.00000000 1.00000000 248.00000000
612.00000000 208.00000000 0.00000000 248.00000000
174.00000000 249.00000000 1.00000000 247.00000000
303.00000000 244.00000000 0.00000000 245.00000000
132.00000000 298.00000000 2.00000000 245.00000000
409.00000000 125.00000000 0.00000000 245.00000000
303.00000000 245.00000000 1.00000000 239.00000000
139.00000000 292.00000000 0.00000000 236.00000000
534.00000000 44.00000000 1.00000000 231.00000000
336.00000000 161.00000000 1.00000000 227.00000000
434.00000000 240.00000000 0.00000000 226.00000000
473.00000000 96.00000000 0.00000000 225.00000000
296.00000000 233.00000000 0.00000000 223.00000000
335.00000000 160.00000000 0.00000000 218.00000000
112.00000000 254.00000000 0.00000000 215.00000000
502.00000000 69.00000000 1.00000000 215.00000000
438.00000000 210.00000000 1.00000000 214.00000000
596.00000000 272.00000000 0.00000000 211.00000000
624.00000000 208.00000000 0.00000000 207.00000000
343.00000000 342.00000000 0.00000000 207.00000000
11.00000000 272.00000000 0.00000000 207.00000000
98.00000000 291.00000000 1.00000000 205.00000000
435.00000000 263.00000000 2.00000000 205.00000000
493.00000000 263.00000000 1.00000000 200.00000000
484.00000000 96.00000000 1.00000000 200.00000000
229.00000000 371.00000000 0.00000000 200.00000000
237.00000000 253.00000000 0.00000000 199.00000000
132.00000000 284.00000000 0.00000000 199.00000000
14.00000000 318.00000000 0.00000000 196.00000000
482.00000000 88.00000000 1.00000000 196.00000000
563.00000000 69.00000000 0.00000000 194.00000000
434.00000000 272.00000000 0.00000000 193.00000000
318.00000000 248.00000000 1.00000000 191.00000000
124.00000000 307.00000000 0.00000000 190.00000000
139.00000000 284.00000000 0.00000000 189.00000000
574.00000000 270.00000000 1.00000000 188.00000000
574.00000000 269.00000000 1.00000000 188.00000000
547.00000000 320.00000000 1.00000000 188.00000000
434.00000000 140.00000000 0.00000000 187.00000000
561.00000000 325.00000000 0.00000000 186.00000000
304.00000000 335.00000000 0.00000000 186.00000000
284.00000000 218.00000000 0.00000000 183.00000000
246.00000000 239.00000000 1.00000000 181.00000000
552.00000000 60.00000000 2.00000000 180.00000000
434.00000000 242.00000000 2.00000000 179.00000000
583.00000000 331.00000000 0.00000000 176.00000000
313.00000000 308.00000000 2.00000000 176.00000000
246.00000000 243.00000000 1.00000000 175.00000000
240.00000000 222.00000000 1.00000000 173.00000000
359.00000000 255.00000000 0.00000000 173.00000000
628.00000000 350.00000000 0.00000000 172.00000000
408.00000000 350.00000000 0.00000000 172.00000000
492.00000000 265.00000000 1.00000000 171.00000000
322.00000000 363.00000000 1.00000000 171.00000000
312.00000000 308.00000000 4.00000000 170.00000000
101.00000000 300.00000000 0.00000000 170.00000000
548.00000000 226.00000000 0.00000000 168.00000000
311.00000000 366.00000000 0.00000000 168.00000000
304.00000000 337.00000000 1.00000000 168.00000000
511.00000000 77.00000000 0.00000000 168.00000000
434.00000000 226.00000000 0.00000000 167.00000000
435.00000000 295.00000000 0.00000000 166.00000000
538.00000000 50.00000000 0.00000000 165.00000000
340.00000000 315.00000000 1.00000000 165.00000000
574.00000000 267.00000000 0.00000000 165.00000000
322.00000000 361.00000000 1.00000000 162.00000000
231.00000000 362.00000000 0.00000000 162.00000000
522.00000000 59.00000000 0.00000000 162.00000000
535.00000000 205.00000000 0.00000000 161.00000000
417.00000000 142.00000000 0.00000000 160.00000000
564.00000000 318.00000000 1.00000000 160.00000000
173.00000000 250.00000000 1.00000000 159.00000000
341.00000000 310.00000000 1.00000000 158.00000000
612.00000000 208.00000000 1.00000000 158.00000000
536.00000000 205.00000000 1.00000000 156.00000000
616.00000000 274.00000000 1.00000000 156.00000000
486.00000000 301.00000000 0.00000000 156.00000000
246.00000000 249.00000000 0.00000000 156.00000000
343.00000000 343.00000000 1.00000000 156.00000000
547.00000000 321.00000000 1.00000000 155.00000000
318.00000000 248.00000000 1.00000000 154.00000000
603.00000000 264.00000000 1.00000000 154.00000000
276.00000000 207.00000000 0.00000000 153.00000000
132.00000000 293.00000000 0.00000000 153.00000000
215.00000000 238.00000000 1.00000000 153.00000000
242.00000000 196.00000000 0.00000000 151.00000000
596.00000000 274.00000000 1.00000000 149.00000000
370.00000000 329.00000000 1.00000000 149.00000000
434.00000000 227.00000000 1.00000000 148.00000000
100.00000000 292.00000000 2.00000000 142.00000000
492.00000000 268.00000000 2.00000000 142.00000000
472.00000000 101.00000000 2.00000000 131.00000000
258.00000000 268.00000000 2.00000000 128.00000000
316.00000000 308.00000000 2.00000000 123.00000000
260.00000000 268.00000000 2.00000000 119.00000000
472.00000000 104.00000000 4.00000000 85.00000000
311.00000000 305.00000000 5.00000000 64.00000000
