435.00000000 260.00000000 1.00000000 580.00000000
436.00000000 258.00000000 1.00000000 560.00000000
483.00000000 96.00000000 0.00000000 557.00000000
436.00000000 257.00000000 0.00000000 498.00000000
436.00000000 262.00000000 2.00000000 492.00000000
269.00000000 252.00000000 0.00000000 440.00000000
502.00000000 68.00000000 0.00000000 438.00000000
550.00000000 58.00000000 0.00000000 423.00000000
241.00000000 221.00000000 0.00000000 421.00000000
174.00000000 249.00000000 0.00000000 399.00000000
533.00000000 43.00000000 0.00000000 384.00000000
62.00000000 131.00000000 0.00000000 374.00000000
257.00000000 251.00000000 0.00000000 363.00000000
550.00000000 59.00000000 1.00000000 358.00000000
246.00000000 239.00000000 0.00000000 351.00000000
100.00000000 290.00000000 1.00000000 345.00000000
112.00000000 254.00000000 0.00000000 328.00000000
84.00000000 136.00000000 0.00000000 318.00000000
139.00000000 292.00000000 0.00000000 304.00000000
605.00000000 265.00000000 1.00000000 303.00000000
241.00000000 221.00000000 1.00000000 302.00000000
484.00000000 96.00000000 1.00000000 301.00000000
605.00000000 264.00000000 0.00000000 296.00000000
296.00000000 233.00000000 0.00000000 291.00000000
101.00000000 289.00000000 0.00000000 290.00000000
435.00000000 246.00000000 1.00000000 284.00000000
111.00000000 113.00000000 0.00000000 283.00000000
98.00000000 291.00000000 1.00000000 268.00000000
551.00000000 59.00000000 1.00000000 267.00000000
131.00000000 295.00000000 1.00000000 267.00000000
502.00000000 69.00000000 1.00000000 265.00000000
340.00000000 309.00000000 0.00000000 262.00000000
237.00000000 254.00000000 1.00000000 259.00000000
533.00000000 44.00000000 1.00000000 258.00000000
62.00000000 132.00000000 1.00000000 258.00000000
101.00000000 300.00000000 0.00000000 250.00000000
236.00000000 227.00000000 0.00000000 247.00000000
132.00000000 284.00000000 0.00000000 242.00000000
415.00000000 142.00000000 0.00000000 240.00000000
434.00000000 236.00000000 0.00000000 238.00000000
435.00000000 263.00000000 2.00000000 236.00000000
434.00000000 244.00000000 1.00000000 234.00000000
553.00000000 73.00000000 0.00000000 233.00000000
303.00000000 244.00000000 0.00000000 233.00000000
139.00000000 284.00000000 0.00000000 231.00000000
440.00000000 210.00000000 1.00000000 220.00000000
434.00000000 246.00000000 0.00000000 216.00000000
613.00000000 208.00000000 0.00000000 216.00000000
473.00000000 97.00000000 0.00000000 214.00000000
132.00000000 293.00000000 0.00000000 209.00000000
229.00000000 371.00000000 0.00000000 206.00000000
405.00000000 134.00000000 0.00000000 205.00000000
75.00000000 125.00000000 0.00000000 204.00000000
132.00000000 285.00000000 1.00000000 202.00000000
246.00000000 239.00000000 1.00000000 201.00000000
124.00000000 307.00000000 0.00000000 201.00000000
340.00000000 315.00000000 1.00000000 200.00000000
236.00000000 248.00000000 0.00000000 199.00000000
132.00000000 298.00000000 2.00000000 199.00000000
10.00000000 272.00000000 0.00000000 198.00000000
439.00000000 210.00000000 1.00000000 198.00000000
340.00000000 315.00000000 0.00000000 197.00000000
174.00000000 249.00000000 1.00000000 196.00000000
303.00000000 245.00000000 1.00000000 193.00000000
295.00000000 233.00000000 1.00000000 191.00000000
441.00000000 210.00000000 0.00000000 191.00000000
236.00000000 254.00000000 1.00000000 190.00000000
436.00000000 295.00000000 0.00000000 188.00000000
276.00000000 207.00000000 0.00000000 186.00000000
156.00000000 342.00000000 1.00000000 186.00000000
416.00000000 143.00000000 1.00000000 185.00000000
481.00000000 89.00000000 0.00000000 185.00000000
313.00000000 308.00000000 2.00000000 184.00000000
603.00000000 265.00000000 1.00000000 183.00000000
563.00000000 69.00000000 0.00000000 182.00000000
156.00000000 342.00000000 0.00000000 180.00000000
242.00000000 196.00000000 0.00000000 179.00000000
132.00000000 295.00000000 1.00000000 175.00000000
472.00000000 99.00000000 1.00000000 174.00000000
340.00000000 316.00000000 1.00000000 174.00000000
574.00000000 270.00000000 1.00000000 173.00000000
231.00000000 362.00000000 0.00000000 172.00000000
109.00000000 135.00000000 0.00000000 171.00000000
574.00000000 268.00000000 1.00000000 169.00000000
14.00000000 318.00000000 0.00000000 167.00000000
234.00000000 227.00000000 1.00000000 166.00000000
552.00000000 60.00000000 2.00000000 166.00000000
258.00000000 234.00000000 0.00000000 165.00000000
492.00000000 78.00000000 0.00000000 165.00000000
472.00000000 100.00000000 2.00000000 164.00000000
624.00000000 208.00000000 0.00000000 162.00000000
95.00000000 145.00000000 0.00000000 161.00000000
343.00000000 342.00000000 0.00000000 159.00000000
433.00000000 140.00000000 0.00000000 159.00000000
472.00000000 98.00000000 1.00000000 158.00000000
100.00000000 292.00000000 2.00000000 157.00000000
152.00000000 134.00000000 0.00000000 157.00000000
522.00000000 59.00000000 0.00000000 155.00000000
312.00000000 308.00000000 4.00000000 155.00000000
111.00000000 113.00000000 1.00000000 154.00000000
84.00000000 136.00000000 1.00000000 153.00000000
195.00000000 120.00000000 0.00000000 152.00000000
236.00000000 256.00000000 2.00000000 151.00000000
246.00000000 247.00000000 0.00000000 150.00000000
434.00000000 227.00000000 1.00000000 148.00000000
173.00000000 250.00000000 1.00000000 147.00000000
18.00000000 241.00000000 1.00000000 146.00000000
434.00000000 226.00000000 0.00000000 146.00000000
265.00000000 263.00000000 0.00000000 144.00000000
472.00000000 101.00000000 2.00000000 143.00000000
434.00000000 272.00000000 0.00000000 142.00000000
595.00000000 349.00000000 0.00000000 141.00000000
112.00000000 290.00000000 0.00000000 141.00000000
280.00000000 287.00000000 0.00000000 141.00000000
260.00000000 268.00000000 2.00000000 140.00000000
435.00000000 295.00000000 1.00000000 137.00000000
62.00000000 132.00000000 1.00000000 136.00000000
612.00000000 208.00000000 1.00000000 136.00000000
434.00000000 229.00000000 1.00000000 133.00000000
76.00000000 125.00000000 1.00000000 133.00000000
111.00000000 254.00000000 1.00000000 132.00000000
534.00000000 43.00000000 1.00000000 131.00000000
316.00000000 308.00000000 2.00000000 130.00000000
318.00000000 248.00000000 1.00000000 129.00000000
260.00000000 268.00000000 2.00000000 102.00000000
84.00000000 292.00000000 4.00000000 91.00000000
84.00000000 294.00000000 5.00000000 60.00000000
