83.00000000 136.00000000 0.00000000 688.00000000
104.00000000 125.00000000 0.00000000 532.00000000
171.00000000 132.00000000 0.00000000 507.00000000
435.00000000 260.00000000 1.00000000 463.00000000
550.00000000 57.00000000 0.00000000 436.00000000
436.00000000 258.00000000 1.00000000 432.00000000
105.00000000 125.00000000 1.00000000 430.00000000
551.00000000 58.00000000 1.00000000 413.00000000
84.00000000 136.00000000 1.00000000 410.00000000
436.00000000 262.00000000 2.00000000 409.00000000
135.00000000 96.00000000 1.00000000 408.00000000
60.00000000 137.00000000 0.00000000 402.00000000
502.00000000 67.00000000 0.00000000 398.00000000
94.00000000 140.00000000 0.00000000 394.00000000
135.00000000 96.00000000 0.00000000 389.00000000
436.00000000 257.00000000 0.00000000 386.00000000
481.00000000 88.00000000 0.00000000 381.00000000
483.00000000 96.00000000 0.00000000 353.00000000
134.00000000 96.00000000 1.00000000 351.00000000
551.00000000 59.00000000 1.00000000 332.00000000
335.00000000 132.00000000 0.00000000 329.00000000
564.00000000 69.00000000 0.00000000 327.00000000
83.00000000 149.00000000 0.00000000 325.00000000
340.00000000 166.00000000 0.00000000 317.00000000
100.00000000 290.00000000 1.00000000 315.00000000
340.00000000 309.00000000 0.00000000 312.00000000
257.00000000 251.00000000 0.00000000 309.00000000
240.00000000 221.00000000 0.00000000 299.00000000
269.00000000 252.00000000 0.00000000 295.00000000
171.00000000 132.00000000 1.00000000 293.00000000
174.00000000 249.00000000 0.00000000 287.00000000
246.00000000 239.00000000 0.00000000 279.00000000
112.00000000 254.00000000 0.00000000 276.00000000
101.00000000 289.00000000 0.00000000 271.00000000
295.00000000 233.00000000 0.00000000 270.00000000
338.00000000 166.00000000 2.00000000 270.00000000
415.00000000 142.00000000 0.00000000 267.00000000
564.00000000 69.00000000 1.00000000 248.00000000
94.00000000 140.00000000 1.00000000 245.00000000
336.00000000 161.00000000 1.00000000 241.00000000
142.00000000 98.00000000 0.00000000 241.00000000
435.00000000 245.00000000 1.00000000 240.00000000
554.00000000 73.00000000 0.00000000 238.00000000
608.00000000 268.00000000 0.00000000 238.00000000
139.00000000 292.00000000 0.00000000 236.00000000
325.00000000 134.00000000 0.00000000 235.00000000
60.00000000 138.00000000 1.00000000 232.00000000
237.00000000 253.00000000 1.00000000 229.00000000
502.00000000 68.00000000 1.00000000 222.00000000
116.00000000 113.00000000 0.00000000 221.00000000
588.00000000 63.00000000 0.00000000 218.00000000
131.00000000 295.00000000 1.00000000 218.00000000
98.00000000 291.00000000 1.00000000 211.00000000
235.00000000 228.00000000 1.00000000 210.00000000
552.00000000 60.00000000 2.00000000 207.00000000
236.00000000 227.00000000 0.00000000 207.00000000
83.00000000 149.00000000 1.00000000 206.00000000
156.00000000 342.00000000 0.00000000 206.00000000
473.00000000 96.00000000 0.00000000 204.00000000
416.00000000 143.00000000 1.00000000 204.00000000
340.00000000 310.00000000 1.00000000 202.00000000
435.00000000 263.00000000 2.00000000 201.00000000
608.00000000 268.00000000 1.00000000 200.00000000
72.00000000 139.00000000 0.00000000 200.00000000
336.00000000 162.00000000 1.00000000 199.00000000
118.00000000 123.00000000 0.00000000 199.00000000
104.00000000 124.00000000 1.00000000 199.00000000
434.00000000 246.00000000 0.00000000 198.00000000
533.00000000 43.00000000 0.00000000 197.00000000
227.00000000 127.00000000 0.00000000 197.00000000
236.00000000 248.00000000 0.00000000 196.00000000
236.00000000 134.00000000 0.00000000 193.00000000
534.00000000 43.00000000 1.00000000 190.00000000
303.00000000 244.00000000 0.00000000 188.00000000
440.00000000 210.00000000 1.00000000 188.00000000
336.00000000 166.00000000 2.00000000 187.00000000
101.00000000 300.00000000 0.00000000 187.00000000
433.00000000 140.00000000 0.00000000 186.00000000
135.00000000 144.00000000 0.00000000 185.00000000
434.00000000 244.00000000 1.00000000 185.00000000
132.00000000 284.00000000 0.00000000 184.00000000
295.00000000 233.00000000 1.00000000 183.00000000
246.00000000 239.00000000 1.00000000 179.00000000
11.00000000 272.00000000 0.00000000 176.00000000
132.00000000 293.00000000 0.00000000 174.00000000
156.00000000 342.00000000 1.00000000 173.00000000
139.00000000 284.00000000 0.00000000 171.00000000
134.00000000 96.00000000 2.00000000 171.00000000
105.00000000 147.00000000 0.00000000 170.00000000
335.00000000 132.00000000 1.00000000 170.00000000
229.00000000 371.00000000 0.00000000 169.00000000
613.00000000 208.00000000 0.00000000 168.00000000
175.00000000 250.00000000 1.00000000 167.00000000
440.00000000 210.00000000 0.00000000 166.00000000
276.00000000 207.00000000 0.00000000 166.00000000
303.00000000 245.00000000 1.00000000 166.00000000
340.00000000 315.00000000 1.00000000 166.00000000
483.00000000 96.00000000 1.00000000 164.00000000
313.00000000 308.00000000 2.00000000 164.00000000
70.00000000 152.00000000 0.00000000 163.00000000
434.00000000 236.00000000 0.00000000 163.00000000
132.00000000 298.00000000 2.00000000 160.00000000
572.00000000 74.00000000 0.00000000 158.00000000
439.00000000 210.00000000 1.00000000 157.00000000
132.00000000 295.00000000 1.00000000 156.00000000
436.00000000 295.00000000 0.00000000 156.00000000
538.00000000 50.00000000 0.00000000 154.00000000
234.00000000 227.00000000 1.00000000 154.00000000
236.00000000 253.00000000 1.00000000 154.00000000
14.00000000 318.00000000 0.00000000 153.00000000
246.00000000 249.00000000 0.00000000 151.00000000
511.00000000 76.00000000 0.00000000 150.00000000
534.00000000 43.00000000 1.00000000 150.00000000
55.00000000 144.00000000 0.00000000 149.00000000
234.00000000 130.00000000 2.00000000 147.00000000
481.00000000 88.00000000 1.00000000 146.00000000
574.00000000 268.00000000 1.00000000 141.00000000
574.00000000 270.00000000 1.00000000 141.00000000
118.00000000 123.00000000 1.00000000 140.00000000
173.00000000 250.00000000 1.00000000 137.00000000
171.00000000 132.00000000 1.00000000 133.00000000
551.00000000 62.00000000 2.00000000 131.00000000
472.00000000 98.00000000 2.00000000 129.00000000
236.00000000 256.00000000 2.00000000 126.00000000
548.00000000 60.00000000 4.00000000 122.00000000
312.00000000 308.00000000 4.00000000 119.00000000
84.00000000 294.00000000 5.00000000 38.00000000
