174.00000000 107.00000000 0.00000000 603.00000000
38.00000000 180.00000000 2.00000000 532.00000000
174.00000000 108.00000000 1.00000000 485.00000000
174.00000000 173.00000000 0.00000000 455.00000000
44.00000000 210.00000000 2.00000000 446.00000000
190.00000000 154.00000000 2.00000000 441.00000000
781.00000000 224.00000000 0.00000000 439.00000000
174.00000000 174.00000000 1.00000000 429.00000000
43.00000000 209.00000000 1.00000000 424.00000000
767.00000000 405.00000000 0.00000000 416.00000000
38.00000000 178.00000000 1.00000000 415.00000000
190.00000000 151.00000000 1.00000000 404.00000000
45.00000000 207.00000000 1.00000000 396.00000000
115.00000000 235.00000000 0.00000000 384.00000000
74.00000000 112.00000000 2.00000000 382.00000000
192.00000000 147.00000000 0.00000000 370.00000000
169.00000000 110.00000000 2.00000000 366.00000000
39.00000000 177.00000000 1.00000000 365.00000000
79.00000000 234.00000000 0.00000000 359.00000000
75.00000000 109.00000000 1.00000000 351.00000000
42.00000000 212.00000000 2.00000000 350.00000000
172.00000000 110.00000000 2.00000000 347.00000000
74.00000000 110.00000000 1.00000000 346.00000000
75.00000000 108.00000000 0.00000000 345.00000000
192.00000000 149.00000000 1.00000000 345.00000000
705.00000000 436.00000000 1.00000000 344.00000000
291.00000000 368.00000000 1.00000000 341.00000000
173.00000000 108.00000000 1.00000000 337.00000000
39.00000000 176.00000000 0.00000000 332.00000000
625.00000000 363.00000000 1.00000000 331.00000000
626.00000000 364.00000000 1.00000000 331.00000000
45.00000000 206.00000000 0.00000000 329.00000000
115.00000000 235.00000000 1.00000000 324.00000000
80.00000000 235.00000000 1.00000000 322.00000000
73.00000000 113.00000000 2.00000000 318.00000000
705.00000000 435.00000000 0.00000000 313.00000000
767.00000000 406.00000000 1.00000000 312.00000000
291.00000000 368.00000000 0.00000000 309.00000000
771.00000000 299.00000000 0.00000000 308.00000000
705.00000000 438.00000000 1.00000000 305.00000000
189.00000000 155.00000000 2.00000000 302.00000000
172.00000000 112.00000000 4.00000000 294.00000000
739.00000000 348.00000000 0.00000000 268.00000000
449.00000000 248.00000000 0.00000000 267.00000000
453.00000000 292.00000000 0.00000000 264.00000000
414.00000000 584.00000000 1.00000000 261.00000000
473.00000000 289.00000000 0.00000000 257.00000000
765.00000000 263.00000000 0.00000000 257.00000000
469.00000000 238.00000000 0.00000000 250.00000000
173.00000000 175.00000000 1.00000000 248.00000000
469.00000000 239.00000000 1.00000000 245.00000000
773.00000000 224.00000000 0.00000000 241.00000000
335.00000000 101.00000000 1.00000000 237.00000000
626.00000000 364.00000000 0.00000000 236.00000000
68.00000000 112.00000000 4.00000000 235.00000000
429.00000000 249.00000000 0.00000000 233.00000000
741.00000000 324.00000000 0.00000000 232.00000000
706.00000000 440.00000000 2.00000000 228.00000000
743.00000000 247.00000000 0.00000000 227.00000000
76.00000000 232.00000000 2.00000000 227.00000000
719.00000000 357.00000000 0.00000000 225.00000000
782.00000000 334.00000000 0.00000000 222.00000000
719.00000000 333.00000000 0.00000000 221.00000000
362.00000000 357.00000000 1.00000000 219.00000000
335.00000000 101.00000000 0.00000000 218.00000000
673.00000000 306.00000000 0.00000000 218.00000000
414.00000000 584.00000000 0.00000000 217.00000000
194.00000000 396.00000000 1.00000000 217.00000000
79.00000000 234.00000000 1.00000000 216.00000000
139.00000000 370.00000000 1.00000000 215.00000000
550.00000000 80.00000000 1.00000000 213.00000000
687.00000000 292.00000000 1.00000000 212.00000000
42.00000000 230.00000000 2.00000000 212.00000000
43.00000000 230.00000000 1.00000000 209.00000000
24.00000000 131.00000000 1.00000000 206.00000000
551.00000000 79.00000000 0.00000000 202.00000000
343.00000000 470.00000000 1.00000000 201.00000000
771.00000000 299.00000000 1.00000000 197.00000000
336.00000000 356.00000000 1.00000000 197.00000000
362.00000000 357.00000000 0.00000000 195.00000000
785.00000000 263.00000000 0.00000000 192.00000000
758.00000000 342.00000000 0.00000000 190.00000000
755.00000000 263.00000000 0.00000000 190.00000000
338.00000000 358.00000000 1.00000000 189.00000000
473.00000000 290.00000000 1.00000000 187.00000000
114.00000000 234.00000000 1.00000000 186.00000000
289.00000000 367.00000000 1.00000000 186.00000000
45.00000000 232.00000000 1.00000000 185.00000000
193.00000000 395.00000000 0.00000000 185.00000000
45.00000000 231.00000000 0.00000000 185.00000000
777.00000000 422.00000000 0.00000000 184.00000000
779.00000000 246.00000000 0.00000000 183.00000000
752.00000000 309.00000000 0.00000000 182.00000000
739.00000000 349.00000000 1.00000000 182.00000000
685.00000000 294.00000000 1.00000000 181.00000000
772.00000000 232.00000000 0.00000000 180.00000000
788.00000000 424.00000000 0.00000000 179.00000000
170.00000000 359.00000000 0.00000000 179.00000000
674.00000000 307.00000000 1.00000000 178.00000000
785.00000000 309.00000000 0.00000000 176.00000000
772.00000000 430.00000000 0.00000000 175.00000000
723.00000000 299.00000000 0.00000000 175.00000000
765.00000000 341.00000000 0.00000000 174.00000000
337.00000000 358.00000000 0.00000000 173.00000000
719.00000000 309.00000000 0.00000000 173.00000000
118.00000000 265.00000000 0.00000000 172.00000000
781.00000000 224.00000000 1.00000000 172.00000000
687.00000000 290.00000000 0.00000000 171.00000000
139.00000000 369.00000000 0.00000000 170.00000000
25.00000000 132.00000000 1.00000000 168.00000000
14.00000000 149.00000000 0.00000000 167.00000000
762.00000000 316.00000000 0.00000000 164.00000000
443.00000000 78.00000000 0.00000000 162.00000000
729.00000000 317.00000000 0.00000000 162.00000000
720.00000000 333.00000000 1.00000000 161.00000000
683.00000000 381.00000000 0.00000000 161.00000000
461.00000000 247.00000000 0.00000000 161.00000000
742.00000000 325.00000000 1.00000000 160.00000000
729.00000000 341.00000000 0.00000000 159.00000000
701.00000000 220.00000000 5.00000000 159.00000000
784.00000000 299.00000000 0.00000000 159.00000000
720.00000000 357.00000000 1.00000000 156.00000000
737.00000000 263.00000000 0.00000000 154.00000000
246.00000000 231.00000000 0.00000000 153.00000000
722.00000000 265.00000000 0.00000000 153.00000000
406.00000000 240.00000000 0.00000000 152.00000000
345.00000000 471.00000000 1.00000000 150.00000000
