397.00000000 61.00000000 0.00000000 575.00000000
468.00000000 379.00000000 0.00000000 485.00000000
251.00000000 142.00000000 0.00000000 409.00000000
627.00000000 15.00000000 0.00000000 379.00000000
80.00000000 137.00000000 1.00000000 378.00000000
576.00000000 60.00000000 0.00000000 378.00000000
510.00000000 394.00000000 1.00000000 375.00000000
395.00000000 53.00000000 0.00000000 374.00000000
18.00000000 219.00000000 0.00000000 372.00000000
72.00000000 106.00000000 0.00000000 369.00000000
232.00000000 32.00000000 0.00000000 357.00000000
581.00000000 48.00000000 0.00000000 352.00000000
564.00000000 341.00000000 0.00000000 350.00000000
401.00000000 153.00000000 0.00000000 350.00000000
159.00000000 53.00000000 1.00000000 339.00000000
510.00000000 394.00000000 1.00000000 337.00000000
399.00000000 79.00000000 0.00000000 332.00000000
448.00000000 38.00000000 0.00000000 330.00000000
347.00000000 86.00000000 0.00000000 327.00000000
335.00000000 159.00000000 0.00000000 326.00000000
96.00000000 79.00000000 0.00000000 320.00000000
418.00000000 341.00000000 0.00000000 314.00000000
456.00000000 25.00000000 0.00000000 309.00000000
80.00000000 127.00000000 0.00000000 308.00000000
468.00000000 379.00000000 1.00000000 303.00000000
333.00000000 65.00000000 0.00000000 302.00000000
216.00000000 342.00000000 0.00000000 299.00000000
144.00000000 26.00000000 0.00000000 298.00000000
159.00000000 53.00000000 0.00000000 295.00000000
232.00000000 158.00000000 0.00000000 295.00000000
357.00000000 149.00000000 0.00000000 289.00000000
215.00000000 410.00000000 0.00000000 289.00000000
123.00000000 183.00000000 0.00000000 284.00000000
232.00000000 158.00000000 1.00000000 284.00000000
597.00000000 100.00000000 0.00000000 280.00000000
441.00000000 112.00000000 0.00000000 279.00000000
409.00000000 47.00000000 0.00000000 276.00000000
113.00000000 214.00000000 0.00000000 276.00000000
393.00000000 111.00000000 0.00000000 274.00000000
418.00000000 341.00000000 1.00000000 271.00000000
583.00000000 163.00000000 0.00000000 270.00000000
483.00000000 436.00000000 0.00000000 265.00000000
586.00000000 154.00000000 0.00000000 265.00000000
565.00000000 342.00000000 1.00000000 263.00000000
583.00000000 164.00000000 1.00000000 260.00000000
202.00000000 403.00000000 0.00000000 259.00000000
417.00000000 397.00000000 1.00000000 258.00000000
188.00000000 157.00000000 0.00000000 256.00000000
401.00000000 152.00000000 1.00000000 256.00000000
482.00000000 376.00000000 0.00000000 256.00000000
559.00000000 84.00000000 0.00000000 255.00000000
282.00000000 181.00000000 0.00000000 252.00000000
148.00000000 48.00000000 1.00000000 252.00000000
120.00000000 53.00000000 0.00000000 252.00000000
264.00000000 183.00000000 0.00000000 251.00000000
510.00000000 161.00000000 0.00000000 251.00000000
123.00000000 183.00000000 1.00000000 251.00000000
401.00000000 153.00000000 1.00000000 250.00000000
158.00000000 53.00000000 1.00000000 250.00000000
345.00000000 161.00000000 0.00000000 250.00000000
364.00000000 182.00000000 0.00000000 249.00000000
313.00000000 41.00000000 0.00000000 249.00000000
519.00000000 326.00000000 0.00000000 248.00000000
252.00000000 143.00000000 1.00000000 247.00000000
410.00000000 55.00000000 0.00000000 247.00000000
145.00000000 26.00000000 1.00000000 245.00000000
123.00000000 183.00000000 1.00000000 245.00000000
487.00000000 427.00000000 0.00000000 243.00000000
393.00000000 32.00000000 1.00000000 242.00000000
417.00000000 395.00000000 1.00000000 242.00000000
281.00000000 97.00000000 0.00000000 240.00000000
420.00000000 86.00000000 0.00000000 240.00000000
248.00000000 332.00000000 0.00000000 239.00000000
217.00000000 198.00000000 0.00000000 238.00000000
512.00000000 396.00000000 2.00000000 235.00000000
166.00000000 214.00000000 0.00000000 233.00000000
405.00000000 370.00000000 0.00000000 231.00000000
410.00000000 221.00000000 0.00000000 231.00000000
209.00000000 28.00000000 0.00000000 231.00000000
586.00000000 12.00000000 0.00000000 231.00000000
540.00000000 62.00000000 0.00000000 230.00000000
81.00000000 134.00000000 0.00000000 230.00000000
341.00000000 90.00000000 0.00000000 230.00000000
402.00000000 165.00000000 0.00000000 229.00000000
245.00000000 309.00000000 1.00000000 228.00000000
122.00000000 184.00000000 2.00000000 226.00000000
128.00000000 136.00000000 0.00000000 224.00000000
57.00000000 161.00000000 1.00000000 223.00000000
216.00000000 343.00000000 1.00000000 223.00000000
79.00000000 137.00000000 1.00000000 221.00000000
348.00000000 87.00000000 1.00000000 216.00000000
397.00000000 62.00000000 1.00000000 212.00000000
232.00000000 32.00000000 1.00000000 209.00000000
483.00000000 438.00000000 1.00000000 204.00000000
203.00000000 403.00000000 1.00000000 202.00000000
18.00000000 220.00000000 1.00000000 198.00000000
313.00000000 42.00000000 1.00000000 195.00000000
393.00000000 32.00000000 1.00000000 192.00000000
584.00000000 164.00000000 1.00000000 192.00000000
448.00000000 39.00000000 1.00000000 191.00000000
175.00000000 160.00000000 1.00000000 191.00000000
347.00000000 323.00000000 1.00000000 182.00000000
486.00000000 429.00000000 1.00000000 180.00000000
346.00000000 161.00000000 1.00000000 180.00000000
452.00000000 177.00000000 1.00000000 178.00000000
134.00000000 79.00000000 1.00000000 178.00000000
418.00000000 342.00000000 1.00000000 175.00000000
334.00000000 50.00000000 2.00000000 175.00000000
132.00000000 79.00000000 1.00000000 163.00000000
480.00000000 136.00000000 4.00000000 148.00000000
386.00000000 373.00000000 1.00000000 147.00000000
39.00000000 340.00000000 1.00000000 145.00000000
485.00000000 431.00000000 1.00000000 145.00000000
333.00000000 46.00000000 1.00000000 144.00000000
244.00000000 309.00000000 1.00000000 142.00000000
173.00000000 159.00000000 1.00000000 136.00000000
402.00000000 152.00000000 2.00000000 132.00000000
121.00000000 183.00000000 2.00000000 131.00000000
158.00000000 54.00000000 2.00000000 130.00000000
478.00000000 135.00000000 2.00000000 128.00000000
78.00000000 138.00000000 2.00000000 124.00000000
420.00000000 340.00000000 2.00000000 122.00000000
418.00000000 396.00000000 2.00000000 116.00000000
580.00000000 372.00000000 4.00000000 96.00000000
480.00000000 135.00000000 5.00000000 93.00000000
582.00000000 370.00000000 2.00000000 92.00000000
511.00000000 398.00000000 2.00000000 92.00000000
