399.00000000 78.00000000 0.00000000 591.00000000
398.00000000 61.00000000 0.00000000 573.00000000
145.00000000 26.00000000 0.00000000 552.00000000
347.00000000 86.00000000 0.00000000 484.00000000
335.00000000 159.00000000 0.00000000 481.00000000
202.00000000 75.00000000 0.00000000 435.00000000
219.00000000 197.00000000 0.00000000 432.00000000
97.00000000 79.00000000 0.00000000 426.00000000
421.00000000 85.00000000 0.00000000 425.00000000
19.00000000 219.00000000 0.00000000 418.00000000
160.00000000 53.00000000 0.00000000 416.00000000
291.00000000 412.00000000 0.00000000 416.00000000
217.00000000 342.00000000 0.00000000 390.00000000
123.00000000 183.00000000 1.00000000 388.00000000
366.00000000 162.00000000 0.00000000 382.00000000
160.00000000 53.00000000 1.00000000 381.00000000
363.00000000 170.00000000 0.00000000 373.00000000
477.00000000 178.00000000 0.00000000 372.00000000
123.00000000 183.00000000 1.00000000 353.00000000
582.00000000 47.00000000 0.00000000 349.00000000
123.00000000 183.00000000 0.00000000 346.00000000
335.00000000 161.00000000 1.00000000 342.00000000
549.00000000 433.00000000 0.00000000 342.00000000
291.00000000 413.00000000 1.00000000 336.00000000
364.00000000 181.00000000 0.00000000 332.00000000
348.00000000 87.00000000 1.00000000 327.00000000
420.00000000 133.00000000 0.00000000 327.00000000
433.00000000 166.00000000 0.00000000 327.00000000
145.00000000 27.00000000 1.00000000 326.00000000
122.00000000 184.00000000 2.00000000 325.00000000
477.00000000 179.00000000 1.00000000 319.00000000
228.00000000 421.00000000 0.00000000 319.00000000
543.00000000 46.00000000 0.00000000 317.00000000
625.00000000 41.00000000 0.00000000 316.00000000
605.00000000 90.00000000 0.00000000 313.00000000
365.00000000 163.00000000 1.00000000 312.00000000
233.00000000 32.00000000 1.00000000 310.00000000
201.00000000 76.00000000 1.00000000 307.00000000
416.00000000 255.00000000 0.00000000 305.00000000
405.00000000 182.00000000 0.00000000 304.00000000
80.00000000 137.00000000 1.00000000 302.00000000
232.00000000 32.00000000 0.00000000 300.00000000
429.00000000 173.00000000 0.00000000 299.00000000
399.00000000 78.00000000 1.00000000 299.00000000
33.00000000 106.00000000 0.00000000 298.00000000
627.00000000 14.00000000 0.00000000 296.00000000
158.00000000 53.00000000 1.00000000 294.00000000
252.00000000 142.00000000 0.00000000 293.00000000
401.00000000 164.00000000 0.00000000 291.00000000
142.00000000 210.00000000 0.00000000 289.00000000
434.00000000 160.00000000 0.00000000 286.00000000
236.00000000 203.00000000 0.00000000 286.00000000
209.00000000 24.00000000 0.00000000 280.00000000
430.00000000 174.00000000 1.00000000 277.00000000
576.00000000 60.00000000 0.00000000 273.00000000
527.00000000 137.00000000 0.00000000 272.00000000
419.00000000 134.00000000 1.00000000 266.00000000
227.00000000 201.00000000 0.00000000 264.00000000
289.00000000 301.00000000 0.00000000 259.00000000
335.00000000 162.00000000 1.00000000 259.00000000
317.00000000 243.00000000 0.00000000 257.00000000
577.00000000 39.00000000 0.00000000 256.00000000
242.00000000 190.00000000 0.00000000 255.00000000
59.00000000 161.00000000 1.00000000 252.00000000
217.00000000 343.00000000 1.00000000 251.00000000
396.00000000 53.00000000 0.00000000 251.00000000
402.00000000 154.00000000 0.00000000 250.00000000
253.00000000 135.00000000 0.00000000 249.00000000
527.00000000 138.00000000 1.00000000 248.00000000
444.00000000 219.00000000 0.00000000 245.00000000
433.00000000 166.00000000 1.00000000 243.00000000
483.00000000 109.00000000 0.00000000 238.00000000
80.00000000 137.00000000 1.00000000 237.00000000
434.00000000 271.00000000 0.00000000 237.00000000
394.00000000 111.00000000 0.00000000 237.00000000
579.00000000 148.00000000 1.00000000 236.00000000
409.00000000 39.00000000 0.00000000 236.00000000
132.00000000 158.00000000 0.00000000 236.00000000
57.00000000 161.00000000 1.00000000 236.00000000
622.00000000 30.00000000 0.00000000 234.00000000
422.00000000 144.00000000 0.00000000 232.00000000
517.00000000 180.00000000 0.00000000 232.00000000
432.00000000 165.00000000 1.00000000 231.00000000
216.00000000 410.00000000 0.00000000 231.00000000
19.00000000 220.00000000 1.00000000 230.00000000
477.00000000 169.00000000 0.00000000 230.00000000
386.00000000 373.00000000 1.00000000 228.00000000
402.00000000 154.00000000 1.00000000 228.00000000
228.00000000 421.00000000 1.00000000 228.00000000
115.00000000 71.00000000 0.00000000 228.00000000
329.00000000 382.00000000 1.00000000 227.00000000
232.00000000 158.00000000 1.00000000 227.00000000
97.00000000 80.00000000 1.00000000 225.00000000
458.00000000 166.00000000 0.00000000 224.00000000
80.00000000 127.00000000 0.00000000 222.00000000
237.00000000 204.00000000 1.00000000 222.00000000
398.00000000 61.00000000 1.00000000 222.00000000
485.00000000 128.00000000 0.00000000 221.00000000
436.00000000 226.00000000 0.00000000 221.00000000
219.00000000 198.00000000 1.00000000 220.00000000
458.00000000 166.00000000 1.00000000 220.00000000
364.00000000 162.00000000 1.00000000 215.00000000
387.00000000 372.00000000 1.00000000 212.00000000
401.00000000 196.00000000 1.00000000 210.00000000
277.00000000 202.00000000 1.00000000 209.00000000
401.00000000 154.00000000 1.00000000 205.00000000
291.00000000 412.00000000 1.00000000 195.00000000
386.00000000 374.00000000 2.00000000 194.00000000
578.00000000 148.00000000 1.00000000 190.00000000
400.00000000 196.00000000 1.00000000 190.00000000
334.00000000 162.00000000 2.00000000 188.00000000
432.00000000 164.00000000 2.00000000 183.00000000
476.00000000 179.00000000 1.00000000 181.00000000
347.00000000 325.00000000 1.00000000 175.00000000
121.00000000 183.00000000 2.00000000 172.00000000
546.00000000 394.00000000 2.00000000 167.00000000
217.00000000 356.00000000 1.00000000 167.00000000
400.00000000 198.00000000 2.00000000 163.00000000
544.00000000 393.00000000 1.00000000 162.00000000
158.00000000 54.00000000 2.00000000 161.00000000
80.00000000 136.00000000 2.00000000 156.00000000
384.00000000 373.00000000 2.00000000 151.00000000
342.00000000 90.00000000 2.00000000 110.00000000
543.00000000 398.00000000 2.00000000 95.00000000
384.00000000 372.00000000 4.00000000 79.00000000
340.00000000 208.00000000 4.00000000 66.00000000
384.00000000 373.00000000 5.00000000 45.00000000
