528.00000000 77.00000000 0.00000000 432.00000000
160.00000000 53.00000000 0.00000000 418.00000000
80.00000000 138.00000000 1.00000000 415.00000000
159.00000000 54.00000000 1.00000000 374.00000000
398.00000000 62.00000000 0.00000000 347.00000000
142.00000000 210.00000000 0.00000000 330.00000000
80.00000000 139.00000000 0.00000000 291.00000000
92.00000000 135.00000000 0.00000000 287.00000000
582.00000000 47.00000000 0.00000000 286.00000000
348.00000000 87.00000000 0.00000000 279.00000000
252.00000000 142.00000000 0.00000000 276.00000000
282.00000000 196.00000000 0.00000000 271.00000000
158.00000000 55.00000000 1.00000000 266.00000000
576.00000000 60.00000000 0.00000000 262.00000000
528.00000000 78.00000000 1.00000000 254.00000000
442.00000000 112.00000000 0.00000000 252.00000000
400.00000000 79.00000000 0.00000000 252.00000000
586.00000000 117.00000000 0.00000000 250.00000000
119.00000000 55.00000000 0.00000000 248.00000000
19.00000000 219.00000000 0.00000000 247.00000000
527.00000000 23.00000000 0.00000000 245.00000000
217.00000000 410.00000000 0.00000000 244.00000000
233.00000000 32.00000000 0.00000000 240.00000000
79.00000000 138.00000000 1.00000000 238.00000000
590.00000000 12.00000000 0.00000000 238.00000000
119.00000000 55.00000000 1.00000000 228.00000000
477.00000000 363.00000000 0.00000000 220.00000000
218.00000000 198.00000000 0.00000000 211.00000000
485.00000000 436.00000000 0.00000000 211.00000000
58.00000000 161.00000000 0.00000000 207.00000000
217.00000000 342.00000000 0.00000000 204.00000000
228.00000000 421.00000000 0.00000000 204.00000000
58.00000000 161.00000000 1.00000000 201.00000000
204.00000000 403.00000000 0.00000000 199.00000000
142.00000000 31.00000000 0.00000000 195.00000000
292.00000000 413.00000000 0.00000000 194.00000000
527.00000000 23.00000000 1.00000000 190.00000000
252.00000000 143.00000000 1.00000000 189.00000000
348.00000000 87.00000000 1.00000000 188.00000000
473.00000000 27.00000000 0.00000000 188.00000000
123.00000000 183.00000000 0.00000000 188.00000000
593.00000000 35.00000000 1.00000000 186.00000000
228.00000000 202.00000000 0.00000000 186.00000000
114.00000000 215.00000000 0.00000000 184.00000000
82.00000000 180.00000000 0.00000000 183.00000000
421.00000000 86.00000000 0.00000000 182.00000000
121.00000000 183.00000000 1.00000000 182.00000000
402.00000000 154.00000000 0.00000000 181.00000000
142.00000000 210.00000000 1.00000000 181.00000000
232.00000000 159.00000000 0.00000000 177.00000000
122.00000000 184.00000000 2.00000000 176.00000000
351.00000000 135.00000000 0.00000000 173.00000000
484.00000000 439.00000000 1.00000000 169.00000000
597.00000000 113.00000000 0.00000000 168.00000000
236.00000000 204.00000000 0.00000000 168.00000000
473.00000000 27.00000000 1.00000000 166.00000000
236.00000000 38.00000000 0.00000000 166.00000000
66.00000000 183.00000000 0.00000000 165.00000000
213.00000000 151.00000000 0.00000000 165.00000000
94.00000000 84.00000000 0.00000000 165.00000000
577.00000000 39.00000000 0.00000000 162.00000000
316.00000000 195.00000000 0.00000000 159.00000000
535.00000000 75.00000000 0.00000000 158.00000000
231.00000000 158.00000000 1.00000000 158.00000000
434.00000000 160.00000000 0.00000000 157.00000000
204.00000000 404.00000000 1.00000000 155.00000000
287.00000000 176.00000000 0.00000000 154.00000000
102.00000000 109.00000000 0.00000000 153.00000000
592.00000000 35.00000000 0.00000000 153.00000000
430.00000000 174.00000000 0.00000000 153.00000000
363.00000000 171.00000000 0.00000000 152.00000000
115.00000000 149.00000000 0.00000000 152.00000000
129.00000000 136.00000000 0.00000000 150.00000000
310.00000000 174.00000000 0.00000000 148.00000000
210.00000000 28.00000000 0.00000000 147.00000000
420.00000000 133.00000000 0.00000000 147.00000000
60.00000000 213.00000000 0.00000000 145.00000000
176.00000000 176.00000000 0.00000000 145.00000000
398.00000000 62.00000000 1.00000000 143.00000000
216.00000000 410.00000000 1.00000000 142.00000000
157.00000000 112.00000000 0.00000000 142.00000000
281.00000000 196.00000000 1.00000000 141.00000000
82.00000000 179.00000000 1.00000000 141.00000000
134.00000000 111.00000000 0.00000000 141.00000000
292.00000000 414.00000000 1.00000000 140.00000000
21.00000000 110.00000000 1.00000000 139.00000000
597.00000000 114.00000000 1.00000000 139.00000000
156.00000000 56.00000000 2.00000000 139.00000000
457.00000000 25.00000000 0.00000000 139.00000000
415.00000000 104.00000000 0.00000000 139.00000000
251.00000000 142.00000000 1.00000000 138.00000000
123.00000000 184.00000000 1.00000000 137.00000000
228.00000000 422.00000000 1.00000000 136.00000000
233.00000000 32.00000000 1.00000000 135.00000000
477.00000000 363.00000000 1.00000000 135.00000000
609.00000000 46.00000000 1.00000000 132.00000000
442.00000000 112.00000000 1.00000000 130.00000000
609.00000000 46.00000000 1.00000000 130.00000000
486.00000000 431.00000000 1.00000000 126.00000000
217.00000000 343.00000000 1.00000000 126.00000000
582.00000000 47.00000000 1.00000000 125.00000000
397.00000000 31.00000000 1.00000000 124.00000000
351.00000000 136.00000000 1.00000000 123.00000000
237.00000000 204.00000000 1.00000000 122.00000000
132.00000000 79.00000000 1.00000000 119.00000000
132.00000000 80.00000000 2.00000000 119.00000000
214.00000000 134.00000000 1.00000000 118.00000000
78.00000000 138.00000000 2.00000000 116.00000000
610.00000000 46.00000000 2.00000000 115.00000000
21.00000000 110.00000000 1.00000000 113.00000000
186.00000000 29.00000000 1.00000000 111.00000000
346.00000000 87.00000000 1.00000000 110.00000000
57.00000000 161.00000000 1.00000000 104.00000000
401.00000000 196.00000000 1.00000000 101.00000000
547.00000000 69.00000000 1.00000000 99.00000000
395.00000000 32.00000000 1.00000000 99.00000000
252.00000000 142.00000000 2.00000000 98.00000000
118.00000000 55.00000000 1.00000000 98.00000000
124.00000000 183.00000000 2.00000000 95.00000000
284.00000000 172.00000000 2.00000000 77.00000000
450.00000000 36.00000000 2.00000000 77.00000000
148.00000000 60.00000000 4.00000000 69.00000000
251.00000000 141.00000000 2.00000000 69.00000000
591.00000000 53.00000000 2.00000000 66.00000000
342.00000000 45.00000000 2.00000000 65.00000000
271.00000000 124.00000000 5.00000000 55.00000000
580.00000000 376.00000000 4.00000000 54.00000000
