174.00000000 108.00000000 0.00000000 613.00000000
626.00000000 364.00000000 1.00000000 542.00000000
38.00000000 180.00000000 2.00000000 528.00000000
625.00000000 363.00000000 1.00000000 508.00000000
174.00000000 108.00000000 1.00000000 487.00000000
174.00000000 173.00000000 0.00000000 481.00000000
190.00000000 154.00000000 2.00000000 481.00000000
174.00000000 174.00000000 1.00000000 448.00000000
44.00000000 210.00000000 2.00000000 444.00000000
43.00000000 207.00000000 1.00000000 423.00000000
362.00000000 357.00000000 1.00000000 422.00000000
190.00000000 151.00000000 1.00000000 420.00000000
38.00000000 178.00000000 1.00000000 412.00000000
45.00000000 207.00000000 1.00000000 401.00000000
362.00000000 356.00000000 0.00000000 401.00000000
687.00000000 292.00000000 1.00000000 398.00000000
115.00000000 235.00000000 0.00000000 397.00000000
74.00000000 112.00000000 2.00000000 396.00000000
192.00000000 147.00000000 0.00000000 394.00000000
626.00000000 364.00000000 0.00000000 387.00000000
781.00000000 224.00000000 0.00000000 377.00000000
169.00000000 110.00000000 2.00000000 377.00000000
75.00000000 109.00000000 1.00000000 373.00000000
685.00000000 294.00000000 1.00000000 373.00000000
687.00000000 290.00000000 0.00000000 368.00000000
74.00000000 110.00000000 1.00000000 364.00000000
75.00000000 108.00000000 0.00000000 361.00000000
192.00000000 149.00000000 1.00000000 358.00000000
39.00000000 177.00000000 1.00000000 357.00000000
172.00000000 110.00000000 2.00000000 351.00000000
79.00000000 235.00000000 0.00000000 347.00000000
189.00000000 155.00000000 2.00000000 340.00000000
42.00000000 212.00000000 2.00000000 339.00000000
640.00000000 330.00000000 2.00000000 339.00000000
173.00000000 108.00000000 1.00000000 336.00000000
45.00000000 206.00000000 0.00000000 335.00000000
39.00000000 176.00000000 0.00000000 329.00000000
115.00000000 235.00000000 1.00000000 329.00000000
767.00000000 405.00000000 0.00000000 327.00000000
73.00000000 113.00000000 2.00000000 323.00000000
80.00000000 235.00000000 1.00000000 319.00000000
673.00000000 306.00000000 0.00000000 317.00000000
626.00000000 364.00000000 2.00000000 309.00000000
172.00000000 112.00000000 4.00000000 309.00000000
674.00000000 307.00000000 1.00000000 277.00000000
771.00000000 299.00000000 0.00000000 277.00000000
610.00000000 333.00000000 0.00000000 268.00000000
613.00000000 342.00000000 0.00000000 266.00000000
173.00000000 175.00000000 1.00000000 261.00000000
362.00000000 357.00000000 1.00000000 259.00000000
767.00000000 406.00000000 1.00000000 254.00000000
686.00000000 296.00000000 2.00000000 243.00000000
551.00000000 80.00000000 1.00000000 236.00000000
596.00000000 420.00000000 0.00000000 235.00000000
683.00000000 381.00000000 0.00000000 232.00000000
419.00000000 77.00000000 0.00000000 232.00000000
68.00000000 112.00000000 4.00000000 230.00000000
596.00000000 420.00000000 1.00000000 230.00000000
424.00000000 104.00000000 1.00000000 217.00000000
683.00000000 381.00000000 1.00000000 216.00000000
765.00000000 263.00000000 0.00000000 216.00000000
613.00000000 342.00000000 1.00000000 215.00000000
79.00000000 234.00000000 1.00000000 210.00000000
24.00000000 131.00000000 1.00000000 208.00000000
43.00000000 230.00000000 1.00000000 206.00000000
364.00000000 304.00000000 1.00000000 204.00000000
743.00000000 247.00000000 0.00000000 203.00000000
246.00000000 231.00000000 0.00000000 201.00000000
738.00000000 348.00000000 0.00000000 200.00000000
442.00000000 78.00000000 0.00000000 197.00000000
773.00000000 224.00000000 0.00000000 195.00000000
380.00000000 135.00000000 1.00000000 195.00000000
639.00000000 328.00000000 1.00000000 194.00000000
449.00000000 248.00000000 0.00000000 193.00000000
782.00000000 334.00000000 0.00000000 192.00000000
469.00000000 239.00000000 1.00000000 191.00000000
719.00000000 357.00000000 0.00000000 191.00000000
246.00000000 232.00000000 1.00000000 190.00000000
741.00000000 324.00000000 0.00000000 190.00000000
434.00000000 129.00000000 0.00000000 189.00000000
45.00000000 232.00000000 1.00000000 189.00000000
469.00000000 238.00000000 0.00000000 188.00000000
551.00000000 79.00000000 0.00000000 188.00000000
45.00000000 231.00000000 0.00000000 184.00000000
114.00000000 234.00000000 1.00000000 183.00000000
424.00000000 104.00000000 0.00000000 181.00000000
435.00000000 103.00000000 0.00000000 180.00000000
673.00000000 311.00000000 1.00000000 178.00000000
719.00000000 333.00000000 0.00000000 178.00000000
453.00000000 292.00000000 0.00000000 177.00000000
755.00000000 263.00000000 0.00000000 177.00000000
771.00000000 299.00000000 1.00000000 176.00000000
25.00000000 133.00000000 1.00000000 173.00000000
429.00000000 249.00000000 0.00000000 172.00000000
473.00000000 289.00000000 0.00000000 171.00000000
14.00000000 149.00000000 0.00000000 171.00000000
381.00000000 135.00000000 1.00000000 166.00000000
419.00000000 78.00000000 1.00000000 166.00000000
777.00000000 422.00000000 0.00000000 165.00000000
785.00000000 263.00000000 0.00000000 163.00000000
602.00000000 409.00000000 0.00000000 163.00000000
779.00000000 246.00000000 0.00000000 163.00000000
788.00000000 424.00000000 0.00000000 156.00000000
364.00000000 303.00000000 0.00000000 155.00000000
432.00000000 91.00000000 1.00000000 153.00000000
758.00000000 342.00000000 0.00000000 152.00000000
781.00000000 224.00000000 1.00000000 152.00000000
772.00000000 430.00000000 0.00000000 151.00000000
25.00000000 134.00000000 0.00000000 150.00000000
785.00000000 309.00000000 0.00000000 150.00000000
611.00000000 332.00000000 1.00000000 150.00000000
175.00000000 113.00000000 5.00000000 150.00000000
772.00000000 232.00000000 0.00000000 149.00000000
391.00000000 144.00000000 0.00000000 147.00000000
751.00000000 309.00000000 0.00000000 146.00000000
661.00000000 414.00000000 0.00000000 145.00000000
784.00000000 299.00000000 0.00000000 144.00000000
157.00000000 198.00000000 1.00000000 144.00000000
647.00000000 417.00000000 0.00000000 144.00000000
447.00000000 186.00000000 0.00000000 143.00000000
639.00000000 399.00000000 1.00000000 143.00000000
191.00000000 161.00000000 1.00000000 143.00000000
415.00000000 181.00000000 0.00000000 140.00000000
722.00000000 265.00000000 0.00000000 139.00000000
639.00000000 422.00000000 0.00000000 139.00000000
190.00000000 161.00000000 0.00000000 138.00000000
671.00000000 390.00000000 0.00000000 138.00000000
