159.00000000 53.00000000 0.00000000 475.00000000
347.00000000 86.00000000 0.00000000 470.00000000
397.00000000 61.00000000 0.00000000 466.00000000
159.00000000 54.00000000 1.00000000 465.00000000
312.00000000 41.00000000 0.00000000 436.00000000
627.00000000 14.00000000 0.00000000 433.00000000
468.00000000 379.00000000 0.00000000 412.00000000
571.00000000 57.00000000 0.00000000 399.00000000
548.00000000 72.00000000 0.00000000 392.00000000
18.00000000 219.00000000 0.00000000 385.00000000
399.00000000 79.00000000 0.00000000 383.00000000
252.00000000 142.00000000 0.00000000 374.00000000
80.00000000 137.00000000 1.00000000 373.00000000
141.00000000 210.00000000 0.00000000 371.00000000
374.00000000 439.00000000 0.00000000 360.00000000
483.00000000 437.00000000 0.00000000 359.00000000
528.00000000 78.00000000 0.00000000 354.00000000
245.00000000 292.00000000 0.00000000 354.00000000
335.00000000 159.00000000 0.00000000 337.00000000
348.00000000 87.00000000 1.00000000 325.00000000
158.00000000 53.00000000 1.00000000 323.00000000
60.00000000 213.00000000 0.00000000 322.00000000
265.00000000 183.00000000 0.00000000 321.00000000
401.00000000 153.00000000 0.00000000 320.00000000
252.00000000 135.00000000 0.00000000 318.00000000
564.00000000 341.00000000 0.00000000 305.00000000
468.00000000 380.00000000 1.00000000 304.00000000
312.00000000 42.00000000 1.00000000 301.00000000
453.00000000 339.00000000 0.00000000 301.00000000
365.00000000 162.00000000 0.00000000 296.00000000
282.00000000 182.00000000 0.00000000 296.00000000
277.00000000 202.00000000 1.00000000 296.00000000
548.00000000 72.00000000 1.00000000 295.00000000
453.00000000 340.00000000 1.00000000 291.00000000
620.00000000 106.00000000 0.00000000 288.00000000
418.00000000 341.00000000 0.00000000 285.00000000
277.00000000 202.00000000 1.00000000 283.00000000
482.00000000 376.00000000 0.00000000 281.00000000
434.00000000 159.00000000 0.00000000 277.00000000
232.00000000 32.00000000 0.00000000 276.00000000
441.00000000 112.00000000 0.00000000 275.00000000
451.00000000 442.00000000 0.00000000 273.00000000
483.00000000 438.00000000 1.00000000 270.00000000
596.00000000 89.00000000 0.00000000 270.00000000
30.00000000 219.00000000 0.00000000 261.00000000
459.00000000 296.00000000 0.00000000 258.00000000
261.00000000 309.00000000 0.00000000 257.00000000
402.00000000 165.00000000 0.00000000 257.00000000
625.00000000 42.00000000 0.00000000 256.00000000
368.00000000 313.00000000 0.00000000 253.00000000
489.00000000 229.00000000 1.00000000 251.00000000
437.00000000 320.00000000 0.00000000 251.00000000
418.00000000 341.00000000 1.00000000 246.00000000
198.00000000 184.00000000 0.00000000 244.00000000
215.00000000 410.00000000 0.00000000 244.00000000
190.00000000 298.00000000 0.00000000 243.00000000
396.00000000 53.00000000 0.00000000 243.00000000
357.00000000 149.00000000 0.00000000 242.00000000
277.00000000 202.00000000 0.00000000 241.00000000
227.00000000 420.00000000 0.00000000 240.00000000
620.00000000 106.00000000 1.00000000 239.00000000
401.00000000 152.00000000 1.00000000 239.00000000
80.00000000 135.00000000 0.00000000 238.00000000
598.00000000 100.00000000 0.00000000 237.00000000
363.00000000 267.00000000 0.00000000 236.00000000
218.00000000 197.00000000 0.00000000 236.00000000
401.00000000 153.00000000 1.00000000 235.00000000
176.00000000 255.00000000 0.00000000 234.00000000
30.00000000 323.00000000 0.00000000 233.00000000
217.00000000 342.00000000 0.00000000 232.00000000
246.00000000 308.00000000 0.00000000 231.00000000
576.00000000 39.00000000 0.00000000 230.00000000
137.00000000 250.00000000 0.00000000 230.00000000
91.00000000 189.00000000 0.00000000 230.00000000
318.00000000 181.00000000 0.00000000 228.00000000
371.00000000 287.00000000 0.00000000 227.00000000
303.00000000 202.00000000 0.00000000 225.00000000
446.00000000 142.00000000 0.00000000 224.00000000
420.00000000 86.00000000 0.00000000 223.00000000
141.00000000 210.00000000 1.00000000 223.00000000
433.00000000 166.00000000 0.00000000 222.00000000
252.00000000 143.00000000 1.00000000 222.00000000
460.00000000 296.00000000 1.00000000 219.00000000
482.00000000 378.00000000 1.00000000 219.00000000
79.00000000 137.00000000 1.00000000 218.00000000
584.00000000 164.00000000 1.00000000 212.00000000
264.00000000 184.00000000 1.00000000 205.00000000
528.00000000 78.00000000 1.00000000 204.00000000
375.00000000 440.00000000 1.00000000 201.00000000
347.00000000 323.00000000 1.00000000 199.00000000
245.00000000 308.00000000 1.00000000 198.00000000
335.00000000 161.00000000 1.00000000 190.00000000
437.00000000 320.00000000 1.00000000 189.00000000
283.00000000 182.00000000 1.00000000 189.00000000
397.00000000 62.00000000 1.00000000 188.00000000
399.00000000 79.00000000 1.00000000 186.00000000
371.00000000 287.00000000 1.00000000 185.00000000
571.00000000 57.00000000 1.00000000 184.00000000
618.00000000 106.00000000 1.00000000 180.00000000
132.00000000 79.00000000 1.00000000 180.00000000
334.00000000 48.00000000 2.00000000 179.00000000
446.00000000 142.00000000 1.00000000 179.00000000
175.00000000 160.00000000 1.00000000 177.00000000
489.00000000 229.00000000 1.00000000 176.00000000
452.00000000 340.00000000 1.00000000 175.00000000
175.00000000 38.00000000 1.00000000 164.00000000
482.00000000 438.00000000 1.00000000 164.00000000
276.00000000 204.00000000 2.00000000 160.00000000
418.00000000 342.00000000 1.00000000 157.00000000
402.00000000 154.00000000 2.00000000 155.00000000
347.00000000 87.00000000 1.00000000 154.00000000
572.00000000 431.00000000 1.00000000 153.00000000
468.00000000 380.00000000 1.00000000 152.00000000
428.00000000 292.00000000 1.00000000 152.00000000
156.00000000 56.00000000 2.00000000 146.00000000
513.00000000 387.00000000 1.00000000 137.00000000
174.00000000 40.00000000 2.00000000 131.00000000
342.00000000 87.00000000 2.00000000 130.00000000
370.00000000 286.00000000 2.00000000 121.00000000
132.00000000 80.00000000 2.00000000 117.00000000
476.00000000 178.00000000 2.00000000 114.00000000
148.00000000 60.00000000 4.00000000 86.00000000
336.00000000 48.00000000 2.00000000 83.00000000
274.00000000 203.00000000 2.00000000 82.00000000
401.00000000 152.00000000 2.00000000 73.00000000
344.00000000 88.00000000 4.00000000 52.00000000
271.00000000 124.00000000 5.00000000 33.00000000
