291.00000000 368.00000000 1.00000000 350.00000000
291.00000000 368.00000000 0.00000000 349.00000000
781.00000000 224.00000000 0.00000000 317.00000000
170.00000000 359.00000000 0.00000000 296.00000000
767.00000000 405.00000000 0.00000000 256.00000000
194.00000000 396.00000000 1.00000000 253.00000000
193.00000000 395.00000000 0.00000000 242.00000000
413.00000000 584.00000000 1.00000000 240.00000000
683.00000000 381.00000000 0.00000000 240.00000000
174.00000000 107.00000000 0.00000000 236.00000000
771.00000000 299.00000000 0.00000000 232.00000000
174.00000000 108.00000000 1.00000000 219.00000000
170.00000000 359.00000000 1.00000000 218.00000000
342.00000000 470.00000000 2.00000000 216.00000000
277.00000000 371.00000000 1.00000000 208.00000000
767.00000000 406.00000000 1.00000000 208.00000000
335.00000000 356.00000000 1.00000000 202.00000000
336.00000000 356.00000000 2.00000000 200.00000000
337.00000000 358.00000000 1.00000000 197.00000000
84.00000000 274.00000000 2.00000000 195.00000000
684.00000000 381.00000000 1.00000000 193.00000000
335.00000000 101.00000000 1.00000000 190.00000000
687.00000000 293.00000000 1.00000000 189.00000000
343.00000000 470.00000000 1.00000000 188.00000000
333.00000000 353.00000000 2.00000000 186.00000000
765.00000000 263.00000000 0.00000000 184.00000000
169.00000000 110.00000000 2.00000000 184.00000000
86.00000000 274.00000000 1.00000000 179.00000000
276.00000000 374.00000000 2.00000000 179.00000000
74.00000000 112.00000000 2.00000000 176.00000000
277.00000000 370.00000000 1.00000000 176.00000000
773.00000000 224.00000000 0.00000000 173.00000000
172.00000000 110.00000000 2.00000000 173.00000000
549.00000000 79.00000000 0.00000000 170.00000000
198.00000000 323.00000000 0.00000000 170.00000000
74.00000000 110.00000000 1.00000000 166.00000000
173.00000000 108.00000000 1.00000000 166.00000000
743.00000000 247.00000000 0.00000000 164.00000000
697.00000000 390.00000000 1.00000000 162.00000000
739.00000000 348.00000000 0.00000000 162.00000000
345.00000000 472.00000000 1.00000000 162.00000000
719.00000000 357.00000000 0.00000000 161.00000000
75.00000000 109.00000000 1.00000000 161.00000000
335.00000000 101.00000000 0.00000000 160.00000000
339.00000000 469.00000000 2.00000000 158.00000000
719.00000000 332.00000000 0.00000000 156.00000000
291.00000000 367.00000000 1.00000000 155.00000000
741.00000000 324.00000000 0.00000000 154.00000000
190.00000000 154.00000000 2.00000000 154.00000000
221.00000000 337.00000000 1.00000000 153.00000000
700.00000000 394.00000000 2.00000000 153.00000000
73.00000000 110.00000000 2.00000000 152.00000000
413.00000000 584.00000000 0.00000000 152.00000000
75.00000000 108.00000000 0.00000000 152.00000000
771.00000000 299.00000000 1.00000000 150.00000000
782.00000000 334.00000000 0.00000000 150.00000000
673.00000000 306.00000000 0.00000000 149.00000000
192.00000000 149.00000000 1.00000000 147.00000000
626.00000000 364.00000000 1.00000000 146.00000000
172.00000000 112.00000000 4.00000000 144.00000000
685.00000000 295.00000000 1.00000000 144.00000000
190.00000000 151.00000000 1.00000000 144.00000000
174.00000000 173.00000000 0.00000000 143.00000000
337.00000000 358.00000000 0.00000000 143.00000000
88.00000000 276.00000000 1.00000000 142.00000000
174.00000000 174.00000000 1.00000000 141.00000000
777.00000000 422.00000000 0.00000000 140.00000000
193.00000000 397.00000000 1.00000000 140.00000000
723.00000000 299.00000000 0.00000000 139.00000000
324.00000000 441.00000000 0.00000000 139.00000000
345.00000000 472.00000000 0.00000000 138.00000000
192.00000000 147.00000000 0.00000000 136.00000000
788.00000000 424.00000000 0.00000000 136.00000000
756.00000000 263.00000000 0.00000000 136.00000000
674.00000000 308.00000000 1.00000000 133.00000000
221.00000000 336.00000000 0.00000000 132.00000000
264.00000000 426.00000000 0.00000000 131.00000000
335.00000000 100.00000000 1.00000000 130.00000000
781.00000000 224.00000000 1.00000000 130.00000000
779.00000000 246.00000000 0.00000000 130.00000000
758.00000000 342.00000000 0.00000000 129.00000000
324.00000000 441.00000000 1.00000000 128.00000000
550.00000000 80.00000000 1.00000000 128.00000000
391.00000000 550.00000000 1.00000000 126.00000000
698.00000000 246.00000000 1.00000000 126.00000000
258.00000000 346.00000000 1.00000000 125.00000000
765.00000000 341.00000000 0.00000000 124.00000000
722.00000000 265.00000000 0.00000000 124.00000000
720.00000000 357.00000000 1.00000000 123.00000000
772.00000000 431.00000000 0.00000000 123.00000000
785.00000000 309.00000000 0.00000000 123.00000000
188.00000000 324.00000000 0.00000000 123.00000000
720.00000000 333.00000000 1.00000000 122.00000000
332.00000000 348.00000000 4.00000000 122.00000000
752.00000000 309.00000000 0.00000000 122.00000000
785.00000000 263.00000000 0.00000000 121.00000000
762.00000000 316.00000000 0.00000000 121.00000000
449.00000000 248.00000000 0.00000000 121.00000000
408.00000000 578.00000000 1.00000000 121.00000000
729.00000000 317.00000000 0.00000000 119.00000000
772.00000000 232.00000000 0.00000000 119.00000000
269.00000000 354.00000000 0.00000000 119.00000000
784.00000000 298.00000000 0.00000000 117.00000000
698.00000000 244.00000000 1.00000000 116.00000000
739.00000000 349.00000000 1.00000000 115.00000000
89.00000000 277.00000000 0.00000000 114.00000000
626.00000000 364.00000000 0.00000000 114.00000000
784.00000000 446.00000000 0.00000000 114.00000000
756.00000000 453.00000000 0.00000000 114.00000000
277.00000000 369.00000000 0.00000000 113.00000000
742.00000000 325.00000000 1.00000000 112.00000000
264.00000000 426.00000000 1.00000000 112.00000000
697.00000000 388.00000000 1.00000000 112.00000000
41.00000000 452.00000000 1.00000000 111.00000000
701.00000000 214.00000000 5.00000000 110.00000000
719.00000000 309.00000000 0.00000000 109.00000000
737.00000000 263.00000000 0.00000000 108.00000000
699.00000000 194.00000000 1.00000000 107.00000000
41.00000000 451.00000000 0.00000000 107.00000000
687.00000000 293.00000000 0.00000000 106.00000000
719.00000000 459.00000000 0.00000000 106.00000000
429.00000000 249.00000000 0.00000000 105.00000000
336.00000000 459.00000000 0.00000000 103.00000000
151.00000000 285.00000000 0.00000000 102.00000000
729.00000000 341.00000000 0.00000000 100.00000000
744.00000000 436.00000000 0.00000000 100.00000000
759.00000000 437.00000000 0.00000000 98.00000000
