347.00000000 86.00000000 0.00000000 547.00000000
399.00000000 78.00000000 0.00000000 528.00000000
398.00000000 61.00000000 0.00000000 486.00000000
160.00000000 53.00000000 0.00000000 457.00000000
430.00000000 174.00000000 0.00000000 451.00000000
365.00000000 163.00000000 0.00000000 443.00000000
160.00000000 53.00000000 1.00000000 421.00000000
460.00000000 296.00000000 0.00000000 413.00000000
430.00000000 174.00000000 1.00000000 405.00000000
252.00000000 142.00000000 0.00000000 400.00000000
19.00000000 219.00000000 0.00000000 396.00000000
420.00000000 85.00000000 0.00000000 381.00000000
363.00000000 171.00000000 0.00000000 379.00000000
460.00000000 296.00000000 1.00000000 356.00000000
347.00000000 87.00000000 1.00000000 355.00000000
528.00000000 78.00000000 0.00000000 353.00000000
538.00000000 176.00000000 0.00000000 352.00000000
218.00000000 197.00000000 0.00000000 347.00000000
393.00000000 111.00000000 0.00000000 345.00000000
398.00000000 300.00000000 0.00000000 343.00000000
232.00000000 32.00000000 0.00000000 340.00000000
201.00000000 75.00000000 0.00000000 334.00000000
373.00000000 446.00000000 0.00000000 334.00000000
625.00000000 41.00000000 0.00000000 327.00000000
401.00000000 153.00000000 0.00000000 323.00000000
572.00000000 56.00000000 0.00000000 321.00000000
365.00000000 163.00000000 1.00000000 320.00000000
158.00000000 53.00000000 1.00000000 318.00000000
283.00000000 182.00000000 0.00000000 317.00000000
297.00000000 398.00000000 0.00000000 314.00000000
80.00000000 137.00000000 1.00000000 305.00000000
468.00000000 379.00000000 0.00000000 305.00000000
265.00000000 183.00000000 0.00000000 299.00000000
412.00000000 416.00000000 0.00000000 294.00000000
233.00000000 32.00000000 1.00000000 294.00000000
277.00000000 202.00000000 1.00000000 293.00000000
482.00000000 378.00000000 0.00000000 290.00000000
627.00000000 14.00000000 0.00000000 286.00000000
401.00000000 165.00000000 0.00000000 285.00000000
277.00000000 201.00000000 0.00000000 283.00000000
586.00000000 116.00000000 0.00000000 281.00000000
548.00000000 72.00000000 0.00000000 280.00000000
477.00000000 179.00000000 1.00000000 279.00000000
442.00000000 112.00000000 0.00000000 278.00000000
402.00000000 154.00000000 1.00000000 276.00000000
402.00000000 172.00000000 0.00000000 272.00000000
364.00000000 267.00000000 0.00000000 271.00000000
431.00000000 181.00000000 0.00000000 270.00000000
530.00000000 176.00000000 0.00000000 270.00000000
291.00000000 412.00000000 0.00000000 265.00000000
444.00000000 183.00000000 0.00000000 264.00000000
434.00000000 161.00000000 0.00000000 262.00000000
420.00000000 132.00000000 0.00000000 261.00000000
176.00000000 255.00000000 0.00000000 258.00000000
399.00000000 78.00000000 1.00000000 257.00000000
398.00000000 300.00000000 1.00000000 254.00000000
446.00000000 195.00000000 0.00000000 253.00000000
400.00000000 273.00000000 0.00000000 253.00000000
401.00000000 154.00000000 1.00000000 253.00000000
400.00000000 172.00000000 1.00000000 252.00000000
283.00000000 182.00000000 1.00000000 252.00000000
400.00000000 286.00000000 0.00000000 251.00000000
201.00000000 76.00000000 1.00000000 251.00000000
394.00000000 111.00000000 1.00000000 249.00000000
598.00000000 140.00000000 0.00000000 246.00000000
436.00000000 226.00000000 0.00000000 245.00000000
132.00000000 158.00000000 0.00000000 244.00000000
326.00000000 182.00000000 0.00000000 241.00000000
80.00000000 138.00000000 0.00000000 241.00000000
528.00000000 78.00000000 1.00000000 240.00000000
598.00000000 101.00000000 0.00000000 236.00000000
413.00000000 416.00000000 1.00000000 235.00000000
33.00000000 106.00000000 0.00000000 235.00000000
446.00000000 196.00000000 1.00000000 235.00000000
303.00000000 195.00000000 0.00000000 233.00000000
526.00000000 137.00000000 0.00000000 233.00000000
175.00000000 130.00000000 0.00000000 233.00000000
415.00000000 104.00000000 0.00000000 232.00000000
543.00000000 47.00000000 0.00000000 231.00000000
476.00000000 178.00000000 1.00000000 231.00000000
227.00000000 421.00000000 0.00000000 230.00000000
242.00000000 190.00000000 0.00000000 229.00000000
482.00000000 378.00000000 1.00000000 229.00000000
483.00000000 437.00000000 0.00000000 229.00000000
477.00000000 179.00000000 0.00000000 227.00000000
401.00000000 173.00000000 1.00000000 226.00000000
415.00000000 403.00000000 0.00000000 224.00000000
579.00000000 148.00000000 1.00000000 224.00000000
252.00000000 143.00000000 1.00000000 223.00000000
458.00000000 164.00000000 0.00000000 223.00000000
571.00000000 57.00000000 1.00000000 220.00000000
363.00000000 164.00000000 1.00000000 220.00000000
397.00000000 62.00000000 1.00000000 208.00000000
433.00000000 161.00000000 1.00000000 201.00000000
578.00000000 148.00000000 1.00000000 197.00000000
548.00000000 72.00000000 1.00000000 197.00000000
199.00000000 74.00000000 1.00000000 194.00000000
526.00000000 138.00000000 1.00000000 193.00000000
277.00000000 202.00000000 1.00000000 192.00000000
80.00000000 137.00000000 1.00000000 191.00000000
108.00000000 105.00000000 1.00000000 191.00000000
183.00000000 198.00000000 1.00000000 190.00000000
131.00000000 79.00000000 1.00000000 190.00000000
223.00000000 257.00000000 1.00000000 187.00000000
489.00000000 229.00000000 1.00000000 182.00000000
58.00000000 161.00000000 1.00000000 182.00000000
285.00000000 171.00000000 1.00000000 181.00000000
402.00000000 154.00000000 2.00000000 173.00000000
459.00000000 296.00000000 1.00000000 166.00000000
445.00000000 195.00000000 1.00000000 164.00000000
158.00000000 54.00000000 2.00000000 162.00000000
346.00000000 87.00000000 1.00000000 157.00000000
428.00000000 292.00000000 1.00000000 156.00000000
284.00000000 172.00000000 2.00000000 154.00000000
547.00000000 70.00000000 1.00000000 147.00000000
228.00000000 78.00000000 2.00000000 131.00000000
344.00000000 86.00000000 2.00000000 130.00000000
546.00000000 70.00000000 2.00000000 127.00000000
364.00000000 164.00000000 2.00000000 126.00000000
122.00000000 184.00000000 2.00000000 124.00000000
384.00000000 373.00000000 2.00000000 111.00000000
579.00000000 404.00000000 2.00000000 97.00000000
446.00000000 144.00000000 2.00000000 96.00000000
282.00000000 172.00000000 2.00000000 95.00000000
580.00000000 400.00000000 4.00000000 89.00000000
152.00000000 60.00000000 4.00000000 75.00000000
271.00000000 124.00000000 5.00000000 64.00000000
