174.00000000 107.00000000 0.00000000 652.00000000
174.00000000 108.00000000 1.00000000 513.00000000
626.00000000 364.00000000 1.00000000 507.00000000
625.00000000 363.00000000 1.00000000 500.00000000
38.00000000 180.00000000 2.00000000 493.00000000
174.00000000 173.00000000 0.00000000 478.00000000
190.00000000 154.00000000 2.00000000 472.00000000
781.00000000 224.00000000 0.00000000 453.00000000
174.00000000 174.00000000 1.00000000 448.00000000
190.00000000 151.00000000 1.00000000 423.00000000
44.00000000 210.00000000 2.00000000 414.00000000
43.00000000 207.00000000 1.00000000 406.00000000
74.00000000 112.00000000 2.00000000 404.00000000
45.00000000 207.00000000 1.00000000 394.00000000
38.00000000 178.00000000 1.00000000 392.00000000
192.00000000 147.00000000 0.00000000 389.00000000
169.00000000 110.00000000 2.00000000 383.00000000
767.00000000 405.00000000 0.00000000 379.00000000
115.00000000 235.00000000 0.00000000 376.00000000
75.00000000 109.00000000 1.00000000 375.00000000
75.00000000 108.00000000 0.00000000 373.00000000
74.00000000 110.00000000 1.00000000 370.00000000
362.00000000 357.00000000 1.00000000 369.00000000
626.00000000 364.00000000 0.00000000 365.00000000
687.00000000 292.00000000 1.00000000 363.00000000
172.00000000 110.00000000 2.00000000 360.00000000
170.00000000 359.00000000 0.00000000 356.00000000
192.00000000 149.00000000 1.00000000 352.00000000
173.00000000 108.00000000 1.00000000 352.00000000
362.00000000 356.00000000 0.00000000 347.00000000
39.00000000 177.00000000 1.00000000 344.00000000
73.00000000 113.00000000 2.00000000 333.00000000
79.00000000 235.00000000 0.00000000 330.00000000
189.00000000 155.00000000 2.00000000 328.00000000
45.00000000 206.00000000 0.00000000 327.00000000
771.00000000 299.00000000 0.00000000 325.00000000
685.00000000 294.00000000 1.00000000 321.00000000
39.00000000 176.00000000 0.00000000 318.00000000
42.00000000 212.00000000 2.00000000 316.00000000
673.00000000 306.00000000 0.00000000 314.00000000
687.00000000 291.00000000 0.00000000 312.00000000
172.00000000 112.00000000 4.00000000 309.00000000
767.00000000 406.00000000 1.00000000 302.00000000
115.00000000 235.00000000 1.00000000 297.00000000
194.00000000 396.00000000 1.00000000 293.00000000
80.00000000 235.00000000 1.00000000 290.00000000
626.00000000 364.00000000 2.00000000 286.00000000
193.00000000 395.00000000 0.00000000 281.00000000
640.00000000 330.00000000 2.00000000 276.00000000
170.00000000 359.00000000 1.00000000 274.00000000
118.00000000 265.00000000 0.00000000 271.00000000
412.00000000 583.00000000 1.00000000 270.00000000
674.00000000 307.00000000 1.00000000 266.00000000
738.00000000 348.00000000 0.00000000 259.00000000
173.00000000 175.00000000 1.00000000 255.00000000
765.00000000 263.00000000 0.00000000 252.00000000
292.00000000 368.00000000 1.00000000 251.00000000
419.00000000 77.00000000 0.00000000 249.00000000
773.00000000 224.00000000 0.00000000 243.00000000
449.00000000 248.00000000 0.00000000 241.00000000
291.00000000 368.00000000 0.00000000 240.00000000
741.00000000 324.00000000 0.00000000 238.00000000
442.00000000 78.00000000 0.00000000 234.00000000
68.00000000 112.00000000 4.00000000 233.00000000
342.00000000 470.00000000 2.00000000 232.00000000
683.00000000 381.00000000 0.00000000 231.00000000
453.00000000 292.00000000 0.00000000 230.00000000
362.00000000 357.00000000 1.00000000 230.00000000
743.00000000 247.00000000 0.00000000 230.00000000
198.00000000 323.00000000 0.00000000 222.00000000
596.00000000 420.00000000 0.00000000 221.00000000
473.00000000 289.00000000 0.00000000 216.00000000
613.00000000 342.00000000 0.00000000 214.00000000
719.00000000 333.00000000 0.00000000 212.00000000
221.00000000 337.00000000 1.00000000 212.00000000
782.00000000 334.00000000 0.00000000 210.00000000
139.00000000 370.00000000 1.00000000 210.00000000
596.00000000 420.00000000 1.00000000 210.00000000
86.00000000 275.00000000 1.00000000 207.00000000
719.00000000 357.00000000 0.00000000 206.00000000
429.00000000 249.00000000 0.00000000 202.00000000
353.00000000 548.00000000 1.00000000 200.00000000
24.00000000 131.00000000 1.00000000 200.00000000
771.00000000 299.00000000 1.00000000 200.00000000
469.00000000 239.00000000 1.00000000 197.00000000
785.00000000 263.00000000 0.00000000 197.00000000
683.00000000 381.00000000 1.00000000 197.00000000
469.00000000 238.00000000 0.00000000 196.00000000
118.00000000 265.00000000 1.00000000 195.00000000
550.00000000 80.00000000 1.00000000 195.00000000
610.00000000 333.00000000 0.00000000 194.00000000
342.00000000 469.00000000 1.00000000 193.00000000
755.00000000 263.00000000 0.00000000 192.00000000
697.00000000 390.00000000 1.00000000 192.00000000
140.00000000 370.00000000 1.00000000 191.00000000
79.00000000 234.00000000 1.00000000 190.00000000
550.00000000 79.00000000 0.00000000 189.00000000
788.00000000 424.00000000 0.00000000 189.00000000
220.00000000 336.00000000 0.00000000 188.00000000
777.00000000 422.00000000 0.00000000 187.00000000
364.00000000 304.00000000 1.00000000 186.00000000
772.00000000 232.00000000 0.00000000 186.00000000
216.00000000 433.00000000 0.00000000 186.00000000
779.00000000 246.00000000 0.00000000 185.00000000
188.00000000 324.00000000 0.00000000 185.00000000
88.00000000 276.00000000 1.00000000 184.00000000
217.00000000 434.00000000 1.00000000 182.00000000
424.00000000 104.00000000 1.00000000 180.00000000
758.00000000 342.00000000 0.00000000 180.00000000
210.00000000 445.00000000 0.00000000 180.00000000
264.00000000 426.00000000 0.00000000 179.00000000
781.00000000 224.00000000 1.00000000 179.00000000
246.00000000 231.00000000 0.00000000 177.00000000
719.00000000 309.00000000 0.00000000 176.00000000
739.00000000 349.00000000 1.00000000 176.00000000
419.00000000 77.00000000 1.00000000 173.00000000
765.00000000 341.00000000 0.00000000 172.00000000
772.00000000 430.00000000 0.00000000 170.00000000
45.00000000 231.00000000 0.00000000 169.00000000
603.00000000 409.00000000 0.00000000 166.00000000
345.00000000 472.00000000 0.00000000 166.00000000
762.00000000 316.00000000 0.00000000 165.00000000
723.00000000 299.00000000 0.00000000 161.00000000
729.00000000 317.00000000 0.00000000 161.00000000
412.00000000 584.00000000 0.00000000 160.00000000
752.00000000 309.00000000 0.00000000 160.00000000
175.00000000 113.00000000 5.00000000 145.00000000
