174.00000000 107.00000000 0.00000000 480.00000000
174.00000000 108.00000000 1.00000000 404.00000000
781.00000000 224.00000000 0.00000000 359.00000000
170.00000000 359.00000000 0.00000000 338.00000000
190.00000000 154.00000000 2.00000000 325.00000000
74.00000000 112.00000000 2.00000000 318.00000000
626.00000000 364.00000000 1.00000000 315.00000000
174.00000000 173.00000000 0.00000000 314.00000000
291.00000000 368.00000000 1.00000000 313.00000000
169.00000000 110.00000000 2.00000000 313.00000000
625.00000000 363.00000000 1.00000000 309.00000000
38.00000000 180.00000000 2.00000000 301.00000000
174.00000000 174.00000000 1.00000000 300.00000000
291.00000000 368.00000000 0.00000000 298.00000000
194.00000000 396.00000000 1.00000000 296.00000000
172.00000000 110.00000000 2.00000000 296.00000000
190.00000000 151.00000000 1.00000000 291.00000000
193.00000000 395.00000000 0.00000000 291.00000000
74.00000000 110.00000000 1.00000000 291.00000000
767.00000000 405.00000000 0.00000000 289.00000000
75.00000000 109.00000000 1.00000000 286.00000000
173.00000000 108.00000000 1.00000000 285.00000000
75.00000000 108.00000000 0.00000000 278.00000000
192.00000000 147.00000000 0.00000000 275.00000000
412.00000000 583.00000000 1.00000000 273.00000000
73.00000000 113.00000000 2.00000000 265.00000000
192.00000000 149.00000000 1.00000000 265.00000000
45.00000000 207.00000000 1.00000000 264.00000000
170.00000000 359.00000000 1.00000000 260.00000000
43.00000000 207.00000000 1.00000000 257.00000000
38.00000000 178.00000000 1.00000000 255.00000000
771.00000000 299.00000000 0.00000000 254.00000000
172.00000000 112.00000000 4.00000000 251.00000000
342.00000000 470.00000000 2.00000000 249.00000000
44.00000000 210.00000000 2.00000000 247.00000000
673.00000000 306.00000000 0.00000000 239.00000000
687.00000000 292.00000000 1.00000000 238.00000000
626.00000000 364.00000000 0.00000000 232.00000000
115.00000000 235.00000000 0.00000000 231.00000000
767.00000000 406.00000000 1.00000000 229.00000000
39.00000000 177.00000000 1.00000000 227.00000000
362.00000000 357.00000000 1.00000000 226.00000000
189.00000000 155.00000000 2.00000000 224.00000000
685.00000000 294.00000000 1.00000000 221.00000000
45.00000000 206.00000000 0.00000000 219.00000000
84.00000000 274.00000000 2.00000000 217.00000000
118.00000000 265.00000000 0.00000000 216.00000000
342.00000000 469.00000000 1.00000000 210.00000000
39.00000000 176.00000000 0.00000000 209.00000000
674.00000000 308.00000000 1.00000000 209.00000000
765.00000000 263.00000000 0.00000000 205.00000000
362.00000000 357.00000000 0.00000000 202.00000000
683.00000000 381.00000000 0.00000000 201.00000000
443.00000000 78.00000000 0.00000000 200.00000000
738.00000000 348.00000000 0.00000000 200.00000000
79.00000000 234.00000000 0.00000000 199.00000000
198.00000000 323.00000000 0.00000000 196.00000000
115.00000000 235.00000000 1.00000000 195.00000000
68.00000000 112.00000000 4.00000000 194.00000000
743.00000000 246.00000000 0.00000000 191.00000000
339.00000000 469.00000000 2.00000000 191.00000000
773.00000000 224.00000000 0.00000000 190.00000000
86.00000000 274.00000000 1.00000000 190.00000000
741.00000000 324.00000000 0.00000000 187.00000000
275.00000000 371.00000000 1.00000000 184.00000000
549.00000000 79.00000000 0.00000000 183.00000000
173.00000000 175.00000000 1.00000000 176.00000000
626.00000000 364.00000000 2.00000000 176.00000000
412.00000000 584.00000000 0.00000000 175.00000000
687.00000000 291.00000000 0.00000000 173.00000000
782.00000000 334.00000000 0.00000000 171.00000000
550.00000000 80.00000000 1.00000000 170.00000000
719.00000000 357.00000000 0.00000000 167.00000000
683.00000000 381.00000000 1.00000000 166.00000000
80.00000000 235.00000000 1.00000000 166.00000000
449.00000000 248.00000000 0.00000000 166.00000000
342.00000000 467.00000000 1.00000000 166.00000000
719.00000000 333.00000000 0.00000000 164.00000000
192.00000000 395.00000000 1.00000000 164.00000000
771.00000000 299.00000000 1.00000000 161.00000000
221.00000000 337.00000000 1.00000000 161.00000000
88.00000000 276.00000000 1.00000000 161.00000000
335.00000000 101.00000000 1.00000000 160.00000000
788.00000000 424.00000000 0.00000000 158.00000000
756.00000000 263.00000000 0.00000000 155.00000000
758.00000000 342.00000000 0.00000000 154.00000000
311.00000000 345.00000000 5.00000000 152.00000000
220.00000000 336.00000000 0.00000000 149.00000000
453.00000000 292.00000000 0.00000000 148.00000000
264.00000000 426.00000000 0.00000000 148.00000000
777.00000000 422.00000000 0.00000000 148.00000000
723.00000000 299.00000000 0.00000000 147.00000000
188.00000000 324.00000000 0.00000000 147.00000000
335.00000000 101.00000000 0.00000000 147.00000000
785.00000000 263.00000000 0.00000000 147.00000000
169.00000000 359.00000000 1.00000000 146.00000000
429.00000000 249.00000000 0.00000000 146.00000000
596.00000000 420.00000000 0.00000000 146.00000000
419.00000000 77.00000000 0.00000000 145.00000000
596.00000000 420.00000000 1.00000000 145.00000000
118.00000000 265.00000000 1.00000000 144.00000000
291.00000000 367.00000000 1.00000000 144.00000000
324.00000000 441.00000000 0.00000000 142.00000000
697.00000000 390.00000000 1.00000000 142.00000000
345.00000000 472.00000000 0.00000000 142.00000000
781.00000000 224.00000000 1.00000000 142.00000000
779.00000000 246.00000000 0.00000000 140.00000000
739.00000000 349.00000000 1.00000000 140.00000000
276.00000000 370.00000000 1.00000000 140.00000000
752.00000000 309.00000000 0.00000000 139.00000000
785.00000000 309.00000000 0.00000000 139.00000000
772.00000000 232.00000000 0.00000000 139.00000000
390.00000000 548.00000000 1.00000000 138.00000000
469.00000000 239.00000000 1.00000000 138.00000000
217.00000000 432.00000000 0.00000000 138.00000000
762.00000000 317.00000000 0.00000000 137.00000000
473.00000000 289.00000000 0.00000000 136.00000000
742.00000000 325.00000000 1.00000000 136.00000000
719.00000000 309.00000000 0.00000000 133.00000000
772.00000000 430.00000000 0.00000000 132.00000000
469.00000000 238.00000000 0.00000000 131.00000000
722.00000000 265.00000000 0.00000000 130.00000000
784.00000000 299.00000000 0.00000000 129.00000000
720.00000000 333.00000000 1.00000000 128.00000000
765.00000000 341.00000000 0.00000000 127.00000000
729.00000000 317.00000000 0.00000000 127.00000000
744.00000000 436.00000000 0.00000000 125.00000000
