430.00000000 175.00000000 0.00000000 620.00000000
335.00000000 160.00000000 0.00000000 580.00000000
80.00000000 138.00000000 1.00000000 530.00000000
433.00000000 167.00000000 0.00000000 524.00000000
398.00000000 61.00000000 0.00000000 523.00000000
582.00000000 48.00000000 0.00000000 506.00000000
98.00000000 79.00000000 0.00000000 504.00000000
431.00000000 175.00000000 1.00000000 487.00000000
434.00000000 160.00000000 0.00000000 487.00000000
253.00000000 142.00000000 0.00000000 484.00000000
160.00000000 53.00000000 0.00000000 475.00000000
335.00000000 162.00000000 1.00000000 469.00000000
477.00000000 178.00000000 0.00000000 460.00000000
402.00000000 154.00000000 0.00000000 452.00000000
160.00000000 54.00000000 1.00000000 450.00000000
576.00000000 60.00000000 0.00000000 448.00000000
400.00000000 79.00000000 0.00000000 393.00000000
335.00000000 162.00000000 1.00000000 386.00000000
365.00000000 181.00000000 0.00000000 379.00000000
461.00000000 110.00000000 0.00000000 374.00000000
458.00000000 165.00000000 1.00000000 374.00000000
401.00000000 171.00000000 1.00000000 370.00000000
81.00000000 138.00000000 0.00000000 365.00000000
80.00000000 137.00000000 1.00000000 364.00000000
98.00000000 80.00000000 1.00000000 363.00000000
538.00000000 176.00000000 0.00000000 357.00000000
420.00000000 132.00000000 0.00000000 353.00000000
348.00000000 86.00000000 0.00000000 345.00000000
535.00000000 75.00000000 0.00000000 337.00000000
402.00000000 155.00000000 1.00000000 333.00000000
477.00000000 179.00000000 1.00000000 332.00000000
444.00000000 183.00000000 0.00000000 328.00000000
577.00000000 60.00000000 1.00000000 326.00000000
577.00000000 40.00000000 0.00000000 325.00000000
473.00000000 27.00000000 0.00000000 320.00000000
363.00000000 171.00000000 0.00000000 319.00000000
67.00000000 106.00000000 0.00000000 316.00000000
410.00000000 55.00000000 0.00000000 314.00000000
145.00000000 26.00000000 0.00000000 311.00000000
158.00000000 53.00000000 1.00000000 309.00000000
366.00000000 162.00000000 0.00000000 309.00000000
334.00000000 162.00000000 2.00000000 307.00000000
397.00000000 53.00000000 0.00000000 304.00000000
332.00000000 85.00000000 0.00000000 304.00000000
67.00000000 107.00000000 1.00000000 297.00000000
363.00000000 172.00000000 1.00000000 291.00000000
444.00000000 175.00000000 0.00000000 291.00000000
232.00000000 158.00000000 0.00000000 288.00000000
617.00000000 154.00000000 0.00000000 288.00000000
115.00000000 71.00000000 0.00000000 285.00000000
157.00000000 112.00000000 0.00000000 285.00000000
253.00000000 143.00000000 1.00000000 284.00000000
199.00000000 185.00000000 0.00000000 274.00000000
92.00000000 190.00000000 0.00000000 272.00000000
92.00000000 135.00000000 0.00000000 272.00000000
458.00000000 166.00000000 1.00000000 271.00000000
458.00000000 164.00000000 0.00000000 264.00000000
439.00000000 10.00000000 0.00000000 264.00000000
406.00000000 27.00000000 0.00000000 264.00000000
405.00000000 182.00000000 0.00000000 263.00000000
19.00000000 219.00000000 0.00000000 260.00000000
108.00000000 105.00000000 1.00000000 258.00000000
363.00000000 164.00000000 1.00000000 256.00000000
401.00000000 173.00000000 1.00000000 256.00000000
232.00000000 33.00000000 0.00000000 255.00000000
366.00000000 163.00000000 1.00000000 251.00000000
580.00000000 147.00000000 0.00000000 249.00000000
473.00000000 27.00000000 1.00000000 248.00000000
232.00000000 158.00000000 1.00000000 248.00000000
123.00000000 183.00000000 0.00000000 247.00000000
583.00000000 47.00000000 1.00000000 243.00000000
135.00000000 188.00000000 0.00000000 242.00000000
458.00000000 24.00000000 0.00000000 240.00000000
446.00000000 141.00000000 0.00000000 240.00000000
540.00000000 62.00000000 0.00000000 240.00000000
579.00000000 148.00000000 1.00000000 239.00000000
444.00000000 219.00000000 0.00000000 239.00000000
526.00000000 23.00000000 0.00000000 238.00000000
530.00000000 176.00000000 0.00000000 237.00000000
461.00000000 111.00000000 1.00000000 237.00000000
620.00000000 74.00000000 0.00000000 237.00000000
364.00000000 166.00000000 2.00000000 236.00000000
418.00000000 36.00000000 0.00000000 236.00000000
142.00000000 210.00000000 0.00000000 235.00000000
597.00000000 89.00000000 0.00000000 235.00000000
435.00000000 226.00000000 0.00000000 231.00000000
289.00000000 301.00000000 0.00000000 230.00000000
627.00000000 14.00000000 0.00000000 229.00000000
210.00000000 28.00000000 0.00000000 228.00000000
252.00000000 127.00000000 0.00000000 224.00000000
535.00000000 75.00000000 1.00000000 222.00000000
120.00000000 54.00000000 0.00000000 221.00000000
219.00000000 198.00000000 0.00000000 221.00000000
330.00000000 164.00000000 2.00000000 218.00000000
420.00000000 133.00000000 1.00000000 218.00000000
406.00000000 28.00000000 1.00000000 212.00000000
365.00000000 182.00000000 1.00000000 212.00000000
398.00000000 62.00000000 1.00000000 211.00000000
432.00000000 164.00000000 2.00000000 208.00000000
402.00000000 170.00000000 2.00000000 206.00000000
252.00000000 127.00000000 1.00000000 202.00000000
184.00000000 198.00000000 1.00000000 200.00000000
432.00000000 166.00000000 1.00000000 200.00000000
123.00000000 182.00000000 1.00000000 197.00000000
348.00000000 87.00000000 1.00000000 196.00000000
277.00000000 202.00000000 1.00000000 195.00000000
410.00000000 56.00000000 1.00000000 190.00000000
59.00000000 161.00000000 1.00000000 187.00000000
617.00000000 177.00000000 1.00000000 187.00000000
80.00000000 136.00000000 2.00000000 185.00000000
107.00000000 106.00000000 1.00000000 179.00000000
158.00000000 54.00000000 2.00000000 178.00000000
57.00000000 161.00000000 1.00000000 177.00000000
445.00000000 138.00000000 1.00000000 175.00000000
122.00000000 184.00000000 2.00000000 174.00000000
401.00000000 154.00000000 1.00000000 174.00000000
231.00000000 158.00000000 1.00000000 170.00000000
576.00000000 59.00000000 1.00000000 169.00000000
251.00000000 142.00000000 1.00000000 159.00000000
473.00000000 26.00000000 1.00000000 155.00000000
458.00000000 168.00000000 2.00000000 153.00000000
362.00000000 169.00000000 2.00000000 122.00000000
429.00000000 164.00000000 2.00000000 116.00000000
398.00000000 166.00000000 2.00000000 101.00000000
332.00000000 164.00000000 4.00000000 96.00000000
444.00000000 136.00000000 4.00000000 51.00000000
209.00000000 158.00000000 5.00000000 34.00000000
