573.00000000 398.00000000 0.00000000 709.00000000
565.00000000 398.00000000 0.00000000 668.00000000
711.00000000 502.00000000 1.00000000 658.00000000
374.00000000 268.00000000 0.00000000 646.00000000
711.00000000 502.00000000 1.00000000 631.00000000
439.00000000 668.00000000 0.00000000 614.00000000
389.00000000 264.00000000 0.00000000 605.00000000
251.00000000 214.00000000 0.00000000 581.00000000
261.00000000 286.00000000 0.00000000 571.00000000
439.00000000 669.00000000 1.00000000 565.00000000
250.00000000 215.00000000 1.00000000 562.00000000
374.00000000 269.00000000 1.00000000 560.00000000
390.00000000 265.00000000 1.00000000 559.00000000
71.00000000 503.00000000 0.00000000 527.00000000
261.00000000 286.00000000 1.00000000 525.00000000
1050.00000000 510.00000000 1.00000000 512.00000000
602.00000000 374.00000000 1.00000000 509.00000000
118.00000000 468.00000000 2.00000000 509.00000000
967.00000000 305.00000000 0.00000000 506.00000000
71.00000000 503.00000000 1.00000000 492.00000000
711.00000000 501.00000000 0.00000000 484.00000000
288.00000000 267.00000000 1.00000000 481.00000000
721.00000000 412.00000000 0.00000000 479.00000000
1050.00000000 514.00000000 2.00000000 479.00000000
788.00000000 522.00000000 2.00000000 470.00000000
1050.00000000 510.00000000 1.00000000 469.00000000
1144.00000000 309.00000000 1.00000000 468.00000000
1144.00000000 307.00000000 0.00000000 466.00000000
910.00000000 309.00000000 0.00000000 454.00000000
1135.00000000 308.00000000 0.00000000 448.00000000
148.00000000 468.00000000 2.00000000 446.00000000
248.00000000 213.00000000 1.00000000 444.00000000
573.00000000 398.00000000 1.00000000 444.00000000
602.00000000 374.00000000 0.00000000 443.00000000
390.00000000 267.00000000 1.00000000 439.00000000
1035.00000000 487.00000000 1.00000000 438.00000000
748.00000000 519.00000000 1.00000000 437.00000000
1034.00000000 486.00000000 1.00000000 427.00000000
875.00000000 297.00000000 1.00000000 425.00000000
999.00000000 203.00000000 1.00000000 423.00000000
748.00000000 518.00000000 1.00000000 423.00000000
1020.00000000 202.00000000 0.00000000 423.00000000
859.00000000 298.00000000 1.00000000 421.00000000
390.00000000 287.00000000 0.00000000 421.00000000
214.00000000 465.00000000 1.00000000 420.00000000
1009.00000000 509.00000000 1.00000000 419.00000000
1050.00000000 509.00000000 0.00000000 417.00000000
83.00000000 466.00000000 1.00000000 411.00000000
118.00000000 469.00000000 2.00000000 409.00000000
1030.00000000 510.00000000 1.00000000 409.00000000
1033.00000000 485.00000000 0.00000000 405.00000000
1071.00000000 296.00000000 0.00000000 404.00000000
1030.00000000 511.00000000 1.00000000 404.00000000
438.00000000 670.00000000 1.00000000 404.00000000
750.00000000 276.00000000 2.00000000 403.00000000
1108.00000000 509.00000000 0.00000000 399.00000000
14.00000000 550.00000000 0.00000000 398.00000000
787.00000000 519.00000000 1.00000000 396.00000000
178.00000000 468.00000000 2.00000000 395.00000000
1106.00000000 536.00000000 1.00000000 393.00000000
764.00000000 518.00000000 1.00000000 393.00000000
1008.00000000 535.00000000 1.00000000 392.00000000
1008.00000000 535.00000000 1.00000000 392.00000000
374.00000000 302.00000000 0.00000000 392.00000000
1030.00000000 319.00000000 1.00000000 392.00000000
581.00000000 362.00000000 0.00000000 390.00000000
748.00000000 522.00000000 2.00000000 388.00000000
275.00000000 459.00000000 1.00000000 385.00000000
749.00000000 274.00000000 2.00000000 381.00000000
527.00000000 658.00000000 0.00000000 381.00000000
710.00000000 504.00000000 2.00000000 381.00000000
830.00000000 335.00000000 0.00000000 380.00000000
602.00000000 374.00000000 1.00000000 379.00000000
1077.00000000 320.00000000 1.00000000 377.00000000
1053.00000000 186.00000000 0.00000000 376.00000000
84.00000000 468.00000000 1.00000000 372.00000000
1028.00000000 201.00000000 0.00000000 367.00000000
375.00000000 303.00000000 1.00000000 367.00000000
748.00000000 517.00000000 0.00000000 367.00000000
796.00000000 405.00000000 0.00000000 365.00000000
692.00000000 446.00000000 1.00000000 363.00000000
180.00000000 469.00000000 1.00000000 363.00000000
565.00000000 420.00000000 0.00000000 362.00000000
1028.00000000 209.00000000 0.00000000 361.00000000
1106.00000000 534.00000000 0.00000000 361.00000000
582.00000000 362.00000000 1.00000000 361.00000000
1183.00000000 334.00000000 0.00000000 360.00000000
787.00000000 518.00000000 1.00000000 360.00000000
302.00000000 253.00000000 0.00000000 356.00000000
1009.00000000 508.00000000 0.00000000 356.00000000
800.00000000 427.00000000 1.00000000 356.00000000
267.00000000 212.00000000 0.00000000 355.00000000
84.00000000 468.00000000 0.00000000 354.00000000
113.00000000 171.00000000 0.00000000 353.00000000
966.00000000 298.00000000 0.00000000 351.00000000
1107.00000000 510.00000000 1.00000000 349.00000000
578.00000000 184.00000000 1.00000000 348.00000000
214.00000000 462.00000000 0.00000000 343.00000000
800.00000000 432.00000000 2.00000000 342.00000000
149.00000000 469.00000000 2.00000000 341.00000000
1183.00000000 334.00000000 1.00000000 341.00000000
1076.00000000 319.00000000 0.00000000 338.00000000
729.00000000 411.00000000 0.00000000 336.00000000
276.00000000 456.00000000 0.00000000 335.00000000
429.00000000 651.00000000 0.00000000 335.00000000
1009.00000000 534.00000000 0.00000000 334.00000000
820.00000000 309.00000000 0.00000000 334.00000000
874.00000000 296.00000000 0.00000000 333.00000000
113.00000000 178.00000000 0.00000000 333.00000000
150.00000000 486.00000000 0.00000000 332.00000000
840.00000000 584.00000000 0.00000000 328.00000000
1017.00000000 318.00000000 0.00000000 327.00000000
800.00000000 436.00000000 4.00000000 323.00000000
1075.00000000 335.00000000 0.00000000 320.00000000
836.00000000 302.00000000 0.00000000 320.00000000
965.00000000 358.00000000 0.00000000 318.00000000
287.00000000 265.00000000 0.00000000 317.00000000
1081.00000000 509.00000000 0.00000000 316.00000000
787.00000000 517.00000000 0.00000000 315.00000000
800.00000000 426.00000000 0.00000000 315.00000000
1067.00000000 319.00000000 0.00000000 315.00000000
960.00000000 316.00000000 0.00000000 313.00000000
180.00000000 468.00000000 0.00000000 313.00000000
1029.00000000 318.00000000 0.00000000 311.00000000
1008.00000000 560.00000000 0.00000000 309.00000000
1184.00000000 336.00000000 4.00000000 291.00000000
825.00000000 543.00000000 5.00000000 223.00000000
