711.00000000 502.00000000 1.00000000 727.00000000
711.00000000 502.00000000 1.00000000 703.00000000
250.00000000 215.00000000 1.00000000 692.00000000
251.00000000 214.00000000 0.00000000 690.00000000
573.00000000 398.00000000 0.00000000 660.00000000
389.00000000 264.00000000 0.00000000 632.00000000
565.00000000 398.00000000 0.00000000 629.00000000
267.00000000 212.00000000 0.00000000 602.00000000
374.00000000 268.00000000 0.00000000 573.00000000
390.00000000 265.00000000 1.00000000 569.00000000
602.00000000 374.00000000 1.00000000 568.00000000
875.00000000 297.00000000 1.00000000 523.00000000
439.00000000 668.00000000 0.00000000 515.00000000
967.00000000 305.00000000 0.00000000 507.00000000
711.00000000 501.00000000 0.00000000 505.00000000
1050.00000000 510.00000000 1.00000000 503.00000000
250.00000000 214.00000000 1.00000000 500.00000000
118.00000000 468.00000000 2.00000000 499.00000000
288.00000000 267.00000000 1.00000000 497.00000000
374.00000000 269.00000000 1.00000000 493.00000000
1144.00000000 309.00000000 1.00000000 487.00000000
1030.00000000 319.00000000 1.00000000 486.00000000
788.00000000 522.00000000 2.00000000 481.00000000
721.00000000 411.00000000 0.00000000 479.00000000
1144.00000000 307.00000000 0.00000000 476.00000000
748.00000000 518.00000000 1.00000000 465.00000000
602.00000000 374.00000000 0.00000000 460.00000000
748.00000000 519.00000000 1.00000000 459.00000000
602.00000000 374.00000000 1.00000000 453.00000000
1050.00000000 514.00000000 2.00000000 451.00000000
439.00000000 670.00000000 1.00000000 448.00000000
148.00000000 466.00000000 2.00000000 446.00000000
1034.00000000 486.00000000 1.00000000 435.00000000
748.00000000 517.00000000 0.00000000 434.00000000
390.00000000 265.00000000 1.00000000 433.00000000
1050.00000000 510.00000000 1.00000000 433.00000000
859.00000000 298.00000000 1.00000000 432.00000000
1035.00000000 487.00000000 1.00000000 431.00000000
750.00000000 276.00000000 2.00000000 430.00000000
787.00000000 519.00000000 1.00000000 424.00000000
1030.00000000 509.00000000 1.00000000 421.00000000
749.00000000 274.00000000 2.00000000 418.00000000
1124.00000000 560.00000000 0.00000000 415.00000000
712.00000000 504.00000000 2.00000000 414.00000000
71.00000000 504.00000000 1.00000000 408.00000000
83.00000000 466.00000000 1.00000000 407.00000000
390.00000000 287.00000000 0.00000000 406.00000000
1029.00000000 511.00000000 1.00000000 404.00000000
999.00000000 203.00000000 1.00000000 402.00000000
71.00000000 504.00000000 0.00000000 401.00000000
840.00000000 584.00000000 0.00000000 398.00000000
764.00000000 518.00000000 1.00000000 391.00000000
573.00000000 398.00000000 1.00000000 391.00000000
288.00000000 265.00000000 0.00000000 389.00000000
749.00000000 274.00000000 1.00000000 388.00000000
1030.00000000 319.00000000 1.00000000 388.00000000
1034.00000000 485.00000000 0.00000000 387.00000000
874.00000000 296.00000000 0.00000000 386.00000000
267.00000000 213.00000000 1.00000000 385.00000000
374.00000000 302.00000000 0.00000000 385.00000000
910.00000000 309.00000000 0.00000000 383.00000000
859.00000000 321.00000000 1.00000000 383.00000000
1030.00000000 318.00000000 0.00000000 383.00000000
277.00000000 459.00000000 1.00000000 382.00000000
787.00000000 518.00000000 1.00000000 381.00000000
748.00000000 522.00000000 2.00000000 379.00000000
800.00000000 427.00000000 1.00000000 379.00000000
1077.00000000 320.00000000 1.00000000 376.00000000
118.00000000 469.00000000 2.00000000 376.00000000
1106.00000000 535.00000000 1.00000000 375.00000000
261.00000000 263.00000000 0.00000000 373.00000000
178.00000000 468.00000000 2.00000000 372.00000000
375.00000000 303.00000000 1.00000000 372.00000000
1050.00000000 509.00000000 0.00000000 370.00000000
1135.00000000 307.00000000 0.00000000 369.00000000
396.00000000 640.00000000 4.00000000 368.00000000
581.00000000 362.00000000 0.00000000 368.00000000
859.00000000 321.00000000 1.00000000 367.00000000
692.00000000 438.00000000 0.00000000 364.00000000
429.00000000 652.00000000 1.00000000 356.00000000
796.00000000 405.00000000 0.00000000 355.00000000
429.00000000 651.00000000 0.00000000 354.00000000
800.00000000 435.00000000 2.00000000 353.00000000
933.00000000 585.00000000 1.00000000 351.00000000
113.00000000 171.00000000 0.00000000 350.00000000
113.00000000 178.00000000 0.00000000 349.00000000
1108.00000000 509.00000000 0.00000000 347.00000000
214.00000000 462.00000000 0.00000000 347.00000000
800.00000000 426.00000000 0.00000000 346.00000000
1028.00000000 201.00000000 0.00000000 342.00000000
800.00000000 436.00000000 4.00000000 342.00000000
14.00000000 550.00000000 0.00000000 340.00000000
1216.00000000 321.00000000 0.00000000 339.00000000
1071.00000000 296.00000000 0.00000000 339.00000000
840.00000000 535.00000000 1.00000000 338.00000000
341.00000000 263.00000000 0.00000000 338.00000000
302.00000000 253.00000000 0.00000000 337.00000000
796.00000000 405.00000000 1.00000000 337.00000000
787.00000000 517.00000000 0.00000000 337.00000000
1076.00000000 319.00000000 0.00000000 336.00000000
971.00000000 204.00000000 1.00000000 336.00000000
1107.00000000 510.00000000 1.00000000 336.00000000
565.00000000 420.00000000 0.00000000 335.00000000
932.00000000 584.00000000 0.00000000 335.00000000
149.00000000 469.00000000 2.00000000 335.00000000
399.00000000 638.00000000 1.00000000 334.00000000
578.00000000 183.00000000 1.00000000 333.00000000
398.00000000 638.00000000 0.00000000 327.00000000
1028.00000000 208.00000000 0.00000000 326.00000000
276.00000000 456.00000000 0.00000000 325.00000000
966.00000000 297.00000000 0.00000000 322.00000000
1107.00000000 533.00000000 0.00000000 322.00000000
1028.00000000 218.00000000 0.00000000 319.00000000
764.00000000 517.00000000 0.00000000 319.00000000
1120.00000000 485.00000000 0.00000000 318.00000000
181.00000000 514.00000000 0.00000000 317.00000000
1017.00000000 317.00000000 0.00000000 317.00000000
433.00000000 633.00000000 0.00000000 317.00000000
840.00000000 533.00000000 0.00000000 316.00000000
1030.00000000 508.00000000 0.00000000 314.00000000
729.00000000 411.00000000 0.00000000 312.00000000
1009.00000000 508.00000000 0.00000000 309.00000000
556.00000000 146.00000000 0.00000000 307.00000000
869.00000000 418.00000000 0.00000000 305.00000000
1029.00000000 533.00000000 0.00000000 305.00000000
963.00000000 265.00000000 0.00000000 304.00000000
831.00000000 548.00000000 5.00000000 254.00000000
