179.00000000 468.00000000 0.00000000 529.00000000
256.00000000 462.00000000 1.00000000 484.00000000
256.00000000 462.00000000 0.00000000 457.00000000
180.00000000 469.00000000 1.00000000 445.00000000
1050.00000000 510.00000000 0.00000000 442.00000000
1016.00000000 53.00000000 0.00000000 419.00000000
1028.00000000 209.00000000 0.00000000 408.00000000
1042.00000000 510.00000000 0.00000000 407.00000000
256.00000000 470.00000000 0.00000000 407.00000000
389.00000000 264.00000000 0.00000000 403.00000000
276.00000000 461.00000000 0.00000000 392.00000000
256.00000000 478.00000000 0.00000000 374.00000000
277.00000000 470.00000000 0.00000000 367.00000000
554.00000000 166.00000000 2.00000000 361.00000000
149.00000000 468.00000000 0.00000000 360.00000000
214.00000000 468.00000000 0.00000000 353.00000000
1026.00000000 486.00000000 0.00000000 347.00000000
195.00000000 446.00000000 0.00000000 345.00000000
1033.00000000 486.00000000 0.00000000 343.00000000
288.00000000 268.00000000 1.00000000 343.00000000
953.00000000 316.00000000 0.00000000 340.00000000
256.00000000 364.00000000 0.00000000 340.00000000
1050.00000000 511.00000000 1.00000000 339.00000000
150.00000000 469.00000000 1.00000000 339.00000000
255.00000000 461.00000000 1.00000000 339.00000000
556.00000000 168.00000000 4.00000000 336.00000000
267.00000000 214.00000000 0.00000000 336.00000000
1116.00000000 322.00000000 0.00000000 335.00000000
390.00000000 266.00000000 1.00000000 334.00000000
146.00000000 466.00000000 2.00000000 333.00000000
1028.00000000 202.00000000 0.00000000 331.00000000
1108.00000000 347.00000000 0.00000000 330.00000000
94.00000000 415.00000000 0.00000000 329.00000000
1019.00000000 486.00000000 0.00000000 327.00000000
1017.00000000 319.00000000 1.00000000 327.00000000
374.00000000 268.00000000 0.00000000 323.00000000
276.00000000 462.00000000 1.00000000 319.00000000
897.00000000 297.00000000 1.00000000 316.00000000
582.00000000 362.00000000 1.00000000 314.00000000
311.00000000 435.00000000 2.00000000 314.00000000
566.00000000 398.00000000 0.00000000 311.00000000
461.00000000 644.00000000 0.00000000 310.00000000
1117.00000000 306.00000000 0.00000000 308.00000000
975.00000000 307.00000000 0.00000000 306.00000000
581.00000000 362.00000000 0.00000000 306.00000000
896.00000000 296.00000000 0.00000000 305.00000000
933.00000000 290.00000000 0.00000000 302.00000000
1031.00000000 320.00000000 1.00000000 301.00000000
975.00000000 308.00000000 1.00000000 301.00000000
1076.00000000 335.00000000 0.00000000 300.00000000
312.00000000 432.00000000 2.00000000 297.00000000
256.00000000 478.00000000 1.00000000 293.00000000
1018.00000000 318.00000000 1.00000000 291.00000000
277.00000000 478.00000000 0.00000000 290.00000000
972.00000000 253.00000000 0.00000000 290.00000000
1077.00000000 353.00000000 1.00000000 288.00000000
215.00000000 468.00000000 1.00000000 287.00000000
179.00000000 469.00000000 1.00000000 286.00000000
147.00000000 469.00000000 2.00000000 284.00000000
554.00000000 164.00000000 2.00000000 281.00000000
1017.00000000 318.00000000 0.00000000 281.00000000
973.00000000 254.00000000 1.00000000 280.00000000
1028.00000000 218.00000000 0.00000000 278.00000000
390.00000000 267.00000000 1.00000000 278.00000000
257.00000000 364.00000000 1.00000000 277.00000000
354.00000000 268.00000000 0.00000000 276.00000000
1109.00000000 319.00000000 0.00000000 275.00000000
1019.00000000 209.00000000 0.00000000 274.00000000
934.00000000 291.00000000 1.00000000 273.00000000
439.00000000 651.00000000 0.00000000 266.00000000
113.00000000 179.00000000 1.00000000 266.00000000
54.00000000 111.00000000 1.00000000 265.00000000
1032.00000000 319.00000000 1.00000000 264.00000000
312.00000000 436.00000000 4.00000000 262.00000000
312.00000000 439.00000000 1.00000000 262.00000000
439.00000000 652.00000000 1.00000000 261.00000000
288.00000000 268.00000000 1.00000000 256.00000000
573.00000000 398.00000000 0.00000000 253.00000000
554.00000000 169.00000000 5.00000000 253.00000000
113.00000000 178.00000000 0.00000000 252.00000000
148.00000000 462.00000000 0.00000000 250.00000000
390.00000000 288.00000000 0.00000000 250.00000000
1019.00000000 218.00000000 0.00000000 250.00000000
275.00000000 461.00000000 1.00000000 250.00000000
925.00000000 227.00000000 1.00000000 249.00000000
1050.00000000 511.00000000 1.00000000 249.00000000
82.00000000 461.00000000 0.00000000 249.00000000
277.00000000 470.00000000 1.00000000 248.00000000
191.00000000 414.00000000 0.00000000 247.00000000
147.00000000 462.00000000 1.00000000 247.00000000
299.00000000 138.00000000 0.00000000 246.00000000
280.00000000 371.00000000 0.00000000 242.00000000
287.00000000 267.00000000 0.00000000 242.00000000
1078.00000000 354.00000000 2.00000000 241.00000000
461.00000000 646.00000000 1.00000000 241.00000000
953.00000000 291.00000000 0.00000000 241.00000000
898.00000000 298.00000000 1.00000000 239.00000000
1117.00000000 306.00000000 1.00000000 237.00000000
1067.00000000 335.00000000 0.00000000 236.00000000
180.00000000 477.00000000 0.00000000 235.00000000
390.00000000 288.00000000 1.00000000 234.00000000
313.00000000 502.00000000 0.00000000 234.00000000
1016.00000000 54.00000000 1.00000000 233.00000000
113.00000000 171.00000000 0.00000000 231.00000000
111.00000000 178.00000000 1.00000000 230.00000000
1030.00000000 318.00000000 0.00000000 227.00000000
1076.00000000 335.00000000 1.00000000 225.00000000
191.00000000 415.00000000 1.00000000 224.00000000
94.00000000 416.00000000 1.00000000 224.00000000
926.00000000 227.00000000 0.00000000 223.00000000
404.00000000 264.00000000 0.00000000 221.00000000
312.00000000 429.00000000 1.00000000 220.00000000
1072.00000000 297.00000000 0.00000000 220.00000000
311.00000000 438.00000000 0.00000000 219.00000000
582.00000000 372.00000000 1.00000000 219.00000000
582.00000000 362.00000000 1.00000000 219.00000000
325.00000000 466.00000000 0.00000000 212.00000000
1034.00000000 488.00000000 1.00000000 212.00000000
390.00000000 287.00000000 1.00000000 212.00000000
142.00000000 395.00000000 0.00000000 211.00000000
253.00000000 377.00000000 0.00000000 211.00000000
256.00000000 462.00000000 2.00000000 209.00000000
554.00000000 161.00000000 1.00000000 201.00000000
1078.00000000 326.00000000 2.00000000 183.00000000
582.00000000 364.00000000 2.00000000 166.00000000
276.00000000 462.00000000 2.00000000 161.00000000
112.00000000 178.00000000 2.00000000 159.00000000
