180.00000000 468.00000000 0.00000000 633.00000000
573.00000000 398.00000000 0.00000000 586.00000000
374.00000000 268.00000000 0.00000000 576.00000000
390.00000000 265.00000000 1.00000000 567.00000000
390.00000000 264.00000000 0.00000000 553.00000000
1028.00000000 202.00000000 0.00000000 553.00000000
566.00000000 398.00000000 0.00000000 544.00000000
180.00000000 468.00000000 1.00000000 536.00000000
256.00000000 461.00000000 0.00000000 520.00000000
721.00000000 412.00000000 0.00000000 518.00000000
149.00000000 468.00000000 0.00000000 511.00000000
267.00000000 213.00000000 0.00000000 510.00000000
319.00000000 441.00000000 2.00000000 505.00000000
256.00000000 462.00000000 1.00000000 496.00000000
325.00000000 439.00000000 1.00000000 489.00000000
322.00000000 440.00000000 2.00000000 476.00000000
277.00000000 461.00000000 0.00000000 471.00000000
149.00000000 478.00000000 2.00000000 465.00000000
215.00000000 467.00000000 0.00000000 464.00000000
215.00000000 468.00000000 1.00000000 462.00000000
1108.00000000 347.00000000 0.00000000 458.00000000
953.00000000 316.00000000 0.00000000 457.00000000
1021.00000000 202.00000000 0.00000000 457.00000000
325.00000000 439.00000000 0.00000000 454.00000000
256.00000000 478.00000000 0.00000000 452.00000000
323.00000000 438.00000000 1.00000000 450.00000000
926.00000000 287.00000000 0.00000000 442.00000000
390.00000000 265.00000000 1.00000000 437.00000000
953.00000000 290.00000000 0.00000000 436.00000000
150.00000000 469.00000000 1.00000000 433.00000000
215.00000000 475.00000000 0.00000000 431.00000000
179.00000000 468.00000000 1.00000000 428.00000000
256.00000000 470.00000000 0.00000000 425.00000000
180.00000000 476.00000000 0.00000000 419.00000000
796.00000000 432.00000000 0.00000000 419.00000000
215.00000000 484.00000000 0.00000000 415.00000000
1157.00000000 346.00000000 0.00000000 411.00000000
390.00000000 287.00000000 0.00000000 409.00000000
375.00000000 268.00000000 1.00000000 409.00000000
1016.00000000 53.00000000 0.00000000 407.00000000
1115.00000000 351.00000000 0.00000000 407.00000000
320.00000000 444.00000000 4.00000000 407.00000000
70.00000000 398.00000000 0.00000000 405.00000000
255.00000000 461.00000000 1.00000000 400.00000000
821.00000000 309.00000000 0.00000000 395.00000000
180.00000000 486.00000000 0.00000000 393.00000000
953.00000000 383.00000000 1.00000000 386.00000000
972.00000000 253.00000000 0.00000000 385.00000000
214.00000000 466.00000000 1.00000000 380.00000000
299.00000000 138.00000000 0.00000000 379.00000000
1017.00000000 318.00000000 0.00000000 379.00000000
712.00000000 501.00000000 1.00000000 375.00000000
897.00000000 297.00000000 1.00000000 372.00000000
953.00000000 384.00000000 1.00000000 371.00000000
277.00000000 462.00000000 1.00000000 370.00000000
256.00000000 478.00000000 1.00000000 366.00000000
439.00000000 652.00000000 1.00000000 362.00000000
439.00000000 651.00000000 0.00000000 360.00000000
1028.00000000 218.00000000 0.00000000 360.00000000
780.00000000 419.00000000 0.00000000 352.00000000
150.00000000 478.00000000 2.00000000 349.00000000
875.00000000 297.00000000 1.00000000 349.00000000
1163.00000000 358.00000000 0.00000000 349.00000000
84.00000000 468.00000000 1.00000000 344.00000000
796.00000000 432.00000000 1.00000000 341.00000000
712.00000000 499.00000000 0.00000000 341.00000000
113.00000000 178.00000000 0.00000000 340.00000000
711.00000000 500.00000000 1.00000000 340.00000000
354.00000000 267.00000000 0.00000000 339.00000000
730.00000000 412.00000000 0.00000000 337.00000000
215.00000000 476.00000000 1.00000000 336.00000000
257.00000000 364.00000000 0.00000000 336.00000000
289.00000000 268.00000000 1.00000000 335.00000000
582.00000000 362.00000000 1.00000000 334.00000000
180.00000000 478.00000000 1.00000000 334.00000000
301.00000000 270.00000000 0.00000000 333.00000000
896.00000000 296.00000000 0.00000000 333.00000000
973.00000000 254.00000000 1.00000000 331.00000000
178.00000000 470.00000000 2.00000000 330.00000000
1017.00000000 319.00000000 1.00000000 329.00000000
215.00000000 485.00000000 1.00000000 326.00000000
84.00000000 468.00000000 0.00000000 325.00000000
83.00000000 468.00000000 1.00000000 321.00000000
277.00000000 478.00000000 0.00000000 321.00000000
277.00000000 470.00000000 0.00000000 320.00000000
910.00000000 309.00000000 0.00000000 317.00000000
113.00000000 179.00000000 1.00000000 317.00000000
113.00000000 171.00000000 0.00000000 317.00000000
722.00000000 413.00000000 1.00000000 314.00000000
277.00000000 461.00000000 1.00000000 313.00000000
574.00000000 398.00000000 1.00000000 309.00000000
974.00000000 307.00000000 0.00000000 306.00000000
554.00000000 166.00000000 2.00000000 302.00000000
556.00000000 168.00000000 4.00000000 301.00000000
582.00000000 361.00000000 0.00000000 297.00000000
288.00000000 268.00000000 0.00000000 297.00000000
1116.00000000 321.00000000 0.00000000 296.00000000
1117.00000000 306.00000000 0.00000000 295.00000000
953.00000000 316.00000000 1.00000000 293.00000000
1018.00000000 318.00000000 1.00000000 292.00000000
774.00000000 446.00000000 0.00000000 292.00000000
859.00000000 298.00000000 1.00000000 292.00000000
706.00000000 318.00000000 0.00000000 291.00000000
149.00000000 461.00000000 0.00000000 290.00000000
257.00000000 364.00000000 1.00000000 287.00000000
933.00000000 289.00000000 0.00000000 286.00000000
545.00000000 338.00000000 0.00000000 283.00000000
1020.00000000 218.00000000 0.00000000 279.00000000
253.00000000 377.00000000 0.00000000 279.00000000
781.00000000 419.00000000 1.00000000 278.00000000
94.00000000 415.00000000 0.00000000 277.00000000
142.00000000 395.00000000 0.00000000 277.00000000
438.00000000 653.00000000 1.00000000 276.00000000
149.00000000 468.00000000 1.00000000 274.00000000
582.00000000 372.00000000 1.00000000 273.00000000
693.00000000 446.00000000 1.00000000 273.00000000
268.00000000 214.00000000 1.00000000 273.00000000
316.00000000 446.00000000 5.00000000 273.00000000
1053.00000000 205.00000000 1.00000000 273.00000000
750.00000000 276.00000000 2.00000000 272.00000000
749.00000000 274.00000000 1.00000000 263.00000000
438.00000000 656.00000000 2.00000000 261.00000000
554.00000000 164.00000000 2.00000000 256.00000000
178.00000000 472.00000000 2.00000000 255.00000000
1001.00000000 205.00000000 1.00000000 251.00000000
214.00000000 468.00000000 2.00000000 223.00000000
954.00000000 384.00000000 2.00000000 218.00000000
