374.00000000 268.00000000 0.00000000 712.00000000
573.00000000 398.00000000 0.00000000 700.00000000
180.00000000 468.00000000 0.00000000 615.00000000
1028.00000000 209.00000000 0.00000000 600.00000000
566.00000000 398.00000000 0.00000000 589.00000000
180.00000000 469.00000000 1.00000000 558.00000000
721.00000000 412.00000000 0.00000000 554.00000000
390.00000000 265.00000000 1.00000000 546.00000000
389.00000000 264.00000000 0.00000000 544.00000000
267.00000000 213.00000000 0.00000000 542.00000000
374.00000000 268.00000000 1.00000000 531.00000000
84.00000000 467.00000000 0.00000000 516.00000000
711.00000000 502.00000000 1.00000000 506.00000000
953.00000000 315.00000000 0.00000000 499.00000000
256.00000000 461.00000000 0.00000000 495.00000000
84.00000000 468.00000000 1.00000000 475.00000000
256.00000000 462.00000000 1.00000000 469.00000000
711.00000000 502.00000000 1.00000000 468.00000000
179.00000000 468.00000000 1.00000000 465.00000000
277.00000000 461.00000000 0.00000000 461.00000000
120.00000000 468.00000000 0.00000000 459.00000000
180.00000000 486.00000000 0.00000000 455.00000000
119.00000000 469.00000000 1.00000000 447.00000000
1020.00000000 209.00000000 0.00000000 439.00000000
1163.00000000 317.00000000 1.00000000 436.00000000
1077.00000000 350.00000000 1.00000000 434.00000000
215.00000000 467.00000000 0.00000000 431.00000000
712.00000000 501.00000000 0.00000000 428.00000000
256.00000000 478.00000000 0.00000000 426.00000000
1050.00000000 509.00000000 0.00000000 425.00000000
390.00000000 265.00000000 1.00000000 423.00000000
1050.00000000 511.00000000 1.00000000 419.00000000
255.00000000 461.00000000 1.00000000 416.00000000
953.00000000 290.00000000 0.00000000 412.00000000
1050.00000000 514.00000000 2.00000000 407.00000000
1050.00000000 510.00000000 1.00000000 403.00000000
288.00000000 268.00000000 1.00000000 403.00000000
1137.00000000 322.00000000 0.00000000 398.00000000
215.00000000 468.00000000 1.00000000 397.00000000
149.00000000 472.00000000 2.00000000 396.00000000
1163.00000000 316.00000000 0.00000000 393.00000000
333.00000000 449.00000000 0.00000000 392.00000000
214.00000000 466.00000000 1.00000000 392.00000000
215.00000000 484.00000000 0.00000000 390.00000000
257.00000000 478.00000000 1.00000000 387.00000000
967.00000000 305.00000000 0.00000000 386.00000000
390.00000000 287.00000000 0.00000000 383.00000000
215.00000000 475.00000000 0.00000000 382.00000000
972.00000000 253.00000000 0.00000000 380.00000000
439.00000000 668.00000000 1.00000000 379.00000000
573.00000000 398.00000000 1.00000000 376.00000000
1136.00000000 323.00000000 1.00000000 374.00000000
1033.00000000 485.00000000 0.00000000 373.00000000
1035.00000000 487.00000000 1.00000000 370.00000000
1020.00000000 217.00000000 0.00000000 370.00000000
333.00000000 449.00000000 1.00000000 368.00000000
14.00000000 550.00000000 0.00000000 368.00000000
1077.00000000 349.00000000 1.00000000 367.00000000
113.00000000 178.00000000 0.00000000 367.00000000
730.00000000 412.00000000 0.00000000 363.00000000
859.00000000 298.00000000 1.00000000 362.00000000
256.00000000 470.00000000 0.00000000 362.00000000
277.00000000 462.00000000 1.00000000 361.00000000
1106.00000000 536.00000000 1.00000000 360.00000000
1028.00000000 542.00000000 0.00000000 358.00000000
180.00000000 477.00000000 0.00000000 358.00000000
1120.00000000 319.00000000 1.00000000 357.00000000
250.00000000 214.00000000 1.00000000 356.00000000
1071.00000000 296.00000000 0.00000000 356.00000000
113.00000000 179.00000000 1.00000000 353.00000000
582.00000000 362.00000000 1.00000000 353.00000000
277.00000000 478.00000000 0.00000000 352.00000000
328.00000000 449.00000000 2.00000000 352.00000000
820.00000000 309.00000000 0.00000000 351.00000000
933.00000000 290.00000000 0.00000000 350.00000000
875.00000000 297.00000000 1.00000000 350.00000000
1108.00000000 347.00000000 0.00000000 348.00000000
1028.00000000 218.00000000 0.00000000 347.00000000
118.00000000 468.00000000 1.00000000 344.00000000
1142.00000000 357.00000000 0.00000000 343.00000000
83.00000000 468.00000000 1.00000000 343.00000000
1162.00000000 316.00000000 1.00000000 342.00000000
1120.00000000 318.00000000 1.00000000 342.00000000
579.00000000 184.00000000 1.00000000 342.00000000
705.00000000 318.00000000 0.00000000 342.00000000
178.00000000 470.00000000 2.00000000 341.00000000
1143.00000000 331.00000000 0.00000000 340.00000000
1021.00000000 202.00000000 0.00000000 339.00000000
1030.00000000 513.00000000 1.00000000 339.00000000
215.00000000 484.00000000 1.00000000 336.00000000
1117.00000000 306.00000000 0.00000000 335.00000000
960.00000000 316.00000000 0.00000000 334.00000000
581.00000000 362.00000000 0.00000000 332.00000000
257.00000000 364.00000000 0.00000000 330.00000000
1144.00000000 307.00000000 0.00000000 328.00000000
277.00000000 461.00000000 1.00000000 326.00000000
439.00000000 667.00000000 0.00000000 324.00000000
248.00000000 213.00000000 1.00000000 324.00000000
181.00000000 487.00000000 1.00000000 324.00000000
1081.00000000 509.00000000 0.00000000 322.00000000
1120.00000000 318.00000000 0.00000000 322.00000000
1028.00000000 209.00000000 1.00000000 320.00000000
1017.00000000 316.00000000 0.00000000 319.00000000
181.00000000 478.00000000 1.00000000 319.00000000
1029.00000000 542.00000000 1.00000000 317.00000000
693.00000000 446.00000000 1.00000000 317.00000000
973.00000000 254.00000000 1.00000000 315.00000000
579.00000000 184.00000000 0.00000000 315.00000000
251.00000000 214.00000000 0.00000000 315.00000000
1106.00000000 535.00000000 0.00000000 315.00000000
113.00000000 171.00000000 0.00000000 314.00000000
910.00000000 309.00000000 0.00000000 314.00000000
966.00000000 297.00000000 0.00000000 312.00000000
750.00000000 276.00000000 2.00000000 310.00000000
780.00000000 419.00000000 0.00000000 308.00000000
444.00000000 624.00000000 0.00000000 306.00000000
813.00000000 304.00000000 0.00000000 306.00000000
812.00000000 538.00000000 2.00000000 293.00000000
324.00000000 452.00000000 4.00000000 292.00000000
1030.00000000 514.00000000 2.00000000 283.00000000
1078.00000000 324.00000000 2.00000000 282.00000000
1136.00000000 322.00000000 2.00000000 277.00000000
1078.00000000 352.00000000 2.00000000 276.00000000
152.00000000 476.00000000 4.00000000 274.00000000
554.00000000 166.00000000 2.00000000 273.00000000
811.00000000 540.00000000 2.00000000 263.00000000
548.00000000 169.00000000 5.00000000 249.00000000
