263.00000000 33.00000000 0.00000000 777.00000000
581.00000000 125.00000000 0.00000000 702.00000000
581.00000000 125.00000000 1.00000000 696.00000000
147.00000000 243.00000000 2.00000000 680.00000000
330.00000000 120.00000000 0.00000000 669.00000000
263.00000000 33.00000000 1.00000000 667.00000000
331.00000000 259.00000000 0.00000000 661.00000000
148.00000000 242.00000000 2.00000000 624.00000000
148.00000000 239.00000000 1.00000000 597.00000000
582.00000000 130.00000000 2.00000000 595.00000000
581.00000000 127.00000000 1.00000000 592.00000000
331.00000000 260.00000000 1.00000000 570.00000000
582.00000000 128.00000000 2.00000000 562.00000000
144.00000000 240.00000000 4.00000000 559.00000000
481.00000000 223.00000000 1.00000000 559.00000000
381.00000000 235.00000000 0.00000000 552.00000000
109.00000000 123.00000000 0.00000000 549.00000000
481.00000000 222.00000000 0.00000000 548.00000000
147.00000000 239.00000000 1.00000000 546.00000000
481.00000000 145.00000000 1.00000000 541.00000000
261.00000000 130.00000000 1.00000000 524.00000000
480.00000000 223.00000000 1.00000000 520.00000000
480.00000000 132.00000000 4.00000000 517.00000000
147.00000000 238.00000000 0.00000000 516.00000000
390.00000000 32.00000000 0.00000000 515.00000000
586.00000000 240.00000000 2.00000000 512.00000000
263.00000000 33.00000000 1.00000000 511.00000000
109.00000000 123.00000000 1.00000000 511.00000000
138.00000000 135.00000000 2.00000000 508.00000000
480.00000000 130.00000000 2.00000000 499.00000000
141.00000000 129.00000000 1.00000000 496.00000000
261.00000000 224.00000000 1.00000000 496.00000000
261.00000000 129.00000000 0.00000000 495.00000000
260.00000000 224.00000000 1.00000000 481.00000000
516.00000000 32.00000000 0.00000000 480.00000000
482.00000000 226.00000000 2.00000000 472.00000000
368.00000000 240.00000000 2.00000000 469.00000000
111.00000000 260.00000000 0.00000000 466.00000000
330.00000000 121.00000000 1.00000000 452.00000000
140.00000000 130.00000000 1.00000000 446.00000000
390.00000000 33.00000000 1.00000000 443.00000000
480.00000000 145.00000000 1.00000000 442.00000000
480.00000000 130.00000000 2.00000000 441.00000000
481.00000000 130.00000000 1.00000000 440.00000000
260.00000000 223.00000000 0.00000000 437.00000000
61.00000000 342.00000000 1.00000000 437.00000000
141.00000000 128.00000000 0.00000000 434.00000000
60.00000000 342.00000000 0.00000000 429.00000000
367.00000000 237.00000000 1.00000000 428.00000000
480.00000000 130.00000000 1.00000000 427.00000000
260.00000000 131.00000000 1.00000000 426.00000000
148.00000000 246.00000000 0.00000000 423.00000000
482.00000000 291.00000000 1.00000000 421.00000000
332.00000000 261.00000000 1.00000000 419.00000000
516.00000000 33.00000000 1.00000000 416.00000000
149.00000000 209.00000000 1.00000000 416.00000000
140.00000000 132.00000000 2.00000000 413.00000000
481.00000000 292.00000000 0.00000000 410.00000000
260.00000000 226.00000000 2.00000000 409.00000000
581.00000000 142.00000000 0.00000000 405.00000000
331.00000000 236.00000000 1.00000000 404.00000000
456.00000000 292.00000000 0.00000000 401.00000000
368.00000000 236.00000000 1.00000000 398.00000000
331.00000000 291.00000000 0.00000000 395.00000000
330.00000000 236.00000000 0.00000000 392.00000000
585.00000000 237.00000000 1.00000000 389.00000000
455.00000000 292.00000000 1.00000000 386.00000000
691.00000000 65.00000000 0.00000000 378.00000000
585.00000000 236.00000000 1.00000000 375.00000000
138.00000000 34.00000000 1.00000000 375.00000000
138.00000000 33.00000000 0.00000000 361.00000000
150.00000000 93.00000000 0.00000000 361.00000000
480.00000000 291.00000000 1.00000000 359.00000000
148.00000000 209.00000000 1.00000000 356.00000000
150.00000000 93.00000000 1.00000000 356.00000000
480.00000000 146.00000000 0.00000000 353.00000000
149.00000000 209.00000000 0.00000000 353.00000000
581.00000000 142.00000000 1.00000000 349.00000000
330.00000000 132.00000000 0.00000000 347.00000000
480.00000000 130.00000000 0.00000000 346.00000000
514.00000000 33.00000000 1.00000000 343.00000000
111.00000000 261.00000000 1.00000000 339.00000000
330.00000000 107.00000000 0.00000000 336.00000000
273.00000000 168.00000000 1.00000000 335.00000000
520.00000000 260.00000000 0.00000000 334.00000000
520.00000000 261.00000000 1.00000000 334.00000000
381.00000000 236.00000000 1.00000000 329.00000000
453.00000000 291.00000000 1.00000000 328.00000000
271.00000000 320.00000000 0.00000000 316.00000000
482.00000000 253.00000000 0.00000000 315.00000000
585.00000000 236.00000000 0.00000000 314.00000000
249.00000000 293.00000000 0.00000000 311.00000000
480.00000000 167.00000000 0.00000000 310.00000000
111.00000000 238.00000000 0.00000000 308.00000000
381.00000000 120.00000000 0.00000000 307.00000000
14.00000000 12.00000000 0.00000000 299.00000000
481.00000000 268.00000000 0.00000000 297.00000000
109.00000000 141.00000000 0.00000000 295.00000000
111.00000000 246.00000000 0.00000000 295.00000000
109.00000000 154.00000000 0.00000000 294.00000000
272.00000000 168.00000000 0.00000000 294.00000000
273.00000000 186.00000000 1.00000000 294.00000000
261.00000000 239.00000000 0.00000000 294.00000000
480.00000000 135.00000000 5.00000000 294.00000000
110.00000000 153.00000000 1.00000000 293.00000000
272.00000000 185.00000000 0.00000000 293.00000000
585.00000000 244.00000000 0.00000000 292.00000000
261.00000000 240.00000000 1.00000000 281.00000000
141.00000000 318.00000000 0.00000000 281.00000000
109.00000000 101.00000000 0.00000000 281.00000000
381.00000000 290.00000000 0.00000000 278.00000000
109.00000000 101.00000000 1.00000000 276.00000000
262.00000000 269.00000000 0.00000000 271.00000000
380.00000000 259.00000000 0.00000000 267.00000000
589.00000000 172.00000000 0.00000000 266.00000000
640.00000000 38.00000000 0.00000000 257.00000000
589.00000000 118.00000000 0.00000000 254.00000000
468.00000000 287.00000000 0.00000000 252.00000000
272.00000000 174.00000000 0.00000000 250.00000000
141.00000000 142.00000000 0.00000000 241.00000000
346.00000000 236.00000000 0.00000000 241.00000000
370.00000000 291.00000000 0.00000000 236.00000000
368.00000000 235.00000000 0.00000000 235.00000000
331.00000000 246.00000000 0.00000000 234.00000000
482.00000000 245.00000000 0.00000000 229.00000000
482.00000000 236.00000000 0.00000000 227.00000000
260.00000000 154.00000000 0.00000000 226.00000000
