150.00000000 242.00000000 2.00000000 638.00000000
264.00000000 271.00000000 1.00000000 617.00000000
149.00000000 243.00000000 2.00000000 614.00000000
264.00000000 270.00000000 0.00000000 567.00000000
148.00000000 240.00000000 4.00000000 546.00000000
19.00000000 330.00000000 0.00000000 544.00000000
263.00000000 272.00000000 1.00000000 541.00000000
149.00000000 240.00000000 1.00000000 530.00000000
16.00000000 343.00000000 1.00000000 506.00000000
642.00000000 330.00000000 0.00000000 497.00000000
81.00000000 256.00000000 0.00000000 456.00000000
265.00000000 33.00000000 0.00000000 456.00000000
79.00000000 267.00000000 0.00000000 413.00000000
60.00000000 328.00000000 0.00000000 409.00000000
20.00000000 331.00000000 1.00000000 407.00000000
82.00000000 256.00000000 1.00000000 397.00000000
528.00000000 272.00000000 4.00000000 386.00000000
482.00000000 223.00000000 1.00000000 382.00000000
16.00000000 340.00000000 0.00000000 378.00000000
16.00000000 352.00000000 0.00000000 373.00000000
152.00000000 64.00000000 2.00000000 373.00000000
391.00000000 33.00000000 0.00000000 371.00000000
264.00000000 274.00000000 2.00000000 366.00000000
147.00000000 243.00000000 5.00000000 363.00000000
261.00000000 224.00000000 1.00000000 362.00000000
150.00000000 239.00000000 1.00000000 361.00000000
265.00000000 34.00000000 1.00000000 359.00000000
262.00000000 224.00000000 1.00000000 359.00000000
516.00000000 33.00000000 0.00000000 354.00000000
391.00000000 34.00000000 1.00000000 353.00000000
152.00000000 65.00000000 2.00000000 353.00000000
314.00000000 311.00000000 0.00000000 345.00000000
516.00000000 35.00000000 1.00000000 342.00000000
263.00000000 258.00000000 1.00000000 338.00000000
381.00000000 237.00000000 1.00000000 323.00000000
262.00000000 223.00000000 0.00000000 318.00000000
482.00000000 222.00000000 0.00000000 314.00000000
268.00000000 330.00000000 1.00000000 313.00000000
24.00000000 323.00000000 0.00000000 312.00000000
642.00000000 331.00000000 1.00000000 306.00000000
482.00000000 223.00000000 1.00000000 301.00000000
401.00000000 65.00000000 2.00000000 300.00000000
148.00000000 328.00000000 2.00000000 298.00000000
268.00000000 330.00000000 2.00000000 291.00000000
382.00000000 237.00000000 1.00000000 289.00000000
268.00000000 329.00000000 1.00000000 288.00000000
148.00000000 326.00000000 1.00000000 288.00000000
267.00000000 330.00000000 0.00000000 284.00000000
277.00000000 65.00000000 2.00000000 280.00000000
113.00000000 261.00000000 1.00000000 280.00000000
514.00000000 35.00000000 1.00000000 279.00000000
383.00000000 259.00000000 1.00000000 276.00000000
113.00000000 237.00000000 1.00000000 274.00000000
469.00000000 287.00000000 0.00000000 274.00000000
238.00000000 263.00000000 0.00000000 272.00000000
22.00000000 323.00000000 1.00000000 267.00000000
144.00000000 331.00000000 0.00000000 267.00000000
262.00000000 226.00000000 2.00000000 264.00000000
18.00000000 379.00000000 0.00000000 263.00000000
18.00000000 380.00000000 1.00000000 263.00000000
278.00000000 64.00000000 2.00000000 261.00000000
482.00000000 226.00000000 2.00000000 261.00000000
82.00000000 255.00000000 1.00000000 258.00000000
239.00000000 293.00000000 0.00000000 257.00000000
250.00000000 254.00000000 0.00000000 256.00000000
113.00000000 260.00000000 0.00000000 251.00000000
388.00000000 35.00000000 1.00000000 249.00000000
261.00000000 241.00000000 1.00000000 248.00000000
149.00000000 238.00000000 0.00000000 244.00000000
263.00000000 35.00000000 1.00000000 244.00000000
60.00000000 329.00000000 1.00000000 240.00000000
517.00000000 333.00000000 0.00000000 237.00000000
145.00000000 331.00000000 1.00000000 236.00000000
111.00000000 123.00000000 0.00000000 235.00000000
19.00000000 56.00000000 0.00000000 234.00000000
391.00000000 333.00000000 0.00000000 233.00000000
391.00000000 329.00000000 1.00000000 233.00000000
263.00000000 287.00000000 1.00000000 232.00000000
260.00000000 41.00000000 0.00000000 232.00000000
263.00000000 293.00000000 0.00000000 231.00000000
60.00000000 345.00000000 0.00000000 230.00000000
371.00000000 291.00000000 0.00000000 229.00000000
483.00000000 270.00000000 1.00000000 225.00000000
483.00000000 241.00000000 1.00000000 224.00000000
51.00000000 361.00000000 1.00000000 224.00000000
263.00000000 263.00000000 0.00000000 223.00000000
509.00000000 311.00000000 0.00000000 220.00000000
263.00000000 255.00000000 1.00000000 219.00000000
264.00000000 293.00000000 1.00000000 219.00000000
482.00000000 260.00000000 0.00000000 217.00000000
112.00000000 236.00000000 0.00000000 216.00000000
396.00000000 173.00000000 0.00000000 214.00000000
238.00000000 270.00000000 0.00000000 214.00000000
392.00000000 332.00000000 1.00000000 214.00000000
598.00000000 258.00000000 0.00000000 212.00000000
263.00000000 242.00000000 1.00000000 212.00000000
263.00000000 254.00000000 0.00000000 211.00000000
482.00000000 253.00000000 0.00000000 210.00000000
20.00000000 58.00000000 1.00000000 209.00000000
315.00000000 312.00000000 1.00000000 209.00000000
60.00000000 346.00000000 1.00000000 208.00000000
50.00000000 361.00000000 0.00000000 207.00000000
521.00000000 260.00000000 0.00000000 205.00000000
333.00000000 260.00000000 1.00000000 204.00000000
333.00000000 259.00000000 0.00000000 204.00000000
238.00000000 254.00000000 0.00000000 201.00000000
482.00000000 268.00000000 0.00000000 201.00000000
238.00000000 293.00000000 1.00000000 200.00000000
111.00000000 124.00000000 1.00000000 200.00000000
19.00000000 26.00000000 0.00000000 198.00000000
647.00000000 318.00000000 0.00000000 198.00000000
382.00000000 236.00000000 0.00000000 198.00000000
513.00000000 43.00000000 0.00000000 196.00000000
658.00000000 337.00000000 0.00000000 194.00000000
382.00000000 258.00000000 0.00000000 193.00000000
250.00000000 270.00000000 0.00000000 192.00000000
649.00000000 338.00000000 0.00000000 184.00000000
154.00000000 56.00000000 0.00000000 174.00000000
332.00000000 236.00000000 0.00000000 173.00000000
264.00000000 284.00000000 0.00000000 169.00000000
250.00000000 263.00000000 0.00000000 167.00000000
48.00000000 344.00000000 0.00000000 166.00000000
22.00000000 253.00000000 0.00000000 165.00000000
70.00000000 316.00000000 0.00000000 165.00000000
649.00000000 354.00000000 0.00000000 160.00000000
236.00000000 305.00000000 0.00000000 159.00000000
422.00000000 357.00000000 0.00000000 159.00000000
