147.00000000 239.00000000 0.00000000 799.00000000
581.00000000 125.00000000 0.00000000 755.00000000
148.00000000 239.00000000 1.00000000 743.00000000
581.00000000 126.00000000 1.00000000 741.00000000
149.00000000 189.00000000 1.00000000 705.00000000
332.00000000 285.00000000 0.00000000 687.00000000
481.00000000 146.00000000 1.00000000 686.00000000
262.00000000 131.00000000 1.00000000 683.00000000
482.00000000 223.00000000 1.00000000 676.00000000
581.00000000 127.00000000 1.00000000 672.00000000
263.00000000 33.00000000 0.00000000 665.00000000
261.00000000 130.00000000 0.00000000 627.00000000
582.00000000 128.00000000 2.00000000 611.00000000
331.00000000 260.00000000 0.00000000 599.00000000
264.00000000 34.00000000 1.00000000 591.00000000
480.00000000 144.00000000 0.00000000 587.00000000
482.00000000 226.00000000 2.00000000 584.00000000
148.00000000 189.00000000 1.00000000 581.00000000
482.00000000 222.00000000 0.00000000 580.00000000
480.00000000 223.00000000 1.00000000 574.00000000
141.00000000 135.00000000 2.00000000 564.00000000
261.00000000 131.00000000 1.00000000 559.00000000
142.00000000 129.00000000 0.00000000 556.00000000
141.00000000 130.00000000 1.00000000 551.00000000
480.00000000 229.00000000 2.00000000 546.00000000
148.00000000 244.00000000 2.00000000 535.00000000
516.00000000 34.00000000 1.00000000 532.00000000
582.00000000 130.00000000 2.00000000 530.00000000
516.00000000 33.00000000 0.00000000 528.00000000
147.00000000 243.00000000 2.00000000 515.00000000
332.00000000 261.00000000 1.00000000 511.00000000
148.00000000 241.00000000 1.00000000 509.00000000
140.00000000 134.00000000 2.00000000 502.00000000
111.00000000 239.00000000 0.00000000 485.00000000
138.00000000 33.00000000 0.00000000 482.00000000
369.00000000 236.00000000 1.00000000 472.00000000
391.00000000 33.00000000 0.00000000 472.00000000
368.00000000 242.00000000 2.00000000 471.00000000
148.00000000 246.00000000 0.00000000 464.00000000
261.00000000 153.00000000 0.00000000 459.00000000
111.00000000 260.00000000 0.00000000 454.00000000
367.00000000 239.00000000 1.00000000 454.00000000
396.00000000 64.00000000 4.00000000 449.00000000
149.00000000 189.00000000 0.00000000 449.00000000
262.00000000 153.00000000 1.00000000 449.00000000
141.00000000 130.00000000 1.00000000 436.00000000
261.00000000 224.00000000 1.00000000 435.00000000
263.00000000 33.00000000 1.00000000 430.00000000
516.00000000 33.00000000 1.00000000 430.00000000
139.00000000 34.00000000 1.00000000 421.00000000
110.00000000 124.00000000 1.00000000 417.00000000
112.00000000 246.00000000 0.00000000 417.00000000
261.00000000 223.00000000 0.00000000 410.00000000
381.00000000 234.00000000 0.00000000 408.00000000
481.00000000 137.00000000 0.00000000 407.00000000
400.00000000 62.00000000 2.00000000 405.00000000
149.00000000 205.00000000 1.00000000 404.00000000
391.00000000 33.00000000 1.00000000 403.00000000
149.00000000 205.00000000 0.00000000 401.00000000
260.00000000 151.00000000 1.00000000 398.00000000
148.00000000 190.00000000 2.00000000 393.00000000
260.00000000 224.00000000 1.00000000 391.00000000
112.00000000 239.00000000 1.00000000 390.00000000
144.00000000 240.00000000 4.00000000 382.00000000
110.00000000 123.00000000 0.00000000 380.00000000
260.00000000 228.00000000 2.00000000 379.00000000
381.00000000 260.00000000 0.00000000 378.00000000
262.00000000 288.00000000 1.00000000 375.00000000
480.00000000 145.00000000 1.00000000 372.00000000
142.00000000 142.00000000 0.00000000 356.00000000
520.00000000 263.00000000 1.00000000 353.00000000
480.00000000 130.00000000 1.00000000 350.00000000
142.00000000 142.00000000 1.00000000 349.00000000
263.00000000 287.00000000 1.00000000 347.00000000
521.00000000 262.00000000 1.00000000 344.00000000
480.00000000 131.00000000 1.00000000 343.00000000
260.00000000 237.00000000 5.00000000 343.00000000
369.00000000 234.00000000 0.00000000 339.00000000
137.00000000 35.00000000 1.00000000 339.00000000
332.00000000 286.00000000 1.00000000 337.00000000
482.00000000 270.00000000 1.00000000 332.00000000
313.00000000 76.00000000 0.00000000 328.00000000
331.00000000 246.00000000 0.00000000 324.00000000
112.00000000 261.00000000 1.00000000 323.00000000
262.00000000 271.00000000 1.00000000 320.00000000
586.00000000 237.00000000 1.00000000 320.00000000
657.00000000 338.00000000 0.00000000 319.00000000
331.00000000 235.00000000 0.00000000 312.00000000
482.00000000 268.00000000 0.00000000 307.00000000
456.00000000 292.00000000 0.00000000 307.00000000
263.00000000 270.00000000 0.00000000 303.00000000
468.00000000 152.00000000 0.00000000 298.00000000
332.00000000 272.00000000 0.00000000 298.00000000
521.00000000 260.00000000 0.00000000 296.00000000
468.00000000 152.00000000 1.00000000 292.00000000
582.00000000 142.00000000 0.00000000 291.00000000
642.00000000 331.00000000 0.00000000 290.00000000
381.00000000 235.00000000 1.00000000 288.00000000
565.00000000 236.00000000 0.00000000 286.00000000
331.00000000 236.00000000 1.00000000 283.00000000
249.00000000 293.00000000 1.00000000 282.00000000
456.00000000 292.00000000 1.00000000 281.00000000
473.00000000 103.00000000 0.00000000 280.00000000
112.00000000 273.00000000 0.00000000 279.00000000
112.00000000 291.00000000 0.00000000 274.00000000
112.00000000 285.00000000 0.00000000 273.00000000
249.00000000 293.00000000 0.00000000 269.00000000
639.00000000 33.00000000 0.00000000 267.00000000
482.00000000 292.00000000 0.00000000 266.00000000
138.00000000 239.00000000 0.00000000 261.00000000
313.00000000 82.00000000 0.00000000 259.00000000
330.00000000 120.00000000 0.00000000 256.00000000
649.00000000 339.00000000 0.00000000 255.00000000
381.00000000 149.00000000 0.00000000 254.00000000
565.00000000 108.00000000 0.00000000 253.00000000
262.00000000 289.00000000 0.00000000 252.00000000
18.00000000 56.00000000 0.00000000 249.00000000
690.00000000 66.00000000 0.00000000 245.00000000
400.00000000 56.00000000 0.00000000 245.00000000
586.00000000 236.00000000 0.00000000 237.00000000
359.00000000 246.00000000 0.00000000 234.00000000
480.00000000 129.00000000 0.00000000 234.00000000
449.00000000 173.00000000 0.00000000 232.00000000
571.00000000 107.00000000 0.00000000 231.00000000
482.00000000 283.00000000 0.00000000 229.00000000
576.00000000 244.00000000 0.00000000 228.00000000
567.00000000 143.00000000 0.00000000 223.00000000
