366.00000000 103.00000000 1.00000000 607.00000000
367.00000000 102.00000000 1.00000000 580.00000000
260.00000000 226.00000000 1.00000000 492.00000000
261.00000000 225.00000000 1.00000000 491.00000000
480.00000000 224.00000000 1.00000000 490.00000000
366.00000000 104.00000000 2.00000000 472.00000000
481.00000000 224.00000000 1.00000000 447.00000000
367.00000000 240.00000000 1.00000000 436.00000000
366.00000000 101.00000000 0.00000000 429.00000000
260.00000000 228.00000000 2.00000000 424.00000000
482.00000000 226.00000000 2.00000000 416.00000000
368.00000000 242.00000000 2.00000000 400.00000000
479.00000000 84.00000000 1.00000000 391.00000000
331.00000000 260.00000000 0.00000000 386.00000000
480.00000000 84.00000000 1.00000000 383.00000000
260.00000000 84.00000000 0.00000000 377.00000000
261.00000000 224.00000000 0.00000000 371.00000000
260.00000000 85.00000000 1.00000000 369.00000000
331.00000000 238.00000000 1.00000000 366.00000000
260.00000000 84.00000000 1.00000000 360.00000000
332.00000000 261.00000000 1.00000000 358.00000000
364.00000000 101.00000000 2.00000000 350.00000000
368.00000000 239.00000000 1.00000000 348.00000000
140.00000000 134.00000000 2.00000000 345.00000000
331.00000000 237.00000000 0.00000000 343.00000000
481.00000000 222.00000000 0.00000000 342.00000000
555.00000000 103.00000000 0.00000000 338.00000000
330.00000000 122.00000000 0.00000000 337.00000000
480.00000000 86.00000000 2.00000000 334.00000000
480.00000000 229.00000000 2.00000000 332.00000000
330.00000000 98.00000000 0.00000000 329.00000000
331.00000000 123.00000000 1.00000000 327.00000000
380.00000000 260.00000000 0.00000000 323.00000000
381.00000000 261.00000000 1.00000000 318.00000000
331.00000000 100.00000000 1.00000000 317.00000000
260.00000000 229.00000000 2.00000000 315.00000000
138.00000000 135.00000000 2.00000000 308.00000000
140.00000000 131.00000000 1.00000000 308.00000000
380.00000000 122.00000000 1.00000000 303.00000000
379.00000000 98.00000000 0.00000000 301.00000000
586.00000000 236.00000000 1.00000000 299.00000000
379.00000000 121.00000000 0.00000000 295.00000000
145.00000000 101.00000000 1.00000000 295.00000000
141.00000000 131.00000000 1.00000000 295.00000000
260.00000000 86.00000000 2.00000000 288.00000000
260.00000000 232.00000000 4.00000000 286.00000000
480.00000000 83.00000000 0.00000000 284.00000000
379.00000000 99.00000000 1.00000000 284.00000000
331.00000000 152.00000000 1.00000000 280.00000000
480.00000000 232.00000000 4.00000000 274.00000000
260.00000000 237.00000000 5.00000000 272.00000000
586.00000000 236.00000000 0.00000000 272.00000000
145.00000000 101.00000000 0.00000000 266.00000000
145.00000000 101.00000000 1.00000000 264.00000000
555.00000000 103.00000000 1.00000000 260.00000000
388.00000000 35.00000000 1.00000000 251.00000000
330.00000000 152.00000000 0.00000000 251.00000000
144.00000000 104.00000000 2.00000000 250.00000000
332.00000000 263.00000000 1.00000000 249.00000000
380.00000000 152.00000000 1.00000000 247.00000000
380.00000000 123.00000000 1.00000000 242.00000000
390.00000000 34.00000000 1.00000000 238.00000000
480.00000000 291.00000000 1.00000000 236.00000000
381.00000000 263.00000000 1.00000000 235.00000000
263.00000000 35.00000000 1.00000000 235.00000000
330.00000000 239.00000000 1.00000000 224.00000000
330.00000000 124.00000000 1.00000000 223.00000000
263.00000000 35.00000000 1.00000000 222.00000000
516.00000000 34.00000000 1.00000000 221.00000000
381.00000000 239.00000000 1.00000000 214.00000000
368.00000000 237.00000000 0.00000000 212.00000000
391.00000000 33.00000000 0.00000000 203.00000000
138.00000000 35.00000000 1.00000000 199.00000000
380.00000000 238.00000000 0.00000000 198.00000000
520.00000000 263.00000000 1.00000000 195.00000000
481.00000000 292.00000000 1.00000000 194.00000000
141.00000000 130.00000000 0.00000000 193.00000000
379.00000000 152.00000000 0.00000000 190.00000000
516.00000000 33.00000000 0.00000000 177.00000000
481.00000000 271.00000000 1.00000000 176.00000000
263.00000000 34.00000000 0.00000000 173.00000000
110.00000000 137.00000000 0.00000000 157.00000000
381.00000000 284.00000000 0.00000000 156.00000000
262.00000000 288.00000000 1.00000000 149.00000000
138.00000000 34.00000000 0.00000000 149.00000000
481.00000000 292.00000000 0.00000000 148.00000000
110.00000000 124.00000000 1.00000000 142.00000000
481.00000000 269.00000000 0.00000000 139.00000000
520.00000000 262.00000000 0.00000000 139.00000000
110.00000000 137.00000000 1.00000000 136.00000000
262.00000000 272.00000000 1.00000000 136.00000000
381.00000000 285.00000000 1.00000000 133.00000000
110.00000000 123.00000000 0.00000000 128.00000000
397.00000000 62.00000000 0.00000000 128.00000000
346.00000000 246.00000000 0.00000000 120.00000000
248.00000000 224.00000000 0.00000000 119.00000000
456.00000000 223.00000000 0.00000000 119.00000000
331.00000000 246.00000000 0.00000000 118.00000000
480.00000000 130.00000000 0.00000000 117.00000000
330.00000000 135.00000000 0.00000000 113.00000000
345.00000000 100.00000000 0.00000000 112.00000000
520.00000000 62.00000000 0.00000000 111.00000000
354.00000000 153.00000000 0.00000000 111.00000000
331.00000000 287.00000000 0.00000000 107.00000000
193.00000000 62.00000000 0.00000000 100.00000000
481.00000000 260.00000000 0.00000000 98.00000000
593.00000000 101.00000000 0.00000000 97.00000000
262.00000000 270.00000000 0.00000000 97.00000000
272.00000000 62.00000000 0.00000000 96.00000000
261.00000000 240.00000000 0.00000000 96.00000000
110.00000000 100.00000000 0.00000000 96.00000000
262.00000000 286.00000000 0.00000000 95.00000000
482.00000000 239.00000000 0.00000000 95.00000000
234.00000000 84.00000000 0.00000000 93.00000000
449.00000000 174.00000000 0.00000000 92.00000000
236.00000000 224.00000000 0.00000000 90.00000000
468.00000000 223.00000000 0.00000000 89.00000000
249.00000000 292.00000000 0.00000000 87.00000000
247.00000000 84.00000000 0.00000000 84.00000000
455.00000000 292.00000000 0.00000000 84.00000000
79.00000000 265.00000000 0.00000000 83.00000000
120.00000000 155.00000000 0.00000000 83.00000000
111.00000000 260.00000000 0.00000000 82.00000000
594.00000000 123.00000000 0.00000000 82.00000000
358.00000000 318.00000000 0.00000000 82.00000000
120.00000000 176.00000000 0.00000000 81.00000000
519.00000000 287.00000000 0.00000000 81.00000000
