366.00000000 103.00000000 1.00000000 600.00000000
366.00000000 101.00000000 1.00000000 570.00000000
260.00000000 226.00000000 1.00000000 483.00000000
480.00000000 224.00000000 1.00000000 475.00000000
366.00000000 104.00000000 2.00000000 458.00000000
261.00000000 225.00000000 1.00000000 450.00000000
481.00000000 223.00000000 1.00000000 448.00000000
479.00000000 84.00000000 1.00000000 435.00000000
480.00000000 84.00000000 1.00000000 431.00000000
367.00000000 240.00000000 1.00000000 423.00000000
260.00000000 228.00000000 2.00000000 412.00000000
482.00000000 226.00000000 2.00000000 402.00000000
366.00000000 101.00000000 0.00000000 401.00000000
368.00000000 238.00000000 1.00000000 401.00000000
330.00000000 121.00000000 0.00000000 391.00000000
368.00000000 242.00000000 2.00000000 389.00000000
260.00000000 84.00000000 1.00000000 384.00000000
331.00000000 260.00000000 0.00000000 380.00000000
330.00000000 122.00000000 1.00000000 377.00000000
331.00000000 261.00000000 1.00000000 376.00000000
480.00000000 86.00000000 2.00000000 366.00000000
260.00000000 224.00000000 0.00000000 364.00000000
481.00000000 222.00000000 0.00000000 364.00000000
331.00000000 238.00000000 1.00000000 360.00000000
380.00000000 260.00000000 0.00000000 352.00000000
330.00000000 236.00000000 0.00000000 348.00000000
364.00000000 101.00000000 2.00000000 348.00000000
480.00000000 83.00000000 0.00000000 344.00000000
260.00000000 84.00000000 1.00000000 341.00000000
260.00000000 84.00000000 0.00000000 338.00000000
480.00000000 229.00000000 2.00000000 335.00000000
380.00000000 261.00000000 1.00000000 332.00000000
379.00000000 120.00000000 0.00000000 320.00000000
330.00000000 99.00000000 1.00000000 314.00000000
330.00000000 98.00000000 0.00000000 313.00000000
379.00000000 98.00000000 0.00000000 308.00000000
331.00000000 152.00000000 1.00000000 305.00000000
379.00000000 99.00000000 1.00000000 304.00000000
260.00000000 229.00000000 2.00000000 301.00000000
368.00000000 237.00000000 0.00000000 295.00000000
379.00000000 121.00000000 1.00000000 294.00000000
140.00000000 134.00000000 2.00000000 294.00000000
260.00000000 86.00000000 2.00000000 287.00000000
140.00000000 131.00000000 1.00000000 287.00000000
480.00000000 87.00000000 2.00000000 286.00000000
480.00000000 232.00000000 4.00000000 277.00000000
145.00000000 101.00000000 1.00000000 273.00000000
256.00000000 232.00000000 4.00000000 273.00000000
390.00000000 34.00000000 1.00000000 270.00000000
141.00000000 130.00000000 1.00000000 261.00000000
330.00000000 152.00000000 0.00000000 257.00000000
330.00000000 123.00000000 1.00000000 257.00000000
260.00000000 237.00000000 5.00000000 254.00000000
263.00000000 34.00000000 1.00000000 253.00000000
388.00000000 35.00000000 1.00000000 240.00000000
332.00000000 263.00000000 1.00000000 239.00000000
261.00000000 35.00000000 1.00000000 231.00000000
144.00000000 101.00000000 1.00000000 231.00000000
330.00000000 239.00000000 1.00000000 230.00000000
380.00000000 152.00000000 1.00000000 230.00000000
144.00000000 100.00000000 0.00000000 229.00000000
390.00000000 33.00000000 0.00000000 229.00000000
557.00000000 238.00000000 0.00000000 229.00000000
380.00000000 261.00000000 1.00000000 226.00000000
515.00000000 34.00000000 1.00000000 223.00000000
388.00000000 36.00000000 2.00000000 218.00000000
380.00000000 123.00000000 1.00000000 217.00000000
481.00000000 270.00000000 1.00000000 214.00000000
480.00000000 291.00000000 1.00000000 213.00000000
379.00000000 152.00000000 0.00000000 209.00000000
118.00000000 240.00000000 0.00000000 209.00000000
557.00000000 239.00000000 1.00000000 204.00000000
520.00000000 262.00000000 1.00000000 197.00000000
380.00000000 238.00000000 1.00000000 194.00000000
262.00000000 272.00000000 1.00000000 193.00000000
332.00000000 290.00000000 1.00000000 186.00000000
138.00000000 35.00000000 1.00000000 186.00000000
263.00000000 33.00000000 0.00000000 182.00000000
481.00000000 292.00000000 1.00000000 180.00000000
481.00000000 269.00000000 0.00000000 179.00000000
262.00000000 270.00000000 0.00000000 169.00000000
140.00000000 129.00000000 0.00000000 164.00000000
581.00000000 126.00000000 1.00000000 163.00000000
516.00000000 33.00000000 0.00000000 163.00000000
331.00000000 289.00000000 0.00000000 160.00000000
481.00000000 292.00000000 0.00000000 159.00000000
119.00000000 242.00000000 1.00000000 158.00000000
379.00000000 236.00000000 0.00000000 156.00000000
593.00000000 239.00000000 1.00000000 155.00000000
519.00000000 261.00000000 0.00000000 153.00000000
593.00000000 238.00000000 0.00000000 148.00000000
380.00000000 285.00000000 0.00000000 148.00000000
110.00000000 124.00000000 1.00000000 147.00000000
137.00000000 34.00000000 0.00000000 138.00000000
380.00000000 246.00000000 0.00000000 137.00000000
109.00000000 100.00000000 0.00000000 130.00000000
109.00000000 123.00000000 0.00000000 128.00000000
380.00000000 291.00000000 0.00000000 128.00000000
581.00000000 125.00000000 0.00000000 121.00000000
193.00000000 62.00000000 0.00000000 121.00000000
586.00000000 98.00000000 0.00000000 120.00000000
495.00000000 173.00000000 0.00000000 114.00000000
354.00000000 153.00000000 0.00000000 112.00000000
481.00000000 284.00000000 0.00000000 110.00000000
456.00000000 223.00000000 0.00000000 109.00000000
455.00000000 292.00000000 0.00000000 108.00000000
368.00000000 245.00000000 0.00000000 105.00000000
330.00000000 247.00000000 0.00000000 105.00000000
248.00000000 224.00000000 0.00000000 105.00000000
448.00000000 174.00000000 0.00000000 103.00000000
468.00000000 223.00000000 0.00000000 100.00000000
261.00000000 262.00000000 0.00000000 99.00000000
235.00000000 224.00000000 0.00000000 98.00000000
345.00000000 99.00000000 0.00000000 96.00000000
397.00000000 62.00000000 0.00000000 94.00000000
345.00000000 246.00000000 0.00000000 92.00000000
480.00000000 129.00000000 0.00000000 92.00000000
354.00000000 174.00000000 0.00000000 90.00000000
246.00000000 84.00000000 0.00000000 89.00000000
346.00000000 237.00000000 0.00000000 87.00000000
330.00000000 136.00000000 0.00000000 87.00000000
234.00000000 84.00000000 0.00000000 86.00000000
437.00000000 60.00000000 0.00000000 86.00000000
394.00000000 323.00000000 0.00000000 85.00000000
380.00000000 272.00000000 0.00000000 84.00000000
260.00000000 91.00000000 0.00000000 83.00000000
480.00000000 119.00000000 0.00000000 83.00000000
