520.00000000 261.00000000 1.00000000 801.00000000
520.00000000 260.00000000 0.00000000 782.00000000
516.00000000 32.00000000 0.00000000 737.00000000
148.00000000 240.00000000 2.00000000 730.00000000
263.00000000 33.00000000 0.00000000 689.00000000
147.00000000 240.00000000 2.00000000 673.00000000
148.00000000 237.00000000 1.00000000 645.00000000
520.00000000 263.00000000 1.00000000 644.00000000
516.00000000 33.00000000 1.00000000 644.00000000
520.00000000 264.00000000 2.00000000 639.00000000
263.00000000 34.00000000 1.00000000 591.00000000
332.00000000 260.00000000 1.00000000 589.00000000
331.00000000 259.00000000 0.00000000 588.00000000
148.00000000 237.00000000 1.00000000 569.00000000
523.00000000 265.00000000 2.00000000 553.00000000
397.00000000 185.00000000 1.00000000 547.00000000
144.00000000 240.00000000 4.00000000 531.00000000
138.00000000 33.00000000 0.00000000 518.00000000
381.00000000 259.00000000 1.00000000 507.00000000
521.00000000 185.00000000 1.00000000 505.00000000
514.00000000 33.00000000 1.00000000 505.00000000
261.00000000 224.00000000 1.00000000 498.00000000
111.00000000 260.00000000 0.00000000 496.00000000
149.00000000 187.00000000 1.00000000 495.00000000
260.00000000 226.00000000 2.00000000 489.00000000
138.00000000 34.00000000 1.00000000 487.00000000
482.00000000 226.00000000 2.00000000 481.00000000
260.00000000 229.00000000 2.00000000 477.00000000
261.00000000 223.00000000 0.00000000 472.00000000
397.00000000 184.00000000 0.00000000 471.00000000
397.00000000 186.00000000 1.00000000 470.00000000
260.00000000 224.00000000 1.00000000 470.00000000
390.00000000 33.00000000 0.00000000 459.00000000
148.00000000 190.00000000 2.00000000 457.00000000
380.00000000 258.00000000 0.00000000 457.00000000
260.00000000 232.00000000 4.00000000 457.00000000
144.00000000 325.00000000 2.00000000 452.00000000
148.00000000 188.00000000 1.00000000 451.00000000
381.00000000 235.00000000 1.00000000 449.00000000
111.00000000 260.00000000 1.00000000 447.00000000
263.00000000 33.00000000 1.00000000 447.00000000
598.00000000 257.00000000 0.00000000 440.00000000
521.00000000 184.00000000 0.00000000 432.00000000
517.00000000 319.00000000 1.00000000 431.00000000
390.00000000 33.00000000 1.00000000 426.00000000
146.00000000 324.00000000 2.00000000 421.00000000
518.00000000 320.00000000 2.00000000 421.00000000
520.00000000 186.00000000 1.00000000 418.00000000
262.00000000 288.00000000 1.00000000 417.00000000
520.00000000 287.00000000 0.00000000 414.00000000
381.00000000 284.00000000 0.00000000 413.00000000
480.00000000 224.00000000 1.00000000 413.00000000
260.00000000 237.00000000 5.00000000 409.00000000
520.00000000 286.00000000 1.00000000 408.00000000
381.00000000 236.00000000 1.00000000 404.00000000
149.00000000 186.00000000 0.00000000 404.00000000
514.00000000 36.00000000 2.00000000 398.00000000
109.00000000 122.00000000 0.00000000 390.00000000
261.00000000 287.00000000 1.00000000 387.00000000
396.00000000 317.00000000 0.00000000 385.00000000
519.00000000 285.00000000 1.00000000 384.00000000
598.00000000 258.00000000 1.00000000 382.00000000
273.00000000 186.00000000 1.00000000 380.00000000
272.00000000 185.00000000 0.00000000 380.00000000
456.00000000 292.00000000 0.00000000 373.00000000
149.00000000 319.00000000 1.00000000 373.00000000
381.00000000 234.00000000 0.00000000 372.00000000
149.00000000 318.00000000 0.00000000 366.00000000
272.00000000 188.00000000 1.00000000 361.00000000
148.00000000 235.00000000 0.00000000 360.00000000
517.00000000 318.00000000 1.00000000 360.00000000
137.00000000 33.00000000 1.00000000 355.00000000
14.00000000 352.00000000 0.00000000 351.00000000
262.00000000 269.00000000 0.00000000 351.00000000
332.00000000 261.00000000 1.00000000 349.00000000
481.00000000 222.00000000 1.00000000 347.00000000
261.00000000 130.00000000 1.00000000 332.00000000
581.00000000 125.00000000 1.00000000 330.00000000
455.00000000 292.00000000 1.00000000 326.00000000
110.00000000 123.00000000 1.00000000 325.00000000
581.00000000 124.00000000 0.00000000 323.00000000
262.00000000 270.00000000 1.00000000 322.00000000
111.00000000 247.00000000 0.00000000 321.00000000
261.00000000 129.00000000 0.00000000 321.00000000
249.00000000 293.00000000 0.00000000 320.00000000
481.00000000 130.00000000 1.00000000 319.00000000
273.00000000 168.00000000 1.00000000 306.00000000
396.00000000 318.00000000 1.00000000 305.00000000
482.00000000 269.00000000 1.00000000 303.00000000
467.00000000 152.00000000 0.00000000 303.00000000
272.00000000 168.00000000 0.00000000 298.00000000
332.00000000 245.00000000 1.00000000 297.00000000
262.00000000 289.00000000 0.00000000 296.00000000
482.00000000 291.00000000 1.00000000 295.00000000
482.00000000 291.00000000 0.00000000 282.00000000
148.00000000 247.00000000 0.00000000 278.00000000
332.00000000 284.00000000 0.00000000 276.00000000
238.00000000 86.00000000 0.00000000 274.00000000
482.00000000 267.00000000 0.00000000 273.00000000
518.00000000 316.00000000 0.00000000 272.00000000
331.00000000 245.00000000 0.00000000 271.00000000
480.00000000 129.00000000 0.00000000 269.00000000
359.00000000 316.00000000 0.00000000 269.00000000
272.00000000 318.00000000 0.00000000 266.00000000
150.00000000 93.00000000 0.00000000 251.00000000
147.00000000 325.00000000 0.00000000 242.00000000
481.00000000 222.00000000 0.00000000 241.00000000
380.00000000 149.00000000 0.00000000 238.00000000
123.00000000 292.00000000 0.00000000 237.00000000
468.00000000 287.00000000 0.00000000 232.00000000
331.00000000 234.00000000 0.00000000 230.00000000
261.00000000 239.00000000 0.00000000 228.00000000
112.00000000 291.00000000 0.00000000 227.00000000
448.00000000 172.00000000 0.00000000 224.00000000
482.00000000 253.00000000 0.00000000 224.00000000
111.00000000 284.00000000 0.00000000 222.00000000
331.00000000 278.00000000 0.00000000 221.00000000
390.00000000 333.00000000 0.00000000 216.00000000
354.00000000 151.00000000 0.00000000 215.00000000
369.00000000 258.00000000 0.00000000 214.00000000
142.00000000 142.00000000 0.00000000 213.00000000
586.00000000 243.00000000 0.00000000 208.00000000
149.00000000 258.00000000 0.00000000 208.00000000
150.00000000 65.00000000 0.00000000 207.00000000
521.00000000 167.00000000 0.00000000 206.00000000
481.00000000 147.00000000 0.00000000 206.00000000
511.00000000 42.00000000 0.00000000 203.00000000
