80.00000000 232.00000000 0.00000000 898.00000000
55.00000000 233.00000000 0.00000000 771.00000000
24.00000000 190.00000000 0.00000000 733.00000000
77.00000000 176.00000000 0.00000000 729.00000000
77.00000000 182.00000000 0.00000000 718.00000000
78.00000000 190.00000000 0.00000000 687.00000000
51.00000000 180.00000000 0.00000000 670.00000000
53.00000000 193.00000000 0.00000000 663.00000000
106.00000000 258.00000000 0.00000000 607.00000000
28.00000000 241.00000000 0.00000000 583.00000000
52.00000000 185.00000000 0.00000000 568.00000000
81.00000000 232.00000000 1.00000000 565.00000000
106.00000000 257.00000000 1.00000000 563.00000000
24.00000000 190.00000000 1.00000000 561.00000000
82.00000000 247.00000000 0.00000000 557.00000000
176.00000000 75.00000000 0.00000000 552.00000000
78.00000000 190.00000000 1.00000000 546.00000000
25.00000000 197.00000000 0.00000000 535.00000000
54.00000000 361.00000000 0.00000000 515.00000000
101.00000000 186.00000000 1.00000000 505.00000000
55.00000000 233.00000000 1.00000000 495.00000000
56.00000000 247.00000000 0.00000000 485.00000000
412.00000000 137.00000000 0.00000000 462.00000000
101.00000000 186.00000000 0.00000000 444.00000000
611.00000000 245.00000000 0.00000000 442.00000000
81.00000000 240.00000000 0.00000000 440.00000000
24.00000000 190.00000000 1.00000000 432.00000000
77.00000000 182.00000000 1.00000000 416.00000000
506.00000000 152.00000000 0.00000000 408.00000000
54.00000000 361.00000000 1.00000000 364.00000000
550.00000000 232.00000000 0.00000000 363.00000000
52.00000000 187.00000000 1.00000000 357.00000000
552.00000000 125.00000000 0.00000000 355.00000000
512.00000000 123.00000000 0.00000000 355.00000000
106.00000000 257.00000000 1.00000000 352.00000000
55.00000000 240.00000000 0.00000000 351.00000000
177.00000000 75.00000000 1.00000000 348.00000000
142.00000000 352.00000000 0.00000000 348.00000000
585.00000000 222.00000000 0.00000000 344.00000000
83.00000000 254.00000000 0.00000000 344.00000000
582.00000000 154.00000000 0.00000000 342.00000000
610.00000000 167.00000000 0.00000000 339.00000000
28.00000000 242.00000000 1.00000000 336.00000000
82.00000000 248.00000000 1.00000000 336.00000000
507.00000000 166.00000000 0.00000000 335.00000000
547.00000000 151.00000000 0.00000000 334.00000000
100.00000000 186.00000000 1.00000000 333.00000000
612.00000000 245.00000000 1.00000000 333.00000000
80.00000000 231.00000000 1.00000000 321.00000000
587.00000000 127.00000000 0.00000000 314.00000000
535.00000000 247.00000000 0.00000000 312.00000000
572.00000000 244.00000000 0.00000000 312.00000000
582.00000000 146.00000000 0.00000000 307.00000000
413.00000000 138.00000000 1.00000000 306.00000000
361.00000000 140.00000000 0.00000000 306.00000000
119.00000000 243.00000000 0.00000000 306.00000000
413.00000000 152.00000000 0.00000000 303.00000000
52.00000000 188.00000000 2.00000000 295.00000000
120.00000000 261.00000000 0.00000000 294.00000000
611.00000000 228.00000000 0.00000000 294.00000000
77.00000000 182.00000000 1.00000000 294.00000000
585.00000000 229.00000000 0.00000000 292.00000000
450.00000000 335.00000000 0.00000000 291.00000000
56.00000000 247.00000000 1.00000000 291.00000000
114.00000000 173.00000000 0.00000000 283.00000000
468.00000000 123.00000000 0.00000000 283.00000000
78.00000000 182.00000000 2.00000000 282.00000000
462.00000000 151.00000000 0.00000000 279.00000000
420.00000000 122.00000000 0.00000000 276.00000000
617.00000000 214.00000000 0.00000000 276.00000000
55.00000000 233.00000000 1.00000000 274.00000000
444.00000000 123.00000000 0.00000000 271.00000000
608.00000000 316.00000000 0.00000000 265.00000000
463.00000000 160.00000000 0.00000000 264.00000000
393.00000000 123.00000000 0.00000000 264.00000000
38.00000000 289.00000000 0.00000000 263.00000000
584.00000000 166.00000000 0.00000000 259.00000000
591.00000000 234.00000000 0.00000000 257.00000000
615.00000000 167.00000000 0.00000000 255.00000000
531.00000000 125.00000000 0.00000000 253.00000000
118.00000000 234.00000000 0.00000000 251.00000000
506.00000000 153.00000000 1.00000000 247.00000000
314.00000000 124.00000000 0.00000000 246.00000000
585.00000000 223.00000000 1.00000000 244.00000000
10.00000000 289.00000000 0.00000000 240.00000000
506.00000000 158.00000000 2.00000000 239.00000000
369.00000000 123.00000000 0.00000000 239.00000000
549.00000000 218.00000000 0.00000000 239.00000000
569.00000000 127.00000000 0.00000000 237.00000000
413.00000000 145.00000000 0.00000000 236.00000000
582.00000000 146.00000000 1.00000000 229.00000000
450.00000000 336.00000000 1.00000000 228.00000000
608.00000000 316.00000000 1.00000000 227.00000000
142.00000000 354.00000000 1.00000000 226.00000000
506.00000000 156.00000000 2.00000000 226.00000000
50.00000000 179.00000000 1.00000000 225.00000000
361.00000000 140.00000000 1.00000000 224.00000000
108.00000000 282.00000000 2.00000000 220.00000000
507.00000000 166.00000000 1.00000000 215.00000000
142.00000000 359.00000000 1.00000000 213.00000000
121.00000000 262.00000000 1.00000000 212.00000000
100.00000000 186.00000000 2.00000000 210.00000000
552.00000000 126.00000000 1.00000000 210.00000000
592.00000000 235.00000000 1.00000000 210.00000000
79.00000000 183.00000000 2.00000000 208.00000000
512.00000000 124.00000000 1.00000000 207.00000000
38.00000000 290.00000000 1.00000000 204.00000000
50.00000000 186.00000000 2.00000000 196.00000000
315.00000000 125.00000000 1.00000000 194.00000000
91.00000000 296.00000000 1.00000000 191.00000000
393.00000000 123.00000000 1.00000000 191.00000000
183.00000000 150.00000000 1.00000000 189.00000000
584.00000000 224.00000000 2.00000000 189.00000000
107.00000000 282.00000000 2.00000000 185.00000000
80.00000000 234.00000000 2.00000000 183.00000000
612.00000000 244.00000000 1.00000000 179.00000000
106.00000000 278.00000000 1.00000000 175.00000000
82.00000000 248.00000000 1.00000000 172.00000000
584.00000000 224.00000000 1.00000000 172.00000000
106.00000000 258.00000000 2.00000000 167.00000000
506.00000000 154.00000000 1.00000000 155.00000000
548.00000000 209.00000000 1.00000000 152.00000000
508.00000000 156.00000000 4.00000000 151.00000000
90.00000000 296.00000000 1.00000000 149.00000000
182.00000000 149.00000000 1.00000000 146.00000000
108.00000000 288.00000000 4.00000000 117.00000000
514.00000000 209.00000000 5.00000000 87.00000000
