77.00000000 176.00000000 0.00000000 708.00000000
77.00000000 182.00000000 0.00000000 697.00000000
176.00000000 75.00000000 0.00000000 657.00000000
51.00000000 179.00000000 0.00000000 656.00000000
78.00000000 190.00000000 0.00000000 648.00000000
24.00000000 190.00000000 0.00000000 632.00000000
101.00000000 186.00000000 1.00000000 593.00000000
52.00000000 185.00000000 0.00000000 552.00000000
53.00000000 193.00000000 0.00000000 497.00000000
114.00000000 173.00000000 0.00000000 456.00000000
101.00000000 185.00000000 0.00000000 446.00000000
177.00000000 75.00000000 1.00000000 428.00000000
24.00000000 190.00000000 1.00000000 426.00000000
78.00000000 190.00000000 1.00000000 425.00000000
100.00000000 186.00000000 1.00000000 395.00000000
91.00000000 296.00000000 0.00000000 395.00000000
25.00000000 197.00000000 0.00000000 388.00000000
91.00000000 297.00000000 1.00000000 385.00000000
552.00000000 125.00000000 0.00000000 353.00000000
77.00000000 182.00000000 1.00000000 350.00000000
38.00000000 289.00000000 0.00000000 349.00000000
587.00000000 127.00000000 0.00000000 347.00000000
24.00000000 190.00000000 1.00000000 338.00000000
65.00000000 292.00000000 0.00000000 332.00000000
512.00000000 123.00000000 0.00000000 325.00000000
51.00000000 179.00000000 1.00000000 323.00000000
362.00000000 154.00000000 0.00000000 321.00000000
362.00000000 170.00000000 0.00000000 319.00000000
10.00000000 289.00000000 0.00000000 317.00000000
413.00000000 152.00000000 0.00000000 316.00000000
118.00000000 234.00000000 0.00000000 313.00000000
38.00000000 290.00000000 1.00000000 310.00000000
78.00000000 184.00000000 2.00000000 309.00000000
114.00000000 164.00000000 0.00000000 306.00000000
308.00000000 173.00000000 0.00000000 305.00000000
292.00000000 389.00000000 0.00000000 299.00000000
115.00000000 182.00000000 0.00000000 299.00000000
90.00000000 296.00000000 1.00000000 297.00000000
66.00000000 293.00000000 1.00000000 293.00000000
55.00000000 361.00000000 0.00000000 293.00000000
112.00000000 303.00000000 1.00000000 288.00000000
77.00000000 182.00000000 1.00000000 280.00000000
463.00000000 167.00000000 0.00000000 273.00000000
111.00000000 304.00000000 1.00000000 270.00000000
65.00000000 294.00000000 1.00000000 270.00000000
465.00000000 223.00000000 0.00000000 270.00000000
38.00000000 291.00000000 1.00000000 263.00000000
615.00000000 167.00000000 0.00000000 256.00000000
509.00000000 220.00000000 0.00000000 256.00000000
52.00000000 190.00000000 2.00000000 249.00000000
100.00000000 186.00000000 2.00000000 248.00000000
55.00000000 361.00000000 1.00000000 246.00000000
507.00000000 166.00000000 0.00000000 243.00000000
420.00000000 122.00000000 0.00000000 241.00000000
121.00000000 263.00000000 1.00000000 239.00000000
111.00000000 301.00000000 0.00000000 238.00000000
314.00000000 123.00000000 0.00000000 237.00000000
587.00000000 128.00000000 1.00000000 237.00000000
120.00000000 263.00000000 0.00000000 237.00000000
115.00000000 336.00000000 1.00000000 236.00000000
112.00000000 304.00000000 2.00000000 236.00000000
413.00000000 144.00000000 0.00000000 236.00000000
461.00000000 137.00000000 0.00000000 236.00000000
552.00000000 126.00000000 1.00000000 235.00000000
115.00000000 183.00000000 1.00000000 233.00000000
362.00000000 161.00000000 0.00000000 233.00000000
114.00000000 174.00000000 1.00000000 232.00000000
512.00000000 124.00000000 1.00000000 231.00000000
28.00000000 241.00000000 0.00000000 230.00000000
510.00000000 235.00000000 0.00000000 229.00000000
468.00000000 123.00000000 0.00000000 229.00000000
415.00000000 168.00000000 0.00000000 224.00000000
52.00000000 190.00000000 1.00000000 222.00000000
585.00000000 222.00000000 0.00000000 221.00000000
465.00000000 224.00000000 1.00000000 221.00000000
176.00000000 74.00000000 1.00000000 220.00000000
362.00000000 146.00000000 0.00000000 220.00000000
119.00000000 235.00000000 1.00000000 216.00000000
412.00000000 137.00000000 0.00000000 216.00000000
64.00000000 296.00000000 2.00000000 215.00000000
549.00000000 218.00000000 0.00000000 215.00000000
413.00000000 145.00000000 1.00000000 215.00000000
620.00000000 130.00000000 0.00000000 214.00000000
546.00000000 152.00000000 0.00000000 210.00000000
361.00000000 140.00000000 0.00000000 210.00000000
582.00000000 145.00000000 0.00000000 209.00000000
465.00000000 238.00000000 0.00000000 205.00000000
114.00000000 164.00000000 1.00000000 204.00000000
421.00000000 123.00000000 1.00000000 203.00000000
116.00000000 336.00000000 2.00000000 202.00000000
308.00000000 173.00000000 1.00000000 197.00000000
369.00000000 123.00000000 0.00000000 194.00000000
38.00000000 294.00000000 2.00000000 192.00000000
105.00000000 217.00000000 1.00000000 191.00000000
65.00000000 161.00000000 0.00000000 190.00000000
94.00000000 128.00000000 0.00000000 189.00000000
363.00000000 170.00000000 1.00000000 189.00000000
90.00000000 300.00000000 2.00000000 189.00000000
463.00000000 167.00000000 1.00000000 189.00000000
89.00000000 155.00000000 0.00000000 189.00000000
362.00000000 155.00000000 1.00000000 187.00000000
79.00000000 183.00000000 2.00000000 186.00000000
290.00000000 413.00000000 0.00000000 183.00000000
612.00000000 155.00000000 1.00000000 182.00000000
251.00000000 159.00000000 0.00000000 181.00000000
550.00000000 231.00000000 0.00000000 181.00000000
315.00000000 124.00000000 1.00000000 175.00000000
468.00000000 123.00000000 1.00000000 173.00000000
582.00000000 146.00000000 1.00000000 172.00000000
584.00000000 167.00000000 0.00000000 172.00000000
361.00000000 140.00000000 1.00000000 171.00000000
613.00000000 97.00000000 0.00000000 170.00000000
585.00000000 223.00000000 1.00000000 170.00000000
104.00000000 217.00000000 1.00000000 169.00000000
43.00000000 354.00000000 0.00000000 168.00000000
239.00000000 113.00000000 0.00000000 167.00000000
193.00000000 166.00000000 0.00000000 167.00000000
465.00000000 224.00000000 1.00000000 153.00000000
506.00000000 156.00000000 1.00000000 141.00000000
50.00000000 189.00000000 2.00000000 139.00000000
421.00000000 124.00000000 1.00000000 134.00000000
412.00000000 144.00000000 1.00000000 133.00000000
506.00000000 158.00000000 2.00000000 126.00000000
115.00000000 336.00000000 2.00000000 123.00000000
468.00000000 228.00000000 4.00000000 98.00000000
508.00000000 156.00000000 4.00000000 76.00000000
367.00000000 152.00000000 5.00000000 74.00000000
