95.00000000 330.00000000 0.00000000 705.00000000
70.00000000 324.00000000 0.00000000 685.00000000
506.00000000 152.00000000 0.00000000 628.00000000
463.00000000 160.00000000 0.00000000 622.00000000
91.00000000 297.00000000 1.00000000 611.00000000
463.00000000 167.00000000 0.00000000 606.00000000
91.00000000 296.00000000 0.00000000 603.00000000
413.00000000 152.00000000 0.00000000 590.00000000
95.00000000 330.00000000 1.00000000 580.00000000
65.00000000 292.00000000 0.00000000 573.00000000
55.00000000 233.00000000 0.00000000 557.00000000
38.00000000 291.00000000 1.00000000 547.00000000
65.00000000 293.00000000 1.00000000 543.00000000
38.00000000 290.00000000 0.00000000 535.00000000
115.00000000 336.00000000 1.00000000 531.00000000
507.00000000 166.00000000 0.00000000 525.00000000
65.00000000 294.00000000 1.00000000 524.00000000
510.00000000 235.00000000 0.00000000 515.00000000
585.00000000 222.00000000 0.00000000 515.00000000
38.00000000 292.00000000 1.00000000 515.00000000
465.00000000 223.00000000 0.00000000 513.00000000
111.00000000 304.00000000 1.00000000 512.00000000
112.00000000 304.00000000 2.00000000 510.00000000
362.00000000 154.00000000 0.00000000 508.00000000
465.00000000 238.00000000 0.00000000 500.00000000
509.00000000 220.00000000 0.00000000 494.00000000
362.00000000 170.00000000 0.00000000 491.00000000
617.00000000 214.00000000 0.00000000 479.00000000
112.00000000 303.00000000 1.00000000 476.00000000
10.00000000 289.00000000 0.00000000 473.00000000
413.00000000 137.00000000 0.00000000 472.00000000
506.00000000 153.00000000 1.00000000 468.00000000
415.00000000 168.00000000 0.00000000 457.00000000
549.00000000 218.00000000 0.00000000 452.00000000
28.00000000 241.00000000 0.00000000 451.00000000
90.00000000 296.00000000 1.00000000 449.00000000
38.00000000 294.00000000 2.00000000 449.00000000
550.00000000 232.00000000 0.00000000 446.00000000
70.00000000 325.00000000 1.00000000 444.00000000
465.00000000 223.00000000 1.00000000 435.00000000
117.00000000 338.00000000 1.00000000 433.00000000
80.00000000 232.00000000 0.00000000 428.00000000
611.00000000 245.00000000 0.00000000 427.00000000
64.00000000 296.00000000 2.00000000 427.00000000
585.00000000 229.00000000 0.00000000 411.00000000
43.00000000 321.00000000 0.00000000 410.00000000
77.00000000 176.00000000 0.00000000 407.00000000
584.00000000 166.00000000 0.00000000 406.00000000
24.00000000 190.00000000 0.00000000 405.00000000
55.00000000 233.00000000 1.00000000 398.00000000
116.00000000 338.00000000 2.00000000 396.00000000
54.00000000 362.00000000 0.00000000 388.00000000
117.00000000 339.00000000 0.00000000 385.00000000
413.00000000 138.00000000 1.00000000 383.00000000
56.00000000 247.00000000 0.00000000 382.00000000
617.00000000 215.00000000 1.00000000 381.00000000
611.00000000 245.00000000 1.00000000 380.00000000
111.00000000 301.00000000 0.00000000 379.00000000
462.00000000 161.00000000 1.00000000 377.00000000
194.00000000 165.00000000 0.00000000 372.00000000
115.00000000 172.00000000 0.00000000 371.00000000
413.00000000 145.00000000 0.00000000 367.00000000
403.00000000 243.00000000 0.00000000 363.00000000
52.00000000 189.00000000 1.00000000 362.00000000
25.00000000 190.00000000 1.00000000 361.00000000
414.00000000 153.00000000 1.00000000 361.00000000
465.00000000 231.00000000 0.00000000 360.00000000
417.00000000 224.00000000 0.00000000 357.00000000
362.00000000 155.00000000 1.00000000 357.00000000
582.00000000 153.00000000 0.00000000 353.00000000
585.00000000 223.00000000 1.00000000 349.00000000
198.00000000 246.00000000 0.00000000 348.00000000
118.00000000 234.00000000 0.00000000 348.00000000
361.00000000 140.00000000 0.00000000 347.00000000
506.00000000 159.00000000 0.00000000 343.00000000
54.00000000 362.00000000 1.00000000 341.00000000
547.00000000 151.00000000 0.00000000 340.00000000
365.00000000 227.00000000 0.00000000 340.00000000
81.00000000 232.00000000 1.00000000 335.00000000
414.00000000 160.00000000 0.00000000 334.00000000
506.00000000 155.00000000 2.00000000 333.00000000
102.00000000 184.00000000 1.00000000 333.00000000
362.00000000 146.00000000 0.00000000 333.00000000
53.00000000 189.00000000 0.00000000 333.00000000
43.00000000 353.00000000 1.00000000 329.00000000
90.00000000 298.00000000 2.00000000 328.00000000
506.00000000 154.00000000 2.00000000 328.00000000
582.00000000 146.00000000 0.00000000 327.00000000
28.00000000 248.00000000 0.00000000 325.00000000
506.00000000 152.00000000 1.00000000 323.00000000
43.00000000 354.00000000 0.00000000 321.00000000
462.00000000 151.00000000 0.00000000 321.00000000
110.00000000 305.00000000 2.00000000 318.00000000
94.00000000 330.00000000 1.00000000 318.00000000
363.00000000 170.00000000 1.00000000 317.00000000
25.00000000 190.00000000 1.00000000 314.00000000
82.00000000 247.00000000 0.00000000 313.00000000
509.00000000 212.00000000 0.00000000 311.00000000
509.00000000 228.00000000 0.00000000 307.00000000
615.00000000 154.00000000 0.00000000 306.00000000
77.00000000 182.00000000 0.00000000 305.00000000
462.00000000 164.00000000 2.00000000 304.00000000
194.00000000 166.00000000 1.00000000 300.00000000
465.00000000 223.00000000 1.00000000 300.00000000
414.00000000 168.00000000 1.00000000 300.00000000
462.00000000 164.00000000 1.00000000 298.00000000
510.00000000 235.00000000 1.00000000 298.00000000
199.00000000 247.00000000 1.00000000 296.00000000
364.00000000 212.00000000 0.00000000 294.00000000
466.00000000 238.00000000 1.00000000 291.00000000
507.00000000 166.00000000 1.00000000 290.00000000
509.00000000 213.00000000 1.00000000 290.00000000
78.00000000 190.00000000 0.00000000 288.00000000
466.00000000 229.00000000 2.00000000 288.00000000
362.00000000 161.00000000 0.00000000 285.00000000
549.00000000 219.00000000 1.00000000 283.00000000
30.00000000 248.00000000 2.00000000 276.00000000
52.00000000 188.00000000 1.00000000 265.00000000
468.00000000 228.00000000 4.00000000 254.00000000
55.00000000 233.00000000 1.00000000 248.00000000
62.00000000 296.00000000 2.00000000 248.00000000
101.00000000 183.00000000 1.00000000 244.00000000
82.00000000 233.00000000 1.00000000 241.00000000
42.00000000 353.00000000 1.00000000 232.00000000
104.00000000 236.00000000 1.00000000 226.00000000
508.00000000 156.00000000 4.00000000 208.00000000
107.00000000 311.00000000 5.00000000 129.00000000
