95.00000000 330.00000000 0.00000000 803.00000000
70.00000000 324.00000000 0.00000000 703.00000000
91.00000000 297.00000000 1.00000000 688.00000000
506.00000000 152.00000000 0.00000000 658.00000000
91.00000000 296.00000000 0.00000000 652.00000000
55.00000000 233.00000000 0.00000000 650.00000000
95.00000000 330.00000000 1.00000000 643.00000000
463.00000000 160.00000000 0.00000000 629.00000000
463.00000000 167.00000000 0.00000000 594.00000000
65.00000000 293.00000000 1.00000000 593.00000000
65.00000000 294.00000000 1.00000000 593.00000000
38.00000000 291.00000000 1.00000000 587.00000000
65.00000000 292.00000000 0.00000000 578.00000000
413.00000000 152.00000000 0.00000000 571.00000000
38.00000000 289.00000000 0.00000000 566.00000000
38.00000000 292.00000000 1.00000000 559.00000000
507.00000000 166.00000000 0.00000000 551.00000000
80.00000000 232.00000000 0.00000000 537.00000000
90.00000000 298.00000000 1.00000000 536.00000000
585.00000000 222.00000000 0.00000000 533.00000000
52.00000000 180.00000000 0.00000000 533.00000000
465.00000000 238.00000000 0.00000000 533.00000000
77.00000000 176.00000000 0.00000000 532.00000000
25.00000000 190.00000000 0.00000000 532.00000000
404.00000000 243.00000000 0.00000000 520.00000000
509.00000000 220.00000000 0.00000000 519.00000000
412.00000000 137.00000000 0.00000000 513.00000000
549.00000000 218.00000000 0.00000000 507.00000000
509.00000000 235.00000000 0.00000000 504.00000000
28.00000000 241.00000000 0.00000000 501.00000000
10.00000000 289.00000000 0.00000000 500.00000000
111.00000000 304.00000000 1.00000000 494.00000000
70.00000000 325.00000000 1.00000000 490.00000000
115.00000000 337.00000000 1.00000000 490.00000000
112.00000000 304.00000000 2.00000000 489.00000000
465.00000000 223.00000000 0.00000000 484.00000000
38.00000000 294.00000000 2.00000000 481.00000000
53.00000000 193.00000000 0.00000000 476.00000000
506.00000000 152.00000000 1.00000000 474.00000000
64.00000000 296.00000000 2.00000000 473.00000000
617.00000000 214.00000000 0.00000000 471.00000000
25.00000000 190.00000000 1.00000000 471.00000000
362.00000000 170.00000000 0.00000000 468.00000000
117.00000000 339.00000000 0.00000000 466.00000000
611.00000000 245.00000000 0.00000000 463.00000000
415.00000000 168.00000000 0.00000000 462.00000000
550.00000000 232.00000000 0.00000000 455.00000000
94.00000000 321.00000000 0.00000000 455.00000000
362.00000000 154.00000000 0.00000000 452.00000000
117.00000000 339.00000000 1.00000000 450.00000000
112.00000000 303.00000000 1.00000000 447.00000000
55.00000000 233.00000000 1.00000000 446.00000000
56.00000000 246.00000000 0.00000000 444.00000000
585.00000000 229.00000000 0.00000000 425.00000000
465.00000000 223.00000000 1.00000000 422.00000000
81.00000000 232.00000000 1.00000000 419.00000000
413.00000000 138.00000000 1.00000000 409.00000000
78.00000000 190.00000000 0.00000000 407.00000000
52.00000000 186.00000000 0.00000000 407.00000000
54.00000000 362.00000000 0.00000000 407.00000000
82.00000000 247.00000000 0.00000000 407.00000000
611.00000000 245.00000000 1.00000000 399.00000000
43.00000000 321.00000000 0.00000000 395.00000000
25.00000000 190.00000000 1.00000000 391.00000000
25.00000000 197.00000000 0.00000000 390.00000000
77.00000000 182.00000000 0.00000000 388.00000000
54.00000000 362.00000000 1.00000000 386.00000000
417.00000000 224.00000000 0.00000000 383.00000000
90.00000000 300.00000000 2.00000000 379.00000000
546.00000000 151.00000000 0.00000000 378.00000000
584.00000000 166.00000000 0.00000000 375.00000000
111.00000000 301.00000000 0.00000000 375.00000000
414.00000000 153.00000000 1.00000000 374.00000000
582.00000000 153.00000000 0.00000000 373.00000000
94.00000000 321.00000000 1.00000000 373.00000000
462.00000000 161.00000000 1.00000000 370.00000000
585.00000000 223.00000000 1.00000000 370.00000000
617.00000000 215.00000000 1.00000000 366.00000000
118.00000000 234.00000000 0.00000000 361.00000000
78.00000000 190.00000000 1.00000000 360.00000000
404.00000000 243.00000000 1.00000000 359.00000000
57.00000000 254.00000000 0.00000000 351.00000000
361.00000000 140.00000000 0.00000000 350.00000000
116.00000000 338.00000000 2.00000000 344.00000000
506.00000000 155.00000000 2.00000000 343.00000000
413.00000000 145.00000000 0.00000000 343.00000000
29.00000000 254.00000000 0.00000000 343.00000000
462.00000000 150.00000000 0.00000000 341.00000000
44.00000000 353.00000000 0.00000000 340.00000000
69.00000000 316.00000000 0.00000000 338.00000000
582.00000000 146.00000000 0.00000000 337.00000000
94.00000000 330.00000000 1.00000000 335.00000000
506.00000000 156.00000000 2.00000000 334.00000000
362.00000000 155.00000000 1.00000000 333.00000000
28.00000000 248.00000000 0.00000000 331.00000000
102.00000000 186.00000000 1.00000000 329.00000000
69.00000000 316.00000000 1.00000000 328.00000000
44.00000000 353.00000000 1.00000000 325.00000000
506.00000000 159.00000000 0.00000000 324.00000000
507.00000000 166.00000000 1.00000000 324.00000000
549.00000000 219.00000000 1.00000000 324.00000000
110.00000000 305.00000000 2.00000000 323.00000000
362.00000000 146.00000000 0.00000000 323.00000000
365.00000000 227.00000000 0.00000000 322.00000000
465.00000000 231.00000000 0.00000000 314.00000000
506.00000000 152.00000000 1.00000000 314.00000000
56.00000000 247.00000000 1.00000000 307.00000000
509.00000000 221.00000000 1.00000000 307.00000000
54.00000000 188.00000000 2.00000000 306.00000000
351.00000000 247.00000000 0.00000000 305.00000000
510.00000000 235.00000000 1.00000000 304.00000000
615.00000000 154.00000000 0.00000000 302.00000000
466.00000000 238.00000000 1.00000000 302.00000000
30.00000000 248.00000000 2.00000000 301.00000000
465.00000000 223.00000000 1.00000000 293.00000000
101.00000000 185.00000000 1.00000000 290.00000000
462.00000000 162.00000000 1.00000000 285.00000000
466.00000000 229.00000000 2.00000000 282.00000000
67.00000000 315.00000000 1.00000000 282.00000000
55.00000000 233.00000000 1.00000000 280.00000000
80.00000000 233.00000000 1.00000000 272.00000000
62.00000000 296.00000000 2.00000000 263.00000000
468.00000000 228.00000000 4.00000000 252.00000000
52.00000000 192.00000000 1.00000000 228.00000000
584.00000000 224.00000000 1.00000000 227.00000000
508.00000000 156.00000000 4.00000000 218.00000000
107.00000000 316.00000000 5.00000000 133.00000000
