91.00000000 297.00000000 1.00000000 657.00000000
308.00000000 172.00000000 0.00000000 652.00000000
307.00000000 164.00000000 0.00000000 645.00000000
91.00000000 296.00000000 0.00000000 607.00000000
251.00000000 158.00000000 0.00000000 605.00000000
463.00000000 160.00000000 0.00000000 588.00000000
463.00000000 167.00000000 0.00000000 579.00000000
506.00000000 152.00000000 0.00000000 561.00000000
192.00000000 297.00000000 0.00000000 542.00000000
362.00000000 170.00000000 0.00000000 540.00000000
364.00000000 212.00000000 0.00000000 528.00000000
38.00000000 291.00000000 1.00000000 527.00000000
310.00000000 214.00000000 0.00000000 525.00000000
507.00000000 166.00000000 0.00000000 522.00000000
466.00000000 238.00000000 0.00000000 522.00000000
115.00000000 193.00000000 0.00000000 513.00000000
65.00000000 294.00000000 1.00000000 504.00000000
414.00000000 152.00000000 0.00000000 502.00000000
38.00000000 289.00000000 0.00000000 500.00000000
90.00000000 298.00000000 1.00000000 496.00000000
38.00000000 292.00000000 1.00000000 496.00000000
65.00000000 293.00000000 1.00000000 490.00000000
10.00000000 289.00000000 0.00000000 488.00000000
465.00000000 222.00000000 0.00000000 484.00000000
65.00000000 292.00000000 0.00000000 480.00000000
510.00000000 234.00000000 0.00000000 476.00000000
365.00000000 227.00000000 0.00000000 475.00000000
362.00000000 154.00000000 0.00000000 473.00000000
415.00000000 168.00000000 0.00000000 461.00000000
311.00000000 231.00000000 0.00000000 460.00000000
38.00000000 294.00000000 2.00000000 458.00000000
54.00000000 361.00000000 0.00000000 454.00000000
585.00000000 222.00000000 0.00000000 453.00000000
509.00000000 220.00000000 0.00000000 452.00000000
584.00000000 166.00000000 0.00000000 446.00000000
306.00000000 138.00000000 0.00000000 446.00000000
306.00000000 154.00000000 0.00000000 443.00000000
417.00000000 224.00000000 0.00000000 443.00000000
192.00000000 298.00000000 1.00000000 439.00000000
223.00000000 382.00000000 0.00000000 436.00000000
307.00000000 164.00000000 1.00000000 435.00000000
75.00000000 374.00000000 0.00000000 435.00000000
417.00000000 209.00000000 0.00000000 429.00000000
250.00000000 142.00000000 0.00000000 428.00000000
611.00000000 245.00000000 0.00000000 426.00000000
465.00000000 223.00000000 1.00000000 424.00000000
550.00000000 232.00000000 0.00000000 422.00000000
223.00000000 382.00000000 1.00000000 418.00000000
64.00000000 296.00000000 2.00000000 415.00000000
114.00000000 171.00000000 0.00000000 412.00000000
113.00000000 304.00000000 1.00000000 393.00000000
198.00000000 246.00000000 0.00000000 393.00000000
585.00000000 229.00000000 0.00000000 390.00000000
507.00000000 152.00000000 1.00000000 389.00000000
310.00000000 215.00000000 1.00000000 388.00000000
465.00000000 230.00000000 0.00000000 387.00000000
509.00000000 213.00000000 0.00000000 387.00000000
549.00000000 218.00000000 0.00000000 386.00000000
611.00000000 245.00000000 1.00000000 385.00000000
90.00000000 300.00000000 2.00000000 385.00000000
617.00000000 214.00000000 0.00000000 381.00000000
112.00000000 304.00000000 2.00000000 380.00000000
363.00000000 170.00000000 1.00000000 379.00000000
199.00000000 257.00000000 1.00000000 378.00000000
251.00000000 167.00000000 0.00000000 371.00000000
414.00000000 160.00000000 0.00000000 370.00000000
413.00000000 137.00000000 0.00000000 368.00000000
365.00000000 212.00000000 1.00000000 365.00000000
507.00000000 159.00000000 0.00000000 361.00000000
193.00000000 166.00000000 0.00000000 358.00000000
362.00000000 146.00000000 0.00000000 355.00000000
413.00000000 145.00000000 0.00000000 355.00000000
547.00000000 152.00000000 0.00000000 350.00000000
306.00000000 139.00000000 1.00000000 349.00000000
413.00000000 138.00000000 1.00000000 347.00000000
222.00000000 383.00000000 1.00000000 347.00000000
414.00000000 153.00000000 1.00000000 346.00000000
75.00000000 374.00000000 1.00000000 343.00000000
463.00000000 167.00000000 1.00000000 342.00000000
113.00000000 304.00000000 1.00000000 340.00000000
95.00000000 328.00000000 0.00000000 340.00000000
465.00000000 206.00000000 0.00000000 337.00000000
462.00000000 151.00000000 0.00000000 335.00000000
54.00000000 362.00000000 1.00000000 335.00000000
362.00000000 161.00000000 0.00000000 334.00000000
198.00000000 247.00000000 1.00000000 330.00000000
251.00000000 159.00000000 1.00000000 330.00000000
193.00000000 157.00000000 1.00000000 330.00000000
194.00000000 177.00000000 1.00000000 327.00000000
122.00000000 274.00000000 0.00000000 326.00000000
198.00000000 238.00000000 1.00000000 325.00000000
466.00000000 238.00000000 1.00000000 325.00000000
28.00000000 241.00000000 0.00000000 323.00000000
197.00000000 227.00000000 1.00000000 322.00000000
362.00000000 155.00000000 1.00000000 321.00000000
617.00000000 215.00000000 1.00000000 319.00000000
461.00000000 136.00000000 0.00000000 319.00000000
109.00000000 270.00000000 0.00000000 319.00000000
200.00000000 186.00000000 0.00000000 317.00000000
25.00000000 190.00000000 0.00000000 316.00000000
197.00000000 238.00000000 0.00000000 312.00000000
465.00000000 223.00000000 1.00000000 311.00000000
196.00000000 227.00000000 1.00000000 311.00000000
615.00000000 167.00000000 0.00000000 310.00000000
506.00000000 152.00000000 1.00000000 310.00000000
417.00000000 209.00000000 1.00000000 309.00000000
273.00000000 217.00000000 1.00000000 304.00000000
365.00000000 228.00000000 1.00000000 292.00000000
506.00000000 154.00000000 2.00000000 291.00000000
306.00000000 168.00000000 2.00000000 288.00000000
192.00000000 296.00000000 1.00000000 288.00000000
65.00000000 296.00000000 2.00000000 276.00000000
462.00000000 164.00000000 2.00000000 272.00000000
466.00000000 229.00000000 2.00000000 271.00000000
115.00000000 336.00000000 1.00000000 268.00000000
462.00000000 164.00000000 1.00000000 265.00000000
271.00000000 217.00000000 1.00000000 257.00000000
196.00000000 236.00000000 4.00000000 257.00000000
466.00000000 224.00000000 2.00000000 254.00000000
506.00000000 155.00000000 2.00000000 250.00000000
94.00000000 326.00000000 1.00000000 240.00000000
113.00000000 305.00000000 2.00000000 239.00000000
306.00000000 165.00000000 1.00000000 233.00000000
25.00000000 190.00000000 1.00000000 233.00000000
468.00000000 228.00000000 4.00000000 232.00000000
197.00000000 243.00000000 5.00000000 228.00000000
193.00000000 156.00000000 1.00000000 227.00000000
