1252.00000000 238.00000000 0.00000000 670.00000000
1158.00000000 137.00000000 0.00000000 602.00000000
1110.00000000 345.00000000 0.00000000 594.00000000
954.00000000 267.00000000 0.00000000 581.00000000
975.00000000 241.00000000 0.00000000 580.00000000
1113.00000000 213.00000000 0.00000000 571.00000000
1023.00000000 242.00000000 0.00000000 566.00000000
850.00000000 335.00000000 0.00000000 558.00000000
968.00000000 158.00000000 0.00000000 550.00000000
907.00000000 238.00000000 0.00000000 546.00000000
929.00000000 282.00000000 0.00000000 542.00000000
1008.00000000 118.00000000 0.00000000 538.00000000
1093.00000000 190.00000000 0.00000000 536.00000000
863.00000000 726.00000000 0.00000000 531.00000000
572.00000000 386.00000000 0.00000000 514.00000000
498.00000000 174.00000000 1.00000000 512.00000000
989.00000000 127.00000000 1.00000000 510.00000000
1030.00000000 106.00000000 0.00000000 487.00000000
1007.00000000 118.00000000 1.00000000 487.00000000
890.00000000 639.00000000 2.00000000 486.00000000
497.00000000 172.00000000 1.00000000 485.00000000
900.00000000 160.00000000 0.00000000 480.00000000
1125.00000000 199.00000000 0.00000000 479.00000000
988.00000000 127.00000000 1.00000000 475.00000000
886.00000000 688.00000000 0.00000000 471.00000000
854.00000000 164.00000000 0.00000000 464.00000000
913.00000000 171.00000000 0.00000000 463.00000000
855.00000000 156.00000000 0.00000000 455.00000000
638.00000000 279.00000000 1.00000000 450.00000000
863.00000000 726.00000000 1.00000000 449.00000000
886.00000000 690.00000000 1.00000000 448.00000000
890.00000000 632.00000000 0.00000000 443.00000000
960.00000000 473.00000000 0.00000000 429.00000000
1158.00000000 138.00000000 1.00000000 428.00000000
498.00000000 173.00000000 0.00000000 425.00000000
887.00000000 689.00000000 1.00000000 425.00000000
1119.00000000 129.00000000 0.00000000 424.00000000
380.00000000 263.00000000 0.00000000 423.00000000
886.00000000 692.00000000 2.00000000 423.00000000
867.00000000 504.00000000 0.00000000 421.00000000
1216.00000000 79.00000000 0.00000000 419.00000000
574.00000000 346.00000000 1.00000000 419.00000000
1093.00000000 191.00000000 1.00000000 418.00000000
1259.00000000 132.00000000 0.00000000 418.00000000
772.00000000 251.00000000 0.00000000 417.00000000
1075.00000000 294.00000000 0.00000000 413.00000000
1020.00000000 120.00000000 0.00000000 412.00000000
885.00000000 695.00000000 2.00000000 412.00000000
891.00000000 633.00000000 1.00000000 412.00000000
1113.00000000 213.00000000 1.00000000 411.00000000
890.00000000 638.00000000 2.00000000 405.00000000
890.00000000 634.00000000 1.00000000 402.00000000
496.00000000 172.00000000 2.00000000 402.00000000
1111.00000000 345.00000000 1.00000000 400.00000000
1071.00000000 161.00000000 0.00000000 398.00000000
879.00000000 458.00000000 0.00000000 397.00000000
881.00000000 736.00000000 0.00000000 395.00000000
1023.00000000 242.00000000 1.00000000 392.00000000
917.00000000 245.00000000 0.00000000 391.00000000
989.00000000 126.00000000 0.00000000 388.00000000
1086.00000000 302.00000000 0.00000000 387.00000000
740.00000000 323.00000000 0.00000000 387.00000000
637.00000000 280.00000000 1.00000000 386.00000000
1243.00000000 231.00000000 0.00000000 384.00000000
1125.00000000 214.00000000 0.00000000 381.00000000
767.00000000 281.00000000 0.00000000 381.00000000
1176.00000000 108.00000000 0.00000000 378.00000000
480.00000000 693.00000000 0.00000000 375.00000000
808.00000000 198.00000000 0.00000000 374.00000000
688.00000000 280.00000000 0.00000000 372.00000000
1217.00000000 80.00000000 1.00000000 372.00000000
852.00000000 649.00000000 0.00000000 372.00000000
832.00000000 184.00000000 1.00000000 369.00000000
637.00000000 279.00000000 0.00000000 369.00000000
841.00000000 311.00000000 0.00000000 366.00000000
879.00000000 459.00000000 1.00000000 364.00000000
892.00000000 644.00000000 4.00000000 362.00000000
1149.00000000 260.00000000 0.00000000 362.00000000
893.00000000 246.00000000 0.00000000 362.00000000
108.00000000 787.00000000 0.00000000 361.00000000
988.00000000 128.00000000 2.00000000 360.00000000
1180.00000000 123.00000000 0.00000000 357.00000000
870.00000000 618.00000000 0.00000000 357.00000000
1072.00000000 161.00000000 1.00000000 357.00000000
894.00000000 506.00000000 0.00000000 356.00000000
849.00000000 704.00000000 1.00000000 356.00000000
574.00000000 346.00000000 1.00000000 356.00000000
853.00000000 651.00000000 1.00000000 355.00000000
856.00000000 596.00000000 0.00000000 352.00000000
954.00000000 269.00000000 1.00000000 351.00000000
1115.00000000 186.00000000 1.00000000 350.00000000
1101.00000000 181.00000000 0.00000000 349.00000000
842.00000000 330.00000000 0.00000000 348.00000000
916.00000000 244.00000000 1.00000000 345.00000000
545.00000000 185.00000000 0.00000000 345.00000000
862.00000000 725.00000000 1.00000000 344.00000000
1040.00000000 164.00000000 4.00000000 344.00000000
883.00000000 492.00000000 0.00000000 342.00000000
1101.00000000 182.00000000 1.00000000 340.00000000
898.00000000 172.00000000 0.00000000 339.00000000
965.00000000 145.00000000 1.00000000 336.00000000
849.00000000 704.00000000 1.00000000 336.00000000
854.00000000 651.00000000 1.00000000 336.00000000
574.00000000 345.00000000 0.00000000 335.00000000
965.00000000 146.00000000 1.00000000 334.00000000
572.00000000 357.00000000 0.00000000 334.00000000
636.00000000 280.00000000 2.00000000 334.00000000
854.00000000 654.00000000 2.00000000 331.00000000
905.00000000 252.00000000 1.00000000 326.00000000
960.00000000 473.00000000 1.00000000 325.00000000
870.00000000 618.00000000 1.00000000 324.00000000
1006.00000000 118.00000000 1.00000000 321.00000000
1030.00000000 106.00000000 1.00000000 321.00000000
857.00000000 596.00000000 1.00000000 320.00000000
1253.00000000 238.00000000 1.00000000 320.00000000
856.00000000 596.00000000 1.00000000 319.00000000
860.00000000 726.00000000 2.00000000 316.00000000
480.00000000 693.00000000 1.00000000 315.00000000
1020.00000000 120.00000000 1.00000000 315.00000000
987.00000000 130.00000000 2.00000000 312.00000000
850.00000000 706.00000000 2.00000000 298.00000000
878.00000000 459.00000000 1.00000000 274.00000000
865.00000000 671.00000000 1.00000000 272.00000000
1112.00000000 212.00000000 1.00000000 271.00000000
1135.00000000 123.00000000 1.00000000 270.00000000
494.00000000 172.00000000 2.00000000 260.00000000
1040.00000000 164.00000000 5.00000000 240.00000000
