1252.00000000 238.00000000 0.00000000 719.00000000
882.00000000 737.00000000 0.00000000 688.00000000
890.00000000 639.00000000 2.00000000 636.00000000
1113.00000000 213.00000000 0.00000000 636.00000000
989.00000000 128.00000000 1.00000000 634.00000000
1158.00000000 137.00000000 0.00000000 630.00000000
975.00000000 241.00000000 0.00000000 610.00000000
637.00000000 279.00000000 0.00000000 604.00000000
851.00000000 335.00000000 0.00000000 598.00000000
969.00000000 158.00000000 0.00000000 586.00000000
1093.00000000 190.00000000 0.00000000 585.00000000
1101.00000000 181.00000000 1.00000000 573.00000000
1110.00000000 346.00000000 0.00000000 571.00000000
929.00000000 282.00000000 0.00000000 566.00000000
1100.00000000 181.00000000 0.00000000 555.00000000
380.00000000 263.00000000 0.00000000 549.00000000
1023.00000000 242.00000000 0.00000000 538.00000000
1008.00000000 118.00000000 0.00000000 536.00000000
988.00000000 128.00000000 1.00000000 532.00000000
892.00000000 644.00000000 4.00000000 532.00000000
1125.00000000 199.00000000 0.00000000 530.00000000
560.00000000 332.00000000 0.00000000 515.00000000
637.00000000 279.00000000 1.00000000 513.00000000
856.00000000 156.00000000 0.00000000 511.00000000
1119.00000000 130.00000000 0.00000000 509.00000000
907.00000000 239.00000000 0.00000000 508.00000000
885.00000000 695.00000000 2.00000000 504.00000000
989.00000000 127.00000000 0.00000000 498.00000000
413.00000000 325.00000000 0.00000000 498.00000000
892.00000000 636.00000000 2.00000000 495.00000000
1075.00000000 294.00000000 0.00000000 488.00000000
1243.00000000 231.00000000 0.00000000 477.00000000
659.00000000 264.00000000 0.00000000 475.00000000
900.00000000 160.00000000 0.00000000 475.00000000
888.00000000 692.00000000 2.00000000 475.00000000
917.00000000 245.00000000 0.00000000 474.00000000
893.00000000 246.00000000 0.00000000 466.00000000
794.00000000 248.00000000 0.00000000 466.00000000
1259.00000000 132.00000000 0.00000000 462.00000000
1008.00000000 118.00000000 1.00000000 461.00000000
954.00000000 268.00000000 0.00000000 457.00000000
1020.00000000 120.00000000 0.00000000 454.00000000
1182.00000000 136.00000000 0.00000000 453.00000000
888.00000000 688.00000000 1.00000000 453.00000000
888.00000000 700.00000000 4.00000000 448.00000000
1113.00000000 213.00000000 1.00000000 444.00000000
1030.00000000 106.00000000 0.00000000 437.00000000
892.00000000 633.00000000 1.00000000 436.00000000
960.00000000 473.00000000 0.00000000 432.00000000
572.00000000 386.00000000 0.00000000 429.00000000
913.00000000 171.00000000 0.00000000 427.00000000
1115.00000000 186.00000000 1.00000000 426.00000000
1217.00000000 79.00000000 0.00000000 422.00000000
1259.00000000 132.00000000 1.00000000 422.00000000
892.00000000 632.00000000 1.00000000 422.00000000
1110.00000000 346.00000000 1.00000000 420.00000000
1158.00000000 138.00000000 1.00000000 418.00000000
1125.00000000 214.00000000 0.00000000 418.00000000
868.00000000 504.00000000 0.00000000 414.00000000
1093.00000000 191.00000000 1.00000000 413.00000000
1177.00000000 108.00000000 0.00000000 413.00000000
1180.00000000 123.00000000 0.00000000 412.00000000
688.00000000 280.00000000 0.00000000 408.00000000
887.00000000 689.00000000 1.00000000 408.00000000
1036.00000000 122.00000000 0.00000000 406.00000000
772.00000000 251.00000000 0.00000000 401.00000000
893.00000000 631.00000000 0.00000000 399.00000000
917.00000000 245.00000000 1.00000000 398.00000000
988.00000000 130.00000000 2.00000000 395.00000000
1024.00000000 242.00000000 1.00000000 393.00000000
1071.00000000 161.00000000 0.00000000 392.00000000
54.00000000 94.00000000 0.00000000 390.00000000
498.00000000 172.00000000 2.00000000 385.00000000
794.00000000 249.00000000 1.00000000 385.00000000
1086.00000000 303.00000000 0.00000000 385.00000000
767.00000000 281.00000000 0.00000000 382.00000000
740.00000000 323.00000000 0.00000000 382.00000000
367.00000000 251.00000000 0.00000000 379.00000000
560.00000000 332.00000000 1.00000000 379.00000000
841.00000000 311.00000000 0.00000000 376.00000000
1115.00000000 185.00000000 0.00000000 371.00000000
855.00000000 164.00000000 0.00000000 369.00000000
1101.00000000 181.00000000 1.00000000 369.00000000
779.00000000 251.00000000 0.00000000 368.00000000
1119.00000000 130.00000000 1.00000000 368.00000000
888.00000000 687.00000000 0.00000000 366.00000000
882.00000000 738.00000000 1.00000000 365.00000000
1189.00000000 114.00000000 0.00000000 365.00000000
54.00000000 94.00000000 1.00000000 362.00000000
686.00000000 249.00000000 1.00000000 359.00000000
894.00000000 506.00000000 0.00000000 355.00000000
590.00000000 342.00000000 0.00000000 355.00000000
686.00000000 249.00000000 0.00000000 354.00000000
1020.00000000 121.00000000 1.00000000 353.00000000
1031.00000000 107.00000000 1.00000000 353.00000000
1253.00000000 238.00000000 1.00000000 350.00000000
408.00000000 318.00000000 0.00000000 348.00000000
1143.00000000 267.00000000 0.00000000 347.00000000
1149.00000000 260.00000000 0.00000000 346.00000000
1115.00000000 186.00000000 1.00000000 344.00000000
1126.00000000 199.00000000 1.00000000 343.00000000
987.00000000 130.00000000 2.00000000 342.00000000
380.00000000 263.00000000 1.00000000 337.00000000
960.00000000 473.00000000 1.00000000 337.00000000
1217.00000000 80.00000000 1.00000000 333.00000000
1072.00000000 162.00000000 1.00000000 330.00000000
574.00000000 345.00000000 1.00000000 330.00000000
619.00000000 771.00000000 1.00000000 326.00000000
905.00000000 252.00000000 1.00000000 320.00000000
851.00000000 336.00000000 1.00000000 318.00000000
497.00000000 172.00000000 1.00000000 317.00000000
636.00000000 280.00000000 1.00000000 316.00000000
574.00000000 346.00000000 2.00000000 311.00000000
1064.00000000 152.00000000 2.00000000 311.00000000
619.00000000 770.00000000 1.00000000 310.00000000
1180.00000000 123.00000000 1.00000000 309.00000000
965.00000000 145.00000000 1.00000000 291.00000000
1008.00000000 118.00000000 1.00000000 289.00000000
1112.00000000 212.00000000 1.00000000 280.00000000
1063.00000000 152.00000000 1.00000000 274.00000000
888.00000000 644.00000000 5.00000000 274.00000000
685.00000000 248.00000000 1.00000000 272.00000000
1111.00000000 345.00000000 1.00000000 267.00000000
1153.00000000 183.00000000 1.00000000 266.00000000
1154.00000000 186.00000000 2.00000000 260.00000000
1040.00000000 166.00000000 2.00000000 249.00000000
1042.00000000 168.00000000 2.00000000 229.00000000
