954.00000000 267.00000000 0.00000000 663.00000000
1252.00000000 238.00000000 0.00000000 635.00000000
1158.00000000 137.00000000 0.00000000 623.00000000
1110.00000000 345.00000000 0.00000000 611.00000000
850.00000000 335.00000000 0.00000000 580.00000000
975.00000000 241.00000000 0.00000000 577.00000000
1023.00000000 242.00000000 0.00000000 559.00000000
1113.00000000 213.00000000 0.00000000 557.00000000
907.00000000 238.00000000 0.00000000 549.00000000
1007.00000000 118.00000000 0.00000000 549.00000000
1007.00000000 118.00000000 1.00000000 544.00000000
1093.00000000 190.00000000 0.00000000 543.00000000
900.00000000 160.00000000 0.00000000 538.00000000
854.00000000 164.00000000 0.00000000 512.00000000
929.00000000 282.00000000 0.00000000 509.00000000
968.00000000 158.00000000 0.00000000 492.00000000
572.00000000 386.00000000 0.00000000 479.00000000
989.00000000 127.00000000 1.00000000 472.00000000
886.00000000 688.00000000 0.00000000 471.00000000
1111.00000000 345.00000000 1.00000000 470.00000000
988.00000000 127.00000000 1.00000000 464.00000000
913.00000000 171.00000000 0.00000000 462.00000000
879.00000000 458.00000000 0.00000000 461.00000000
574.00000000 346.00000000 1.00000000 459.00000000
1030.00000000 106.00000000 0.00000000 454.00000000
740.00000000 323.00000000 0.00000000 448.00000000
1125.00000000 199.00000000 0.00000000 444.00000000
832.00000000 184.00000000 1.00000000 441.00000000
890.00000000 639.00000000 2.00000000 438.00000000
890.00000000 632.00000000 0.00000000 435.00000000
574.00000000 346.00000000 1.00000000 434.00000000
1086.00000000 302.00000000 0.00000000 432.00000000
1023.00000000 242.00000000 1.00000000 431.00000000
1074.00000000 294.00000000 0.00000000 429.00000000
1158.00000000 138.00000000 1.00000000 428.00000000
855.00000000 156.00000000 0.00000000 420.00000000
380.00000000 262.00000000 0.00000000 418.00000000
1093.00000000 191.00000000 1.00000000 414.00000000
1216.00000000 79.00000000 0.00000000 408.00000000
867.00000000 504.00000000 0.00000000 406.00000000
879.00000000 459.00000000 1.00000000 404.00000000
1119.00000000 129.00000000 0.00000000 397.00000000
1113.00000000 213.00000000 1.00000000 396.00000000
499.00000000 173.00000000 1.00000000 394.00000000
885.00000000 695.00000000 2.00000000 391.00000000
954.00000000 268.00000000 1.00000000 388.00000000
572.00000000 357.00000000 0.00000000 387.00000000
960.00000000 473.00000000 0.00000000 385.00000000
853.00000000 651.00000000 1.00000000 385.00000000
894.00000000 580.00000000 2.00000000 384.00000000
916.00000000 244.00000000 0.00000000 381.00000000
893.00000000 582.00000000 2.00000000 380.00000000
767.00000000 281.00000000 0.00000000 380.00000000
1072.00000000 161.00000000 0.00000000 376.00000000
1243.00000000 231.00000000 0.00000000 375.00000000
886.00000000 689.00000000 1.00000000 375.00000000
1020.00000000 120.00000000 0.00000000 374.00000000
688.00000000 280.00000000 0.00000000 372.00000000
886.00000000 690.00000000 1.00000000 372.00000000
886.00000000 692.00000000 2.00000000 368.00000000
498.00000000 174.00000000 2.00000000 368.00000000
808.00000000 198.00000000 0.00000000 368.00000000
462.00000000 356.00000000 1.00000000 367.00000000
1125.00000000 214.00000000 0.00000000 366.00000000
842.00000000 330.00000000 0.00000000 365.00000000
893.00000000 246.00000000 0.00000000 365.00000000
1189.00000000 236.00000000 0.00000000 365.00000000
852.00000000 650.00000000 0.00000000 363.00000000
545.00000000 186.00000000 0.00000000 362.00000000
988.00000000 128.00000000 2.00000000 360.00000000
841.00000000 311.00000000 0.00000000 360.00000000
772.00000000 251.00000000 0.00000000 358.00000000
890.00000000 634.00000000 1.00000000 358.00000000
916.00000000 244.00000000 1.00000000 357.00000000
1040.00000000 164.00000000 4.00000000 357.00000000
965.00000000 145.00000000 1.00000000 356.00000000
1006.00000000 118.00000000 1.00000000 353.00000000
398.00000000 306.00000000 0.00000000 353.00000000
891.00000000 633.00000000 1.00000000 351.00000000
894.00000000 506.00000000 0.00000000 350.00000000
890.00000000 638.00000000 2.00000000 349.00000000
574.00000000 345.00000000 0.00000000 346.00000000
859.00000000 719.00000000 0.00000000 343.00000000
883.00000000 492.00000000 0.00000000 342.00000000
1161.00000000 121.00000000 0.00000000 341.00000000
1259.00000000 132.00000000 0.00000000 340.00000000
1006.00000000 105.00000000 0.00000000 340.00000000
1217.00000000 80.00000000 1.00000000 339.00000000
965.00000000 146.00000000 1.00000000 338.00000000
989.00000000 126.00000000 0.00000000 337.00000000
919.00000000 287.00000000 0.00000000 337.00000000
1176.00000000 108.00000000 0.00000000 337.00000000
1135.00000000 123.00000000 1.00000000 336.00000000
1072.00000000 161.00000000 1.00000000 334.00000000
905.00000000 252.00000000 1.00000000 334.00000000
1179.00000000 123.00000000 0.00000000 329.00000000
854.00000000 651.00000000 1.00000000 328.00000000
893.00000000 578.00000000 1.00000000 327.00000000
856.00000000 596.00000000 0.00000000 326.00000000
431.00000000 178.00000000 0.00000000 325.00000000
769.00000000 256.00000000 0.00000000 325.00000000
462.00000000 355.00000000 0.00000000 324.00000000
1103.00000000 218.00000000 0.00000000 322.00000000
1264.00000000 62.00000000 1.00000000 316.00000000
892.00000000 644.00000000 4.00000000 315.00000000
1253.00000000 238.00000000 1.00000000 311.00000000
987.00000000 130.00000000 2.00000000 309.00000000
499.00000000 174.00000000 1.00000000 309.00000000
894.00000000 576.00000000 1.00000000 308.00000000
856.00000000 597.00000000 1.00000000 308.00000000
859.00000000 720.00000000 1.00000000 307.00000000
431.00000000 178.00000000 1.00000000 304.00000000
865.00000000 612.00000000 1.00000000 302.00000000
862.00000000 666.00000000 1.00000000 299.00000000
1030.00000000 106.00000000 1.00000000 298.00000000
960.00000000 473.00000000 1.00000000 298.00000000
878.00000000 459.00000000 1.00000000 298.00000000
812.00000000 564.00000000 1.00000000 297.00000000
863.00000000 666.00000000 1.00000000 296.00000000
1020.00000000 120.00000000 1.00000000 295.00000000
858.00000000 721.00000000 1.00000000 295.00000000
424.00000000 186.00000000 1.00000000 286.00000000
857.00000000 596.00000000 1.00000000 278.00000000
574.00000000 348.00000000 2.00000000 265.00000000
854.00000000 654.00000000 2.00000000 254.00000000
858.00000000 722.00000000 2.00000000 250.00000000
1040.00000000 164.00000000 5.00000000 236.00000000
