1252.00000000 238.00000000 0.00000000 721.00000000
1158.00000000 137.00000000 0.00000000 602.00000000
975.00000000 241.00000000 0.00000000 598.00000000
1113.00000000 213.00000000 0.00000000 598.00000000
637.00000000 279.00000000 0.00000000 579.00000000
968.00000000 158.00000000 0.00000000 571.00000000
1023.00000000 242.00000000 0.00000000 561.00000000
989.00000000 127.00000000 1.00000000 557.00000000
929.00000000 282.00000000 0.00000000 556.00000000
1110.00000000 345.00000000 0.00000000 554.00000000
1093.00000000 190.00000000 0.00000000 539.00000000
851.00000000 335.00000000 0.00000000 535.00000000
954.00000000 267.00000000 0.00000000 521.00000000
890.00000000 639.00000000 2.00000000 517.00000000
637.00000000 279.00000000 1.00000000 509.00000000
1008.00000000 118.00000000 0.00000000 507.00000000
1030.00000000 106.00000000 0.00000000 505.00000000
1101.00000000 181.00000000 1.00000000 505.00000000
907.00000000 239.00000000 0.00000000 496.00000000
380.00000000 263.00000000 0.00000000 494.00000000
1125.00000000 199.00000000 0.00000000 494.00000000
988.00000000 127.00000000 1.00000000 492.00000000
1100.00000000 181.00000000 0.00000000 488.00000000
572.00000000 386.00000000 0.00000000 483.00000000
900.00000000 160.00000000 0.00000000 482.00000000
913.00000000 171.00000000 0.00000000 469.00000000
881.00000000 737.00000000 0.00000000 467.00000000
887.00000000 688.00000000 0.00000000 465.00000000
1008.00000000 118.00000000 1.00000000 464.00000000
1259.00000000 132.00000000 0.00000000 463.00000000
887.00000000 688.00000000 1.00000000 456.00000000
1119.00000000 129.00000000 0.00000000 455.00000000
891.00000000 632.00000000 0.00000000 455.00000000
960.00000000 473.00000000 0.00000000 453.00000000
989.00000000 127.00000000 0.00000000 452.00000000
659.00000000 264.00000000 0.00000000 448.00000000
886.00000000 690.00000000 1.00000000 445.00000000
855.00000000 156.00000000 0.00000000 443.00000000
1158.00000000 138.00000000 1.00000000 442.00000000
886.00000000 692.00000000 2.00000000 440.00000000
888.00000000 695.00000000 2.00000000 440.00000000
855.00000000 164.00000000 0.00000000 437.00000000
891.00000000 633.00000000 1.00000000 435.00000000
1075.00000000 294.00000000 0.00000000 433.00000000
1020.00000000 120.00000000 0.00000000 433.00000000
867.00000000 504.00000000 0.00000000 428.00000000
487.00000000 688.00000000 0.00000000 426.00000000
772.00000000 251.00000000 0.00000000 426.00000000
890.00000000 638.00000000 2.00000000 425.00000000
1113.00000000 213.00000000 1.00000000 425.00000000
852.00000000 649.00000000 0.00000000 424.00000000
498.00000000 174.00000000 1.00000000 421.00000000
917.00000000 245.00000000 0.00000000 418.00000000
1243.00000000 231.00000000 0.00000000 412.00000000
1217.00000000 79.00000000 0.00000000 411.00000000
1071.00000000 161.00000000 0.00000000 408.00000000
892.00000000 644.00000000 4.00000000 408.00000000
497.00000000 173.00000000 1.00000000 408.00000000
1093.00000000 191.00000000 1.00000000 407.00000000
890.00000000 633.00000000 1.00000000 403.00000000
560.00000000 331.00000000 0.00000000 403.00000000
574.00000000 345.00000000 1.00000000 397.00000000
849.00000000 703.00000000 0.00000000 395.00000000
740.00000000 323.00000000 0.00000000 395.00000000
1176.00000000 108.00000000 0.00000000 387.00000000
856.00000000 596.00000000 0.00000000 386.00000000
767.00000000 281.00000000 0.00000000 386.00000000
1086.00000000 303.00000000 0.00000000 385.00000000
1024.00000000 242.00000000 1.00000000 384.00000000
1110.00000000 346.00000000 1.00000000 383.00000000
1143.00000000 267.00000000 0.00000000 381.00000000
1115.00000000 186.00000000 1.00000000 380.00000000
688.00000000 280.00000000 0.00000000 380.00000000
988.00000000 128.00000000 2.00000000 371.00000000
841.00000000 311.00000000 0.00000000 370.00000000
853.00000000 650.00000000 1.00000000 370.00000000
893.00000000 246.00000000 0.00000000 369.00000000
1180.00000000 123.00000000 0.00000000 368.00000000
1036.00000000 122.00000000 0.00000000 367.00000000
849.00000000 704.00000000 1.00000000 365.00000000
856.00000000 596.00000000 1.00000000 363.00000000
367.00000000 251.00000000 0.00000000 362.00000000
1217.00000000 80.00000000 1.00000000 361.00000000
794.00000000 248.00000000 0.00000000 361.00000000
894.00000000 506.00000000 0.00000000 359.00000000
857.00000000 596.00000000 1.00000000 358.00000000
1115.00000000 185.00000000 0.00000000 356.00000000
498.00000000 172.00000000 2.00000000 354.00000000
1253.00000000 238.00000000 1.00000000 354.00000000
1125.00000000 214.00000000 0.00000000 353.00000000
1259.00000000 132.00000000 1.00000000 353.00000000
808.00000000 199.00000000 0.00000000 352.00000000
1031.00000000 106.00000000 1.00000000 350.00000000
574.00000000 346.00000000 2.00000000 349.00000000
849.00000000 704.00000000 1.00000000 349.00000000
883.00000000 492.00000000 0.00000000 349.00000000
842.00000000 330.00000000 0.00000000 345.00000000
1149.00000000 260.00000000 0.00000000 344.00000000
545.00000000 185.00000000 0.00000000 343.00000000
1040.00000000 164.00000000 4.00000000 342.00000000
960.00000000 473.00000000 1.00000000 342.00000000
1072.00000000 161.00000000 1.00000000 332.00000000
1020.00000000 120.00000000 1.00000000 327.00000000
1119.00000000 130.00000000 1.00000000 325.00000000
905.00000000 252.00000000 1.00000000 325.00000000
916.00000000 244.00000000 1.00000000 324.00000000
965.00000000 146.00000000 1.00000000 324.00000000
987.00000000 130.00000000 2.00000000 324.00000000
965.00000000 145.00000000 1.00000000 318.00000000
954.00000000 269.00000000 1.00000000 315.00000000
854.00000000 651.00000000 1.00000000 311.00000000
794.00000000 248.00000000 1.00000000 310.00000000
832.00000000 184.00000000 1.00000000 309.00000000
1126.00000000 199.00000000 1.00000000 309.00000000
1006.00000000 118.00000000 1.00000000 309.00000000
636.00000000 280.00000000 1.00000000 306.00000000
879.00000000 144.00000000 1.00000000 306.00000000
858.00000000 600.00000000 2.00000000 305.00000000
1064.00000000 152.00000000 2.00000000 301.00000000
1101.00000000 181.00000000 1.00000000 297.00000000
619.00000000 770.00000000 1.00000000 297.00000000
1115.00000000 186.00000000 1.00000000 286.00000000
1112.00000000 212.00000000 1.00000000 277.00000000
1043.00000000 166.00000000 1.00000000 269.00000000
1040.00000000 164.00000000 5.00000000 253.00000000
90.00000000 672.00000000 2.00000000 248.00000000
494.00000000 172.00000000 2.00000000 240.00000000
