1252.00000000 238.00000000 0.00000000 677.00000000
989.00000000 128.00000000 1.00000000 663.00000000
882.00000000 737.00000000 0.00000000 637.00000000
851.00000000 335.00000000 0.00000000 626.00000000
686.00000000 249.00000000 0.00000000 598.00000000
637.00000000 279.00000000 0.00000000 594.00000000
1113.00000000 213.00000000 0.00000000 589.00000000
975.00000000 241.00000000 0.00000000 589.00000000
1093.00000000 190.00000000 0.00000000 584.00000000
988.00000000 128.00000000 1.00000000 578.00000000
1158.00000000 137.00000000 0.00000000 576.00000000
968.00000000 158.00000000 0.00000000 568.00000000
1101.00000000 181.00000000 1.00000000 563.00000000
1100.00000000 181.00000000 0.00000000 555.00000000
1182.00000000 136.00000000 0.00000000 552.00000000
1125.00000000 199.00000000 0.00000000 551.00000000
989.00000000 127.00000000 0.00000000 548.00000000
1110.00000000 345.00000000 0.00000000 544.00000000
1119.00000000 130.00000000 0.00000000 540.00000000
929.00000000 282.00000000 0.00000000 524.00000000
888.00000000 692.00000000 2.00000000 520.00000000
1023.00000000 242.00000000 0.00000000 516.00000000
380.00000000 263.00000000 0.00000000 516.00000000
888.00000000 688.00000000 1.00000000 515.00000000
1243.00000000 231.00000000 0.00000000 515.00000000
794.00000000 248.00000000 0.00000000 507.00000000
1008.00000000 118.00000000 0.00000000 503.00000000
686.00000000 249.00000000 1.00000000 495.00000000
637.00000000 279.00000000 1.00000000 494.00000000
907.00000000 239.00000000 0.00000000 491.00000000
1177.00000000 108.00000000 0.00000000 483.00000000
1021.00000000 120.00000000 0.00000000 474.00000000
856.00000000 156.00000000 0.00000000 472.00000000
659.00000000 264.00000000 0.00000000 471.00000000
888.00000000 688.00000000 1.00000000 464.00000000
917.00000000 245.00000000 0.00000000 460.00000000
893.00000000 246.00000000 0.00000000 458.00000000
1260.00000000 132.00000000 1.00000000 457.00000000
888.00000000 692.00000000 2.00000000 454.00000000
900.00000000 160.00000000 0.00000000 447.00000000
893.00000000 632.00000000 0.00000000 446.00000000
960.00000000 473.00000000 0.00000000 442.00000000
888.00000000 700.00000000 4.00000000 434.00000000
688.00000000 280.00000000 0.00000000 433.00000000
1115.00000000 186.00000000 1.00000000 427.00000000
1260.00000000 132.00000000 0.00000000 425.00000000
1093.00000000 191.00000000 1.00000000 422.00000000
1264.00000000 224.00000000 0.00000000 416.00000000
889.00000000 687.00000000 0.00000000 414.00000000
1113.00000000 213.00000000 1.00000000 409.00000000
412.00000000 325.00000000 0.00000000 409.00000000
1036.00000000 122.00000000 0.00000000 408.00000000
164.00000000 665.00000000 0.00000000 408.00000000
892.00000000 633.00000000 1.00000000 407.00000000
1008.00000000 118.00000000 1.00000000 407.00000000
988.00000000 130.00000000 2.00000000 400.00000000
892.00000000 633.00000000 1.00000000 400.00000000
408.00000000 318.00000000 0.00000000 397.00000000
794.00000000 249.00000000 1.00000000 397.00000000
1189.00000000 114.00000000 0.00000000 395.00000000
772.00000000 251.00000000 0.00000000 392.00000000
1119.00000000 130.00000000 1.00000000 391.00000000
1086.00000000 304.00000000 0.00000000 391.00000000
1125.00000000 214.00000000 0.00000000 390.00000000
366.00000000 251.00000000 0.00000000 389.00000000
569.00000000 158.00000000 0.00000000 389.00000000
1180.00000000 123.00000000 0.00000000 388.00000000
1030.00000000 106.00000000 0.00000000 386.00000000
890.00000000 639.00000000 2.00000000 385.00000000
890.00000000 638.00000000 2.00000000 385.00000000
1075.00000000 294.00000000 0.00000000 385.00000000
1110.00000000 345.00000000 1.00000000 385.00000000
403.00000000 199.00000000 0.00000000 383.00000000
1024.00000000 242.00000000 1.00000000 383.00000000
917.00000000 245.00000000 1.00000000 382.00000000
867.00000000 505.00000000 0.00000000 380.00000000
1158.00000000 138.00000000 1.00000000 376.00000000
1182.00000000 136.00000000 1.00000000 375.00000000
572.00000000 387.00000000 0.00000000 374.00000000
1101.00000000 181.00000000 1.00000000 374.00000000
1115.00000000 185.00000000 0.00000000 373.00000000
1218.00000000 79.00000000 0.00000000 373.00000000
1020.00000000 121.00000000 1.00000000 372.00000000
678.00000000 260.00000000 0.00000000 369.00000000
1115.00000000 186.00000000 1.00000000 365.00000000
1071.00000000 161.00000000 0.00000000 364.00000000
1228.00000000 252.00000000 0.00000000 363.00000000
841.00000000 311.00000000 0.00000000 362.00000000
913.00000000 171.00000000 0.00000000 362.00000000
483.00000000 245.00000000 0.00000000 359.00000000
767.00000000 281.00000000 0.00000000 358.00000000
882.00000000 738.00000000 1.00000000 357.00000000
898.00000000 172.00000000 0.00000000 357.00000000
1031.00000000 107.00000000 1.00000000 356.00000000
894.00000000 507.00000000 0.00000000 356.00000000
590.00000000 342.00000000 0.00000000 353.00000000
892.00000000 644.00000000 4.00000000 346.00000000
1126.00000000 199.00000000 1.00000000 344.00000000
984.00000000 130.00000000 2.00000000 338.00000000
498.00000000 172.00000000 2.00000000 337.00000000
851.00000000 336.00000000 1.00000000 334.00000000
380.00000000 263.00000000 1.00000000 334.00000000
794.00000000 575.00000000 1.00000000 330.00000000
960.00000000 473.00000000 1.00000000 329.00000000
1253.00000000 238.00000000 1.00000000 328.00000000
1177.00000000 108.00000000 1.00000000 327.00000000
685.00000000 248.00000000 1.00000000 319.00000000
1071.00000000 162.00000000 1.00000000 317.00000000
408.00000000 318.00000000 1.00000000 316.00000000
965.00000000 146.00000000 1.00000000 310.00000000
905.00000000 252.00000000 1.00000000 307.00000000
1062.00000000 152.00000000 2.00000000 304.00000000
636.00000000 280.00000000 1.00000000 302.00000000
965.00000000 145.00000000 1.00000000 301.00000000
619.00000000 770.00000000 1.00000000 296.00000000
1112.00000000 213.00000000 1.00000000 272.00000000
1111.00000000 345.00000000 1.00000000 268.00000000
575.00000000 345.00000000 1.00000000 261.00000000
574.00000000 346.00000000 2.00000000 261.00000000
1153.00000000 183.00000000 1.00000000 258.00000000
1040.00000000 164.00000000 5.00000000 258.00000000
1154.00000000 186.00000000 2.00000000 257.00000000
1258.00000000 131.00000000 1.00000000 256.00000000
499.00000000 171.00000000 1.00000000 255.00000000
612.00000000 214.00000000 2.00000000 250.00000000
1008.00000000 118.00000000 1.00000000 250.00000000
1063.00000000 149.00000000 2.00000000 224.00000000
