953.00000000 267.00000000 0.00000000 688.00000000
854.00000000 164.00000000 0.00000000 577.00000000
1252.00000000 238.00000000 0.00000000 569.00000000
1023.00000000 242.00000000 0.00000000 565.00000000
1007.00000000 118.00000000 1.00000000 558.00000000
1158.00000000 137.00000000 0.00000000 556.00000000
1007.00000000 118.00000000 0.00000000 551.00000000
879.00000000 458.00000000 0.00000000 548.00000000
1112.00000000 212.00000000 0.00000000 544.00000000
975.00000000 241.00000000 0.00000000 532.00000000
907.00000000 238.00000000 0.00000000 520.00000000
1093.00000000 190.00000000 0.00000000 511.00000000
928.00000000 282.00000000 0.00000000 503.00000000
900.00000000 160.00000000 0.00000000 496.00000000
850.00000000 335.00000000 0.00000000 492.00000000
740.00000000 323.00000000 0.00000000 478.00000000
573.00000000 346.00000000 1.00000000 474.00000000
988.00000000 127.00000000 1.00000000 473.00000000
832.00000000 184.00000000 1.00000000 469.00000000
572.00000000 346.00000000 1.00000000 468.00000000
852.00000000 650.00000000 0.00000000 463.00000000
989.00000000 127.00000000 1.00000000 463.00000000
968.00000000 158.00000000 0.00000000 461.00000000
572.00000000 386.00000000 0.00000000 458.00000000
1264.00000000 62.00000000 1.00000000 448.00000000
913.00000000 171.00000000 0.00000000 448.00000000
879.00000000 459.00000000 1.00000000 441.00000000
1023.00000000 242.00000000 1.00000000 435.00000000
1074.00000000 294.00000000 0.00000000 428.00000000
500.00000000 171.00000000 1.00000000 427.00000000
572.00000000 357.00000000 0.00000000 424.00000000
500.00000000 172.00000000 2.00000000 423.00000000
1005.00000000 105.00000000 0.00000000 410.00000000
1110.00000000 344.00000000 0.00000000 404.00000000
916.00000000 244.00000000 0.00000000 404.00000000
574.00000000 346.00000000 0.00000000 401.00000000
1030.00000000 106.00000000 0.00000000 401.00000000
1125.00000000 199.00000000 0.00000000 400.00000000
811.00000000 563.00000000 0.00000000 396.00000000
856.00000000 596.00000000 0.00000000 393.00000000
1135.00000000 123.00000000 1.00000000 391.00000000
1113.00000000 213.00000000 1.00000000 389.00000000
954.00000000 268.00000000 1.00000000 381.00000000
380.00000000 262.00000000 0.00000000 381.00000000
1158.00000000 138.00000000 1.00000000 379.00000000
988.00000000 128.00000000 2.00000000 376.00000000
1086.00000000 302.00000000 0.00000000 376.00000000
824.00000000 565.00000000 0.00000000 374.00000000
867.00000000 504.00000000 0.00000000 374.00000000
1093.00000000 191.00000000 1.00000000 374.00000000
965.00000000 144.00000000 1.00000000 371.00000000
1216.00000000 80.00000000 0.00000000 366.00000000
890.00000000 639.00000000 2.00000000 365.00000000
1040.00000000 164.00000000 4.00000000 364.00000000
886.00000000 688.00000000 0.00000000 364.00000000
1103.00000000 218.00000000 0.00000000 363.00000000
1006.00000000 118.00000000 1.00000000 361.00000000
808.00000000 198.00000000 0.00000000 359.00000000
398.00000000 306.00000000 0.00000000 358.00000000
1072.00000000 161.00000000 0.00000000 358.00000000
854.00000000 156.00000000 0.00000000 358.00000000
500.00000000 168.00000000 0.00000000 358.00000000
916.00000000 244.00000000 1.00000000 357.00000000
1182.00000000 288.00000000 0.00000000 357.00000000
767.00000000 280.00000000 0.00000000 352.00000000
849.00000000 704.00000000 0.00000000 352.00000000
853.00000000 651.00000000 1.00000000 352.00000000
500.00000000 169.00000000 1.00000000 352.00000000
890.00000000 632.00000000 0.00000000 350.00000000
1252.00000000 63.00000000 0.00000000 349.00000000
688.00000000 280.00000000 0.00000000 349.00000000
1265.00000000 61.00000000 0.00000000 347.00000000
1243.00000000 231.00000000 0.00000000 347.00000000
812.00000000 565.00000000 1.00000000 343.00000000
366.00000000 252.00000000 0.00000000 343.00000000
960.00000000 473.00000000 0.00000000 341.00000000
1019.00000000 120.00000000 0.00000000 341.00000000
1134.00000000 122.00000000 1.00000000 341.00000000
951.00000000 259.00000000 0.00000000 338.00000000
398.00000000 216.00000000 0.00000000 337.00000000
837.00000000 567.00000000 0.00000000 336.00000000
966.00000000 145.00000000 1.00000000 334.00000000
893.00000000 582.00000000 2.00000000 331.00000000
926.00000000 230.00000000 1.00000000 330.00000000
841.00000000 311.00000000 0.00000000 329.00000000
1129.00000000 291.00000000 0.00000000 328.00000000
842.00000000 330.00000000 0.00000000 326.00000000
856.00000000 597.00000000 1.00000000 326.00000000
1125.00000000 214.00000000 0.00000000 325.00000000
893.00000000 246.00000000 0.00000000 324.00000000
1119.00000000 129.00000000 0.00000000 324.00000000
886.00000000 689.00000000 1.00000000 323.00000000
989.00000000 138.00000000 0.00000000 322.00000000
968.00000000 142.00000000 0.00000000 322.00000000
864.00000000 316.00000000 0.00000000 322.00000000
619.00000000 770.00000000 1.00000000 319.00000000
987.00000000 130.00000000 2.00000000 319.00000000
1216.00000000 80.00000000 1.00000000 317.00000000
905.00000000 252.00000000 1.00000000 316.00000000
879.00000000 458.00000000 1.00000000 310.00000000
864.00000000 608.00000000 1.00000000 308.00000000
894.00000000 580.00000000 2.00000000 307.00000000
619.00000000 771.00000000 1.00000000 305.00000000
831.00000000 185.00000000 1.00000000 305.00000000
886.00000000 690.00000000 1.00000000 303.00000000
888.00000000 695.00000000 2.00000000 302.00000000
1072.00000000 161.00000000 1.00000000 298.00000000
557.00000000 180.00000000 1.00000000 290.00000000
890.00000000 638.00000000 2.00000000 289.00000000
902.00000000 750.00000000 1.00000000 288.00000000
399.00000000 216.00000000 1.00000000 288.00000000
1255.00000000 162.00000000 1.00000000 287.00000000
849.00000000 704.00000000 1.00000000 285.00000000
1253.00000000 238.00000000 1.00000000 283.00000000
572.00000000 386.00000000 1.00000000 283.00000000
574.00000000 348.00000000 2.00000000 282.00000000
528.00000000 157.00000000 1.00000000 281.00000000
890.00000000 634.00000000 1.00000000 277.00000000
1022.00000000 241.00000000 1.00000000 272.00000000
864.00000000 608.00000000 1.00000000 272.00000000
886.00000000 692.00000000 2.00000000 271.00000000
1112.00000000 212.00000000 1.00000000 269.00000000
422.00000000 186.00000000 1.00000000 266.00000000
1136.00000000 124.00000000 2.00000000 263.00000000
864.00000000 612.00000000 4.00000000 261.00000000
878.00000000 460.00000000 2.00000000 233.00000000
1040.00000000 164.00000000 5.00000000 228.00000000
