837.00000000 123.00000000 1.00000000 837.00000000
838.00000000 124.00000000 2.00000000 735.00000000
840.00000000 312.00000000 1.00000000 704.00000000
841.00000000 312.00000000 1.00000000 642.00000000
836.00000000 122.00000000 1.00000000 529.00000000
905.00000000 109.00000000 1.00000000 507.00000000
395.00000000 101.00000000 5.00000000 501.00000000
873.00000000 117.00000000 1.00000000 480.00000000
840.00000000 311.00000000 0.00000000 470.00000000
807.00000000 128.00000000 1.00000000 455.00000000
320.00000000 132.00000000 4.00000000 453.00000000
807.00000000 128.00000000 1.00000000 449.00000000
396.00000000 96.00000000 4.00000000 441.00000000
538.00000000 170.00000000 2.00000000 435.00000000
874.00000000 116.00000000 1.00000000 428.00000000
322.00000000 212.00000000 1.00000000 417.00000000
537.00000000 169.00000000 2.00000000 401.00000000
322.00000000 132.00000000 2.00000000 390.00000000
323.00000000 212.00000000 1.00000000 373.00000000
83.00000000 200.00000000 1.00000000 372.00000000
85.00000000 227.00000000 1.00000000 371.00000000
80.00000000 168.00000000 0.00000000 368.00000000
837.00000000 263.00000000 2.00000000 367.00000000
905.00000000 107.00000000 0.00000000 363.00000000
777.00000000 434.00000000 0.00000000 357.00000000
83.00000000 200.00000000 0.00000000 353.00000000
838.00000000 262.00000000 2.00000000 351.00000000
837.00000000 124.00000000 2.00000000 343.00000000
537.00000000 166.00000000 1.00000000 343.00000000
84.00000000 226.00000000 0.00000000 336.00000000
874.00000000 113.00000000 0.00000000 334.00000000
842.00000000 312.00000000 2.00000000 333.00000000
874.00000000 118.00000000 2.00000000 332.00000000
510.00000000 146.00000000 2.00000000 327.00000000
836.00000000 120.00000000 0.00000000 318.00000000
80.00000000 169.00000000 1.00000000 316.00000000
75.00000000 86.00000000 0.00000000 312.00000000
808.00000000 125.00000000 0.00000000 310.00000000
148.00000000 154.00000000 1.00000000 293.00000000
311.00000000 38.00000000 0.00000000 292.00000000
538.00000000 165.00000000 1.00000000 284.00000000
337.00000000 39.00000000 1.00000000 282.00000000
60.00000000 23.00000000 0.00000000 280.00000000
510.00000000 147.00000000 1.00000000 277.00000000
76.00000000 87.00000000 1.00000000 270.00000000
152.00000000 221.00000000 0.00000000 269.00000000
152.00000000 222.00000000 1.00000000 255.00000000
404.00000000 171.00000000 1.00000000 254.00000000
322.00000000 212.00000000 2.00000000 254.00000000
62.00000000 55.00000000 1.00000000 251.00000000
538.00000000 164.00000000 0.00000000 250.00000000
324.00000000 134.00000000 2.00000000 250.00000000
323.00000000 132.00000000 1.00000000 244.00000000
34.00000000 47.00000000 1.00000000 243.00000000
82.00000000 200.00000000 1.00000000 242.00000000
777.00000000 434.00000000 1.00000000 238.00000000
838.00000000 258.00000000 1.00000000 232.00000000
85.00000000 237.00000000 0.00000000 231.00000000
73.00000000 40.00000000 1.00000000 226.00000000
72.00000000 39.00000000 0.00000000 226.00000000
511.00000000 148.00000000 1.00000000 225.00000000
324.00000000 133.00000000 1.00000000 224.00000000
62.00000000 55.00000000 0.00000000 222.00000000
319.00000000 118.00000000 1.00000000 219.00000000
886.00000000 368.00000000 0.00000000 219.00000000
337.00000000 38.00000000 0.00000000 216.00000000
902.00000000 314.00000000 1.00000000 216.00000000
60.00000000 24.00000000 1.00000000 215.00000000
98.00000000 234.00000000 1.00000000 213.00000000
345.00000000 62.00000000 1.00000000 212.00000000
32.00000000 46.00000000 1.00000000 212.00000000
813.00000000 398.00000000 0.00000000 210.00000000
336.00000000 38.00000000 1.00000000 210.00000000
148.00000000 153.00000000 0.00000000 209.00000000
33.00000000 109.00000000 1.00000000 208.00000000
344.00000000 62.00000000 1.00000000 208.00000000
404.00000000 169.00000000 1.00000000 202.00000000
839.00000000 400.00000000 0.00000000 202.00000000
13.00000000 71.00000000 0.00000000 202.00000000
32.00000000 108.00000000 1.00000000 200.00000000
323.00000000 210.00000000 0.00000000 198.00000000
902.00000000 314.00000000 0.00000000 198.00000000
404.00000000 171.00000000 0.00000000 198.00000000
153.00000000 242.00000000 0.00000000 197.00000000
309.00000000 70.00000000 0.00000000 196.00000000
85.00000000 238.00000000 1.00000000 195.00000000
316.00000000 358.00000000 1.00000000 194.00000000
836.00000000 370.00000000 0.00000000 193.00000000
152.00000000 329.00000000 1.00000000 192.00000000
281.00000000 67.00000000 0.00000000 192.00000000
152.00000000 211.00000000 1.00000000 190.00000000
152.00000000 328.00000000 0.00000000 189.00000000
308.00000000 96.00000000 0.00000000 188.00000000
65.00000000 100.00000000 1.00000000 187.00000000
65.00000000 98.00000000 0.00000000 187.00000000
839.00000000 401.00000000 1.00000000 185.00000000
302.00000000 43.00000000 0.00000000 180.00000000
324.00000000 134.00000000 0.00000000 179.00000000
341.00000000 369.00000000 0.00000000 176.00000000
831.00000000 329.00000000 0.00000000 175.00000000
280.00000000 218.00000000 0.00000000 175.00000000
222.00000000 134.00000000 0.00000000 173.00000000
260.00000000 187.00000000 0.00000000 172.00000000
343.00000000 74.00000000 0.00000000 171.00000000
225.00000000 68.00000000 0.00000000 169.00000000
325.00000000 70.00000000 0.00000000 168.00000000
839.00000000 328.00000000 0.00000000 164.00000000
511.00000000 148.00000000 0.00000000 159.00000000
490.00000000 217.00000000 0.00000000 158.00000000
775.00000000 325.00000000 0.00000000 158.00000000
338.00000000 88.00000000 0.00000000 158.00000000
333.00000000 12.00000000 0.00000000 157.00000000
264.00000000 82.00000000 0.00000000 156.00000000
277.00000000 12.00000000 0.00000000 155.00000000
854.00000000 404.00000000 0.00000000 154.00000000
888.00000000 392.00000000 0.00000000 154.00000000
311.00000000 16.00000000 0.00000000 153.00000000
345.00000000 61.00000000 0.00000000 152.00000000
86.00000000 247.00000000 0.00000000 151.00000000
272.00000000 213.00000000 0.00000000 149.00000000
822.00000000 352.00000000 0.00000000 148.00000000
33.00000000 108.00000000 0.00000000 147.00000000
312.00000000 31.00000000 0.00000000 145.00000000
849.00000000 383.00000000 0.00000000 144.00000000
880.00000000 357.00000000 0.00000000 144.00000000
716.00000000 267.00000000 0.00000000 142.00000000
18.00000000 139.00000000 0.00000000 142.00000000
