898.00000000 108.00000000 1.00000000 726.00000000
830.00000000 121.00000000 1.00000000 612.00000000
898.00000000 108.00000000 1.00000000 578.00000000
834.00000000 310.00000000 1.00000000 546.00000000
830.00000000 122.00000000 2.00000000 527.00000000
834.00000000 311.00000000 1.00000000 518.00000000
771.00000000 432.00000000 0.00000000 468.00000000
390.00000000 101.00000000 5.00000000 465.00000000
316.00000000 132.00000000 4.00000000 446.00000000
829.00000000 121.00000000 1.00000000 402.00000000
388.00000000 92.00000000 4.00000000 397.00000000
898.00000000 106.00000000 0.00000000 394.00000000
866.00000000 115.00000000 1.00000000 387.00000000
867.00000000 115.00000000 1.00000000 382.00000000
800.00000000 127.00000000 1.00000000 374.00000000
800.00000000 127.00000000 1.00000000 365.00000000
316.00000000 130.00000000 2.00000000 349.00000000
833.00000000 309.00000000 0.00000000 347.00000000
141.00000000 153.00000000 1.00000000 340.00000000
771.00000000 433.00000000 1.00000000 339.00000000
72.00000000 168.00000000 0.00000000 337.00000000
76.00000000 200.00000000 1.00000000 335.00000000
73.00000000 169.00000000 1.00000000 330.00000000
76.00000000 200.00000000 0.00000000 325.00000000
832.00000000 262.00000000 2.00000000 313.00000000
909.00000000 309.00000000 0.00000000 310.00000000
387.00000000 90.00000000 2.00000000 308.00000000
57.00000000 98.00000000 0.00000000 307.00000000
316.00000000 212.00000000 1.00000000 305.00000000
144.00000000 221.00000000 0.00000000 302.00000000
58.00000000 99.00000000 1.00000000 301.00000000
145.00000000 222.00000000 1.00000000 298.00000000
317.00000000 212.00000000 1.00000000 290.00000000
305.00000000 38.00000000 0.00000000 290.00000000
868.00000000 116.00000000 2.00000000 288.00000000
146.00000000 242.00000000 0.00000000 284.00000000
91.00000000 234.00000000 1.00000000 283.00000000
503.00000000 141.00000000 2.00000000 280.00000000
831.00000000 263.00000000 2.00000000 276.00000000
504.00000000 146.00000000 2.00000000 276.00000000
77.00000000 228.00000000 1.00000000 275.00000000
140.00000000 153.00000000 0.00000000 274.00000000
332.00000000 368.00000000 2.00000000 266.00000000
867.00000000 113.00000000 0.00000000 265.00000000
532.00000000 170.00000000 2.00000000 265.00000000
834.00000000 312.00000000 2.00000000 259.00000000
330.00000000 38.00000000 1.00000000 253.00000000
709.00000000 270.00000000 1.00000000 253.00000000
145.00000000 211.00000000 1.00000000 252.00000000
77.00000000 226.00000000 0.00000000 251.00000000
310.00000000 358.00000000 1.00000000 247.00000000
319.00000000 70.00000000 0.00000000 246.00000000
806.00000000 396.00000000 0.00000000 243.00000000
731.00000000 300.00000000 1.00000000 241.00000000
68.00000000 87.00000000 1.00000000 241.00000000
330.00000000 38.00000000 0.00000000 240.00000000
54.00000000 55.00000000 1.00000000 239.00000000
502.00000000 104.00000000 2.00000000 236.00000000
67.00000000 86.00000000 0.00000000 235.00000000
338.00000000 61.00000000 1.00000000 235.00000000
830.00000000 120.00000000 0.00000000 235.00000000
801.00000000 125.00000000 0.00000000 230.00000000
77.00000000 237.00000000 0.00000000 225.00000000
320.00000000 70.00000000 1.00000000 224.00000000
74.00000000 200.00000000 1.00000000 224.00000000
52.00000000 23.00000000 0.00000000 223.00000000
313.00000000 118.00000000 1.00000000 222.00000000
337.00000000 62.00000000 1.00000000 220.00000000
644.00000000 308.00000000 1.00000000 219.00000000
313.00000000 499.00000000 1.00000000 219.00000000
43.00000000 38.00000000 0.00000000 218.00000000
484.00000000 216.00000000 0.00000000 218.00000000
672.00000000 256.00000000 1.00000000 218.00000000
398.00000000 170.00000000 1.00000000 216.00000000
54.00000000 54.00000000 0.00000000 215.00000000
316.00000000 132.00000000 1.00000000 214.00000000
531.00000000 169.00000000 1.00000000 213.00000000
397.00000000 169.00000000 1.00000000 212.00000000
309.00000000 359.00000000 1.00000000 212.00000000
710.00000000 268.00000000 1.00000000 211.00000000
503.00000000 147.00000000 1.00000000 209.00000000
301.00000000 96.00000000 0.00000000 208.00000000
327.00000000 478.00000000 0.00000000 206.00000000
144.00000000 200.00000000 1.00000000 206.00000000
832.00000000 256.00000000 1.00000000 205.00000000
485.00000000 216.00000000 1.00000000 203.00000000
91.00000000 234.00000000 0.00000000 202.00000000
645.00000000 308.00000000 1.00000000 201.00000000
254.00000000 187.00000000 0.00000000 201.00000000
144.00000000 199.00000000 0.00000000 199.00000000
105.00000000 264.00000000 1.00000000 198.00000000
806.00000000 397.00000000 1.00000000 195.00000000
303.00000000 70.00000000 0.00000000 195.00000000
258.00000000 82.00000000 0.00000000 193.00000000
313.00000000 499.00000000 0.00000000 192.00000000
709.00000000 267.00000000 0.00000000 191.00000000
832.00000000 399.00000000 0.00000000 190.00000000
335.00000000 369.00000000 0.00000000 189.00000000
79.00000000 247.00000000 0.00000000 189.00000000
337.00000000 60.00000000 0.00000000 187.00000000
52.00000000 184.00000000 0.00000000 180.00000000
532.00000000 171.00000000 0.00000000 179.00000000
906.00000000 134.00000000 0.00000000 179.00000000
274.00000000 67.00000000 0.00000000 178.00000000
306.00000000 31.00000000 0.00000000 177.00000000
127.00000000 152.00000000 0.00000000 176.00000000
337.00000000 72.00000000 0.00000000 176.00000000
316.00000000 210.00000000 0.00000000 175.00000000
270.00000000 198.00000000 0.00000000 175.00000000
137.00000000 246.00000000 0.00000000 174.00000000
266.00000000 212.00000000 0.00000000 174.00000000
490.00000000 359.00000000 0.00000000 173.00000000
104.00000000 264.00000000 0.00000000 173.00000000
879.00000000 366.00000000 0.00000000 173.00000000
731.00000000 299.00000000 0.00000000 172.00000000
398.00000000 171.00000000 0.00000000 171.00000000
296.00000000 41.00000000 0.00000000 169.00000000
895.00000000 312.00000000 0.00000000 167.00000000
672.00000000 255.00000000 0.00000000 164.00000000
144.00000000 209.00000000 0.00000000 162.00000000
16.00000000 121.00000000 0.00000000 160.00000000
318.00000000 133.00000000 0.00000000 160.00000000
830.00000000 369.00000000 0.00000000 159.00000000
531.00000000 164.00000000 0.00000000 158.00000000
270.00000000 12.00000000 0.00000000 158.00000000
310.00000000 357.00000000 0.00000000 157.00000000
82.00000000 309.00000000 0.00000000 157.00000000
