851.00000000 97.00000000 1.00000000 1014.00000000
852.00000000 98.00000000 2.00000000 839.00000000
851.00000000 95.00000000 1.00000000 703.00000000
851.00000000 288.00000000 1.00000000 590.00000000
852.00000000 287.00000000 0.00000000 486.00000000
851.00000000 94.00000000 0.00000000 483.00000000
851.00000000 289.00000000 1.00000000 463.00000000
851.00000000 96.00000000 2.00000000 428.00000000
848.00000000 240.00000000 2.00000000 414.00000000
548.00000000 142.00000000 2.00000000 380.00000000
889.00000000 91.00000000 1.00000000 377.00000000
821.00000000 104.00000000 1.00000000 370.00000000
548.00000000 144.00000000 2.00000000 347.00000000
890.00000000 87.00000000 0.00000000 343.00000000
850.00000000 236.00000000 2.00000000 322.00000000
849.00000000 21.00000000 1.00000000 319.00000000
548.00000000 140.00000000 1.00000000 316.00000000
821.00000000 104.00000000 1.00000000 300.00000000
848.00000000 244.00000000 4.00000000 293.00000000
821.00000000 100.00000000 0.00000000 285.00000000
330.00000000 185.00000000 1.00000000 271.00000000
40.00000000 18.00000000 1.00000000 262.00000000
548.00000000 139.00000000 1.00000000 261.00000000
849.00000000 19.00000000 1.00000000 260.00000000
889.00000000 90.00000000 1.00000000 253.00000000
890.00000000 92.00000000 2.00000000 244.00000000
822.00000000 106.00000000 0.00000000 242.00000000
404.00000000 64.00000000 4.00000000 234.00000000
849.00000000 234.00000000 1.00000000 233.00000000
852.00000000 290.00000000 2.00000000 233.00000000
328.00000000 107.00000000 5.00000000 226.00000000
331.00000000 184.00000000 1.00000000 224.00000000
335.00000000 147.00000000 0.00000000 222.00000000
890.00000000 94.00000000 0.00000000 220.00000000
25.00000000 111.00000000 1.00000000 219.00000000
822.00000000 104.00000000 2.00000000 219.00000000
522.00000000 118.00000000 2.00000000 218.00000000
871.00000000 34.00000000 1.00000000 211.00000000
41.00000000 79.00000000 1.00000000 208.00000000
849.00000000 18.00000000 0.00000000 197.00000000
41.00000000 79.00000000 1.00000000 197.00000000
850.00000000 234.00000000 1.00000000 196.00000000
93.00000000 200.00000000 1.00000000 194.00000000
26.00000000 111.00000000 0.00000000 193.00000000
24.00000000 111.00000000 1.00000000 193.00000000
520.00000000 120.00000000 1.00000000 192.00000000
850.00000000 30.00000000 1.00000000 192.00000000
40.00000000 80.00000000 2.00000000 186.00000000
850.00000000 50.00000000 0.00000000 185.00000000
230.00000000 70.00000000 0.00000000 183.00000000
852.00000000 84.00000000 0.00000000 180.00000000
799.00000000 214.00000000 1.00000000 176.00000000
521.00000000 122.00000000 1.00000000 176.00000000
330.00000000 101.00000000 2.00000000 175.00000000
851.00000000 50.00000000 1.00000000 175.00000000
548.00000000 138.00000000 0.00000000 175.00000000
41.00000000 79.00000000 0.00000000 173.00000000
337.00000000 166.00000000 1.00000000 164.00000000
806.00000000 50.00000000 1.00000000 163.00000000
336.00000000 164.00000000 0.00000000 162.00000000
41.00000000 17.00000000 0.00000000 161.00000000
336.00000000 149.00000000 1.00000000 161.00000000
850.00000000 234.00000000 0.00000000 159.00000000
47.00000000 88.00000000 0.00000000 157.00000000
798.00000000 214.00000000 1.00000000 154.00000000
82.00000000 57.00000000 0.00000000 151.00000000
871.00000000 33.00000000 0.00000000 151.00000000
91.00000000 171.00000000 0.00000000 147.00000000
92.00000000 198.00000000 0.00000000 145.00000000
91.00000000 172.00000000 1.00000000 144.00000000
851.00000000 246.00000000 1.00000000 143.00000000
347.00000000 60.00000000 1.00000000 143.00000000
334.00000000 137.00000000 0.00000000 141.00000000
806.00000000 49.00000000 0.00000000 141.00000000
330.00000000 182.00000000 0.00000000 139.00000000
21.00000000 42.00000000 1.00000000 137.00000000
288.00000000 191.00000000 0.00000000 136.00000000
889.00000000 20.00000000 1.00000000 135.00000000
872.00000000 70.00000000 1.00000000 135.00000000
333.00000000 105.00000000 1.00000000 133.00000000
851.00000000 84.00000000 1.00000000 133.00000000
332.00000000 104.00000000 1.00000000 132.00000000
19.00000000 54.00000000 0.00000000 132.00000000
799.00000000 213.00000000 0.00000000 130.00000000
88.00000000 140.00000000 0.00000000 128.00000000
849.00000000 30.00000000 0.00000000 128.00000000
851.00000000 246.00000000 0.00000000 126.00000000
521.00000000 121.00000000 0.00000000 125.00000000
230.00000000 82.00000000 1.00000000 123.00000000
761.00000000 202.00000000 1.00000000 123.00000000
820.00000000 37.00000000 1.00000000 123.00000000
91.00000000 200.00000000 1.00000000 123.00000000
889.00000000 41.00000000 0.00000000 123.00000000
226.00000000 149.00000000 1.00000000 122.00000000
888.00000000 21.00000000 0.00000000 122.00000000
762.00000000 200.00000000 1.00000000 121.00000000
334.00000000 127.00000000 0.00000000 120.00000000
83.00000000 58.00000000 1.00000000 117.00000000
31.00000000 23.00000000 0.00000000 117.00000000
230.00000000 106.00000000 0.00000000 117.00000000
230.00000000 79.00000000 0.00000000 115.00000000
219.00000000 53.00000000 0.00000000 114.00000000
251.00000000 140.00000000 0.00000000 113.00000000
820.00000000 56.00000000 0.00000000 111.00000000
347.00000000 60.00000000 0.00000000 110.00000000
333.00000000 113.00000000 0.00000000 107.00000000
871.00000000 69.00000000 0.00000000 106.00000000
333.00000000 106.00000000 0.00000000 106.00000000
820.00000000 26.00000000 0.00000000 103.00000000
890.00000000 77.00000000 0.00000000 103.00000000
203.00000000 158.00000000 0.00000000 103.00000000
851.00000000 272.00000000 0.00000000 103.00000000
238.00000000 183.00000000 0.00000000 102.00000000
413.00000000 144.00000000 0.00000000 100.00000000
761.00000000 202.00000000 0.00000000 98.00000000
841.00000000 306.00000000 0.00000000 98.00000000
820.00000000 38.00000000 0.00000000 96.00000000
93.00000000 209.00000000 0.00000000 95.00000000
806.00000000 82.00000000 0.00000000 94.00000000
79.00000000 10.00000000 0.00000000 93.00000000
193.00000000 16.00000000 0.00000000 91.00000000
226.00000000 149.00000000 0.00000000 90.00000000
791.00000000 117.00000000 0.00000000 90.00000000
233.00000000 39.00000000 0.00000000 89.00000000
30.00000000 277.00000000 0.00000000 89.00000000
849.00000000 305.00000000 0.00000000 87.00000000
440.00000000 130.00000000 0.00000000 87.00000000
