847.00000000 90.00000000 1.00000000 735.00000000
847.00000000 88.00000000 1.00000000 639.00000000
848.00000000 90.00000000 2.00000000 553.00000000
847.00000000 281.00000000 1.00000000 510.00000000
847.00000000 87.00000000 0.00000000 485.00000000
847.00000000 280.00000000 0.00000000 435.00000000
847.00000000 282.00000000 1.00000000 386.00000000
817.00000000 97.00000000 1.00000000 371.00000000
845.00000000 231.00000000 2.00000000 365.00000000
845.00000000 90.00000000 2.00000000 363.00000000
890.00000000 86.00000000 2.00000000 331.00000000
889.00000000 84.00000000 1.00000000 326.00000000
890.00000000 79.00000000 0.00000000 319.00000000
844.00000000 236.00000000 4.00000000 304.00000000
544.00000000 136.00000000 2.00000000 303.00000000
818.00000000 93.00000000 0.00000000 288.00000000
543.00000000 135.00000000 2.00000000 285.00000000
544.00000000 132.00000000 1.00000000 279.00000000
846.00000000 230.00000000 2.00000000 273.00000000
890.00000000 88.00000000 0.00000000 264.00000000
890.00000000 88.00000000 1.00000000 261.00000000
847.00000000 42.00000000 0.00000000 260.00000000
817.00000000 98.00000000 1.00000000 254.00000000
847.00000000 77.00000000 0.00000000 236.00000000
847.00000000 236.00000000 1.00000000 234.00000000
861.00000000 85.00000000 1.00000000 228.00000000
818.00000000 99.00000000 0.00000000 225.00000000
35.00000000 74.00000000 1.00000000 225.00000000
331.00000000 141.00000000 0.00000000 223.00000000
544.00000000 132.00000000 1.00000000 217.00000000
847.00000000 42.00000000 1.00000000 217.00000000
848.00000000 282.00000000 2.00000000 215.00000000
326.00000000 178.00000000 1.00000000 215.00000000
845.00000000 21.00000000 1.00000000 214.00000000
846.00000000 11.00000000 0.00000000 206.00000000
327.00000000 177.00000000 1.00000000 196.00000000
544.00000000 140.00000000 4.00000000 196.00000000
818.00000000 98.00000000 2.00000000 196.00000000
842.00000000 237.00000000 5.00000000 195.00000000
225.00000000 64.00000000 0.00000000 194.00000000
36.00000000 74.00000000 1.00000000 193.00000000
794.00000000 207.00000000 1.00000000 192.00000000
846.00000000 23.00000000 1.00000000 192.00000000
34.00000000 76.00000000 2.00000000 188.00000000
846.00000000 227.00000000 1.00000000 182.00000000
518.00000000 112.00000000 2.00000000 180.00000000
332.00000000 157.00000000 0.00000000 174.00000000
861.00000000 84.00000000 0.00000000 171.00000000
26.00000000 66.00000000 1.00000000 171.00000000
330.00000000 130.00000000 0.00000000 169.00000000
847.00000000 77.00000000 1.00000000 168.00000000
19.00000000 104.00000000 1.00000000 167.00000000
36.00000000 11.00000000 0.00000000 166.00000000
889.00000000 26.00000000 0.00000000 165.00000000
794.00000000 207.00000000 1.00000000 164.00000000
861.00000000 96.00000000 1.00000000 163.00000000
801.00000000 43.00000000 1.00000000 162.00000000
517.00000000 113.00000000 1.00000000 161.00000000
88.00000000 194.00000000 1.00000000 159.00000000
19.00000000 103.00000000 0.00000000 156.00000000
847.00000000 94.00000000 0.00000000 155.00000000
26.00000000 65.00000000 0.00000000 154.00000000
517.00000000 115.00000000 1.00000000 153.00000000
332.00000000 142.00000000 1.00000000 153.00000000
846.00000000 226.00000000 0.00000000 149.00000000
801.00000000 42.00000000 0.00000000 147.00000000
846.00000000 239.00000000 1.00000000 147.00000000
333.00000000 159.00000000 1.00000000 144.00000000
544.00000000 131.00000000 0.00000000 143.00000000
330.00000000 130.00000000 1.00000000 142.00000000
846.00000000 24.00000000 0.00000000 141.00000000
398.00000000 53.00000000 2.00000000 140.00000000
794.00000000 206.00000000 0.00000000 139.00000000
816.00000000 30.00000000 1.00000000 135.00000000
36.00000000 74.00000000 0.00000000 134.00000000
330.00000000 120.00000000 0.00000000 134.00000000
221.00000000 143.00000000 1.00000000 133.00000000
847.00000000 239.00000000 0.00000000 133.00000000
861.00000000 96.00000000 0.00000000 132.00000000
816.00000000 26.00000000 1.00000000 131.00000000
847.00000000 42.00000000 1.00000000 125.00000000
343.00000000 53.00000000 1.00000000 125.00000000
225.00000000 76.00000000 1.00000000 124.00000000
15.00000000 48.00000000 0.00000000 124.00000000
817.00000000 48.00000000 0.00000000 123.00000000
214.00000000 46.00000000 0.00000000 121.00000000
284.00000000 185.00000000 0.00000000 121.00000000
221.00000000 143.00000000 0.00000000 118.00000000
329.00000000 99.00000000 1.00000000 115.00000000
517.00000000 115.00000000 0.00000000 115.00000000
328.00000000 97.00000000 1.00000000 115.00000000
889.00000000 27.00000000 1.00000000 113.00000000
759.00000000 271.00000000 1.00000000 113.00000000
861.00000000 86.00000000 1.00000000 113.00000000
326.00000000 175.00000000 0.00000000 113.00000000
247.00000000 133.00000000 1.00000000 113.00000000
816.00000000 19.00000000 0.00000000 112.00000000
41.00000000 83.00000000 0.00000000 110.00000000
890.00000000 63.00000000 0.00000000 110.00000000
77.00000000 50.00000000 0.00000000 109.00000000
86.00000000 165.00000000 0.00000000 109.00000000
816.00000000 31.00000000 0.00000000 108.00000000
802.00000000 75.00000000 0.00000000 108.00000000
225.00000000 73.00000000 0.00000000 107.00000000
247.00000000 133.00000000 0.00000000 107.00000000
225.00000000 100.00000000 0.00000000 106.00000000
225.00000000 64.00000000 1.00000000 106.00000000
816.00000000 20.00000000 1.00000000 105.00000000
234.00000000 176.00000000 0.00000000 103.00000000
847.00000000 265.00000000 0.00000000 102.00000000
329.00000000 106.00000000 0.00000000 99.00000000
889.00000000 14.00000000 0.00000000 99.00000000
32.00000000 269.00000000 0.00000000 97.00000000
329.00000000 99.00000000 0.00000000 96.00000000
342.00000000 53.00000000 0.00000000 96.00000000
83.00000000 133.00000000 0.00000000 95.00000000
198.00000000 152.00000000 0.00000000 91.00000000
330.00000000 113.00000000 0.00000000 88.00000000
87.00000000 193.00000000 0.00000000 86.00000000
25.00000000 270.00000000 0.00000000 84.00000000
837.00000000 299.00000000 0.00000000 83.00000000
831.00000000 45.00000000 0.00000000 82.00000000
909.00000000 286.00000000 0.00000000 82.00000000
818.00000000 82.00000000 0.00000000 81.00000000
757.00000000 195.00000000 0.00000000 80.00000000
20.00000000 34.00000000 0.00000000 79.00000000
787.00000000 110.00000000 0.00000000 79.00000000
