838.00000000 104.00000000 1.00000000 975.00000000
840.00000000 104.00000000 2.00000000 880.00000000
841.00000000 294.00000000 1.00000000 812.00000000
841.00000000 294.00000000 1.00000000 737.00000000
839.00000000 102.00000000 1.00000000 676.00000000
840.00000000 292.00000000 0.00000000 544.00000000
538.00000000 150.00000000 2.00000000 507.00000000
876.00000000 98.00000000 1.00000000 483.00000000
537.00000000 152.00000000 2.00000000 479.00000000
808.00000000 110.00000000 1.00000000 476.00000000
809.00000000 109.00000000 1.00000000 462.00000000
839.00000000 101.00000000 0.00000000 442.00000000
837.00000000 246.00000000 2.00000000 434.00000000
322.00000000 193.00000000 1.00000000 426.00000000
84.00000000 209.00000000 1.00000000 424.00000000
538.00000000 147.00000000 1.00000000 421.00000000
877.00000000 96.00000000 1.00000000 412.00000000
840.00000000 104.00000000 2.00000000 398.00000000
320.00000000 112.00000000 4.00000000 398.00000000
877.00000000 94.00000000 0.00000000 387.00000000
840.00000000 242.00000000 2.00000000 385.00000000
395.00000000 84.00000000 5.00000000 384.00000000
396.00000000 76.00000000 4.00000000 376.00000000
323.00000000 193.00000000 1.00000000 372.00000000
31.00000000 26.00000000 1.00000000 369.00000000
810.00000000 106.00000000 0.00000000 363.00000000
538.00000000 146.00000000 1.00000000 356.00000000
512.00000000 126.00000000 2.00000000 356.00000000
842.00000000 294.00000000 2.00000000 354.00000000
31.00000000 25.00000000 1.00000000 336.00000000
322.00000000 113.00000000 2.00000000 328.00000000
84.00000000 207.00000000 0.00000000 321.00000000
878.00000000 98.00000000 2.00000000 305.00000000
82.00000000 181.00000000 1.00000000 304.00000000
73.00000000 67.00000000 0.00000000 294.00000000
908.00000000 88.00000000 0.00000000 291.00000000
79.00000000 149.00000000 0.00000000 287.00000000
510.00000000 128.00000000 1.00000000 287.00000000
82.00000000 181.00000000 0.00000000 283.00000000
31.00000000 89.00000000 1.00000000 271.00000000
83.00000000 209.00000000 1.00000000 266.00000000
79.00000000 150.00000000 1.00000000 258.00000000
810.00000000 110.00000000 2.00000000 256.00000000
538.00000000 145.00000000 0.00000000 256.00000000
511.00000000 129.00000000 1.00000000 256.00000000
838.00000000 240.00000000 1.00000000 241.00000000
31.00000000 89.00000000 1.00000000 241.00000000
16.00000000 119.00000000 0.00000000 238.00000000
16.00000000 120.00000000 1.00000000 238.00000000
838.00000000 30.00000000 2.00000000 238.00000000
74.00000000 67.00000000 1.00000000 235.00000000
777.00000000 415.00000000 0.00000000 232.00000000
324.00000000 114.00000000 1.00000000 226.00000000
311.00000000 18.00000000 0.00000000 223.00000000
147.00000000 134.00000000 1.00000000 218.00000000
323.00000000 113.00000000 1.00000000 212.00000000
837.00000000 26.00000000 1.00000000 212.00000000
322.00000000 190.00000000 0.00000000 212.00000000
31.00000000 26.00000000 0.00000000 211.00000000
84.00000000 219.00000000 1.00000000 210.00000000
280.00000000 199.00000000 0.00000000 209.00000000
70.00000000 19.00000000 1.00000000 208.00000000
336.00000000 18.00000000 1.00000000 208.00000000
404.00000000 152.00000000 1.00000000 206.00000000
70.00000000 18.00000000 0.00000000 203.00000000
151.00000000 203.00000000 1.00000000 201.00000000
84.00000000 218.00000000 0.00000000 201.00000000
151.00000000 202.00000000 0.00000000 197.00000000
839.00000000 239.00000000 1.00000000 195.00000000
338.00000000 68.00000000 1.00000000 195.00000000
511.00000000 129.00000000 0.00000000 187.00000000
343.00000000 42.00000000 1.00000000 187.00000000
902.00000000 296.00000000 0.00000000 185.00000000
903.00000000 297.00000000 1.00000000 184.00000000
831.00000000 311.00000000 0.00000000 183.00000000
38.00000000 96.00000000 0.00000000 182.00000000
221.00000000 115.00000000 0.00000000 182.00000000
31.00000000 88.00000000 0.00000000 181.00000000
404.00000000 152.00000000 0.00000000 179.00000000
319.00000000 98.00000000 1.00000000 178.00000000
59.00000000 35.00000000 1.00000000 177.00000000
324.00000000 114.00000000 0.00000000 176.00000000
336.00000000 18.00000000 0.00000000 176.00000000
224.00000000 48.00000000 0.00000000 176.00000000
82.00000000 181.00000000 1.00000000 171.00000000
777.00000000 416.00000000 1.00000000 170.00000000
836.00000000 352.00000000 0.00000000 169.00000000
301.00000000 21.00000000 0.00000000 168.00000000
329.00000000 174.00000000 1.00000000 168.00000000
886.00000000 350.00000000 0.00000000 167.00000000
328.00000000 157.00000000 1.00000000 163.00000000
837.00000000 26.00000000 1.00000000 162.00000000
21.00000000 31.00000000 0.00000000 159.00000000
221.00000000 79.00000000 0.00000000 159.00000000
151.00000000 310.00000000 1.00000000 159.00000000
316.00000000 339.00000000 1.00000000 159.00000000
751.00000000 208.00000000 1.00000000 159.00000000
337.00000000 68.00000000 0.00000000 158.00000000
839.00000000 310.00000000 0.00000000 158.00000000
59.00000000 34.00000000 0.00000000 158.00000000
838.00000000 382.00000000 0.00000000 157.00000000
813.00000000 379.00000000 0.00000000 155.00000000
307.00000000 77.00000000 0.00000000 155.00000000
840.00000000 239.00000000 0.00000000 150.00000000
147.00000000 134.00000000 0.00000000 150.00000000
10.00000000 63.00000000 0.00000000 147.00000000
341.00000000 350.00000000 0.00000000 143.00000000
150.00000000 309.00000000 0.00000000 142.00000000
183.00000000 24.00000000 0.00000000 141.00000000
83.00000000 199.00000000 0.00000000 140.00000000
343.00000000 53.00000000 0.00000000 138.00000000
309.00000000 50.00000000 0.00000000 137.00000000
280.00000000 47.00000000 0.00000000 133.00000000
328.00000000 172.00000000 0.00000000 133.00000000
775.00000000 307.00000000 0.00000000 133.00000000
10.00000000 50.00000000 0.00000000 133.00000000
327.00000000 156.00000000 0.00000000 132.00000000
200.00000000 65.00000000 0.00000000 129.00000000
176.00000000 342.00000000 0.00000000 129.00000000
788.00000000 219.00000000 0.00000000 124.00000000
260.00000000 168.00000000 0.00000000 123.00000000
748.00000000 221.00000000 0.00000000 123.00000000
888.00000000 374.00000000 0.00000000 122.00000000
152.00000000 223.00000000 0.00000000 122.00000000
20.00000000 286.00000000 0.00000000 122.00000000
431.00000000 138.00000000 0.00000000 121.00000000
229.00000000 113.00000000 0.00000000 118.00000000
