845.00000000 104.00000000 1.00000000 1046.00000000
846.00000000 104.00000000 2.00000000 837.00000000
846.00000000 294.00000000 1.00000000 754.00000000
845.00000000 102.00000000 1.00000000 702.00000000
847.00000000 295.00000000 1.00000000 650.00000000
846.00000000 293.00000000 0.00000000 546.00000000
845.00000000 101.00000000 0.00000000 484.00000000
544.00000000 148.00000000 2.00000000 464.00000000
842.00000000 246.00000000 2.00000000 464.00000000
543.00000000 149.00000000 2.00000000 445.00000000
845.00000000 104.00000000 2.00000000 435.00000000
883.00000000 98.00000000 1.00000000 428.00000000
816.00000000 110.00000000 1.00000000 425.00000000
543.00000000 147.00000000 1.00000000 384.00000000
883.00000000 94.00000000 0.00000000 379.00000000
815.00000000 110.00000000 1.00000000 374.00000000
844.00000000 244.00000000 2.00000000 371.00000000
844.00000000 30.00000000 2.00000000 361.00000000
326.00000000 190.00000000 1.00000000 352.00000000
816.00000000 106.00000000 0.00000000 342.00000000
36.00000000 24.00000000 1.00000000 336.00000000
883.00000000 97.00000000 1.00000000 333.00000000
35.00000000 24.00000000 1.00000000 331.00000000
848.00000000 296.00000000 2.00000000 324.00000000
400.00000000 72.00000000 4.00000000 320.00000000
543.00000000 145.00000000 1.00000000 319.00000000
88.00000000 206.00000000 1.00000000 312.00000000
327.00000000 190.00000000 1.00000000 311.00000000
844.00000000 248.00000000 4.00000000 301.00000000
516.00000000 126.00000000 2.00000000 286.00000000
842.00000000 28.00000000 1.00000000 282.00000000
322.00000000 113.00000000 5.00000000 276.00000000
884.00000000 100.00000000 2.00000000 261.00000000
516.00000000 127.00000000 1.00000000 258.00000000
328.00000000 110.00000000 2.00000000 249.00000000
844.00000000 241.00000000 1.00000000 239.00000000
843.00000000 26.00000000 1.00000000 235.00000000
88.00000000 205.00000000 0.00000000 232.00000000
816.00000000 110.00000000 2.00000000 231.00000000
884.00000000 101.00000000 0.00000000 229.00000000
21.00000000 117.00000000 1.00000000 228.00000000
37.00000000 86.00000000 1.00000000 226.00000000
543.00000000 144.00000000 0.00000000 226.00000000
36.00000000 86.00000000 1.00000000 224.00000000
21.00000000 116.00000000 0.00000000 220.00000000
845.00000000 240.00000000 1.00000000 215.00000000
517.00000000 128.00000000 1.00000000 211.00000000
865.00000000 42.00000000 1.00000000 205.00000000
86.00000000 178.00000000 1.00000000 204.00000000
86.00000000 178.00000000 0.00000000 200.00000000
79.00000000 64.00000000 0.00000000 199.00000000
36.00000000 24.00000000 0.00000000 196.00000000
87.00000000 206.00000000 1.00000000 190.00000000
37.00000000 85.00000000 0.00000000 186.00000000
329.00000000 112.00000000 1.00000000 186.00000000
284.00000000 197.00000000 0.00000000 185.00000000
328.00000000 111.00000000 1.00000000 184.00000000
331.00000000 154.00000000 0.00000000 183.00000000
226.00000000 77.00000000 0.00000000 182.00000000
84.00000000 146.00000000 0.00000000 179.00000000
326.00000000 188.00000000 0.00000000 177.00000000
343.00000000 67.00000000 1.00000000 176.00000000
43.00000000 94.00000000 0.00000000 176.00000000
793.00000000 222.00000000 1.00000000 174.00000000
332.00000000 156.00000000 1.00000000 173.00000000
21.00000000 117.00000000 1.00000000 166.00000000
845.00000000 239.00000000 0.00000000 166.00000000
333.00000000 172.00000000 1.00000000 165.00000000
793.00000000 220.00000000 1.00000000 165.00000000
516.00000000 128.00000000 0.00000000 164.00000000
79.00000000 64.00000000 1.00000000 159.00000000
843.00000000 25.00000000 0.00000000 156.00000000
89.00000000 216.00000000 1.00000000 155.00000000
75.00000000 16.00000000 0.00000000 155.00000000
316.00000000 16.00000000 0.00000000 154.00000000
226.00000000 113.00000000 0.00000000 154.00000000
409.00000000 150.00000000 1.00000000 154.00000000
89.00000000 215.00000000 0.00000000 150.00000000
75.00000000 16.00000000 1.00000000 149.00000000
756.00000000 207.00000000 1.00000000 148.00000000
333.00000000 170.00000000 0.00000000 147.00000000
864.00000000 41.00000000 0.00000000 147.00000000
845.00000000 252.00000000 1.00000000 147.00000000
756.00000000 208.00000000 1.00000000 146.00000000
15.00000000 60.00000000 0.00000000 145.00000000
800.00000000 57.00000000 1.00000000 145.00000000
152.00000000 132.00000000 1.00000000 145.00000000
342.00000000 67.00000000 0.00000000 144.00000000
329.00000000 112.00000000 0.00000000 144.00000000
836.00000000 311.00000000 0.00000000 143.00000000
793.00000000 219.00000000 0.00000000 141.00000000
155.00000000 200.00000000 0.00000000 141.00000000
341.00000000 17.00000000 1.00000000 140.00000000
84.00000000 147.00000000 1.00000000 140.00000000
409.00000000 151.00000000 0.00000000 139.00000000
908.00000000 299.00000000 0.00000000 139.00000000
881.00000000 17.00000000 1.00000000 139.00000000
27.00000000 28.00000000 0.00000000 138.00000000
221.00000000 155.00000000 1.00000000 135.00000000
782.00000000 417.00000000 0.00000000 129.00000000
229.00000000 45.00000000 0.00000000 128.00000000
188.00000000 23.00000000 0.00000000 127.00000000
845.00000000 252.00000000 0.00000000 126.00000000
891.00000000 352.00000000 0.00000000 125.00000000
234.00000000 189.00000000 0.00000000 125.00000000
756.00000000 209.00000000 0.00000000 121.00000000
844.00000000 311.00000000 0.00000000 121.00000000
799.00000000 56.00000000 0.00000000 120.00000000
156.00000000 306.00000000 0.00000000 118.00000000
881.00000000 16.00000000 0.00000000 117.00000000
341.00000000 16.00000000 0.00000000 117.00000000
88.00000000 197.00000000 0.00000000 117.00000000
306.00000000 20.00000000 0.00000000 116.00000000
843.00000000 383.00000000 0.00000000 115.00000000
817.00000000 381.00000000 0.00000000 113.00000000
841.00000000 353.00000000 0.00000000 113.00000000
24.00000000 283.00000000 0.00000000 112.00000000
330.00000000 143.00000000 0.00000000 111.00000000
348.00000000 52.00000000 0.00000000 109.00000000
226.00000000 86.00000000 0.00000000 109.00000000
330.00000000 134.00000000 0.00000000 109.00000000
65.00000000 31.00000000 0.00000000 108.00000000
780.00000000 309.00000000 0.00000000 108.00000000
846.00000000 278.00000000 0.00000000 107.00000000
330.00000000 120.00000000 0.00000000 107.00000000
436.00000000 137.00000000 0.00000000 105.00000000
813.00000000 33.00000000 0.00000000 105.00000000
