504.00000000 51.00000000 0.00000000 517.00000000
504.00000000 52.00000000 1.00000000 509.00000000
503.00000000 52.00000000 1.00000000 446.00000000
536.00000000 283.00000000 1.00000000 442.00000000
552.00000000 105.00000000 0.00000000 424.00000000
536.00000000 283.00000000 0.00000000 416.00000000
552.00000000 106.00000000 1.00000000 400.00000000
551.00000000 106.00000000 1.00000000 386.00000000
504.00000000 52.00000000 2.00000000 379.00000000
207.00000000 55.00000000 1.00000000 376.00000000
533.00000000 166.00000000 0.00000000 375.00000000
206.00000000 56.00000000 1.00000000 355.00000000
552.00000000 106.00000000 2.00000000 348.00000000
533.00000000 167.00000000 1.00000000 342.00000000
206.00000000 54.00000000 0.00000000 338.00000000
535.00000000 282.00000000 1.00000000 332.00000000
217.00000000 72.00000000 0.00000000 318.00000000
584.00000000 353.00000000 0.00000000 313.00000000
224.00000000 32.00000000 0.00000000 291.00000000
551.00000000 107.00000000 2.00000000 288.00000000
217.00000000 72.00000000 1.00000000 276.00000000
545.00000000 134.00000000 1.00000000 272.00000000
625.00000000 369.00000000 0.00000000 270.00000000
584.00000000 354.00000000 1.00000000 265.00000000
503.00000000 50.00000000 2.00000000 264.00000000
548.00000000 107.00000000 5.00000000 262.00000000
533.00000000 166.00000000 1.00000000 253.00000000
552.00000000 108.00000000 4.00000000 248.00000000
536.00000000 282.00000000 2.00000000 248.00000000
216.00000000 73.00000000 1.00000000 236.00000000
624.00000000 371.00000000 1.00000000 229.00000000
545.00000000 134.00000000 0.00000000 218.00000000
545.00000000 132.00000000 1.00000000 204.00000000
206.00000000 56.00000000 2.00000000 196.00000000
216.00000000 74.00000000 2.00000000 196.00000000
621.00000000 359.00000000 1.00000000 192.00000000
224.00000000 32.00000000 1.00000000 187.00000000
534.00000000 282.00000000 2.00000000 187.00000000
548.00000000 228.00000000 4.00000000 181.00000000
620.00000000 359.00000000 0.00000000 179.00000000
584.00000000 353.00000000 1.00000000 167.00000000
534.00000000 166.00000000 2.00000000 166.00000000
214.00000000 76.00000000 2.00000000 157.00000000
546.00000000 132.00000000 2.00000000 155.00000000
232.00000000 18.00000000 1.00000000 146.00000000
540.00000000 257.00000000 1.00000000 142.00000000
512.00000000 320.00000000 1.00000000 137.00000000
511.00000000 320.00000000 0.00000000 132.00000000
538.00000000 258.00000000 0.00000000 132.00000000
602.00000000 353.00000000 0.00000000 125.00000000
609.00000000 417.00000000 0.00000000 124.00000000
537.00000000 193.00000000 1.00000000 120.00000000
580.00000000 391.00000000 0.00000000 117.00000000
540.00000000 196.00000000 2.00000000 115.00000000
540.00000000 143.00000000 0.00000000 115.00000000
545.00000000 398.00000000 1.00000000 114.00000000
538.00000000 194.00000000 1.00000000 111.00000000
166.00000000 308.00000000 1.00000000 110.00000000
546.00000000 398.00000000 1.00000000 104.00000000
117.00000000 401.00000000 1.00000000 101.00000000
166.00000000 308.00000000 0.00000000 100.00000000
540.00000000 255.00000000 1.00000000 99.00000000
232.00000000 17.00000000 0.00000000 98.00000000
547.00000000 240.00000000 1.00000000 98.00000000
511.00000000 319.00000000 1.00000000 97.00000000
540.00000000 144.00000000 1.00000000 96.00000000
341.00000000 232.00000000 0.00000000 93.00000000
118.00000000 400.00000000 0.00000000 93.00000000
166.00000000 308.00000000 1.00000000 92.00000000
215.00000000 283.00000000 1.00000000 91.00000000
547.00000000 239.00000000 0.00000000 90.00000000
538.00000000 194.00000000 0.00000000 89.00000000
523.00000000 83.00000000 0.00000000 88.00000000
557.00000000 406.00000000 0.00000000 86.00000000
580.00000000 391.00000000 1.00000000 85.00000000
346.00000000 256.00000000 0.00000000 84.00000000
524.00000000 83.00000000 1.00000000 84.00000000
136.00000000 394.00000000 0.00000000 83.00000000
313.00000000 273.00000000 0.00000000 82.00000000
398.00000000 78.00000000 0.00000000 80.00000000
223.00000000 32.00000000 1.00000000 78.00000000
178.00000000 299.00000000 0.00000000 77.00000000
368.00000000 86.00000000 0.00000000 77.00000000
548.00000000 400.00000000 0.00000000 76.00000000
527.00000000 178.00000000 1.00000000 76.00000000
548.00000000 217.00000000 1.00000000 76.00000000
624.00000000 417.00000000 0.00000000 74.00000000
548.00000000 216.00000000 1.00000000 73.00000000
609.00000000 417.00000000 1.00000000 73.00000000
547.00000000 240.00000000 1.00000000 72.00000000
82.00000000 35.00000000 0.00000000 72.00000000
216.00000000 282.00000000 0.00000000 70.00000000
345.00000000 267.00000000 0.00000000 70.00000000
417.00000000 55.00000000 0.00000000 69.00000000
586.00000000 376.00000000 0.00000000 68.00000000
510.00000000 301.00000000 1.00000000 68.00000000
299.00000000 270.00000000 0.00000000 67.00000000
596.00000000 389.00000000 0.00000000 66.00000000
548.00000000 215.00000000 0.00000000 64.00000000
526.00000000 175.00000000 0.00000000 63.00000000
178.00000000 300.00000000 1.00000000 62.00000000
602.00000000 353.00000000 1.00000000 62.00000000
410.00000000 55.00000000 0.00000000 62.00000000
341.00000000 232.00000000 1.00000000 61.00000000
434.00000000 53.00000000 0.00000000 60.00000000
529.00000000 373.00000000 1.00000000 60.00000000
315.00000000 274.00000000 1.00000000 60.00000000
603.00000000 371.00000000 0.00000000 58.00000000
528.00000000 372.00000000 0.00000000 58.00000000
206.00000000 288.00000000 0.00000000 57.00000000
566.00000000 403.00000000 0.00000000 57.00000000
336.00000000 166.00000000 0.00000000 56.00000000
574.00000000 400.00000000 0.00000000 55.00000000
549.00000000 118.00000000 0.00000000 55.00000000
244.00000000 269.00000000 0.00000000 55.00000000
463.00000000 48.00000000 0.00000000 53.00000000
514.00000000 291.00000000 0.00000000 52.00000000
166.00000000 70.00000000 0.00000000 52.00000000
544.00000000 205.00000000 0.00000000 51.00000000
566.00000000 352.00000000 0.00000000 50.00000000
619.00000000 381.00000000 0.00000000 47.00000000
580.00000000 369.00000000 0.00000000 46.00000000
509.00000000 299.00000000 0.00000000 46.00000000
110.00000000 404.00000000 0.00000000 45.00000000
381.00000000 88.00000000 0.00000000 45.00000000
610.00000000 361.00000000 0.00000000 43.00000000
283.00000000 264.00000000 0.00000000 42.00000000
