603.00000000 410.00000000 1.00000000 409.00000000
193.00000000 27.00000000 1.00000000 384.00000000
603.00000000 409.00000000 0.00000000 384.00000000
363.00000000 351.00000000 0.00000000 377.00000000
193.00000000 26.00000000 0.00000000 364.00000000
494.00000000 339.00000000 1.00000000 340.00000000
495.00000000 113.00000000 1.00000000 331.00000000
602.00000000 411.00000000 1.00000000 312.00000000
494.00000000 113.00000000 1.00000000 292.00000000
193.00000000 26.00000000 1.00000000 249.00000000
286.00000000 321.00000000 1.00000000 228.00000000
482.00000000 258.00000000 0.00000000 226.00000000
495.00000000 339.00000000 0.00000000 224.00000000
278.00000000 336.00000000 1.00000000 218.00000000
506.00000000 299.00000000 0.00000000 216.00000000
516.00000000 254.00000000 2.00000000 212.00000000
287.00000000 321.00000000 0.00000000 186.00000000
495.00000000 113.00000000 0.00000000 180.00000000
277.00000000 336.00000000 1.00000000 174.00000000
493.00000000 339.00000000 1.00000000 171.00000000
494.00000000 199.00000000 1.00000000 171.00000000
494.00000000 200.00000000 2.00000000 163.00000000
483.00000000 259.00000000 1.00000000 161.00000000
602.00000000 412.00000000 2.00000000 159.00000000
478.00000000 226.00000000 2.00000000 153.00000000
285.00000000 322.00000000 1.00000000 153.00000000
484.00000000 118.00000000 0.00000000 152.00000000
423.00000000 341.00000000 0.00000000 150.00000000
593.00000000 400.00000000 0.00000000 149.00000000
277.00000000 335.00000000 0.00000000 149.00000000
470.00000000 313.00000000 0.00000000 144.00000000
492.00000000 248.00000000 0.00000000 144.00000000
344.00000000 140.00000000 4.00000000 141.00000000
495.00000000 199.00000000 1.00000000 141.00000000
513.00000000 248.00000000 1.00000000 141.00000000
480.00000000 197.00000000 5.00000000 139.00000000
363.00000000 351.00000000 1.00000000 134.00000000
406.00000000 57.00000000 1.00000000 132.00000000
127.00000000 448.00000000 1.00000000 132.00000000
513.00000000 247.00000000 1.00000000 132.00000000
218.00000000 273.00000000 1.00000000 132.00000000
481.00000000 228.00000000 0.00000000 130.00000000
492.00000000 200.00000000 2.00000000 130.00000000
520.00000000 236.00000000 2.00000000 130.00000000
464.00000000 173.00000000 0.00000000 130.00000000
513.00000000 246.00000000 0.00000000 129.00000000
172.00000000 60.00000000 4.00000000 129.00000000
482.00000000 230.00000000 2.00000000 128.00000000
494.00000000 197.00000000 0.00000000 125.00000000
345.00000000 141.00000000 2.00000000 124.00000000
456.00000000 178.00000000 2.00000000 124.00000000
460.00000000 244.00000000 0.00000000 123.00000000
427.00000000 49.00000000 0.00000000 123.00000000
227.00000000 265.00000000 1.00000000 123.00000000
509.00000000 381.00000000 0.00000000 123.00000000
521.00000000 236.00000000 0.00000000 122.00000000
482.00000000 231.00000000 1.00000000 122.00000000
337.00000000 108.00000000 1.00000000 121.00000000
243.00000000 267.00000000 1.00000000 117.00000000
456.00000000 179.00000000 1.00000000 117.00000000
616.00000000 401.00000000 1.00000000 116.00000000
276.00000000 253.00000000 1.00000000 115.00000000
470.00000000 314.00000000 1.00000000 115.00000000
477.00000000 309.00000000 0.00000000 115.00000000
427.00000000 292.00000000 1.00000000 114.00000000
490.00000000 340.00000000 2.00000000 113.00000000
325.00000000 241.00000000 1.00000000 112.00000000
492.00000000 330.00000000 0.00000000 111.00000000
527.00000000 137.00000000 0.00000000 111.00000000
529.00000000 220.00000000 0.00000000 110.00000000
411.00000000 307.00000000 1.00000000 110.00000000
493.00000000 249.00000000 1.00000000 110.00000000
29.00000000 79.00000000 1.00000000 109.00000000
519.00000000 236.00000000 1.00000000 109.00000000
237.00000000 202.00000000 1.00000000 109.00000000
333.00000000 233.00000000 1.00000000 109.00000000
410.00000000 363.00000000 0.00000000 108.00000000
405.00000000 57.00000000 0.00000000 108.00000000
144.00000000 125.00000000 1.00000000 108.00000000
172.00000000 56.00000000 2.00000000 108.00000000
126.00000000 139.00000000 1.00000000 107.00000000
308.00000000 257.00000000 1.00000000 107.00000000
28.00000000 79.00000000 0.00000000 106.00000000
460.00000000 244.00000000 1.00000000 106.00000000
228.00000000 210.00000000 1.00000000 106.00000000
152.00000000 136.00000000 1.00000000 106.00000000
493.00000000 53.00000000 0.00000000 105.00000000
220.00000000 158.00000000 1.00000000 101.00000000
499.00000000 288.00000000 0.00000000 101.00000000
462.00000000 286.00000000 0.00000000 101.00000000
361.00000000 134.00000000 0.00000000 101.00000000
405.00000000 56.00000000 1.00000000 100.00000000
478.00000000 216.00000000 1.00000000 99.00000000
37.00000000 72.00000000 0.00000000 98.00000000
217.00000000 265.00000000 1.00000000 98.00000000
618.00000000 415.00000000 0.00000000 98.00000000
410.00000000 306.00000000 1.00000000 98.00000000
108.00000000 448.00000000 0.00000000 97.00000000
419.00000000 131.00000000 0.00000000 97.00000000
462.00000000 116.00000000 2.00000000 97.00000000
526.00000000 127.00000000 0.00000000 96.00000000
26.00000000 201.00000000 0.00000000 96.00000000
511.00000000 106.00000000 0.00000000 96.00000000
518.00000000 383.00000000 0.00000000 95.00000000
45.00000000 436.00000000 0.00000000 94.00000000
32.00000000 135.00000000 0.00000000 94.00000000
580.00000000 389.00000000 0.00000000 92.00000000
340.00000000 226.00000000 0.00000000 91.00000000
26.00000000 436.00000000 0.00000000 91.00000000
21.00000000 64.00000000 0.00000000 91.00000000
187.00000000 33.00000000 0.00000000 90.00000000
19.00000000 187.00000000 0.00000000 90.00000000
12.00000000 277.00000000 0.00000000 90.00000000
15.00000000 128.00000000 0.00000000 90.00000000
225.00000000 265.00000000 0.00000000 90.00000000
217.00000000 273.00000000 0.00000000 90.00000000
220.00000000 183.00000000 0.00000000 89.00000000
492.00000000 62.00000000 0.00000000 89.00000000
155.00000000 205.00000000 0.00000000 88.00000000
160.00000000 294.00000000 0.00000000 87.00000000
45.00000000 67.00000000 0.00000000 87.00000000
547.00000000 108.00000000 0.00000000 87.00000000
31.00000000 37.00000000 0.00000000 86.00000000
426.00000000 292.00000000 0.00000000 85.00000000
30.00000000 57.00000000 0.00000000 85.00000000
33.00000000 16.00000000 0.00000000 85.00000000
127.00000000 448.00000000 0.00000000 85.00000000
