503.00000000 49.00000000 1.00000000 498.00000000
503.00000000 49.00000000 1.00000000 453.00000000
504.00000000 49.00000000 0.00000000 442.00000000
502.00000000 50.00000000 2.00000000 413.00000000
223.00000000 30.00000000 0.00000000 371.00000000
206.00000000 55.00000000 1.00000000 358.00000000
500.00000000 50.00000000 2.00000000 342.00000000
552.00000000 104.00000000 2.00000000 318.00000000
223.00000000 30.00000000 1.00000000 300.00000000
551.00000000 103.00000000 1.00000000 299.00000000
206.00000000 56.00000000 1.00000000 298.00000000
545.00000000 130.00000000 1.00000000 292.00000000
543.00000000 118.00000000 5.00000000 288.00000000
545.00000000 131.00000000 1.00000000 281.00000000
551.00000000 104.00000000 2.00000000 275.00000000
546.00000000 130.00000000 2.00000000 263.00000000
551.00000000 103.00000000 1.00000000 246.00000000
206.00000000 56.00000000 2.00000000 233.00000000
217.00000000 70.00000000 0.00000000 233.00000000
445.00000000 84.00000000 0.00000000 232.00000000
217.00000000 71.00000000 1.00000000 225.00000000
548.00000000 104.00000000 4.00000000 222.00000000
532.00000000 164.00000000 1.00000000 213.00000000
206.00000000 57.00000000 0.00000000 212.00000000
531.00000000 164.00000000 1.00000000 190.00000000
545.00000000 130.00000000 2.00000000 187.00000000
397.00000000 288.00000000 1.00000000 185.00000000
398.00000000 290.00000000 2.00000000 182.00000000
551.00000000 102.00000000 0.00000000 174.00000000
545.00000000 131.00000000 0.00000000 172.00000000
216.00000000 72.00000000 1.00000000 169.00000000
223.00000000 29.00000000 1.00000000 167.00000000
499.00000000 56.00000000 0.00000000 160.00000000
216.00000000 72.00000000 2.00000000 142.00000000
533.00000000 164.00000000 0.00000000 142.00000000
400.00000000 289.00000000 1.00000000 142.00000000
544.00000000 220.00000000 4.00000000 138.00000000
532.00000000 164.00000000 2.00000000 136.00000000
445.00000000 85.00000000 1.00000000 132.00000000
538.00000000 145.00000000 1.00000000 132.00000000
603.00000000 410.00000000 0.00000000 126.00000000
214.00000000 73.00000000 2.00000000 124.00000000
434.00000000 236.00000000 0.00000000 120.00000000
543.00000000 226.00000000 0.00000000 118.00000000
539.00000000 144.00000000 1.00000000 117.00000000
400.00000000 289.00000000 0.00000000 114.00000000
474.00000000 129.00000000 1.00000000 110.00000000
603.00000000 410.00000000 1.00000000 107.00000000
434.00000000 236.00000000 1.00000000 104.00000000
474.00000000 129.00000000 0.00000000 103.00000000
376.00000000 77.00000000 0.00000000 100.00000000
602.00000000 411.00000000 1.00000000 93.00000000
534.00000000 280.00000000 2.00000000 93.00000000
286.00000000 315.00000000 0.00000000 93.00000000
286.00000000 316.00000000 1.00000000 90.00000000
543.00000000 227.00000000 1.00000000 86.00000000
533.00000000 281.00000000 1.00000000 85.00000000
513.00000000 289.00000000 0.00000000 85.00000000
459.00000000 390.00000000 0.00000000 83.00000000
211.00000000 37.00000000 0.00000000 79.00000000
539.00000000 142.00000000 0.00000000 78.00000000
483.00000000 306.00000000 1.00000000 77.00000000
533.00000000 282.00000000 0.00000000 74.00000000
176.00000000 73.00000000 1.00000000 74.00000000
434.00000000 237.00000000 1.00000000 73.00000000
285.00000000 316.00000000 1.00000000 73.00000000
533.00000000 282.00000000 1.00000000 73.00000000
460.00000000 184.00000000 0.00000000 72.00000000
494.00000000 118.00000000 0.00000000 68.00000000
176.00000000 73.00000000 1.00000000 67.00000000
475.00000000 127.00000000 1.00000000 65.00000000
461.00000000 384.00000000 0.00000000 65.00000000
376.00000000 77.00000000 1.00000000 65.00000000
453.00000000 401.00000000 0.00000000 64.00000000
461.00000000 379.00000000 0.00000000 64.00000000
483.00000000 306.00000000 1.00000000 63.00000000
461.00000000 385.00000000 1.00000000 63.00000000
172.00000000 49.00000000 0.00000000 62.00000000
483.00000000 306.00000000 0.00000000 61.00000000
487.00000000 109.00000000 0.00000000 59.00000000
456.00000000 188.00000000 1.00000000 58.00000000
403.00000000 320.00000000 0.00000000 58.00000000
197.00000000 45.00000000 0.00000000 56.00000000
490.00000000 214.00000000 1.00000000 55.00000000
487.00000000 110.00000000 1.00000000 55.00000000
447.00000000 247.00000000 0.00000000 54.00000000
211.00000000 37.00000000 1.00000000 53.00000000
478.00000000 258.00000000 0.00000000 53.00000000
457.00000000 254.00000000 0.00000000 51.00000000
533.00000000 273.00000000 0.00000000 51.00000000
516.00000000 104.00000000 0.00000000 50.00000000
432.00000000 226.00000000 0.00000000 47.00000000
526.00000000 173.00000000 0.00000000 47.00000000
434.00000000 192.00000000 0.00000000 47.00000000
446.00000000 171.00000000 0.00000000 47.00000000
516.00000000 105.00000000 1.00000000 46.00000000
249.00000000 337.00000000 0.00000000 46.00000000
410.00000000 214.00000000 0.00000000 46.00000000
478.00000000 47.00000000 0.00000000 45.00000000
510.00000000 299.00000000 1.00000000 45.00000000
405.00000000 403.00000000 0.00000000 45.00000000
395.00000000 322.00000000 0.00000000 44.00000000
447.00000000 248.00000000 1.00000000 44.00000000
435.00000000 192.00000000 1.00000000 44.00000000
200.00000000 43.00000000 1.00000000 43.00000000
176.00000000 72.00000000 0.00000000 43.00000000
467.00000000 176.00000000 0.00000000 43.00000000
446.00000000 172.00000000 1.00000000 43.00000000
403.00000000 407.00000000 1.00000000 43.00000000
511.00000000 317.00000000 0.00000000 43.00000000
460.00000000 97.00000000 1.00000000 43.00000000
465.00000000 280.00000000 0.00000000 42.00000000
490.00000000 213.00000000 0.00000000 41.00000000
510.00000000 326.00000000 0.00000000 41.00000000
127.00000000 341.00000000 0.00000000 41.00000000
405.00000000 300.00000000 0.00000000 40.00000000
128.00000000 321.00000000 0.00000000 40.00000000
130.00000000 300.00000000 0.00000000 40.00000000
365.00000000 311.00000000 0.00000000 39.00000000
137.00000000 332.00000000 0.00000000 39.00000000
476.00000000 54.00000000 0.00000000 39.00000000
255.00000000 364.00000000 0.00000000 39.00000000
548.00000000 236.00000000 0.00000000 39.00000000
490.00000000 138.00000000 0.00000000 38.00000000
205.00000000 65.00000000 0.00000000 38.00000000
377.00000000 243.00000000 0.00000000 38.00000000
166.00000000 68.00000000 0.00000000 37.00000000
