496.00000000 112.00000000 1.00000000 396.00000000
603.00000000 410.00000000 1.00000000 379.00000000
603.00000000 409.00000000 0.00000000 359.00000000
602.00000000 410.00000000 1.00000000 310.00000000
496.00000000 111.00000000 1.00000000 308.00000000
494.00000000 339.00000000 1.00000000 244.00000000
194.00000000 27.00000000 1.00000000 233.00000000
496.00000000 112.00000000 0.00000000 232.00000000
516.00000000 254.00000000 2.00000000 228.00000000
483.00000000 258.00000000 0.00000000 208.00000000
220.00000000 210.00000000 1.00000000 207.00000000
494.00000000 337.00000000 0.00000000 204.00000000
194.00000000 26.00000000 0.00000000 197.00000000
618.00000000 415.00000000 0.00000000 196.00000000
219.00000000 229.00000000 1.00000000 184.00000000
507.00000000 299.00000000 0.00000000 183.00000000
513.00000000 248.00000000 1.00000000 182.00000000
363.00000000 351.00000000 0.00000000 179.00000000
602.00000000 412.00000000 2.00000000 175.00000000
493.00000000 339.00000000 1.00000000 172.00000000
220.00000000 192.00000000 1.00000000 171.00000000
219.00000000 247.00000000 1.00000000 169.00000000
496.00000000 202.00000000 2.00000000 165.00000000
287.00000000 321.00000000 1.00000000 163.00000000
480.00000000 226.00000000 2.00000000 163.00000000
594.00000000 400.00000000 0.00000000 162.00000000
222.00000000 175.00000000 1.00000000 157.00000000
486.00000000 197.00000000 5.00000000 156.00000000
461.00000000 284.00000000 0.00000000 154.00000000
287.00000000 319.00000000 0.00000000 153.00000000
494.00000000 199.00000000 1.00000000 150.00000000
483.00000000 231.00000000 1.00000000 150.00000000
193.00000000 26.00000000 1.00000000 149.00000000
334.00000000 217.00000000 1.00000000 149.00000000
334.00000000 200.00000000 1.00000000 148.00000000
279.00000000 335.00000000 1.00000000 145.00000000
222.00000000 158.00000000 1.00000000 139.00000000
344.00000000 140.00000000 4.00000000 139.00000000
513.00000000 247.00000000 1.00000000 139.00000000
482.00000000 228.00000000 2.00000000 139.00000000
318.00000000 199.00000000 1.00000000 137.00000000
277.00000000 336.00000000 1.00000000 137.00000000
217.00000000 265.00000000 1.00000000 134.00000000
309.00000000 257.00000000 1.00000000 132.00000000
309.00000000 206.00000000 1.00000000 132.00000000
334.00000000 234.00000000 1.00000000 131.00000000
417.00000000 63.00000000 1.00000000 131.00000000
458.00000000 176.00000000 2.00000000 130.00000000
301.00000000 248.00000000 1.00000000 129.00000000
488.00000000 196.00000000 4.00000000 129.00000000
326.00000000 191.00000000 1.00000000 129.00000000
326.00000000 208.00000000 1.00000000 126.00000000
484.00000000 259.00000000 1.00000000 125.00000000
456.00000000 176.00000000 1.00000000 125.00000000
326.00000000 225.00000000 1.00000000 125.00000000
218.00000000 246.00000000 2.00000000 124.00000000
326.00000000 241.00000000 1.00000000 124.00000000
318.00000000 232.00000000 1.00000000 122.00000000
318.00000000 182.00000000 1.00000000 122.00000000
309.00000000 223.00000000 1.00000000 122.00000000
424.00000000 341.00000000 0.00000000 122.00000000
317.00000000 249.00000000 1.00000000 120.00000000
347.00000000 138.00000000 2.00000000 120.00000000
302.00000000 196.00000000 1.00000000 120.00000000
277.00000000 236.00000000 1.00000000 119.00000000
494.00000000 200.00000000 2.00000000 119.00000000
294.00000000 187.00000000 1.00000000 118.00000000
596.00000000 412.00000000 2.00000000 118.00000000
277.00000000 219.00000000 1.00000000 118.00000000
61.00000000 232.00000000 1.00000000 117.00000000
301.00000000 231.00000000 1.00000000 117.00000000
293.00000000 255.00000000 1.00000000 117.00000000
244.00000000 267.00000000 1.00000000 116.00000000
462.00000000 114.00000000 2.00000000 112.00000000
246.00000000 332.00000000 2.00000000 112.00000000
514.00000000 246.00000000 0.00000000 105.00000000
494.00000000 248.00000000 0.00000000 98.00000000
221.00000000 207.00000000 0.00000000 97.00000000
428.00000000 290.00000000 0.00000000 95.00000000
156.00000000 252.00000000 0.00000000 95.00000000
483.00000000 229.00000000 0.00000000 95.00000000
580.00000000 388.00000000 0.00000000 94.00000000
229.00000000 200.00000000 0.00000000 91.00000000
410.00000000 400.00000000 0.00000000 91.00000000
426.00000000 328.00000000 0.00000000 89.00000000
219.00000000 263.00000000 0.00000000 89.00000000
219.00000000 244.00000000 0.00000000 88.00000000
135.00000000 329.00000000 0.00000000 87.00000000
618.00000000 399.00000000 0.00000000 86.00000000
279.00000000 334.00000000 0.00000000 86.00000000
222.00000000 190.00000000 0.00000000 85.00000000
530.00000000 219.00000000 0.00000000 83.00000000
499.00000000 130.00000000 0.00000000 82.00000000
362.00000000 132.00000000 0.00000000 81.00000000
262.00000000 171.00000000 0.00000000 80.00000000
220.00000000 226.00000000 0.00000000 78.00000000
145.00000000 280.00000000 0.00000000 77.00000000
125.00000000 359.00000000 0.00000000 77.00000000
471.00000000 313.00000000 0.00000000 77.00000000
535.00000000 132.00000000 0.00000000 75.00000000
230.00000000 183.00000000 0.00000000 75.00000000
147.00000000 260.00000000 0.00000000 74.00000000
500.00000000 288.00000000 0.00000000 72.00000000
238.00000000 176.00000000 0.00000000 72.00000000
111.00000000 274.00000000 0.00000000 72.00000000
138.00000000 249.00000000 0.00000000 72.00000000
144.00000000 321.00000000 0.00000000 71.00000000
154.00000000 272.00000000 0.00000000 71.00000000
253.00000000 179.00000000 0.00000000 70.00000000
112.00000000 253.00000000 0.00000000 69.00000000
485.00000000 118.00000000 0.00000000 69.00000000
229.00000000 219.00000000 0.00000000 68.00000000
156.00000000 232.00000000 0.00000000 68.00000000
149.00000000 221.00000000 0.00000000 68.00000000
246.00000000 168.00000000 0.00000000 67.00000000
158.00000000 212.00000000 0.00000000 67.00000000
145.00000000 299.00000000 0.00000000 66.00000000
333.00000000 216.00000000 0.00000000 66.00000000
154.00000000 292.00000000 0.00000000 66.00000000
548.00000000 108.00000000 0.00000000 66.00000000
460.00000000 244.00000000 0.00000000 65.00000000
237.00000000 212.00000000 0.00000000 65.00000000
333.00000000 233.00000000 0.00000000 65.00000000
118.00000000 306.00000000 0.00000000 64.00000000
292.00000000 255.00000000 0.00000000 64.00000000
494.00000000 196.00000000 0.00000000 64.00000000
41.00000000 149.00000000 0.00000000 63.00000000
