603.00000000 411.00000000 1.00000000 407.00000000
495.00000000 113.00000000 1.00000000 373.00000000
603.00000000 410.00000000 0.00000000 372.00000000
602.00000000 411.00000000 1.00000000 331.00000000
494.00000000 339.00000000 1.00000000 329.00000000
194.00000000 27.00000000 1.00000000 280.00000000
494.00000000 113.00000000 1.00000000 275.00000000
193.00000000 27.00000000 0.00000000 271.00000000
494.00000000 339.00000000 0.00000000 262.00000000
286.00000000 321.00000000 1.00000000 246.00000000
516.00000000 254.00000000 2.00000000 226.00000000
495.00000000 113.00000000 0.00000000 202.00000000
493.00000000 339.00000000 1.00000000 199.00000000
513.00000000 248.00000000 1.00000000 199.00000000
285.00000000 322.00000000 1.00000000 197.00000000
506.00000000 300.00000000 0.00000000 196.00000000
513.00000000 248.00000000 1.00000000 194.00000000
286.00000000 320.00000000 0.00000000 191.00000000
278.00000000 336.00000000 1.00000000 187.00000000
193.00000000 28.00000000 1.00000000 186.00000000
496.00000000 202.00000000 2.00000000 185.00000000
602.00000000 412.00000000 2.00000000 184.00000000
483.00000000 259.00000000 0.00000000 178.00000000
494.00000000 199.00000000 1.00000000 177.00000000
38.00000000 73.00000000 1.00000000 173.00000000
22.00000000 64.00000000 1.00000000 170.00000000
513.00000000 247.00000000 0.00000000 169.00000000
480.00000000 197.00000000 5.00000000 168.00000000
362.00000000 352.00000000 0.00000000 167.00000000
347.00000000 141.00000000 2.00000000 153.00000000
424.00000000 342.00000000 0.00000000 151.00000000
277.00000000 337.00000000 1.00000000 151.00000000
490.00000000 340.00000000 2.00000000 148.00000000
478.00000000 226.00000000 2.00000000 147.00000000
172.00000000 60.00000000 4.00000000 147.00000000
488.00000000 196.00000000 4.00000000 139.00000000
458.00000000 178.00000000 2.00000000 136.00000000
416.00000000 64.00000000 1.00000000 136.00000000
494.00000000 203.00000000 2.00000000 135.00000000
593.00000000 401.00000000 0.00000000 131.00000000
172.00000000 56.00000000 2.00000000 128.00000000
494.00000000 198.00000000 1.00000000 127.00000000
456.00000000 178.00000000 1.00000000 126.00000000
459.00000000 245.00000000 0.00000000 123.00000000
227.00000000 266.00000000 1.00000000 122.00000000
325.00000000 242.00000000 1.00000000 121.00000000
613.00000000 417.00000000 0.00000000 120.00000000
276.00000000 237.00000000 1.00000000 120.00000000
218.00000000 274.00000000 1.00000000 119.00000000
470.00000000 314.00000000 0.00000000 119.00000000
284.00000000 324.00000000 2.00000000 117.00000000
520.00000000 234.00000000 2.00000000 116.00000000
462.00000000 114.00000000 2.00000000 115.00000000
334.00000000 234.00000000 1.00000000 115.00000000
411.00000000 307.00000000 1.00000000 115.00000000
617.00000000 401.00000000 1.00000000 115.00000000
519.00000000 236.00000000 1.00000000 115.00000000
494.00000000 197.00000000 0.00000000 113.00000000
142.00000000 332.00000000 1.00000000 112.00000000
278.00000000 335.00000000 0.00000000 111.00000000
78.00000000 216.00000000 1.00000000 111.00000000
482.00000000 231.00000000 1.00000000 110.00000000
337.00000000 109.00000000 1.00000000 109.00000000
428.00000000 292.00000000 1.00000000 109.00000000
460.00000000 245.00000000 1.00000000 108.00000000
21.00000000 64.00000000 0.00000000 108.00000000
277.00000000 201.00000000 1.00000000 108.00000000
547.00000000 108.00000000 0.00000000 108.00000000
406.00000000 56.00000000 1.00000000 108.00000000
116.00000000 166.00000000 1.00000000 107.00000000
80.00000000 196.00000000 1.00000000 107.00000000
361.00000000 133.00000000 1.00000000 107.00000000
462.00000000 114.00000000 1.00000000 105.00000000
217.00000000 274.00000000 0.00000000 104.00000000
492.00000000 62.00000000 0.00000000 104.00000000
410.00000000 306.00000000 1.00000000 103.00000000
97.00000000 201.00000000 1.00000000 102.00000000
361.00000000 133.00000000 0.00000000 101.00000000
617.00000000 400.00000000 0.00000000 100.00000000
91.00000000 283.00000000 1.00000000 100.00000000
260.00000000 234.00000000 1.00000000 99.00000000
335.00000000 216.00000000 1.00000000 99.00000000
38.00000000 66.00000000 1.00000000 99.00000000
220.00000000 193.00000000 1.00000000 98.00000000
332.00000000 210.00000000 1.00000000 98.00000000
354.00000000 352.00000000 0.00000000 95.00000000
478.00000000 310.00000000 0.00000000 94.00000000
405.00000000 57.00000000 0.00000000 93.00000000
38.00000000 72.00000000 0.00000000 89.00000000
411.00000000 307.00000000 0.00000000 89.00000000
154.00000000 438.00000000 0.00000000 89.00000000
382.00000000 294.00000000 0.00000000 88.00000000
483.00000000 120.00000000 0.00000000 88.00000000
136.00000000 438.00000000 0.00000000 87.00000000
127.00000000 449.00000000 0.00000000 86.00000000
408.00000000 402.00000000 0.00000000 86.00000000
367.00000000 358.00000000 0.00000000 85.00000000
499.00000000 289.00000000 0.00000000 84.00000000
340.00000000 227.00000000 0.00000000 84.00000000
226.00000000 266.00000000 0.00000000 84.00000000
341.00000000 210.00000000 0.00000000 83.00000000
427.00000000 292.00000000 0.00000000 82.00000000
464.00000000 173.00000000 0.00000000 81.00000000
527.00000000 137.00000000 0.00000000 79.00000000
489.00000000 265.00000000 0.00000000 79.00000000
160.00000000 295.00000000 0.00000000 78.00000000
333.00000000 235.00000000 0.00000000 77.00000000
337.00000000 108.00000000 0.00000000 77.00000000
499.00000000 130.00000000 0.00000000 76.00000000
425.00000000 330.00000000 0.00000000 75.00000000
481.00000000 229.00000000 0.00000000 74.00000000
284.00000000 195.00000000 0.00000000 72.00000000
218.00000000 255.00000000 0.00000000 72.00000000
535.00000000 133.00000000 0.00000000 71.00000000
324.00000000 243.00000000 0.00000000 71.00000000
308.00000000 258.00000000 0.00000000 70.00000000
316.00000000 234.00000000 0.00000000 69.00000000
118.00000000 438.00000000 0.00000000 69.00000000
309.00000000 328.00000000 0.00000000 68.00000000
333.00000000 217.00000000 0.00000000 68.00000000
529.00000000 221.00000000 0.00000000 68.00000000
333.00000000 185.00000000 0.00000000 67.00000000
452.00000000 248.00000000 0.00000000 67.00000000
145.00000000 449.00000000 0.00000000 66.00000000
90.00000000 449.00000000 0.00000000 66.00000000
526.00000000 127.00000000 0.00000000 66.00000000
495.00000000 53.00000000 0.00000000 65.00000000
