623.00000000 353.00000000 1.00000000 465.00000000
545.00000000 131.00000000 1.00000000 464.00000000
473.00000000 248.00000000 0.00000000 457.00000000
623.00000000 352.00000000 0.00000000 452.00000000
545.00000000 131.00000000 1.00000000 396.00000000
205.00000000 53.00000000 0.00000000 391.00000000
545.00000000 130.00000000 0.00000000 390.00000000
206.00000000 53.00000000 1.00000000 376.00000000
504.00000000 50.00000000 1.00000000 337.00000000
503.00000000 49.00000000 1.00000000 333.00000000
482.00000000 246.00000000 0.00000000 296.00000000
504.00000000 50.00000000 2.00000000 287.00000000
504.00000000 50.00000000 0.00000000 280.00000000
473.00000000 248.00000000 1.00000000 279.00000000
535.00000000 153.00000000 1.00000000 267.00000000
484.00000000 258.00000000 0.00000000 266.00000000
535.00000000 152.00000000 0.00000000 249.00000000
224.00000000 31.00000000 0.00000000 247.00000000
546.00000000 132.00000000 2.00000000 246.00000000
214.00000000 70.00000000 1.00000000 243.00000000
214.00000000 73.00000000 2.00000000 241.00000000
216.00000000 71.00000000 1.00000000 241.00000000
214.00000000 72.00000000 2.00000000 238.00000000
534.00000000 277.00000000 2.00000000 236.00000000
212.00000000 76.00000000 4.00000000 236.00000000
544.00000000 96.00000000 4.00000000 230.00000000
543.00000000 96.00000000 5.00000000 221.00000000
536.00000000 280.00000000 2.00000000 220.00000000
215.00000000 70.00000000 0.00000000 219.00000000
535.00000000 154.00000000 1.00000000 213.00000000
511.00000000 106.00000000 0.00000000 205.00000000
205.00000000 52.00000000 1.00000000 205.00000000
523.00000000 200.00000000 0.00000000 202.00000000
536.00000000 281.00000000 1.00000000 198.00000000
503.00000000 50.00000000 2.00000000 193.00000000
511.00000000 319.00000000 0.00000000 187.00000000
223.00000000 31.00000000 1.00000000 184.00000000
535.00000000 280.00000000 1.00000000 183.00000000
511.00000000 319.00000000 1.00000000 183.00000000
363.00000000 351.00000000 0.00000000 182.00000000
536.00000000 282.00000000 0.00000000 180.00000000
509.00000000 311.00000000 2.00000000 179.00000000
482.00000000 228.00000000 0.00000000 176.00000000
618.00000000 380.00000000 0.00000000 175.00000000
536.00000000 156.00000000 2.00000000 162.00000000
483.00000000 258.00000000 1.00000000 162.00000000
524.00000000 209.00000000 0.00000000 156.00000000
193.00000000 25.00000000 0.00000000 156.00000000
525.00000000 210.00000000 1.00000000 153.00000000
193.00000000 26.00000000 1.00000000 145.00000000
579.00000000 388.00000000 0.00000000 144.00000000
424.00000000 135.00000000 0.00000000 143.00000000
360.00000000 135.00000000 0.00000000 140.00000000
533.00000000 145.00000000 0.00000000 138.00000000
466.00000000 119.00000000 0.00000000 136.00000000
473.00000000 461.00000000 1.00000000 135.00000000
510.00000000 306.00000000 2.00000000 134.00000000
217.00000000 274.00000000 0.00000000 130.00000000
495.00000000 113.00000000 1.00000000 128.00000000
286.00000000 322.00000000 1.00000000 125.00000000
118.00000000 437.00000000 0.00000000 122.00000000
511.00000000 319.00000000 1.00000000 122.00000000
494.00000000 113.00000000 1.00000000 120.00000000
498.00000000 241.00000000 0.00000000 117.00000000
136.00000000 437.00000000 0.00000000 116.00000000
507.00000000 301.00000000 1.00000000 113.00000000
89.00000000 448.00000000 0.00000000 113.00000000
483.00000000 229.00000000 1.00000000 113.00000000
586.00000000 388.00000000 0.00000000 112.00000000
305.00000000 321.00000000 0.00000000 112.00000000
405.00000000 55.00000000 1.00000000 112.00000000
544.00000000 96.00000000 2.00000000 112.00000000
162.00000000 236.00000000 0.00000000 112.00000000
624.00000000 370.00000000 1.00000000 111.00000000
218.00000000 273.00000000 1.00000000 111.00000000
525.00000000 173.00000000 0.00000000 111.00000000
473.00000000 461.00000000 0.00000000 110.00000000
490.00000000 236.00000000 0.00000000 109.00000000
126.00000000 448.00000000 0.00000000 109.00000000
594.00000000 400.00000000 0.00000000 109.00000000
389.00000000 288.00000000 0.00000000 107.00000000
539.00000000 256.00000000 1.00000000 105.00000000
144.00000000 448.00000000 0.00000000 105.00000000
625.00000000 368.00000000 0.00000000 104.00000000
156.00000000 241.00000000 1.00000000 104.00000000
227.00000000 264.00000000 1.00000000 104.00000000
483.00000000 230.00000000 1.00000000 104.00000000
127.00000000 448.00000000 1.00000000 103.00000000
284.00000000 322.00000000 1.00000000 103.00000000
81.00000000 436.00000000 0.00000000 102.00000000
334.00000000 215.00000000 1.00000000 102.00000000
161.00000000 255.00000000 0.00000000 101.00000000
551.00000000 104.00000000 1.00000000 101.00000000
494.00000000 339.00000000 1.00000000 101.00000000
225.00000000 265.00000000 0.00000000 100.00000000
498.00000000 117.00000000 0.00000000 99.00000000
340.00000000 226.00000000 0.00000000 99.00000000
360.00000000 135.00000000 1.00000000 99.00000000
305.00000000 321.00000000 1.00000000 98.00000000
15.00000000 448.00000000 0.00000000 98.00000000
26.00000000 436.00000000 0.00000000 97.00000000
334.00000000 232.00000000 1.00000000 97.00000000
602.00000000 411.00000000 1.00000000 97.00000000
287.00000000 321.00000000 0.00000000 96.00000000
154.00000000 438.00000000 0.00000000 96.00000000
340.00000000 210.00000000 0.00000000 96.00000000
65.00000000 391.00000000 0.00000000 94.00000000
514.00000000 73.00000000 1.00000000 94.00000000
131.00000000 342.00000000 0.00000000 94.00000000
480.00000000 216.00000000 0.00000000 94.00000000
192.00000000 26.00000000 1.00000000 93.00000000
118.00000000 437.00000000 1.00000000 93.00000000
36.00000000 424.00000000 0.00000000 93.00000000
548.00000000 218.00000000 2.00000000 93.00000000
251.00000000 259.00000000 1.00000000 92.00000000
153.00000000 243.00000000 0.00000000 92.00000000
528.00000000 166.00000000 1.00000000 92.00000000
325.00000000 166.00000000 1.00000000 91.00000000
29.00000000 388.00000000 0.00000000 91.00000000
217.00000000 255.00000000 0.00000000 90.00000000
510.00000000 307.00000000 0.00000000 90.00000000
108.00000000 448.00000000 0.00000000 89.00000000
99.00000000 436.00000000 0.00000000 89.00000000
93.00000000 381.00000000 0.00000000 88.00000000
116.00000000 277.00000000 0.00000000 88.00000000
332.00000000 234.00000000 0.00000000 88.00000000
484.00000000 118.00000000 0.00000000 87.00000000
