584.00000000 353.00000000 0.00000000 682.00000000
504.00000000 51.00000000 1.00000000 571.00000000
585.00000000 354.00000000 1.00000000 536.00000000
504.00000000 50.00000000 0.00000000 528.00000000
503.00000000 50.00000000 1.00000000 522.00000000
207.00000000 55.00000000 1.00000000 512.00000000
620.00000000 359.00000000 0.00000000 432.00000000
621.00000000 359.00000000 1.00000000 429.00000000
207.00000000 54.00000000 0.00000000 418.00000000
206.00000000 55.00000000 1.00000000 413.00000000
504.00000000 52.00000000 2.00000000 411.00000000
536.00000000 283.00000000 0.00000000 408.00000000
551.00000000 106.00000000 1.00000000 405.00000000
224.00000000 32.00000000 0.00000000 401.00000000
552.00000000 106.00000000 2.00000000 396.00000000
536.00000000 283.00000000 1.00000000 377.00000000
625.00000000 369.00000000 0.00000000 376.00000000
552.00000000 105.00000000 1.00000000 365.00000000
551.00000000 107.00000000 2.00000000 343.00000000
217.00000000 72.00000000 1.00000000 320.00000000
552.00000000 105.00000000 0.00000000 311.00000000
217.00000000 72.00000000 0.00000000 311.00000000
545.00000000 134.00000000 1.00000000 296.00000000
548.00000000 107.00000000 5.00000000 287.00000000
548.00000000 108.00000000 4.00000000 282.00000000
224.00000000 32.00000000 1.00000000 280.00000000
534.00000000 166.00000000 0.00000000 274.00000000
535.00000000 282.00000000 1.00000000 266.00000000
534.00000000 166.00000000 1.00000000 264.00000000
329.00000000 251.00000000 0.00000000 260.00000000
545.00000000 132.00000000 1.00000000 259.00000000
503.00000000 53.00000000 2.00000000 258.00000000
216.00000000 72.00000000 1.00000000 256.00000000
624.00000000 371.00000000 1.00000000 248.00000000
546.00000000 132.00000000 2.00000000 241.00000000
584.00000000 353.00000000 1.00000000 238.00000000
545.00000000 135.00000000 0.00000000 238.00000000
206.00000000 56.00000000 2.00000000 235.00000000
534.00000000 165.00000000 1.00000000 219.00000000
216.00000000 74.00000000 2.00000000 207.00000000
543.00000000 395.00000000 0.00000000 199.00000000
543.00000000 396.00000000 1.00000000 198.00000000
545.00000000 132.00000000 2.00000000 196.00000000
166.00000000 308.00000000 1.00000000 193.00000000
129.00000000 366.00000000 0.00000000 191.00000000
536.00000000 282.00000000 2.00000000 188.00000000
285.00000000 267.00000000 1.00000000 174.00000000
516.00000000 75.00000000 0.00000000 171.00000000
285.00000000 266.00000000 0.00000000 170.00000000
166.00000000 308.00000000 0.00000000 165.00000000
543.00000000 395.00000000 1.00000000 164.00000000
214.00000000 76.00000000 2.00000000 159.00000000
222.00000000 31.00000000 1.00000000 159.00000000
580.00000000 389.00000000 0.00000000 158.00000000
512.00000000 320.00000000 0.00000000 154.00000000
516.00000000 76.00000000 1.00000000 149.00000000
540.00000000 256.00000000 1.00000000 149.00000000
548.00000000 228.00000000 4.00000000 147.00000000
456.00000000 49.00000000 0.00000000 141.00000000
538.00000000 193.00000000 1.00000000 141.00000000
540.00000000 196.00000000 2.00000000 141.00000000
602.00000000 354.00000000 0.00000000 140.00000000
222.00000000 30.00000000 2.00000000 136.00000000
540.00000000 145.00000000 1.00000000 135.00000000
540.00000000 143.00000000 0.00000000 134.00000000
539.00000000 257.00000000 0.00000000 132.00000000
129.00000000 367.00000000 1.00000000 131.00000000
538.00000000 193.00000000 1.00000000 127.00000000
543.00000000 402.00000000 0.00000000 127.00000000
165.00000000 308.00000000 1.00000000 125.00000000
596.00000000 389.00000000 0.00000000 124.00000000
625.00000000 418.00000000 0.00000000 118.00000000
185.00000000 294.00000000 0.00000000 118.00000000
620.00000000 382.00000000 1.00000000 116.00000000
527.00000000 176.00000000 1.00000000 115.00000000
526.00000000 175.00000000 0.00000000 115.00000000
514.00000000 74.00000000 1.00000000 115.00000000
512.00000000 320.00000000 1.00000000 113.00000000
491.00000000 139.00000000 1.00000000 112.00000000
580.00000000 390.00000000 1.00000000 110.00000000
610.00000000 361.00000000 0.00000000 108.00000000
540.00000000 255.00000000 1.00000000 105.00000000
619.00000000 381.00000000 0.00000000 103.00000000
294.00000000 270.00000000 0.00000000 101.00000000
549.00000000 118.00000000 0.00000000 100.00000000
604.00000000 371.00000000 0.00000000 100.00000000
624.00000000 419.00000000 1.00000000 99.00000000
128.00000000 367.00000000 1.00000000 98.00000000
178.00000000 299.00000000 0.00000000 97.00000000
538.00000000 193.00000000 0.00000000 96.00000000
499.00000000 64.00000000 0.00000000 95.00000000
345.00000000 100.00000000 0.00000000 95.00000000
586.00000000 376.00000000 0.00000000 95.00000000
18.00000000 465.00000000 0.00000000 93.00000000
424.00000000 277.00000000 1.00000000 92.00000000
609.00000000 417.00000000 0.00000000 91.00000000
424.00000000 276.00000000 1.00000000 90.00000000
549.00000000 219.00000000 1.00000000 89.00000000
622.00000000 396.00000000 0.00000000 88.00000000
285.00000000 322.00000000 1.00000000 88.00000000
329.00000000 251.00000000 1.00000000 88.00000000
587.00000000 377.00000000 1.00000000 86.00000000
220.00000000 294.00000000 1.00000000 86.00000000
112.00000000 463.00000000 0.00000000 86.00000000
589.00000000 364.00000000 0.00000000 85.00000000
598.00000000 361.00000000 1.00000000 84.00000000
548.00000000 408.00000000 0.00000000 84.00000000
350.00000000 108.00000000 0.00000000 83.00000000
478.00000000 50.00000000 0.00000000 80.00000000
170.00000000 10.00000000 0.00000000 80.00000000
203.00000000 304.00000000 0.00000000 79.00000000
149.00000000 335.00000000 0.00000000 78.00000000
559.00000000 415.00000000 0.00000000 77.00000000
12.00000000 463.00000000 0.00000000 75.00000000
255.00000000 289.00000000 0.00000000 74.00000000
285.00000000 258.00000000 0.00000000 74.00000000
398.00000000 77.00000000 0.00000000 71.00000000
210.00000000 41.00000000 0.00000000 71.00000000
285.00000000 322.00000000 0.00000000 71.00000000
485.00000000 103.00000000 0.00000000 70.00000000
219.00000000 294.00000000 0.00000000 69.00000000
304.00000000 276.00000000 0.00000000 68.00000000
598.00000000 360.00000000 0.00000000 68.00000000
395.00000000 94.00000000 0.00000000 67.00000000
603.00000000 412.00000000 0.00000000 67.00000000
490.00000000 139.00000000 0.00000000 67.00000000
549.00000000 219.00000000 0.00000000 65.00000000
