602.00000000 410.00000000 1.00000000 407.00000000
495.00000000 112.00000000 1.00000000 393.00000000
494.00000000 339.00000000 1.00000000 373.00000000
193.00000000 26.00000000 1.00000000 367.00000000
494.00000000 337.00000000 0.00000000 354.00000000
602.00000000 409.00000000 0.00000000 351.00000000
193.00000000 26.00000000 0.00000000 339.00000000
602.00000000 411.00000000 1.00000000 323.00000000
494.00000000 111.00000000 1.00000000 318.00000000
286.00000000 321.00000000 1.00000000 286.00000000
286.00000000 320.00000000 0.00000000 240.00000000
192.00000000 26.00000000 1.00000000 235.00000000
494.00000000 113.00000000 0.00000000 222.00000000
506.00000000 299.00000000 0.00000000 222.00000000
516.00000000 254.00000000 2.00000000 213.00000000
362.00000000 351.00000000 0.00000000 209.00000000
277.00000000 335.00000000 1.00000000 207.00000000
494.00000000 200.00000000 2.00000000 203.00000000
285.00000000 321.00000000 1.00000000 197.00000000
493.00000000 339.00000000 1.00000000 197.00000000
602.00000000 412.00000000 2.00000000 191.00000000
480.00000000 197.00000000 5.00000000 183.00000000
513.00000000 248.00000000 1.00000000 182.00000000
219.00000000 210.00000000 1.00000000 180.00000000
513.00000000 247.00000000 1.00000000 175.00000000
513.00000000 246.00000000 0.00000000 173.00000000
493.00000000 197.00000000 1.00000000 172.00000000
494.00000000 197.00000000 1.00000000 170.00000000
492.00000000 200.00000000 2.00000000 162.00000000
219.00000000 229.00000000 1.00000000 157.00000000
172.00000000 60.00000000 4.00000000 154.00000000
277.00000000 335.00000000 0.00000000 153.00000000
494.00000000 197.00000000 0.00000000 152.00000000
423.00000000 341.00000000 0.00000000 152.00000000
488.00000000 196.00000000 4.00000000 150.00000000
459.00000000 243.00000000 0.00000000 148.00000000
337.00000000 108.00000000 1.00000000 148.00000000
275.00000000 336.00000000 1.00000000 146.00000000
470.00000000 313.00000000 0.00000000 145.00000000
406.00000000 56.00000000 1.00000000 143.00000000
593.00000000 400.00000000 0.00000000 140.00000000
427.00000000 291.00000000 1.00000000 140.00000000
220.00000000 175.00000000 1.00000000 139.00000000
345.00000000 141.00000000 2.00000000 138.00000000
217.00000000 247.00000000 1.00000000 136.00000000
410.00000000 307.00000000 1.00000000 135.00000000
172.00000000 56.00000000 2.00000000 133.00000000
456.00000000 178.00000000 2.00000000 133.00000000
405.00000000 57.00000000 0.00000000 132.00000000
220.00000000 158.00000000 1.00000000 132.00000000
616.00000000 401.00000000 1.00000000 132.00000000
490.00000000 340.00000000 2.00000000 130.00000000
596.00000000 412.00000000 2.00000000 127.00000000
416.00000000 64.00000000 1.00000000 126.00000000
463.00000000 172.00000000 0.00000000 126.00000000
219.00000000 193.00000000 1.00000000 125.00000000
470.00000000 314.00000000 1.00000000 123.00000000
546.00000000 108.00000000 0.00000000 121.00000000
460.00000000 244.00000000 1.00000000 120.00000000
456.00000000 178.00000000 1.00000000 118.00000000
410.00000000 306.00000000 0.00000000 118.00000000
519.00000000 234.00000000 1.00000000 115.00000000
527.00000000 136.00000000 0.00000000 115.00000000
520.00000000 234.00000000 2.00000000 114.00000000
348.00000000 140.00000000 2.00000000 114.00000000
172.00000000 170.00000000 2.00000000 113.00000000
616.00000000 400.00000000 0.00000000 111.00000000
499.00000000 287.00000000 0.00000000 110.00000000
484.00000000 118.00000000 0.00000000 109.00000000
451.00000000 284.00000000 0.00000000 107.00000000
337.00000000 107.00000000 0.00000000 107.00000000
482.00000000 258.00000000 0.00000000 107.00000000
477.00000000 309.00000000 0.00000000 105.00000000
509.00000000 380.00000000 0.00000000 104.00000000
492.00000000 330.00000000 0.00000000 104.00000000
381.00000000 293.00000000 0.00000000 104.00000000
426.00000000 291.00000000 0.00000000 102.00000000
492.00000000 61.00000000 0.00000000 100.00000000
423.00000000 341.00000000 1.00000000 100.00000000
526.00000000 127.00000000 0.00000000 98.00000000
218.00000000 273.00000000 1.00000000 97.00000000
494.00000000 52.00000000 1.00000000 97.00000000
464.00000000 173.00000000 1.00000000 95.00000000
503.00000000 124.00000000 0.00000000 94.00000000
227.00000000 265.00000000 1.00000000 93.00000000
618.00000000 415.00000000 0.00000000 90.00000000
236.00000000 342.00000000 1.00000000 89.00000000
121.00000000 236.00000000 1.00000000 89.00000000
499.00000000 288.00000000 1.00000000 88.00000000
520.00000000 236.00000000 1.00000000 88.00000000
575.00000000 359.00000000 0.00000000 88.00000000
27.00000000 16.00000000 1.00000000 87.00000000
461.00000000 391.00000000 0.00000000 86.00000000
486.00000000 102.00000000 1.00000000 86.00000000
612.00000000 417.00000000 0.00000000 85.00000000
354.00000000 351.00000000 0.00000000 84.00000000
410.00000000 68.00000000 0.00000000 84.00000000
478.00000000 215.00000000 1.00000000 84.00000000
292.00000000 221.00000000 1.00000000 84.00000000
506.00000000 299.00000000 1.00000000 83.00000000
45.00000000 101.00000000 1.00000000 82.00000000
325.00000000 242.00000000 1.00000000 82.00000000
528.00000000 220.00000000 0.00000000 81.00000000
419.00000000 130.00000000 0.00000000 79.00000000
517.00000000 383.00000000 0.00000000 77.00000000
493.00000000 52.00000000 0.00000000 77.00000000
186.00000000 33.00000000 0.00000000 76.00000000
502.00000000 331.00000000 0.00000000 72.00000000
490.00000000 137.00000000 0.00000000 72.00000000
480.00000000 227.00000000 0.00000000 71.00000000
497.00000000 347.00000000 0.00000000 71.00000000
408.00000000 403.00000000 0.00000000 71.00000000
520.00000000 236.00000000 0.00000000 70.00000000
472.00000000 177.00000000 0.00000000 69.00000000
413.00000000 333.00000000 0.00000000 69.00000000
360.00000000 133.00000000 0.00000000 69.00000000
498.00000000 205.00000000 0.00000000 69.00000000
322.00000000 359.00000000 0.00000000 66.00000000
507.00000000 308.00000000 0.00000000 66.00000000
461.00000000 285.00000000 0.00000000 63.00000000
465.00000000 118.00000000 0.00000000 63.00000000
326.00000000 366.00000000 0.00000000 62.00000000
333.00000000 208.00000000 0.00000000 62.00000000
395.00000000 400.00000000 0.00000000 61.00000000
517.00000000 270.00000000 0.00000000 61.00000000
418.00000000 296.00000000 0.00000000 60.00000000
479.00000000 214.00000000 0.00000000 59.00000000
