502.00000000 50.00000000 1.00000000 515.00000000
502.00000000 50.00000000 1.00000000 480.00000000
502.00000000 50.00000000 2.00000000 463.00000000
502.00000000 50.00000000 0.00000000 449.00000000
544.00000000 131.00000000 1.00000000 413.00000000
500.00000000 50.00000000 2.00000000 388.00000000
583.00000000 353.00000000 0.00000000 383.00000000
546.00000000 130.00000000 2.00000000 374.00000000
545.00000000 131.00000000 1.00000000 360.00000000
532.00000000 165.00000000 0.00000000 355.00000000
550.00000000 104.00000000 2.00000000 354.00000000
428.00000000 240.00000000 1.00000000 354.00000000
532.00000000 165.00000000 1.00000000 339.00000000
550.00000000 104.00000000 1.00000000 326.00000000
548.00000000 104.00000000 2.00000000 316.00000000
550.00000000 103.00000000 1.00000000 311.00000000
602.00000000 371.00000000 0.00000000 294.00000000
427.00000000 240.00000000 1.00000000 289.00000000
619.00000000 358.00000000 0.00000000 288.00000000
583.00000000 353.00000000 1.00000000 279.00000000
550.00000000 103.00000000 0.00000000 275.00000000
548.00000000 104.00000000 4.00000000 271.00000000
619.00000000 358.00000000 1.00000000 270.00000000
543.00000000 107.00000000 5.00000000 270.00000000
543.00000000 130.00000000 2.00000000 262.00000000
531.00000000 164.00000000 1.00000000 250.00000000
429.00000000 241.00000000 0.00000000 222.00000000
203.00000000 55.00000000 1.00000000 203.00000000
544.00000000 132.00000000 0.00000000 197.00000000
205.00000000 55.00000000 1.00000000 196.00000000
488.00000000 108.00000000 0.00000000 188.00000000
532.00000000 164.00000000 2.00000000 179.00000000
443.00000000 248.00000000 0.00000000 171.00000000
424.00000000 264.00000000 0.00000000 171.00000000
618.00000000 359.00000000 1.00000000 164.00000000
602.00000000 371.00000000 1.00000000 164.00000000
595.00000000 388.00000000 0.00000000 151.00000000
394.00000000 289.00000000 1.00000000 147.00000000
623.00000000 417.00000000 0.00000000 146.00000000
424.00000000 264.00000000 1.00000000 139.00000000
205.00000000 55.00000000 0.00000000 138.00000000
204.00000000 56.00000000 2.00000000 138.00000000
548.00000000 109.00000000 0.00000000 135.00000000
537.00000000 147.00000000 1.00000000 135.00000000
215.00000000 72.00000000 1.00000000 134.00000000
285.00000000 319.00000000 1.00000000 131.00000000
375.00000000 243.00000000 0.00000000 131.00000000
221.00000000 30.00000000 0.00000000 131.00000000
220.00000000 30.00000000 1.00000000 129.00000000
284.00000000 316.00000000 0.00000000 127.00000000
444.00000000 84.00000000 0.00000000 125.00000000
539.00000000 254.00000000 1.00000000 125.00000000
587.00000000 363.00000000 0.00000000 125.00000000
537.00000000 193.00000000 1.00000000 124.00000000
624.00000000 369.00000000 0.00000000 123.00000000
215.00000000 71.00000000 0.00000000 123.00000000
512.00000000 104.00000000 0.00000000 121.00000000
538.00000000 194.00000000 2.00000000 121.00000000
480.00000000 307.00000000 0.00000000 121.00000000
473.00000000 210.00000000 0.00000000 118.00000000
219.00000000 29.00000000 1.00000000 118.00000000
424.00000000 272.00000000 2.00000000 118.00000000
473.00000000 210.00000000 1.00000000 115.00000000
624.00000000 370.00000000 1.00000000 114.00000000
393.00000000 287.00000000 1.00000000 113.00000000
480.00000000 308.00000000 1.00000000 111.00000000
489.00000000 215.00000000 1.00000000 111.00000000
443.00000000 249.00000000 1.00000000 111.00000000
538.00000000 254.00000000 0.00000000 109.00000000
214.00000000 73.00000000 1.00000000 109.00000000
511.00000000 318.00000000 0.00000000 109.00000000
608.00000000 359.00000000 0.00000000 108.00000000
489.00000000 214.00000000 0.00000000 106.00000000
393.00000000 286.00000000 0.00000000 105.00000000
394.00000000 290.00000000 2.00000000 103.00000000
212.00000000 76.00000000 2.00000000 102.00000000
285.00000000 317.00000000 1.00000000 99.00000000
483.00000000 102.00000000 0.00000000 98.00000000
537.00000000 145.00000000 1.00000000 98.00000000
212.00000000 80.00000000 4.00000000 97.00000000
442.00000000 366.00000000 0.00000000 97.00000000
533.00000000 274.00000000 1.00000000 97.00000000
446.00000000 96.00000000 0.00000000 96.00000000
268.00000000 328.00000000 0.00000000 96.00000000
375.00000000 243.00000000 1.00000000 95.00000000
447.00000000 96.00000000 1.00000000 95.00000000
27.00000000 464.00000000 0.00000000 94.00000000
511.00000000 318.00000000 1.00000000 94.00000000
479.00000000 308.00000000 1.00000000 91.00000000
488.00000000 109.00000000 1.00000000 90.00000000
585.00000000 375.00000000 0.00000000 90.00000000
512.00000000 105.00000000 1.00000000 90.00000000
92.00000000 463.00000000 0.00000000 87.00000000
459.00000000 236.00000000 0.00000000 86.00000000
462.00000000 282.00000000 0.00000000 86.00000000
582.00000000 353.00000000 1.00000000 86.00000000
387.00000000 83.00000000 0.00000000 85.00000000
201.00000000 65.00000000 0.00000000 84.00000000
453.00000000 189.00000000 0.00000000 84.00000000
525.00000000 173.00000000 0.00000000 83.00000000
537.00000000 192.00000000 1.00000000 82.00000000
174.00000000 73.00000000 1.00000000 82.00000000
425.00000000 272.00000000 1.00000000 82.00000000
532.00000000 273.00000000 0.00000000 81.00000000
442.00000000 367.00000000 1.00000000 79.00000000
509.00000000 305.00000000 0.00000000 79.00000000
579.00000000 369.00000000 0.00000000 78.00000000
538.00000000 142.00000000 0.00000000 77.00000000
595.00000000 388.00000000 1.00000000 77.00000000
444.00000000 85.00000000 1.00000000 77.00000000
599.00000000 361.00000000 0.00000000 75.00000000
431.00000000 194.00000000 0.00000000 74.00000000
388.00000000 325.00000000 0.00000000 74.00000000
347.00000000 112.00000000 0.00000000 71.00000000
463.00000000 114.00000000 0.00000000 69.00000000
427.00000000 271.00000000 0.00000000 68.00000000
536.00000000 149.00000000 0.00000000 68.00000000
404.00000000 54.00000000 0.00000000 67.00000000
249.00000000 338.00000000 0.00000000 66.00000000
528.00000000 371.00000000 0.00000000 66.00000000
472.00000000 130.00000000 0.00000000 65.00000000
174.00000000 72.00000000 0.00000000 64.00000000
538.00000000 195.00000000 0.00000000 63.00000000
618.00000000 380.00000000 0.00000000 63.00000000
396.00000000 292.00000000 0.00000000 63.00000000
395.00000000 323.00000000 0.00000000 62.00000000
166.00000000 69.00000000 0.00000000 62.00000000
