502.00000000 49.00000000 1.00000000 533.00000000
502.00000000 49.00000000 1.00000000 530.00000000
502.00000000 48.00000000 0.00000000 493.00000000
502.00000000 50.00000000 2.00000000 463.00000000
500.00000000 50.00000000 2.00000000 366.00000000
583.00000000 351.00000000 0.00000000 354.00000000
583.00000000 351.00000000 1.00000000 297.00000000
543.00000000 107.00000000 5.00000000 295.00000000
544.00000000 131.00000000 1.00000000 274.00000000
624.00000000 368.00000000 1.00000000 264.00000000
548.00000000 100.00000000 4.00000000 237.00000000
623.00000000 367.00000000 0.00000000 235.00000000
544.00000000 130.00000000 1.00000000 233.00000000
548.00000000 101.00000000 2.00000000 231.00000000
620.00000000 357.00000000 1.00000000 224.00000000
544.00000000 130.00000000 0.00000000 213.00000000
550.00000000 102.00000000 2.00000000 212.00000000
619.00000000 357.00000000 0.00000000 201.00000000
550.00000000 102.00000000 1.00000000 198.00000000
550.00000000 101.00000000 1.00000000 192.00000000
534.00000000 280.00000000 1.00000000 172.00000000
544.00000000 130.00000000 2.00000000 165.00000000
550.00000000 101.00000000 0.00000000 165.00000000
534.00000000 280.00000000 0.00000000 157.00000000
533.00000000 280.00000000 1.00000000 154.00000000
534.00000000 280.00000000 2.00000000 148.00000000
528.00000000 276.00000000 4.00000000 146.00000000
582.00000000 352.00000000 1.00000000 146.00000000
531.00000000 280.00000000 2.00000000 145.00000000
428.00000000 239.00000000 1.00000000 133.00000000
543.00000000 130.00000000 2.00000000 126.00000000
618.00000000 357.00000000 1.00000000 102.00000000
548.00000000 108.00000000 0.00000000 99.00000000
530.00000000 162.00000000 1.00000000 98.00000000
538.00000000 194.00000000 2.00000000 94.00000000
530.00000000 162.00000000 2.00000000 88.00000000
537.00000000 193.00000000 1.00000000 87.00000000
530.00000000 164.00000000 1.00000000 86.00000000
428.00000000 239.00000000 1.00000000 85.00000000
165.00000000 68.00000000 0.00000000 84.00000000
428.00000000 239.00000000 0.00000000 84.00000000
444.00000000 84.00000000 0.00000000 75.00000000
622.00000000 415.00000000 0.00000000 75.00000000
510.00000000 306.00000000 2.00000000 73.00000000
601.00000000 352.00000000 0.00000000 73.00000000
539.00000000 252.00000000 1.00000000 66.00000000
315.00000000 257.00000000 1.00000000 63.00000000
531.00000000 164.00000000 0.00000000 63.00000000
546.00000000 218.00000000 2.00000000 63.00000000
538.00000000 143.00000000 1.00000000 62.00000000
537.00000000 192.00000000 1.00000000 61.00000000
538.00000000 252.00000000 0.00000000 61.00000000
547.00000000 213.00000000 1.00000000 60.00000000
388.00000000 80.00000000 0.00000000 60.00000000
205.00000000 53.00000000 0.00000000 58.00000000
394.00000000 289.00000000 1.00000000 58.00000000
547.00000000 213.00000000 0.00000000 58.00000000
586.00000000 374.00000000 0.00000000 58.00000000
537.00000000 144.00000000 1.00000000 57.00000000
546.00000000 237.00000000 1.00000000 57.00000000
528.00000000 371.00000000 1.00000000 57.00000000
579.00000000 386.00000000 0.00000000 57.00000000
205.00000000 54.00000000 1.00000000 56.00000000
528.00000000 371.00000000 1.00000000 55.00000000
546.00000000 236.00000000 0.00000000 55.00000000
592.00000000 361.00000000 1.00000000 53.00000000
509.00000000 306.00000000 1.00000000 53.00000000
538.00000000 195.00000000 0.00000000 52.00000000
538.00000000 141.00000000 0.00000000 52.00000000
165.00000000 69.00000000 1.00000000 51.00000000
508.00000000 298.00000000 1.00000000 51.00000000
509.00000000 306.00000000 0.00000000 50.00000000
509.00000000 306.00000000 1.00000000 50.00000000
586.00000000 375.00000000 1.00000000 48.00000000
525.00000000 174.00000000 1.00000000 48.00000000
381.00000000 103.00000000 1.00000000 48.00000000
313.00000000 255.00000000 1.00000000 48.00000000
508.00000000 70.00000000 0.00000000 47.00000000
531.00000000 270.00000000 0.00000000 46.00000000
368.00000000 82.00000000 1.00000000 45.00000000
543.00000000 203.00000000 1.00000000 45.00000000
543.00000000 202.00000000 0.00000000 44.00000000
601.00000000 369.00000000 0.00000000 44.00000000
357.00000000 94.00000000 0.00000000 44.00000000
579.00000000 367.00000000 0.00000000 43.00000000
547.00000000 214.00000000 1.00000000 43.00000000
367.00000000 82.00000000 1.00000000 43.00000000
508.00000000 296.00000000 0.00000000 43.00000000
528.00000000 371.00000000 0.00000000 43.00000000
424.00000000 264.00000000 1.00000000 42.00000000
201.00000000 65.00000000 0.00000000 42.00000000
368.00000000 82.00000000 0.00000000 41.00000000
335.00000000 250.00000000 1.00000000 41.00000000
424.00000000 263.00000000 0.00000000 41.00000000
593.00000000 361.00000000 0.00000000 41.00000000
574.00000000 353.00000000 0.00000000 40.00000000
365.00000000 98.00000000 0.00000000 40.00000000
201.00000000 66.00000000 1.00000000 40.00000000
444.00000000 248.00000000 0.00000000 39.00000000
510.00000000 317.00000000 0.00000000 39.00000000
381.00000000 103.00000000 0.00000000 39.00000000
318.00000000 255.00000000 0.00000000 39.00000000
625.00000000 408.00000000 0.00000000 38.00000000
623.00000000 416.00000000 1.00000000 38.00000000
339.00000000 230.00000000 0.00000000 38.00000000
524.00000000 172.00000000 0.00000000 37.00000000
512.00000000 103.00000000 0.00000000 37.00000000
618.00000000 379.00000000 1.00000000 37.00000000
602.00000000 410.00000000 1.00000000 36.00000000
330.00000000 237.00000000 0.00000000 36.00000000
94.00000000 462.00000000 0.00000000 36.00000000
602.00000000 410.00000000 0.00000000 35.00000000
531.00000000 263.00000000 0.00000000 35.00000000
442.00000000 364.00000000 0.00000000 35.00000000
512.00000000 289.00000000 0.00000000 34.00000000
618.00000000 378.00000000 0.00000000 34.00000000
393.00000000 284.00000000 0.00000000 32.00000000
586.00000000 362.00000000 0.00000000 30.00000000
594.00000000 387.00000000 0.00000000 30.00000000
395.00000000 321.00000000 0.00000000 30.00000000
111.00000000 461.00000000 0.00000000 30.00000000
548.00000000 115.00000000 0.00000000 29.00000000
497.00000000 61.00000000 0.00000000 28.00000000
307.00000000 263.00000000 0.00000000 28.00000000
144.00000000 322.00000000 0.00000000 28.00000000
332.00000000 169.00000000 0.00000000 27.00000000
404.00000000 402.00000000 0.00000000 27.00000000
