503.00000000 49.00000000 1.00000000 605.00000000
502.00000000 49.00000000 1.00000000 585.00000000
619.00000000 357.00000000 0.00000000 566.00000000
503.00000000 48.00000000 0.00000000 526.00000000
502.00000000 50.00000000 2.00000000 496.00000000
619.00000000 357.00000000 1.00000000 483.00000000
583.00000000 352.00000000 0.00000000 439.00000000
544.00000000 130.00000000 1.00000000 431.00000000
533.00000000 164.00000000 0.00000000 414.00000000
428.00000000 239.00000000 1.00000000 408.00000000
545.00000000 130.00000000 1.00000000 407.00000000
546.00000000 130.00000000 2.00000000 400.00000000
533.00000000 164.00000000 1.00000000 374.00000000
500.00000000 50.00000000 2.00000000 368.00000000
550.00000000 104.00000000 2.00000000 350.00000000
205.00000000 53.00000000 1.00000000 343.00000000
583.00000000 352.00000000 1.00000000 333.00000000
548.00000000 101.00000000 2.00000000 320.00000000
550.00000000 103.00000000 1.00000000 316.00000000
205.00000000 53.00000000 1.00000000 316.00000000
428.00000000 239.00000000 1.00000000 292.00000000
543.00000000 130.00000000 2.00000000 285.00000000
550.00000000 102.00000000 1.00000000 282.00000000
543.00000000 101.00000000 5.00000000 269.00000000
548.00000000 100.00000000 4.00000000 268.00000000
545.00000000 130.00000000 0.00000000 266.00000000
550.00000000 101.00000000 0.00000000 259.00000000
531.00000000 164.00000000 1.00000000 259.00000000
618.00000000 357.00000000 1.00000000 256.00000000
429.00000000 239.00000000 0.00000000 253.00000000
603.00000000 369.00000000 0.00000000 248.00000000
215.00000000 70.00000000 0.00000000 239.00000000
222.00000000 29.00000000 0.00000000 238.00000000
205.00000000 52.00000000 0.00000000 221.00000000
595.00000000 387.00000000 0.00000000 204.00000000
204.00000000 54.00000000 2.00000000 198.00000000
216.00000000 71.00000000 1.00000000 195.00000000
444.00000000 248.00000000 0.00000000 195.00000000
222.00000000 29.00000000 1.00000000 186.00000000
376.00000000 242.00000000 0.00000000 186.00000000
532.00000000 162.00000000 2.00000000 185.00000000
537.00000000 145.00000000 1.00000000 184.00000000
444.00000000 84.00000000 0.00000000 180.00000000
548.00000000 108.00000000 0.00000000 175.00000000
214.00000000 70.00000000 1.00000000 173.00000000
488.00000000 108.00000000 0.00000000 168.00000000
624.00000000 368.00000000 0.00000000 159.00000000
623.00000000 416.00000000 0.00000000 159.00000000
424.00000000 263.00000000 0.00000000 151.00000000
284.00000000 315.00000000 0.00000000 151.00000000
220.00000000 28.00000000 1.00000000 150.00000000
608.00000000 359.00000000 0.00000000 149.00000000
489.00000000 214.00000000 0.00000000 146.00000000
394.00000000 288.00000000 1.00000000 146.00000000
489.00000000 214.00000000 1.00000000 144.00000000
624.00000000 368.00000000 1.00000000 144.00000000
214.00000000 72.00000000 2.00000000 144.00000000
603.00000000 370.00000000 1.00000000 137.00000000
538.00000000 194.00000000 2.00000000 133.00000000
535.00000000 281.00000000 1.00000000 131.00000000
473.00000000 209.00000000 1.00000000 131.00000000
212.00000000 73.00000000 2.00000000 130.00000000
537.00000000 145.00000000 1.00000000 130.00000000
444.00000000 248.00000000 1.00000000 127.00000000
535.00000000 281.00000000 0.00000000 127.00000000
393.00000000 284.00000000 0.00000000 126.00000000
537.00000000 192.00000000 1.00000000 126.00000000
473.00000000 209.00000000 0.00000000 126.00000000
446.00000000 94.00000000 0.00000000 124.00000000
285.00000000 318.00000000 1.00000000 124.00000000
394.00000000 290.00000000 2.00000000 124.00000000
212.00000000 76.00000000 4.00000000 118.00000000
424.00000000 263.00000000 1.00000000 118.00000000
582.00000000 352.00000000 1.00000000 118.00000000
540.00000000 253.00000000 1.00000000 115.00000000
210.00000000 36.00000000 0.00000000 113.00000000
483.00000000 101.00000000 0.00000000 110.00000000
376.00000000 242.00000000 1.00000000 109.00000000
534.00000000 280.00000000 1.00000000 108.00000000
459.00000000 235.00000000 0.00000000 108.00000000
599.00000000 360.00000000 1.00000000 107.00000000
320.00000000 162.00000000 0.00000000 107.00000000
447.00000000 95.00000000 1.00000000 107.00000000
512.00000000 103.00000000 0.00000000 106.00000000
511.00000000 318.00000000 0.00000000 105.00000000
481.00000000 306.00000000 0.00000000 103.00000000
175.00000000 72.00000000 1.00000000 102.00000000
175.00000000 73.00000000 1.00000000 102.00000000
320.00000000 162.00000000 1.00000000 102.00000000
426.00000000 270.00000000 0.00000000 102.00000000
393.00000000 286.00000000 1.00000000 101.00000000
525.00000000 172.00000000 0.00000000 101.00000000
481.00000000 307.00000000 1.00000000 101.00000000
509.00000000 305.00000000 0.00000000 101.00000000
539.00000000 253.00000000 0.00000000 99.00000000
285.00000000 316.00000000 1.00000000 98.00000000
514.00000000 72.00000000 0.00000000 97.00000000
444.00000000 84.00000000 1.00000000 96.00000000
538.00000000 142.00000000 0.00000000 95.00000000
619.00000000 380.00000000 1.00000000 95.00000000
585.00000000 374.00000000 0.00000000 94.00000000
587.00000000 362.00000000 0.00000000 93.00000000
483.00000000 287.00000000 0.00000000 92.00000000
595.00000000 387.00000000 1.00000000 91.00000000
473.00000000 128.00000000 1.00000000 90.00000000
579.00000000 366.00000000 0.00000000 89.00000000
622.00000000 395.00000000 0.00000000 87.00000000
546.00000000 237.00000000 0.00000000 86.00000000
536.00000000 147.00000000 0.00000000 86.00000000
510.00000000 305.00000000 1.00000000 84.00000000
599.00000000 359.00000000 0.00000000 84.00000000
396.00000000 291.00000000 0.00000000 84.00000000
618.00000000 379.00000000 0.00000000 84.00000000
494.00000000 118.00000000 0.00000000 79.00000000
269.00000000 327.00000000 0.00000000 78.00000000
174.00000000 71.00000000 0.00000000 78.00000000
496.00000000 203.00000000 0.00000000 77.00000000
513.00000000 289.00000000 0.00000000 74.00000000
368.00000000 82.00000000 0.00000000 70.00000000
602.00000000 410.00000000 0.00000000 70.00000000
248.00000000 337.00000000 0.00000000 66.00000000
350.00000000 106.00000000 0.00000000 66.00000000
547.00000000 212.00000000 0.00000000 66.00000000
463.00000000 113.00000000 0.00000000 65.00000000
454.00000000 188.00000000 0.00000000 63.00000000
459.00000000 389.00000000 0.00000000 62.00000000
442.00000000 365.00000000 0.00000000 62.00000000
