965.00000000 173.00000000 1.00000000 476.00000000
965.00000000 174.00000000 1.00000000 454.00000000
101.00000000 733.00000000 1.00000000 385.00000000
355.00000000 366.00000000 0.00000000 368.00000000
100.00000000 735.00000000 1.00000000 351.00000000
820.00000000 732.00000000 1.00000000 344.00000000
820.00000000 731.00000000 0.00000000 333.00000000
72.00000000 758.00000000 1.00000000 328.00000000
428.00000000 763.00000000 1.00000000 326.00000000
1036.00000000 138.00000000 1.00000000 315.00000000
964.00000000 174.00000000 2.00000000 314.00000000
306.00000000 349.00000000 1.00000000 314.00000000
84.00000000 721.00000000 1.00000000 306.00000000
953.00000000 410.00000000 1.00000000 293.00000000
306.00000000 349.00000000 0.00000000 284.00000000
954.00000000 410.00000000 1.00000000 282.00000000
929.00000000 414.00000000 1.00000000 276.00000000
965.00000000 173.00000000 0.00000000 275.00000000
96.00000000 721.00000000 1.00000000 274.00000000
73.00000000 757.00000000 1.00000000 273.00000000
1036.00000000 137.00000000 0.00000000 272.00000000
820.00000000 732.00000000 1.00000000 262.00000000
101.00000000 732.00000000 0.00000000 261.00000000
548.00000000 360.00000000 4.00000000 260.00000000
439.00000000 359.00000000 1.00000000 260.00000000
64.00000000 828.00000000 0.00000000 255.00000000
908.00000000 671.00000000 0.00000000 255.00000000
786.00000000 736.00000000 1.00000000 255.00000000
428.00000000 764.00000000 2.00000000 253.00000000
64.00000000 829.00000000 1.00000000 249.00000000
1412.00000000 588.00000000 2.00000000 245.00000000
565.00000000 333.00000000 1.00000000 245.00000000
548.00000000 356.00000000 5.00000000 240.00000000
439.00000000 359.00000000 0.00000000 236.00000000
96.00000000 721.00000000 1.00000000 234.00000000
417.00000000 362.00000000 1.00000000 232.00000000
70.00000000 762.00000000 2.00000000 230.00000000
450.00000000 291.00000000 1.00000000 230.00000000
930.00000000 414.00000000 1.00000000 230.00000000
402.00000000 764.00000000 1.00000000 230.00000000
548.00000000 349.00000000 1.00000000 228.00000000
429.00000000 762.00000000 1.00000000 226.00000000
444.00000000 486.00000000 2.00000000 224.00000000
1330.00000000 552.00000000 2.00000000 224.00000000
994.00000000 35.00000000 0.00000000 223.00000000
84.00000000 720.00000000 0.00000000 221.00000000
908.00000000 671.00000000 1.00000000 220.00000000
970.00000000 192.00000000 0.00000000 219.00000000
1411.00000000 591.00000000 2.00000000 218.00000000
799.00000000 678.00000000 0.00000000 217.00000000
68.00000000 744.00000000 1.00000000 217.00000000
953.00000000 409.00000000 0.00000000 217.00000000
417.00000000 362.00000000 1.00000000 215.00000000
189.00000000 620.00000000 1.00000000 215.00000000
951.00000000 579.00000000 1.00000000 215.00000000
129.00000000 702.00000000 1.00000000 214.00000000
98.00000000 740.00000000 2.00000000 214.00000000
1035.00000000 163.00000000 1.00000000 213.00000000
400.00000000 766.00000000 1.00000000 213.00000000
1096.00000000 632.00000000 0.00000000 212.00000000
1412.00000000 585.00000000 1.00000000 212.00000000
1035.00000000 161.00000000 1.00000000 212.00000000
311.00000000 431.00000000 1.00000000 205.00000000
1290.00000000 472.00000000 2.00000000 204.00000000
578.00000000 350.00000000 0.00000000 202.00000000
951.00000000 578.00000000 1.00000000 201.00000000
39.00000000 760.00000000 1.00000000 201.00000000
373.00000000 318.00000000 0.00000000 198.00000000
1252.00000000 506.00000000 2.00000000 197.00000000
451.00000000 291.00000000 0.00000000 196.00000000
355.00000000 367.00000000 1.00000000 193.00000000
565.00000000 333.00000000 0.00000000 187.00000000
461.00000000 502.00000000 0.00000000 185.00000000
96.00000000 720.00000000 0.00000000 184.00000000
13.00000000 747.00000000 0.00000000 184.00000000
1096.00000000 633.00000000 1.00000000 184.00000000
68.00000000 743.00000000 0.00000000 184.00000000
791.00000000 685.00000000 0.00000000 183.00000000
373.00000000 319.00000000 1.00000000 183.00000000
942.00000000 373.00000000 0.00000000 183.00000000
773.00000000 860.00000000 0.00000000 181.00000000
548.00000000 350.00000000 2.00000000 181.00000000
311.00000000 431.00000000 1.00000000 181.00000000
549.00000000 347.00000000 1.00000000 180.00000000
569.00000000 351.00000000 0.00000000 180.00000000
1035.00000000 162.00000000 0.00000000 179.00000000
945.00000000 382.00000000 0.00000000 176.00000000
364.00000000 367.00000000 0.00000000 175.00000000
773.00000000 861.00000000 1.00000000 173.00000000
757.00000000 736.00000000 1.00000000 173.00000000
963.00000000 253.00000000 1.00000000 172.00000000
130.00000000 702.00000000 0.00000000 167.00000000
1289.00000000 472.00000000 2.00000000 166.00000000
73.00000000 758.00000000 0.00000000 164.00000000
916.00000000 269.00000000 0.00000000 163.00000000
38.00000000 760.00000000 0.00000000 161.00000000
417.00000000 362.00000000 0.00000000 160.00000000
308.00000000 529.00000000 0.00000000 160.00000000
272.00000000 366.00000000 0.00000000 159.00000000
908.00000000 612.00000000 4.00000000 159.00000000
272.00000000 351.00000000 0.00000000 158.00000000
758.00000000 735.00000000 0.00000000 157.00000000
402.00000000 762.00000000 0.00000000 156.00000000
1160.00000000 667.00000000 0.00000000 155.00000000
968.00000000 459.00000000 0.00000000 154.00000000
443.00000000 511.00000000 0.00000000 154.00000000
369.00000000 338.00000000 0.00000000 153.00000000
201.00000000 575.00000000 0.00000000 152.00000000
951.00000000 576.00000000 0.00000000 150.00000000
1160.00000000 675.00000000 0.00000000 149.00000000
133.00000000 825.00000000 0.00000000 148.00000000
219.00000000 773.00000000 0.00000000 147.00000000
963.00000000 253.00000000 0.00000000 145.00000000
188.00000000 618.00000000 0.00000000 143.00000000
854.00000000 724.00000000 0.00000000 137.00000000
867.00000000 909.00000000 0.00000000 136.00000000
77.00000000 779.00000000 0.00000000 135.00000000
1038.00000000 392.00000000 0.00000000 133.00000000
1363.00000000 760.00000000 0.00000000 133.00000000
951.00000000 584.00000000 0.00000000 133.00000000
92.00000000 704.00000000 0.00000000 132.00000000
584.00000000 345.00000000 0.00000000 130.00000000
160.00000000 814.00000000 0.00000000 129.00000000
1010.00000000 675.00000000 0.00000000 127.00000000
159.00000000 663.00000000 0.00000000 126.00000000
574.00000000 359.00000000 0.00000000 126.00000000
878.00000000 955.00000000 0.00000000 126.00000000
