190.00000000 620.00000000 1.00000000 354.00000000
829.00000000 597.00000000 0.00000000 353.00000000
190.00000000 619.00000000 0.00000000 345.00000000
1076.00000000 146.00000000 1.00000000 344.00000000
822.00000000 732.00000000 0.00000000 333.00000000
1076.00000000 145.00000000 0.00000000 327.00000000
1081.00000000 185.00000000 0.00000000 322.00000000
1141.00000000 255.00000000 0.00000000 316.00000000
822.00000000 733.00000000 1.00000000 314.00000000
1112.00000000 104.00000000 0.00000000 311.00000000
705.00000000 543.00000000 1.00000000 310.00000000
221.00000000 566.00000000 1.00000000 309.00000000
1141.00000000 255.00000000 1.00000000 307.00000000
830.00000000 597.00000000 1.00000000 300.00000000
706.00000000 542.00000000 1.00000000 299.00000000
706.00000000 546.00000000 2.00000000 299.00000000
221.00000000 565.00000000 0.00000000 297.00000000
1017.00000000 58.00000000 1.00000000 296.00000000
1018.00000000 58.00000000 0.00000000 295.00000000
1135.00000000 191.00000000 1.00000000 293.00000000
598.00000000 320.00000000 1.00000000 291.00000000
1076.00000000 147.00000000 1.00000000 287.00000000
479.00000000 489.00000000 1.00000000 286.00000000
1016.00000000 57.00000000 1.00000000 284.00000000
800.00000000 574.00000000 2.00000000 280.00000000
357.00000000 367.00000000 0.00000000 278.00000000
478.00000000 488.00000000 0.00000000 277.00000000
1112.00000000 105.00000000 1.00000000 274.00000000
1016.00000000 58.00000000 2.00000000 273.00000000
381.00000000 251.00000000 1.00000000 272.00000000
1106.00000000 94.00000000 1.00000000 269.00000000
898.00000000 82.00000000 0.00000000 268.00000000
707.00000000 548.00000000 2.00000000 267.00000000
383.00000000 251.00000000 1.00000000 266.00000000
1081.00000000 186.00000000 1.00000000 265.00000000
1135.00000000 190.00000000 1.00000000 264.00000000
1141.00000000 255.00000000 1.00000000 264.00000000
551.00000000 353.00000000 1.00000000 263.00000000
1076.00000000 148.00000000 2.00000000 261.00000000
800.00000000 576.00000000 4.00000000 260.00000000
39.00000000 534.00000000 1.00000000 259.00000000
802.00000000 572.00000000 2.00000000 256.00000000
898.00000000 82.00000000 1.00000000 255.00000000
821.00000000 733.00000000 1.00000000 255.00000000
383.00000000 251.00000000 0.00000000 253.00000000
706.00000000 540.00000000 0.00000000 250.00000000
598.00000000 321.00000000 1.00000000 250.00000000
801.00000000 568.00000000 1.00000000 246.00000000
1105.00000000 94.00000000 0.00000000 246.00000000
40.00000000 533.00000000 1.00000000 245.00000000
40.00000000 536.00000000 2.00000000 245.00000000
478.00000000 489.00000000 1.00000000 244.00000000
103.00000000 735.00000000 1.00000000 243.00000000
1140.00000000 256.00000000 2.00000000 238.00000000
477.00000000 560.00000000 0.00000000 238.00000000
404.00000000 766.00000000 1.00000000 237.00000000
103.00000000 733.00000000 0.00000000 235.00000000
797.00000000 582.00000000 5.00000000 235.00000000
12.00000000 499.00000000 0.00000000 233.00000000
1134.00000000 190.00000000 2.00000000 233.00000000
477.00000000 560.00000000 1.00000000 232.00000000
802.00000000 566.00000000 1.00000000 232.00000000
170.00000000 676.00000000 0.00000000 228.00000000
550.00000000 354.00000000 2.00000000 227.00000000
170.00000000 676.00000000 1.00000000 227.00000000
1015.00000000 56.00000000 2.00000000 225.00000000
796.00000000 274.00000000 0.00000000 224.00000000
475.00000000 543.00000000 0.00000000 222.00000000
1134.00000000 190.00000000 0.00000000 221.00000000
1145.00000000 427.00000000 2.00000000 221.00000000
403.00000000 766.00000000 1.00000000 220.00000000
103.00000000 735.00000000 1.00000000 218.00000000
1155.00000000 534.00000000 1.00000000 216.00000000
431.00000000 765.00000000 1.00000000 213.00000000
1155.00000000 533.00000000 0.00000000 213.00000000
704.00000000 552.00000000 4.00000000 213.00000000
1086.00000000 203.00000000 0.00000000 212.00000000
801.00000000 565.00000000 0.00000000 212.00000000
439.00000000 469.00000000 0.00000000 212.00000000
1108.00000000 116.00000000 0.00000000 211.00000000
452.00000000 479.00000000 1.00000000 211.00000000
475.00000000 353.00000000 1.00000000 210.00000000
1282.00000000 659.00000000 1.00000000 209.00000000
540.00000000 750.00000000 0.00000000 208.00000000
796.00000000 275.00000000 1.00000000 207.00000000
551.00000000 351.00000000 1.00000000 207.00000000
271.00000000 275.00000000 1.00000000 206.00000000
61.00000000 820.00000000 0.00000000 205.00000000
475.00000000 544.00000000 1.00000000 205.00000000
1145.00000000 386.00000000 1.00000000 205.00000000
130.00000000 817.00000000 1.00000000 204.00000000
475.00000000 354.00000000 1.00000000 202.00000000
568.00000000 336.00000000 0.00000000 202.00000000
132.00000000 702.00000000 0.00000000 201.00000000
41.00000000 532.00000000 0.00000000 201.00000000
452.00000000 479.00000000 0.00000000 197.00000000
1220.00000000 428.00000000 0.00000000 195.00000000
272.00000000 275.00000000 0.00000000 194.00000000
820.00000000 571.00000000 0.00000000 194.00000000
1149.00000000 452.00000000 0.00000000 194.00000000
1146.00000000 431.00000000 0.00000000 192.00000000
985.00000000 18.00000000 0.00000000 191.00000000
434.00000000 765.00000000 0.00000000 189.00000000
598.00000000 319.00000000 0.00000000 188.00000000
910.00000000 671.00000000 0.00000000 187.00000000
415.00000000 322.00000000 0.00000000 187.00000000
645.00000000 797.00000000 0.00000000 184.00000000
240.00000000 698.00000000 0.00000000 183.00000000
478.00000000 622.00000000 0.00000000 182.00000000
1281.00000000 659.00000000 0.00000000 182.00000000
131.00000000 816.00000000 0.00000000 181.00000000
1079.00000000 178.00000000 0.00000000 180.00000000
1038.00000000 166.00000000 0.00000000 174.00000000
700.00000000 791.00000000 0.00000000 174.00000000
160.00000000 664.00000000 0.00000000 174.00000000
1158.00000000 555.00000000 0.00000000 174.00000000
1204.00000000 782.00000000 0.00000000 172.00000000
1145.00000000 386.00000000 0.00000000 172.00000000
577.00000000 318.00000000 0.00000000 171.00000000
1185.00000000 453.00000000 0.00000000 166.00000000
404.00000000 765.00000000 0.00000000 162.00000000
475.00000000 352.00000000 0.00000000 161.00000000
19.00000000 509.00000000 0.00000000 161.00000000
1148.00000000 360.00000000 0.00000000 161.00000000
679.00000000 732.00000000 0.00000000 155.00000000
137.00000000 817.00000000 0.00000000 153.00000000
71.00000000 746.00000000 0.00000000 152.00000000
