965.00000000 171.00000000 1.00000000 447.00000000
964.00000000 171.00000000 1.00000000 416.00000000
819.00000000 728.00000000 1.00000000 415.00000000
819.00000000 727.00000000 0.00000000 390.00000000
354.00000000 362.00000000 0.00000000 375.00000000
428.00000000 759.00000000 1.00000000 360.00000000
101.00000000 729.00000000 1.00000000 330.00000000
306.00000000 346.00000000 1.00000000 323.00000000
100.00000000 731.00000000 1.00000000 316.00000000
306.00000000 346.00000000 0.00000000 301.00000000
965.00000000 170.00000000 0.00000000 294.00000000
578.00000000 347.00000000 0.00000000 288.00000000
451.00000000 287.00000000 0.00000000 284.00000000
401.00000000 760.00000000 1.00000000 276.00000000
565.00000000 330.00000000 1.00000000 272.00000000
818.00000000 728.00000000 1.00000000 270.00000000
964.00000000 170.00000000 2.00000000 267.00000000
428.00000000 762.00000000 2.00000000 264.00000000
1410.00000000 584.00000000 2.00000000 264.00000000
1035.00000000 134.00000000 1.00000000 258.00000000
130.00000000 697.00000000 0.00000000 258.00000000
565.00000000 330.00000000 0.00000000 250.00000000
582.00000000 340.00000000 1.00000000 249.00000000
129.00000000 698.00000000 1.00000000 249.00000000
72.00000000 753.00000000 1.00000000 249.00000000
101.00000000 728.00000000 0.00000000 243.00000000
417.00000000 359.00000000 1.00000000 242.00000000
400.00000000 762.00000000 1.00000000 240.00000000
1035.00000000 133.00000000 0.00000000 237.00000000
189.00000000 616.00000000 1.00000000 237.00000000
64.00000000 824.00000000 0.00000000 237.00000000
439.00000000 356.00000000 1.00000000 234.00000000
96.00000000 717.00000000 1.00000000 233.00000000
992.00000000 31.00000000 0.00000000 232.00000000
1034.00000000 160.00000000 1.00000000 231.00000000
429.00000000 758.00000000 1.00000000 231.00000000
564.00000000 329.00000000 1.00000000 228.00000000
439.00000000 357.00000000 0.00000000 228.00000000
73.00000000 753.00000000 1.00000000 227.00000000
417.00000000 359.00000000 0.00000000 225.00000000
402.00000000 759.00000000 0.00000000 223.00000000
951.00000000 405.00000000 1.00000000 222.00000000
461.00000000 499.00000000 0.00000000 221.00000000
450.00000000 288.00000000 1.00000000 221.00000000
583.00000000 341.00000000 1.00000000 219.00000000
461.00000000 500.00000000 1.00000000 218.00000000
84.00000000 717.00000000 1.00000000 216.00000000
576.00000000 794.00000000 1.00000000 214.00000000
907.00000000 666.00000000 0.00000000 212.00000000
1408.00000000 585.00000000 2.00000000 212.00000000
188.00000000 614.00000000 0.00000000 211.00000000
1035.00000000 159.00000000 0.00000000 209.00000000
373.00000000 315.00000000 0.00000000 207.00000000
70.00000000 758.00000000 2.00000000 206.00000000
96.00000000 717.00000000 1.00000000 206.00000000
1290.00000000 468.00000000 2.00000000 205.00000000
1134.00000000 873.00000000 1.00000000 204.00000000
63.00000000 825.00000000 1.00000000 203.00000000
1330.00000000 548.00000000 2.00000000 201.00000000
128.00000000 700.00000000 1.00000000 199.00000000
786.00000000 733.00000000 1.00000000 199.00000000
574.00000000 793.00000000 1.00000000 198.00000000
84.00000000 717.00000000 0.00000000 193.00000000
1411.00000000 582.00000000 1.00000000 193.00000000
573.00000000 355.00000000 0.00000000 193.00000000
952.00000000 406.00000000 1.00000000 193.00000000
907.00000000 667.00000000 1.00000000 193.00000000
369.00000000 335.00000000 0.00000000 191.00000000
96.00000000 717.00000000 0.00000000 191.00000000
458.00000000 758.00000000 1.00000000 190.00000000
373.00000000 316.00000000 1.00000000 187.00000000
39.00000000 757.00000000 1.00000000 186.00000000
127.00000000 812.00000000 1.00000000 186.00000000
1252.00000000 502.00000000 2.00000000 184.00000000
159.00000000 659.00000000 0.00000000 183.00000000
804.00000000 781.00000000 1.00000000 183.00000000
1178.00000000 450.00000000 2.00000000 181.00000000
548.00000000 356.00000000 4.00000000 181.00000000
970.00000000 188.00000000 0.00000000 180.00000000
69.00000000 740.00000000 0.00000000 178.00000000
444.00000000 483.00000000 2.00000000 178.00000000
944.00000000 379.00000000 0.00000000 178.00000000
950.00000000 574.00000000 1.00000000 176.00000000
548.00000000 356.00000000 5.00000000 174.00000000
355.00000000 363.00000000 1.00000000 174.00000000
709.00000000 673.00000000 2.00000000 168.00000000
549.00000000 343.00000000 1.00000000 166.00000000
68.00000000 740.00000000 1.00000000 165.00000000
14.00000000 744.00000000 0.00000000 162.00000000
201.00000000 572.00000000 1.00000000 162.00000000
584.00000000 341.00000000 0.00000000 162.00000000
1172.00000000 667.00000000 0.00000000 153.00000000
569.00000000 347.00000000 0.00000000 151.00000000
1413.00000000 590.00000000 0.00000000 150.00000000
1362.00000000 758.00000000 0.00000000 149.00000000
576.00000000 794.00000000 0.00000000 148.00000000
757.00000000 731.00000000 0.00000000 144.00000000
791.00000000 601.00000000 0.00000000 144.00000000
201.00000000 571.00000000 0.00000000 144.00000000
272.00000000 272.00000000 0.00000000 143.00000000
218.00000000 769.00000000 0.00000000 142.00000000
1180.00000000 457.00000000 0.00000000 142.00000000
181.00000000 719.00000000 0.00000000 142.00000000
73.00000000 752.00000000 0.00000000 141.00000000
674.00000000 797.00000000 0.00000000 139.00000000
29.00000000 838.00000000 0.00000000 138.00000000
272.00000000 362.00000000 0.00000000 135.00000000
1380.00000000 757.00000000 0.00000000 135.00000000
443.00000000 508.00000000 0.00000000 134.00000000
77.00000000 775.00000000 0.00000000 133.00000000
1289.00000000 469.00000000 2.00000000 133.00000000
111.00000000 694.00000000 0.00000000 132.00000000
132.00000000 821.00000000 0.00000000 131.00000000
1245.00000000 774.00000000 0.00000000 130.00000000
951.00000000 581.00000000 0.00000000 129.00000000
364.00000000 364.00000000 0.00000000 129.00000000
861.00000000 870.00000000 0.00000000 128.00000000
251.00000000 467.00000000 0.00000000 128.00000000
1037.00000000 388.00000000 0.00000000 128.00000000
1332.00000000 553.00000000 0.00000000 128.00000000
85.00000000 945.00000000 0.00000000 128.00000000
487.00000000 654.00000000 0.00000000 127.00000000
314.00000000 509.00000000 0.00000000 127.00000000
1095.00000000 628.00000000 0.00000000 126.00000000
953.00000000 479.00000000 0.00000000 125.00000000
772.00000000 858.00000000 0.00000000 125.00000000
444.00000000 484.00000000 4.00000000 112.00000000
