820.00000000 729.00000000 0.00000000 603.00000000
356.00000000 367.00000000 0.00000000 592.00000000
820.00000000 730.00000000 1.00000000 580.00000000
307.00000000 350.00000000 0.00000000 480.00000000
307.00000000 351.00000000 1.00000000 473.00000000
965.00000000 174.00000000 1.00000000 471.00000000
67.00000000 828.00000000 0.00000000 469.00000000
548.00000000 352.00000000 2.00000000 468.00000000
964.00000000 173.00000000 1.00000000 460.00000000
548.00000000 353.00000000 2.00000000 455.00000000
548.00000000 350.00000000 1.00000000 455.00000000
820.00000000 731.00000000 1.00000000 448.00000000
1095.00000000 631.00000000 0.00000000 447.00000000
907.00000000 669.00000000 0.00000000 442.00000000
462.00000000 504.00000000 0.00000000 440.00000000
104.00000000 734.00000000 1.00000000 429.00000000
787.00000000 733.00000000 1.00000000 421.00000000
274.00000000 367.00000000 0.00000000 413.00000000
462.00000000 504.00000000 1.00000000 406.00000000
67.00000000 830.00000000 1.00000000 403.00000000
579.00000000 352.00000000 0.00000000 395.00000000
99.00000000 721.00000000 1.00000000 385.00000000
566.00000000 335.00000000 1.00000000 382.00000000
566.00000000 335.00000000 0.00000000 380.00000000
549.00000000 349.00000000 1.00000000 376.00000000
951.00000000 410.00000000 1.00000000 366.00000000
71.00000000 744.00000000 1.00000000 366.00000000
676.00000000 800.00000000 0.00000000 364.00000000
548.00000000 360.00000000 4.00000000 364.00000000
104.00000000 733.00000000 0.00000000 363.00000000
374.00000000 320.00000000 0.00000000 361.00000000
72.00000000 744.00000000 0.00000000 358.00000000
99.00000000 721.00000000 0.00000000 357.00000000
485.00000000 922.00000000 0.00000000 354.00000000
42.00000000 761.00000000 1.00000000 352.00000000
965.00000000 173.00000000 0.00000000 350.00000000
908.00000000 670.00000000 1.00000000 347.00000000
485.00000000 922.00000000 1.00000000 346.00000000
1095.00000000 631.00000000 1.00000000 341.00000000
191.00000000 620.00000000 1.00000000 340.00000000
103.00000000 735.00000000 1.00000000 338.00000000
757.00000000 734.00000000 1.00000000 334.00000000
1035.00000000 138.00000000 1.00000000 333.00000000
356.00000000 368.00000000 1.00000000 329.00000000
87.00000000 721.00000000 1.00000000 328.00000000
452.00000000 292.00000000 0.00000000 328.00000000
429.00000000 762.00000000 1.00000000 325.00000000
440.00000000 361.00000000 1.00000000 324.00000000
788.00000000 732.00000000 1.00000000 320.00000000
1172.00000000 669.00000000 0.00000000 318.00000000
41.00000000 760.00000000 0.00000000 316.00000000
952.00000000 410.00000000 1.00000000 313.00000000
97.00000000 722.00000000 1.00000000 312.00000000
1034.00000000 137.00000000 0.00000000 312.00000000
944.00000000 382.00000000 0.00000000 307.00000000
440.00000000 361.00000000 0.00000000 306.00000000
1201.00000000 795.00000000 1.00000000 306.00000000
419.00000000 364.00000000 0.00000000 304.00000000
792.00000000 683.00000000 0.00000000 300.00000000
929.00000000 414.00000000 1.00000000 299.00000000
773.00000000 847.00000000 0.00000000 298.00000000
163.00000000 815.00000000 0.00000000 297.00000000
374.00000000 321.00000000 1.00000000 296.00000000
16.00000000 748.00000000 0.00000000 296.00000000
218.00000000 718.00000000 1.00000000 293.00000000
419.00000000 364.00000000 1.00000000 292.00000000
87.00000000 721.00000000 0.00000000 289.00000000
234.00000000 699.00000000 0.00000000 286.00000000
365.00000000 368.00000000 0.00000000 283.00000000
485.00000000 923.00000000 1.00000000 279.00000000
404.00000000 763.00000000 1.00000000 278.00000000
786.00000000 736.00000000 2.00000000 276.00000000
951.00000000 584.00000000 1.00000000 276.00000000
575.00000000 796.00000000 1.00000000 275.00000000
941.00000000 373.00000000 0.00000000 273.00000000
964.00000000 174.00000000 2.00000000 272.00000000
1202.00000000 794.00000000 0.00000000 272.00000000
969.00000000 191.00000000 0.00000000 270.00000000
565.00000000 335.00000000 1.00000000 268.00000000
191.00000000 619.00000000 0.00000000 266.00000000
218.00000000 717.00000000 0.00000000 265.00000000
579.00000000 352.00000000 1.00000000 264.00000000
758.00000000 733.00000000 0.00000000 263.00000000
951.00000000 584.00000000 0.00000000 262.00000000
444.00000000 511.00000000 0.00000000 261.00000000
886.00000000 669.00000000 1.00000000 259.00000000
157.00000000 910.00000000 1.00000000 259.00000000
1033.00000000 163.00000000 1.00000000 259.00000000
704.00000000 544.00000000 2.00000000 259.00000000
161.00000000 679.00000000 0.00000000 259.00000000
1200.00000000 796.00000000 1.00000000 258.00000000
886.00000000 668.00000000 0.00000000 258.00000000
316.00000000 514.00000000 0.00000000 257.00000000
66.00000000 831.00000000 1.00000000 256.00000000
704.00000000 545.00000000 2.00000000 256.00000000
379.00000000 254.00000000 5.00000000 256.00000000
1010.00000000 673.00000000 0.00000000 255.00000000
371.00000000 340.00000000 0.00000000 253.00000000
704.00000000 541.00000000 1.00000000 250.00000000
878.00000000 942.00000000 0.00000000 250.00000000
756.00000000 735.00000000 1.00000000 249.00000000
1363.00000000 759.00000000 0.00000000 247.00000000
805.00000000 946.00000000 0.00000000 247.00000000
549.00000000 349.00000000 0.00000000 247.00000000
952.00000000 582.00000000 2.00000000 246.00000000
136.00000000 824.00000000 0.00000000 245.00000000
1033.00000000 163.00000000 0.00000000 244.00000000
992.00000000 36.00000000 0.00000000 241.00000000
430.00000000 764.00000000 2.00000000 236.00000000
376.00000000 252.00000000 4.00000000 230.00000000
1180.00000000 661.00000000 0.00000000 226.00000000
23.00000000 765.00000000 0.00000000 224.00000000
928.00000000 414.00000000 2.00000000 223.00000000
309.00000000 530.00000000 0.00000000 222.00000000
806.00000000 783.00000000 0.00000000 220.00000000
222.00000000 565.00000000 0.00000000 220.00000000
867.00000000 896.00000000 0.00000000 217.00000000
1290.00000000 470.00000000 2.00000000 214.00000000
990.00000000 683.00000000 0.00000000 214.00000000
1230.00000000 829.00000000 0.00000000 211.00000000
132.00000000 702.00000000 0.00000000 211.00000000
1108.00000000 803.00000000 0.00000000 211.00000000
444.00000000 486.00000000 2.00000000 209.00000000
412.00000000 321.00000000 0.00000000 208.00000000
77.00000000 757.00000000 0.00000000 206.00000000
1151.00000000 799.00000000 0.00000000 206.00000000
1066.00000000 837.00000000 2.00000000 206.00000000
