1093.00000000 630.00000000 0.00000000 560.00000000
1150.00000000 810.00000000 1.00000000 484.00000000
1103.00000000 828.00000000 2.00000000 484.00000000
545.00000000 347.00000000 1.00000000 469.00000000
1200.00000000 804.00000000 1.00000000 468.00000000
546.00000000 347.00000000 1.00000000 455.00000000
1298.00000000 796.00000000 1.00000000 454.00000000
1106.00000000 629.00000000 0.00000000 451.00000000
1327.00000000 824.00000000 1.00000000 437.00000000
271.00000000 364.00000000 0.00000000 432.00000000
803.00000000 962.00000000 1.00000000 432.00000000
1327.00000000 824.00000000 1.00000000 430.00000000
545.00000000 350.00000000 2.00000000 417.00000000
37.00000000 758.00000000 0.00000000 416.00000000
546.00000000 350.00000000 2.00000000 416.00000000
83.00000000 719.00000000 1.00000000 411.00000000
67.00000000 742.00000000 1.00000000 409.00000000
1299.00000000 793.00000000 1.00000000 408.00000000
158.00000000 732.00000000 1.00000000 403.00000000
100.00000000 732.00000000 1.00000000 394.00000000
1326.00000000 826.00000000 2.00000000 393.00000000
1200.00000000 803.00000000 0.00000000 389.00000000
95.00000000 719.00000000 1.00000000 389.00000000
807.00000000 704.00000000 0.00000000 388.00000000
67.00000000 741.00000000 0.00000000 387.00000000
1150.00000000 809.00000000 0.00000000 386.00000000
927.00000000 411.00000000 1.00000000 380.00000000
927.00000000 412.00000000 1.00000000 380.00000000
391.00000000 766.00000000 1.00000000 377.00000000
82.00000000 719.00000000 0.00000000 375.00000000
968.00000000 189.00000000 0.00000000 375.00000000
807.00000000 704.00000000 1.00000000 372.00000000
1093.00000000 630.00000000 1.00000000 372.00000000
1200.00000000 806.00000000 1.00000000 369.00000000
1066.00000000 837.00000000 2.00000000 367.00000000
1104.00000000 826.00000000 2.00000000 366.00000000
803.00000000 960.00000000 0.00000000 366.00000000
1296.00000000 800.00000000 2.00000000 365.00000000
544.00000000 352.00000000 4.00000000 364.00000000
1192.00000000 834.00000000 1.00000000 359.00000000
965.00000000 456.00000000 0.00000000 359.00000000
1366.00000000 884.00000000 1.00000000 357.00000000
908.00000000 204.00000000 0.00000000 356.00000000
951.00000000 408.00000000 1.00000000 351.00000000
784.00000000 731.00000000 0.00000000 349.00000000
159.00000000 813.00000000 0.00000000 349.00000000
1104.00000000 836.00000000 4.00000000 348.00000000
443.00000000 644.00000000 0.00000000 347.00000000
425.00000000 804.00000000 0.00000000 344.00000000
546.00000000 346.00000000 0.00000000 342.00000000
951.00000000 408.00000000 1.00000000 341.00000000
1338.00000000 789.00000000 1.00000000 341.00000000
1107.00000000 629.00000000 1.00000000 335.00000000
156.00000000 732.00000000 1.00000000 334.00000000
1452.00000000 780.00000000 0.00000000 328.00000000
100.00000000 731.00000000 0.00000000 327.00000000
426.00000000 805.00000000 1.00000000 326.00000000
392.00000000 768.00000000 2.00000000 326.00000000
785.00000000 731.00000000 1.00000000 326.00000000
154.00000000 655.00000000 0.00000000 324.00000000
1191.00000000 834.00000000 1.00000000 319.00000000
354.00000000 366.00000000 0.00000000 318.00000000
1226.00000000 834.00000000 2.00000000 315.00000000
308.00000000 414.00000000 1.00000000 314.00000000
394.00000000 302.00000000 0.00000000 313.00000000
1299.00000000 792.00000000 0.00000000 311.00000000
95.00000000 718.00000000 0.00000000 311.00000000
964.00000000 366.00000000 0.00000000 310.00000000
1366.00000000 884.00000000 0.00000000 309.00000000
140.00000000 659.00000000 0.00000000 308.00000000
1327.00000000 823.00000000 0.00000000 306.00000000
306.00000000 527.00000000 0.00000000 305.00000000
1228.00000000 652.00000000 0.00000000 304.00000000
1227.00000000 832.00000000 1.00000000 304.00000000
877.00000000 267.00000000 0.00000000 303.00000000
1104.00000000 824.00000000 1.00000000 302.00000000
72.00000000 755.00000000 1.00000000 300.00000000
214.00000000 716.00000000 1.00000000 300.00000000
1068.00000000 802.00000000 2.00000000 300.00000000
908.00000000 204.00000000 1.00000000 299.00000000
1364.00000000 822.00000000 2.00000000 298.00000000
391.00000000 765.00000000 1.00000000 297.00000000
939.00000000 371.00000000 0.00000000 294.00000000
159.00000000 813.00000000 1.00000000 293.00000000
1172.00000000 835.00000000 1.00000000 292.00000000
966.00000000 457.00000000 1.00000000 289.00000000
537.00000000 662.00000000 0.00000000 289.00000000
1452.00000000 781.00000000 1.00000000 289.00000000
1338.00000000 788.00000000 0.00000000 287.00000000
37.00000000 758.00000000 1.00000000 286.00000000
94.00000000 719.00000000 1.00000000 284.00000000
1337.00000000 789.00000000 1.00000000 283.00000000
1151.00000000 810.00000000 1.00000000 282.00000000
1224.00000000 834.00000000 2.00000000 281.00000000
454.00000000 803.00000000 0.00000000 281.00000000
1229.00000000 653.00000000 1.00000000 280.00000000
157.00000000 677.00000000 1.00000000 278.00000000
877.00000000 268.00000000 1.00000000 278.00000000
158.00000000 731.00000000 0.00000000 278.00000000
1183.00000000 861.00000000 0.00000000 271.00000000
951.00000000 407.00000000 0.00000000 263.00000000
299.00000000 412.00000000 5.00000000 261.00000000
927.00000000 411.00000000 0.00000000 257.00000000
278.00000000 532.00000000 0.00000000 256.00000000
362.00000000 366.00000000 0.00000000 254.00000000
1068.00000000 794.00000000 0.00000000 251.00000000
1105.00000000 622.00000000 0.00000000 247.00000000
967.00000000 376.00000000 0.00000000 245.00000000
158.00000000 675.00000000 0.00000000 241.00000000
159.00000000 751.00000000 0.00000000 240.00000000
1030.00000000 207.00000000 0.00000000 238.00000000
63.00000000 724.00000000 0.00000000 238.00000000
72.00000000 755.00000000 0.00000000 237.00000000
1187.00000000 851.00000000 0.00000000 237.00000000
883.00000000 900.00000000 0.00000000 235.00000000
114.00000000 685.00000000 0.00000000 235.00000000
189.00000000 727.00000000 0.00000000 234.00000000
38.00000000 741.00000000 0.00000000 234.00000000
1069.00000000 893.00000000 0.00000000 232.00000000
877.00000000 954.00000000 0.00000000 231.00000000
424.00000000 697.00000000 0.00000000 224.00000000
893.00000000 77.00000000 0.00000000 221.00000000
818.00000000 729.00000000 0.00000000 219.00000000
28.00000000 753.00000000 0.00000000 219.00000000
1062.00000000 613.00000000 0.00000000 218.00000000
796.00000000 574.00000000 0.00000000 217.00000000
345.00000000 323.00000000 0.00000000 217.00000000
