136.00000000 340.00000000 1.00000000 568.00000000
138.00000000 359.00000000 2.00000000 537.00000000
136.00000000 339.00000000 0.00000000 484.00000000
138.00000000 360.00000000 2.00000000 455.00000000
273.00000000 358.00000000 1.00000000 348.00000000
135.00000000 340.00000000 1.00000000 337.00000000
140.00000000 360.00000000 4.00000000 336.00000000
272.00000000 359.00000000 1.00000000 335.00000000
460.00000000 408.00000000 4.00000000 315.00000000
275.00000000 377.00000000 1.00000000 279.00000000
138.00000000 360.00000000 1.00000000 273.00000000
460.00000000 398.00000000 2.00000000 269.00000000
754.00000000 262.00000000 1.00000000 257.00000000
461.00000000 401.00000000 2.00000000 249.00000000
753.00000000 280.00000000 0.00000000 239.00000000
272.00000000 358.00000000 0.00000000 236.00000000
697.00000000 275.00000000 0.00000000 212.00000000
753.00000000 264.00000000 1.00000000 206.00000000
753.00000000 280.00000000 1.00000000 206.00000000
145.00000000 359.00000000 0.00000000 204.00000000
275.00000000 377.00000000 1.00000000 203.00000000
500.00000000 311.00000000 2.00000000 202.00000000
650.00000000 458.00000000 1.00000000 201.00000000
652.00000000 458.00000000 2.00000000 197.00000000
724.00000000 351.00000000 0.00000000 195.00000000
459.00000000 395.00000000 1.00000000 193.00000000
651.00000000 459.00000000 1.00000000 191.00000000
600.00000000 432.00000000 2.00000000 186.00000000
460.00000000 398.00000000 0.00000000 186.00000000
697.00000000 275.00000000 1.00000000 183.00000000
725.00000000 351.00000000 1.00000000 183.00000000
275.00000000 377.00000000 0.00000000 181.00000000
502.00000000 310.00000000 2.00000000 177.00000000
601.00000000 431.00000000 1.00000000 176.00000000
463.00000000 412.00000000 5.00000000 175.00000000
274.00000000 360.00000000 2.00000000 174.00000000
731.00000000 255.00000000 0.00000000 170.00000000
651.00000000 458.00000000 0.00000000 170.00000000
647.00000000 446.00000000 2.00000000 168.00000000
460.00000000 399.00000000 1.00000000 168.00000000
217.00000000 421.00000000 1.00000000 166.00000000
761.00000000 316.00000000 0.00000000 165.00000000
567.00000000 225.00000000 1.00000000 162.00000000
601.00000000 432.00000000 1.00000000 161.00000000
352.00000000 364.00000000 0.00000000 155.00000000
257.00000000 340.00000000 1.00000000 152.00000000
259.00000000 340.00000000 1.00000000 152.00000000
242.00000000 417.00000000 0.00000000 151.00000000
276.00000000 331.00000000 0.00000000 147.00000000
742.00000000 248.00000000 1.00000000 147.00000000
706.00000000 399.00000000 0.00000000 146.00000000
218.00000000 419.00000000 1.00000000 146.00000000
743.00000000 251.00000000 0.00000000 145.00000000
500.00000000 312.00000000 1.00000000 144.00000000
582.00000000 226.00000000 1.00000000 144.00000000
270.00000000 396.00000000 2.00000000 142.00000000
734.00000000 478.00000000 1.00000000 142.00000000
721.00000000 76.00000000 1.00000000 138.00000000
755.00000000 260.00000000 0.00000000 137.00000000
584.00000000 226.00000000 2.00000000 135.00000000
145.00000000 359.00000000 1.00000000 134.00000000
702.00000000 448.00000000 0.00000000 133.00000000
276.00000000 332.00000000 1.00000000 133.00000000
761.00000000 317.00000000 1.00000000 130.00000000
706.00000000 399.00000000 1.00000000 130.00000000
722.00000000 77.00000000 1.00000000 128.00000000
675.00000000 357.00000000 0.00000000 128.00000000
287.00000000 350.00000000 0.00000000 125.00000000
728.00000000 475.00000000 0.00000000 125.00000000
702.00000000 449.00000000 1.00000000 124.00000000
385.00000000 392.00000000 0.00000000 121.00000000
502.00000000 312.00000000 1.00000000 119.00000000
724.00000000 350.00000000 1.00000000 118.00000000
722.00000000 296.00000000 1.00000000 117.00000000
492.00000000 400.00000000 0.00000000 117.00000000
607.00000000 399.00000000 0.00000000 116.00000000
272.00000000 338.00000000 0.00000000 116.00000000
569.00000000 224.00000000 0.00000000 115.00000000
218.00000000 419.00000000 0.00000000 111.00000000
744.00000000 251.00000000 1.00000000 108.00000000
601.00000000 432.00000000 0.00000000 108.00000000
241.00000000 368.00000000 1.00000000 106.00000000
283.00000000 327.00000000 0.00000000 104.00000000
723.00000000 291.00000000 0.00000000 104.00000000
583.00000000 226.00000000 1.00000000 101.00000000
388.00000000 410.00000000 0.00000000 101.00000000
695.00000000 492.00000000 0.00000000 100.00000000
723.00000000 293.00000000 1.00000000 100.00000000
381.00000000 410.00000000 0.00000000 98.00000000
680.00000000 419.00000000 1.00000000 98.00000000
734.00000000 93.00000000 1.00000000 97.00000000
707.00000000 294.00000000 0.00000000 97.00000000
392.00000000 168.00000000 0.00000000 96.00000000
287.00000000 351.00000000 1.00000000 96.00000000
729.00000000 239.00000000 0.00000000 95.00000000
722.00000000 318.00000000 0.00000000 94.00000000
502.00000000 312.00000000 0.00000000 92.00000000
577.00000000 321.00000000 0.00000000 92.00000000
702.00000000 333.00000000 0.00000000 91.00000000
382.00000000 411.00000000 1.00000000 91.00000000
260.00000000 339.00000000 0.00000000 90.00000000
240.00000000 369.00000000 0.00000000 89.00000000
701.00000000 257.00000000 0.00000000 89.00000000
552.00000000 234.00000000 0.00000000 88.00000000
109.00000000 456.00000000 0.00000000 87.00000000
705.00000000 347.00000000 0.00000000 85.00000000
731.00000000 255.00000000 1.00000000 85.00000000
552.00000000 234.00000000 1.00000000 84.00000000
256.00000000 380.00000000 0.00000000 84.00000000
696.00000000 325.00000000 1.00000000 84.00000000
362.00000000 412.00000000 0.00000000 84.00000000
696.00000000 325.00000000 0.00000000 83.00000000
310.00000000 386.00000000 0.00000000 83.00000000
296.00000000 388.00000000 0.00000000 82.00000000
722.00000000 77.00000000 0.00000000 79.00000000
95.00000000 432.00000000 0.00000000 78.00000000
360.00000000 405.00000000 0.00000000 77.00000000
738.00000000 152.00000000 0.00000000 73.00000000
702.00000000 282.00000000 0.00000000 72.00000000
684.00000000 325.00000000 0.00000000 72.00000000
736.00000000 239.00000000 0.00000000 70.00000000
680.00000000 407.00000000 0.00000000 69.00000000
696.00000000 480.00000000 0.00000000 69.00000000
777.00000000 163.00000000 0.00000000 69.00000000
389.00000000 420.00000000 0.00000000 69.00000000
738.00000000 417.00000000 0.00000000 69.00000000
713.00000000 60.00000000 0.00000000 68.00000000
