138.00000000 359.00000000 2.00000000 453.00000000
136.00000000 340.00000000 1.00000000 426.00000000
136.00000000 339.00000000 0.00000000 370.00000000
138.00000000 360.00000000 2.00000000 332.00000000
140.00000000 360.00000000 4.00000000 324.00000000
649.00000000 452.00000000 0.00000000 322.00000000
761.00000000 316.00000000 0.00000000 307.00000000
650.00000000 454.00000000 2.00000000 290.00000000
145.00000000 359.00000000 0.00000000 285.00000000
754.00000000 263.00000000 1.00000000 284.00000000
753.00000000 264.00000000 1.00000000 271.00000000
649.00000000 453.00000000 1.00000000 271.00000000
648.00000000 461.00000000 0.00000000 265.00000000
647.00000000 452.00000000 2.00000000 263.00000000
649.00000000 453.00000000 1.00000000 260.00000000
724.00000000 352.00000000 0.00000000 256.00000000
761.00000000 317.00000000 1.00000000 253.00000000
135.00000000 340.00000000 1.00000000 233.00000000
275.00000000 377.00000000 1.00000000 230.00000000
725.00000000 351.00000000 1.00000000 226.00000000
274.00000000 359.00000000 1.00000000 217.00000000
460.00000000 396.00000000 2.00000000 210.00000000
460.00000000 398.00000000 0.00000000 201.00000000
461.00000000 401.00000000 2.00000000 198.00000000
273.00000000 358.00000000 0.00000000 197.00000000
145.00000000 359.00000000 1.00000000 195.00000000
759.00000000 318.00000000 1.00000000 193.00000000
275.00000000 377.00000000 1.00000000 189.00000000
675.00000000 356.00000000 0.00000000 188.00000000
460.00000000 408.00000000 4.00000000 186.00000000
117.00000000 455.00000000 0.00000000 185.00000000
242.00000000 417.00000000 0.00000000 183.00000000
731.00000000 255.00000000 1.00000000 177.00000000
352.00000000 364.00000000 0.00000000 175.00000000
459.00000000 395.00000000 1.00000000 173.00000000
174.00000000 455.00000000 1.00000000 169.00000000
274.00000000 359.00000000 1.00000000 166.00000000
460.00000000 401.00000000 1.00000000 162.00000000
756.00000000 259.00000000 0.00000000 154.00000000
140.00000000 360.00000000 1.00000000 154.00000000
276.00000000 331.00000000 0.00000000 151.00000000
275.00000000 377.00000000 0.00000000 149.00000000
109.00000000 455.00000000 1.00000000 148.00000000
731.00000000 255.00000000 0.00000000 146.00000000
734.00000000 478.00000000 1.00000000 145.00000000
217.00000000 421.00000000 1.00000000 142.00000000
109.00000000 455.00000000 0.00000000 141.00000000
256.00000000 344.00000000 2.00000000 141.00000000
276.00000000 332.00000000 1.00000000 141.00000000
724.00000000 350.00000000 1.00000000 141.00000000
497.00000000 316.00000000 5.00000000 141.00000000
754.00000000 266.00000000 2.00000000 140.00000000
500.00000000 311.00000000 2.00000000 140.00000000
257.00000000 342.00000000 1.00000000 140.00000000
648.00000000 462.00000000 1.00000000 140.00000000
753.00000000 280.00000000 0.00000000 137.00000000
738.00000000 254.00000000 0.00000000 135.00000000
610.00000000 393.00000000 0.00000000 135.00000000
385.00000000 392.00000000 0.00000000 133.00000000
218.00000000 419.00000000 1.00000000 130.00000000
610.00000000 394.00000000 1.00000000 127.00000000
728.00000000 476.00000000 0.00000000 126.00000000
259.00000000 340.00000000 1.00000000 124.00000000
556.00000000 231.00000000 0.00000000 122.00000000
389.00000000 420.00000000 0.00000000 120.00000000
312.00000000 396.00000000 2.00000000 118.00000000
381.00000000 410.00000000 0.00000000 118.00000000
360.00000000 406.00000000 0.00000000 116.00000000
502.00000000 312.00000000 2.00000000 114.00000000
287.00000000 350.00000000 0.00000000 113.00000000
288.00000000 351.00000000 1.00000000 113.00000000
729.00000000 254.00000000 1.00000000 112.00000000
675.00000000 356.00000000 1.00000000 111.00000000
242.00000000 366.00000000 2.00000000 111.00000000
242.00000000 418.00000000 1.00000000 109.00000000
282.00000000 328.00000000 0.00000000 109.00000000
576.00000000 321.00000000 0.00000000 109.00000000
275.00000000 332.00000000 1.00000000 107.00000000
602.00000000 234.00000000 0.00000000 106.00000000
675.00000000 360.00000000 1.00000000 106.00000000
389.00000000 420.00000000 1.00000000 105.00000000
173.00000000 454.00000000 0.00000000 104.00000000
388.00000000 410.00000000 0.00000000 104.00000000
519.00000000 333.00000000 0.00000000 103.00000000
241.00000000 367.00000000 1.00000000 103.00000000
700.00000000 258.00000000 0.00000000 102.00000000
723.00000000 291.00000000 0.00000000 102.00000000
610.00000000 414.00000000 1.00000000 101.00000000
603.00000000 234.00000000 1.00000000 101.00000000
241.00000000 368.00000000 1.00000000 100.00000000
328.00000000 412.00000000 0.00000000 100.00000000
362.00000000 412.00000000 0.00000000 99.00000000
556.00000000 232.00000000 1.00000000 97.00000000
577.00000000 321.00000000 1.00000000 95.00000000
752.00000000 280.00000000 1.00000000 95.00000000
218.00000000 419.00000000 0.00000000 94.00000000
580.00000000 335.00000000 0.00000000 90.00000000
722.00000000 300.00000000 0.00000000 90.00000000
705.00000000 400.00000000 1.00000000 89.00000000
382.00000000 411.00000000 1.00000000 89.00000000
722.00000000 300.00000000 1.00000000 89.00000000
519.00000000 334.00000000 1.00000000 87.00000000
296.00000000 388.00000000 0.00000000 86.00000000
705.00000000 399.00000000 0.00000000 86.00000000
295.00000000 424.00000000 1.00000000 86.00000000
784.00000000 445.00000000 0.00000000 83.00000000
686.00000000 485.00000000 0.00000000 83.00000000
492.00000000 400.00000000 0.00000000 82.00000000
489.00000000 442.00000000 0.00000000 81.00000000
724.00000000 242.00000000 0.00000000 81.00000000
302.00000000 410.00000000 0.00000000 81.00000000
721.00000000 319.00000000 0.00000000 79.00000000
738.00000000 153.00000000 0.00000000 79.00000000
697.00000000 324.00000000 0.00000000 78.00000000
685.00000000 493.00000000 0.00000000 78.00000000
563.00000000 226.00000000 0.00000000 78.00000000
310.00000000 386.00000000 0.00000000 77.00000000
707.00000000 294.00000000 0.00000000 77.00000000
272.00000000 338.00000000 0.00000000 77.00000000
241.00000000 369.00000000 0.00000000 76.00000000
702.00000000 281.00000000 0.00000000 76.00000000
766.00000000 337.00000000 0.00000000 75.00000000
569.00000000 339.00000000 0.00000000 75.00000000
603.00000000 226.00000000 0.00000000 73.00000000
259.00000000 340.00000000 0.00000000 73.00000000
775.00000000 339.00000000 0.00000000 72.00000000
453.00000000 388.00000000 0.00000000 72.00000000
