138.00000000 356.00000000 2.00000000 603.00000000
136.00000000 340.00000000 1.00000000 595.00000000
136.00000000 339.00000000 0.00000000 487.00000000
138.00000000 360.00000000 2.00000000 426.00000000
140.00000000 356.00000000 4.00000000 386.00000000
272.00000000 357.00000000 1.00000000 364.00000000
273.00000000 358.00000000 1.00000000 355.00000000
135.00000000 340.00000000 1.00000000 351.00000000
731.00000000 256.00000000 0.00000000 291.00000000
569.00000000 225.00000000 1.00000000 283.00000000
569.00000000 224.00000000 0.00000000 261.00000000
568.00000000 224.00000000 1.00000000 243.00000000
274.00000000 358.00000000 2.00000000 232.00000000
140.00000000 360.00000000 1.00000000 226.00000000
651.00000000 460.00000000 1.00000000 223.00000000
273.00000000 357.00000000 0.00000000 215.00000000
697.00000000 275.00000000 0.00000000 203.00000000
651.00000000 460.00000000 0.00000000 198.00000000
145.00000000 359.00000000 0.00000000 198.00000000
754.00000000 262.00000000 1.00000000 188.00000000
777.00000000 384.00000000 0.00000000 186.00000000
275.00000000 376.00000000 1.00000000 184.00000000
738.00000000 255.00000000 0.00000000 183.00000000
287.00000000 350.00000000 0.00000000 183.00000000
650.00000000 444.00000000 2.00000000 181.00000000
744.00000000 251.00000000 0.00000000 176.00000000
650.00000000 459.00000000 1.00000000 174.00000000
500.00000000 311.00000000 2.00000000 172.00000000
753.00000000 263.00000000 1.00000000 163.00000000
731.00000000 257.00000000 1.00000000 160.00000000
723.00000000 77.00000000 1.00000000 157.00000000
502.00000000 310.00000000 2.00000000 154.00000000
500.00000000 312.00000000 4.00000000 152.00000000
764.00000000 272.00000000 1.00000000 148.00000000
257.00000000 340.00000000 1.00000000 147.00000000
697.00000000 276.00000000 1.00000000 147.00000000
392.00000000 168.00000000 0.00000000 146.00000000
259.00000000 340.00000000 1.00000000 145.00000000
753.00000000 281.00000000 0.00000000 136.00000000
242.00000000 417.00000000 0.00000000 134.00000000
712.00000000 255.00000000 0.00000000 132.00000000
744.00000000 251.00000000 1.00000000 132.00000000
764.00000000 272.00000000 0.00000000 132.00000000
265.00000000 322.00000000 5.00000000 131.00000000
772.00000000 265.00000000 0.00000000 129.00000000
282.00000000 328.00000000 0.00000000 129.00000000
724.00000000 77.00000000 0.00000000 128.00000000
251.00000000 347.00000000 2.00000000 126.00000000
256.00000000 342.00000000 2.00000000 125.00000000
708.00000000 294.00000000 0.00000000 125.00000000
503.00000000 309.00000000 1.00000000 124.00000000
217.00000000 421.00000000 1.00000000 123.00000000
652.00000000 444.00000000 2.00000000 123.00000000
276.00000000 330.00000000 0.00000000 120.00000000
276.00000000 331.00000000 1.00000000 119.00000000
722.00000000 76.00000000 1.00000000 119.00000000
275.00000000 376.00000000 0.00000000 118.00000000
272.00000000 396.00000000 2.00000000 118.00000000
275.00000000 376.00000000 1.00000000 117.00000000
552.00000000 234.00000000 0.00000000 117.00000000
733.00000000 479.00000000 1.00000000 116.00000000
272.00000000 338.00000000 0.00000000 115.00000000
724.00000000 352.00000000 0.00000000 115.00000000
709.00000000 289.00000000 1.00000000 114.00000000
218.00000000 419.00000000 1.00000000 113.00000000
755.00000000 260.00000000 0.00000000 113.00000000
675.00000000 357.00000000 0.00000000 108.00000000
241.00000000 368.00000000 1.00000000 107.00000000
462.00000000 414.00000000 2.00000000 107.00000000
722.00000000 295.00000000 1.00000000 107.00000000
772.00000000 384.00000000 1.00000000 107.00000000
772.00000000 246.00000000 0.00000000 106.00000000
362.00000000 412.00000000 0.00000000 106.00000000
139.00000000 362.00000000 1.00000000 106.00000000
69.00000000 448.00000000 1.00000000 106.00000000
570.00000000 224.00000000 2.00000000 104.00000000
709.00000000 289.00000000 1.00000000 104.00000000
287.00000000 351.00000000 1.00000000 104.00000000
725.00000000 351.00000000 1.00000000 103.00000000
241.00000000 366.00000000 1.00000000 103.00000000
754.00000000 281.00000000 1.00000000 103.00000000
732.00000000 90.00000000 1.00000000 99.00000000
392.00000000 168.00000000 1.00000000 99.00000000
577.00000000 321.00000000 0.00000000 96.00000000
734.00000000 268.00000000 0.00000000 96.00000000
240.00000000 369.00000000 0.00000000 93.00000000
734.00000000 91.00000000 1.00000000 91.00000000
728.00000000 475.00000000 0.00000000 91.00000000
261.00000000 337.00000000 0.00000000 89.00000000
257.00000000 380.00000000 0.00000000 88.00000000
552.00000000 234.00000000 1.00000000 86.00000000
504.00000000 310.00000000 1.00000000 85.00000000
218.00000000 419.00000000 0.00000000 84.00000000
696.00000000 325.00000000 1.00000000 84.00000000
203.00000000 385.00000000 1.00000000 84.00000000
696.00000000 325.00000000 0.00000000 81.00000000
684.00000000 324.00000000 0.00000000 81.00000000
462.00000000 414.00000000 1.00000000 80.00000000
460.00000000 398.00000000 0.00000000 80.00000000
295.00000000 424.00000000 1.00000000 77.00000000
684.00000000 324.00000000 1.00000000 77.00000000
492.00000000 400.00000000 0.00000000 76.00000000
701.00000000 257.00000000 0.00000000 76.00000000
694.00000000 293.00000000 1.00000000 75.00000000
694.00000000 293.00000000 0.00000000 71.00000000
463.00000000 414.00000000 0.00000000 70.00000000
295.00000000 424.00000000 0.00000000 68.00000000
95.00000000 432.00000000 0.00000000 68.00000000
641.00000000 424.00000000 0.00000000 67.00000000
719.00000000 277.00000000 0.00000000 67.00000000
713.00000000 60.00000000 0.00000000 65.00000000
703.00000000 336.00000000 0.00000000 64.00000000
695.00000000 480.00000000 0.00000000 63.00000000
509.00000000 266.00000000 0.00000000 63.00000000
282.00000000 299.00000000 0.00000000 61.00000000
785.00000000 290.00000000 0.00000000 59.00000000
687.00000000 309.00000000 0.00000000 59.00000000
777.00000000 287.00000000 0.00000000 58.00000000
743.00000000 273.00000000 0.00000000 57.00000000
719.00000000 69.00000000 0.00000000 57.00000000
504.00000000 310.00000000 0.00000000 54.00000000
202.00000000 386.00000000 0.00000000 54.00000000
719.00000000 313.00000000 0.00000000 53.00000000
381.00000000 410.00000000 0.00000000 52.00000000
388.00000000 410.00000000 0.00000000 51.00000000
761.00000000 318.00000000 0.00000000 51.00000000
253.00000000 351.00000000 0.00000000 51.00000000
