141.00000000 359.00000000 2.00000000 494.00000000
136.00000000 340.00000000 1.00000000 479.00000000
136.00000000 339.00000000 0.00000000 424.00000000
144.00000000 357.00000000 1.00000000 408.00000000
142.00000000 358.00000000 2.00000000 407.00000000
140.00000000 360.00000000 4.00000000 405.00000000
144.00000000 355.00000000 1.00000000 282.00000000
135.00000000 340.00000000 1.00000000 255.00000000
275.00000000 377.00000000 1.00000000 237.00000000
460.00000000 408.00000000 4.00000000 233.00000000
273.00000000 359.00000000 1.00000000 221.00000000
272.00000000 359.00000000 1.00000000 215.00000000
752.00000000 265.00000000 1.00000000 213.00000000
754.00000000 263.00000000 1.00000000 205.00000000
242.00000000 417.00000000 0.00000000 195.00000000
275.00000000 377.00000000 1.00000000 194.00000000
460.00000000 396.00000000 2.00000000 193.00000000
145.00000000 359.00000000 0.00000000 193.00000000
730.00000000 238.00000000 0.00000000 188.00000000
461.00000000 398.00000000 2.00000000 171.00000000
724.00000000 351.00000000 1.00000000 170.00000000
460.00000000 398.00000000 0.00000000 162.00000000
275.00000000 377.00000000 0.00000000 158.00000000
116.00000000 455.00000000 0.00000000 156.00000000
650.00000000 456.00000000 1.00000000 155.00000000
761.00000000 316.00000000 0.00000000 155.00000000
459.00000000 395.00000000 1.00000000 149.00000000
724.00000000 351.00000000 0.00000000 149.00000000
500.00000000 311.00000000 2.00000000 148.00000000
109.00000000 455.00000000 1.00000000 144.00000000
650.00000000 458.00000000 2.00000000 141.00000000
273.00000000 358.00000000 0.00000000 140.00000000
352.00000000 364.00000000 0.00000000 139.00000000
271.00000000 395.00000000 2.00000000 138.00000000
217.00000000 421.00000000 1.00000000 134.00000000
697.00000000 274.00000000 0.00000000 134.00000000
463.00000000 407.00000000 5.00000000 131.00000000
109.00000000 455.00000000 0.00000000 131.00000000
276.00000000 331.00000000 0.00000000 131.00000000
270.00000000 396.00000000 2.00000000 130.00000000
752.00000000 268.00000000 2.00000000 130.00000000
259.00000000 340.00000000 1.00000000 130.00000000
460.00000000 399.00000000 1.00000000 129.00000000
649.00000000 452.00000000 0.00000000 129.00000000
360.00000000 406.00000000 0.00000000 127.00000000
257.00000000 342.00000000 1.00000000 126.00000000
651.00000000 457.00000000 1.00000000 126.00000000
312.00000000 398.00000000 2.00000000 126.00000000
276.00000000 332.00000000 1.00000000 126.00000000
362.00000000 412.00000000 0.00000000 125.00000000
500.00000000 314.00000000 2.00000000 125.00000000
600.00000000 235.00000000 0.00000000 122.00000000
218.00000000 419.00000000 1.00000000 120.00000000
385.00000000 392.00000000 0.00000000 116.00000000
761.00000000 317.00000000 1.00000000 116.00000000
174.00000000 455.00000000 1.00000000 114.00000000
589.00000000 231.00000000 1.00000000 111.00000000
242.00000000 418.00000000 1.00000000 110.00000000
675.00000000 356.00000000 0.00000000 109.00000000
753.00000000 279.00000000 0.00000000 109.00000000
590.00000000 232.00000000 2.00000000 108.00000000
388.00000000 410.00000000 0.00000000 107.00000000
700.00000000 446.00000000 0.00000000 106.00000000
381.00000000 410.00000000 0.00000000 106.00000000
730.00000000 239.00000000 1.00000000 105.00000000
328.00000000 412.00000000 0.00000000 105.00000000
724.00000000 350.00000000 1.00000000 103.00000000
697.00000000 275.00000000 1.00000000 102.00000000
728.00000000 475.00000000 0.00000000 102.00000000
701.00000000 294.00000000 0.00000000 102.00000000
519.00000000 334.00000000 0.00000000 101.00000000
492.00000000 400.00000000 0.00000000 101.00000000
499.00000000 313.00000000 1.00000000 99.00000000
731.00000000 255.00000000 0.00000000 97.00000000
680.00000000 419.00000000 1.00000000 95.00000000
275.00000000 332.00000000 1.00000000 95.00000000
756.00000000 259.00000000 0.00000000 93.00000000
296.00000000 387.00000000 0.00000000 92.00000000
329.00000000 413.00000000 1.00000000 91.00000000
675.00000000 360.00000000 1.00000000 90.00000000
218.00000000 419.00000000 0.00000000 90.00000000
382.00000000 411.00000000 1.00000000 89.00000000
312.00000000 398.00000000 1.00000000 89.00000000
389.00000000 420.00000000 0.00000000 88.00000000
107.00000000 455.00000000 1.00000000 85.00000000
302.00000000 410.00000000 0.00000000 85.00000000
389.00000000 420.00000000 1.00000000 85.00000000
519.00000000 334.00000000 1.00000000 84.00000000
753.00000000 279.00000000 1.00000000 83.00000000
312.00000000 399.00000000 1.00000000 82.00000000
296.00000000 388.00000000 1.00000000 82.00000000
728.00000000 477.00000000 1.00000000 79.00000000
247.00000000 360.00000000 1.00000000 79.00000000
95.00000000 470.00000000 1.00000000 79.00000000
259.00000000 340.00000000 0.00000000 78.00000000
310.00000000 386.00000000 0.00000000 78.00000000
680.00000000 418.00000000 0.00000000 77.00000000
500.00000000 315.00000000 1.00000000 76.00000000
697.00000000 435.00000000 0.00000000 76.00000000
295.00000000 424.00000000 1.00000000 75.00000000
723.00000000 291.00000000 0.00000000 75.00000000
254.00000000 431.00000000 1.00000000 74.00000000
173.00000000 454.00000000 0.00000000 74.00000000
702.00000000 281.00000000 0.00000000 73.00000000
95.00000000 470.00000000 0.00000000 72.00000000
704.00000000 347.00000000 0.00000000 72.00000000
577.00000000 243.00000000 1.00000000 72.00000000
565.00000000 225.00000000 0.00000000 71.00000000
706.00000000 398.00000000 0.00000000 71.00000000
697.00000000 347.00000000 0.00000000 70.00000000
248.00000000 359.00000000 0.00000000 70.00000000
369.00000000 400.00000000 0.00000000 69.00000000
96.00000000 432.00000000 0.00000000 69.00000000
139.00000000 362.00000000 0.00000000 68.00000000
467.00000000 381.00000000 0.00000000 67.00000000
684.00000000 458.00000000 0.00000000 67.00000000
699.00000000 260.00000000 0.00000000 65.00000000
748.00000000 294.00000000 0.00000000 65.00000000
372.00000000 369.00000000 0.00000000 65.00000000
283.00000000 327.00000000 0.00000000 65.00000000
531.00000000 301.00000000 0.00000000 64.00000000
412.00000000 373.00000000 0.00000000 64.00000000
253.00000000 430.00000000 0.00000000 64.00000000
272.00000000 338.00000000 0.00000000 64.00000000
743.00000000 429.00000000 0.00000000 62.00000000
775.00000000 339.00000000 0.00000000 62.00000000
389.00000000 193.00000000 0.00000000 62.00000000
