306.00000000 201.00000000 0.00000000 438.00000000
173.00000000 410.00000000 1.00000000 401.00000000
172.00000000 416.00000000 2.00000000 375.00000000
312.00000000 214.00000000 1.00000000 367.00000000
172.00000000 411.00000000 1.00000000 364.00000000
308.00000000 214.00000000 2.00000000 344.00000000
310.00000000 216.00000000 2.00000000 339.00000000
313.00000000 214.00000000 1.00000000 337.00000000
173.00000000 408.00000000 0.00000000 328.00000000
305.00000000 202.00000000 1.00000000 298.00000000
73.00000000 409.00000000 1.00000000 291.00000000
169.00000000 415.00000000 2.00000000 287.00000000
466.00000000 480.00000000 0.00000000 276.00000000
650.00000000 237.00000000 1.00000000 273.00000000
647.00000000 234.00000000 2.00000000 261.00000000
72.00000000 410.00000000 1.00000000 257.00000000
49.00000000 260.00000000 1.00000000 257.00000000
651.00000000 238.00000000 1.00000000 255.00000000
145.00000000 412.00000000 1.00000000 253.00000000
466.00000000 480.00000000 1.00000000 244.00000000
650.00000000 238.00000000 2.00000000 239.00000000
339.00000000 223.00000000 2.00000000 232.00000000
146.00000000 254.00000000 1.00000000 231.00000000
77.00000000 253.00000000 1.00000000 230.00000000
308.00000000 216.00000000 4.00000000 229.00000000
313.00000000 213.00000000 0.00000000 227.00000000
51.00000000 259.00000000 1.00000000 225.00000000
782.00000000 176.00000000 0.00000000 220.00000000
145.00000000 411.00000000 0.00000000 219.00000000
651.00000000 238.00000000 0.00000000 218.00000000
304.00000000 202.00000000 1.00000000 214.00000000
123.00000000 342.00000000 1.00000000 212.00000000
74.00000000 408.00000000 0.00000000 210.00000000
142.00000000 418.00000000 2.00000000 208.00000000
721.00000000 165.00000000 1.00000000 208.00000000
146.00000000 253.00000000 0.00000000 206.00000000
77.00000000 252.00000000 0.00000000 205.00000000
76.00000000 254.00000000 1.00000000 204.00000000
782.00000000 169.00000000 1.00000000 197.00000000
345.00000000 221.00000000 0.00000000 195.00000000
152.00000000 342.00000000 1.00000000 194.00000000
48.00000000 260.00000000 2.00000000 193.00000000
152.00000000 341.00000000 0.00000000 192.00000000
340.00000000 222.00000000 2.00000000 189.00000000
722.00000000 164.00000000 2.00000000 188.00000000
142.00000000 415.00000000 1.00000000 183.00000000
465.00000000 53.00000000 1.00000000 180.00000000
622.00000000 214.00000000 0.00000000 180.00000000
123.00000000 342.00000000 0.00000000 178.00000000
71.00000000 347.00000000 1.00000000 178.00000000
580.00000000 112.00000000 2.00000000 178.00000000
592.00000000 246.00000000 1.00000000 176.00000000
469.00000000 471.00000000 1.00000000 176.00000000
499.00000000 48.00000000 1.00000000 171.00000000
281.00000000 187.00000000 0.00000000 170.00000000
142.00000000 341.00000000 0.00000000 168.00000000
465.00000000 52.00000000 1.00000000 166.00000000
470.00000000 471.00000000 0.00000000 166.00000000
721.00000000 167.00000000 1.00000000 165.00000000
60.00000000 397.00000000 0.00000000 163.00000000
87.00000000 347.00000000 1.00000000 160.00000000
71.00000000 296.00000000 1.00000000 157.00000000
172.00000000 341.00000000 1.00000000 157.00000000
112.00000000 343.00000000 1.00000000 154.00000000
135.00000000 240.00000000 1.00000000 153.00000000
50.00000000 258.00000000 0.00000000 153.00000000
457.00000000 50.00000000 0.00000000 152.00000000
112.00000000 342.00000000 0.00000000 150.00000000
70.00000000 429.00000000 1.00000000 149.00000000
168.00000000 420.00000000 4.00000000 148.00000000
592.00000000 244.00000000 0.00000000 147.00000000
501.00000000 48.00000000 1.00000000 146.00000000
465.00000000 482.00000000 1.00000000 146.00000000
152.00000000 294.00000000 0.00000000 145.00000000
623.00000000 214.00000000 1.00000000 143.00000000
123.00000000 343.00000000 1.00000000 142.00000000
592.00000000 247.00000000 1.00000000 141.00000000
142.00000000 342.00000000 1.00000000 140.00000000
122.00000000 293.00000000 1.00000000 140.00000000
87.00000000 297.00000000 1.00000000 136.00000000
142.00000000 293.00000000 0.00000000 135.00000000
152.00000000 294.00000000 1.00000000 134.00000000
368.00000000 168.00000000 1.00000000 133.00000000
531.00000000 101.00000000 0.00000000 131.00000000
166.00000000 393.00000000 0.00000000 131.00000000
123.00000000 292.00000000 0.00000000 130.00000000
172.00000000 340.00000000 0.00000000 129.00000000
141.00000000 294.00000000 1.00000000 129.00000000
172.00000000 294.00000000 1.00000000 127.00000000
531.00000000 101.00000000 1.00000000 122.00000000
276.00000000 462.00000000 0.00000000 118.00000000
782.00000000 169.00000000 0.00000000 116.00000000
86.00000000 296.00000000 0.00000000 116.00000000
86.00000000 346.00000000 0.00000000 116.00000000
72.00000000 346.00000000 0.00000000 115.00000000
62.00000000 384.00000000 0.00000000 114.00000000
721.00000000 168.00000000 0.00000000 114.00000000
458.00000000 469.00000000 0.00000000 112.00000000
576.00000000 124.00000000 5.00000000 111.00000000
111.00000000 292.00000000 0.00000000 108.00000000
62.00000000 319.00000000 0.00000000 107.00000000
71.00000000 296.00000000 0.00000000 102.00000000
14.00000000 250.00000000 0.00000000 102.00000000
172.00000000 294.00000000 0.00000000 101.00000000
61.00000000 306.00000000 0.00000000 101.00000000
441.00000000 101.00000000 0.00000000 100.00000000
126.00000000 400.00000000 0.00000000 97.00000000
358.00000000 238.00000000 0.00000000 96.00000000
90.00000000 275.00000000 0.00000000 92.00000000
22.00000000 306.00000000 0.00000000 91.00000000
61.00000000 359.00000000 0.00000000 90.00000000
573.00000000 76.00000000 0.00000000 89.00000000
62.00000000 338.00000000 0.00000000 88.00000000
783.00000000 151.00000000 0.00000000 88.00000000
553.00000000 55.00000000 0.00000000 86.00000000
173.00000000 419.00000000 0.00000000 86.00000000
62.00000000 375.00000000 0.00000000 85.00000000
164.00000000 332.00000000 0.00000000 84.00000000
87.00000000 328.00000000 0.00000000 83.00000000
60.00000000 349.00000000 0.00000000 83.00000000
131.00000000 276.00000000 0.00000000 82.00000000
234.00000000 241.00000000 0.00000000 82.00000000
80.00000000 275.00000000 0.00000000 82.00000000
146.00000000 422.00000000 0.00000000 81.00000000
24.00000000 456.00000000 0.00000000 80.00000000
78.00000000 373.00000000 0.00000000 78.00000000
135.00000000 332.00000000 0.00000000 78.00000000
