458.00000000 471.00000000 1.00000000 677.00000000
458.00000000 470.00000000 0.00000000 498.00000000
540.00000000 140.00000000 0.00000000 497.00000000
540.00000000 140.00000000 1.00000000 469.00000000
345.00000000 270.00000000 1.00000000 429.00000000
458.00000000 470.00000000 1.00000000 428.00000000
431.00000000 143.00000000 0.00000000 423.00000000
475.00000000 142.00000000 1.00000000 421.00000000
475.00000000 142.00000000 1.00000000 410.00000000
538.00000000 141.00000000 1.00000000 407.00000000
431.00000000 144.00000000 1.00000000 395.00000000
763.00000000 366.00000000 0.00000000 394.00000000
762.00000000 299.00000000 0.00000000 387.00000000
257.00000000 271.00000000 1.00000000 381.00000000
311.00000000 292.00000000 1.00000000 373.00000000
255.00000000 347.00000000 1.00000000 373.00000000
343.00000000 270.00000000 1.00000000 370.00000000
466.00000000 480.00000000 0.00000000 359.00000000
257.00000000 271.00000000 1.00000000 358.00000000
475.00000000 141.00000000 0.00000000 353.00000000
256.00000000 348.00000000 2.00000000 351.00000000
315.00000000 347.00000000 1.00000000 351.00000000
311.00000000 275.00000000 1.00000000 346.00000000
654.00000000 314.00000000 0.00000000 334.00000000
345.00000000 269.00000000 0.00000000 330.00000000
429.00000000 144.00000000 1.00000000 326.00000000
257.00000000 346.00000000 1.00000000 322.00000000
315.00000000 347.00000000 1.00000000 320.00000000
655.00000000 314.00000000 1.00000000 307.00000000
763.00000000 367.00000000 1.00000000 305.00000000
311.00000000 275.00000000 1.00000000 297.00000000
311.00000000 275.00000000 0.00000000 294.00000000
429.00000000 316.00000000 0.00000000 291.00000000
344.00000000 272.00000000 2.00000000 290.00000000
77.00000000 251.00000000 1.00000000 284.00000000
312.00000000 292.00000000 1.00000000 284.00000000
78.00000000 252.00000000 1.00000000 282.00000000
286.00000000 407.00000000 0.00000000 281.00000000
652.00000000 238.00000000 1.00000000 279.00000000
316.00000000 350.00000000 2.00000000 279.00000000
688.00000000 302.00000000 0.00000000 270.00000000
219.00000000 272.00000000 1.00000000 265.00000000
651.00000000 237.00000000 0.00000000 263.00000000
622.00000000 303.00000000 0.00000000 263.00000000
762.00000000 300.00000000 1.00000000 262.00000000
636.00000000 325.00000000 0.00000000 261.00000000
258.00000000 270.00000000 0.00000000 261.00000000
592.00000000 246.00000000 1.00000000 260.00000000
669.00000000 325.00000000 0.00000000 257.00000000
286.00000000 408.00000000 1.00000000 255.00000000
650.00000000 237.00000000 1.00000000 254.00000000
774.00000000 366.00000000 0.00000000 253.00000000
467.00000000 480.00000000 1.00000000 252.00000000
69.00000000 427.00000000 1.00000000 250.00000000
493.00000000 131.00000000 1.00000000 250.00000000
654.00000000 302.00000000 0.00000000 246.00000000
580.00000000 109.00000000 1.00000000 246.00000000
312.00000000 294.00000000 2.00000000 244.00000000
70.00000000 426.00000000 0.00000000 243.00000000
219.00000000 347.00000000 1.00000000 243.00000000
540.00000000 142.00000000 2.00000000 242.00000000
579.00000000 110.00000000 1.00000000 242.00000000
256.00000000 272.00000000 2.00000000 241.00000000
688.00000000 366.00000000 0.00000000 241.00000000
257.00000000 345.00000000 0.00000000 240.00000000
306.00000000 408.00000000 0.00000000 238.00000000
632.00000000 290.00000000 2.00000000 237.00000000
315.00000000 346.00000000 0.00000000 235.00000000
306.00000000 408.00000000 1.00000000 233.00000000
42.00000000 260.00000000 2.00000000 231.00000000
220.00000000 272.00000000 1.00000000 230.00000000
494.00000000 131.00000000 1.00000000 229.00000000
312.00000000 292.00000000 0.00000000 228.00000000
305.00000000 201.00000000 0.00000000 228.00000000
774.00000000 299.00000000 0.00000000 227.00000000
78.00000000 251.00000000 0.00000000 226.00000000
684.00000000 238.00000000 1.00000000 219.00000000
591.00000000 245.00000000 0.00000000 219.00000000
622.00000000 315.00000000 0.00000000 218.00000000
492.00000000 82.00000000 1.00000000 218.00000000
32.00000000 317.00000000 0.00000000 217.00000000
655.00000000 366.00000000 0.00000000 216.00000000
778.00000000 353.00000000 1.00000000 216.00000000
345.00000000 347.00000000 1.00000000 215.00000000
232.00000000 465.00000000 1.00000000 215.00000000
73.00000000 409.00000000 1.00000000 214.00000000
685.00000000 237.00000000 0.00000000 214.00000000
647.00000000 237.00000000 2.00000000 213.00000000
777.00000000 286.00000000 1.00000000 211.00000000
492.00000000 82.00000000 0.00000000 211.00000000
622.00000000 366.00000000 0.00000000 208.00000000
633.00000000 353.00000000 2.00000000 207.00000000
257.00000000 350.00000000 2.00000000 207.00000000
345.00000000 221.00000000 0.00000000 206.00000000
429.00000000 367.00000000 0.00000000 204.00000000
275.00000000 223.00000000 1.00000000 204.00000000
576.00000000 260.00000000 0.00000000 201.00000000
747.00000000 366.00000000 0.00000000 201.00000000
745.00000000 299.00000000 0.00000000 201.00000000
540.00000000 129.00000000 1.00000000 199.00000000
669.00000000 342.00000000 0.00000000 199.00000000
523.00000000 91.00000000 0.00000000 199.00000000
748.00000000 241.00000000 0.00000000 199.00000000
782.00000000 265.00000000 0.00000000 194.00000000
470.00000000 471.00000000 0.00000000 194.00000000
326.00000000 408.00000000 0.00000000 193.00000000
441.00000000 150.00000000 0.00000000 192.00000000
345.00000000 346.00000000 0.00000000 191.00000000
539.00000000 168.00000000 0.00000000 191.00000000
469.00000000 289.00000000 0.00000000 189.00000000
580.00000000 107.00000000 0.00000000 187.00000000
339.00000000 220.00000000 2.00000000 186.00000000
294.00000000 292.00000000 0.00000000 186.00000000
275.00000000 222.00000000 0.00000000 186.00000000
519.00000000 84.00000000 0.00000000 183.00000000
510.00000000 80.00000000 0.00000000 183.00000000
405.00000000 335.00000000 0.00000000 183.00000000
220.00000000 325.00000000 0.00000000 182.00000000
498.00000000 288.00000000 0.00000000 181.00000000
776.00000000 241.00000000 0.00000000 177.00000000
543.00000000 261.00000000 0.00000000 176.00000000
346.00000000 408.00000000 0.00000000 176.00000000
145.00000000 253.00000000 0.00000000 174.00000000
540.00000000 177.00000000 0.00000000 174.00000000
299.00000000 333.00000000 5.00000000 134.00000000
468.00000000 76.00000000 4.00000000 108.00000000
720.00000000 260.00000000 4.00000000 107.00000000
