458.00000000 471.00000000 1.00000000 836.00000000
345.00000000 270.00000000 1.00000000 611.00000000
458.00000000 470.00000000 0.00000000 572.00000000
255.00000000 347.00000000 1.00000000 536.00000000
345.00000000 270.00000000 1.00000000 519.00000000
257.00000000 271.00000000 1.00000000 518.00000000
257.00000000 271.00000000 1.00000000 517.00000000
256.00000000 350.00000000 2.00000000 512.00000000
315.00000000 347.00000000 1.00000000 504.00000000
345.00000000 347.00000000 1.00000000 488.00000000
540.00000000 139.00000000 0.00000000 482.00000000
458.00000000 470.00000000 1.00000000 482.00000000
345.00000000 269.00000000 0.00000000 471.00000000
315.00000000 347.00000000 1.00000000 468.00000000
345.00000000 347.00000000 1.00000000 462.00000000
762.00000000 366.00000000 0.00000000 458.00000000
540.00000000 140.00000000 1.00000000 456.00000000
762.00000000 299.00000000 0.00000000 452.00000000
257.00000000 346.00000000 1.00000000 435.00000000
431.00000000 143.00000000 0.00000000 423.00000000
311.00000000 275.00000000 1.00000000 409.00000000
475.00000000 142.00000000 1.00000000 394.00000000
311.00000000 275.00000000 0.00000000 393.00000000
654.00000000 313.00000000 0.00000000 391.00000000
538.00000000 141.00000000 1.00000000 389.00000000
431.00000000 144.00000000 1.00000000 387.00000000
219.00000000 347.00000000 1.00000000 381.00000000
344.00000000 270.00000000 2.00000000 378.00000000
475.00000000 142.00000000 1.00000000 377.00000000
220.00000000 272.00000000 1.00000000 377.00000000
258.00000000 270.00000000 0.00000000 375.00000000
219.00000000 272.00000000 1.00000000 374.00000000
475.00000000 141.00000000 0.00000000 374.00000000
316.00000000 348.00000000 2.00000000 373.00000000
309.00000000 292.00000000 1.00000000 372.00000000
257.00000000 350.00000000 2.00000000 366.00000000
345.00000000 346.00000000 0.00000000 365.00000000
774.00000000 366.00000000 0.00000000 355.00000000
466.00000000 480.00000000 0.00000000 349.00000000
655.00000000 313.00000000 1.00000000 343.00000000
429.00000000 316.00000000 0.00000000 339.00000000
431.00000000 144.00000000 1.00000000 338.00000000
77.00000000 251.00000000 1.00000000 337.00000000
218.00000000 350.00000000 2.00000000 336.00000000
344.00000000 348.00000000 2.00000000 334.00000000
315.00000000 346.00000000 0.00000000 327.00000000
774.00000000 299.00000000 0.00000000 321.00000000
257.00000000 345.00000000 0.00000000 321.00000000
311.00000000 292.00000000 1.00000000 319.00000000
311.00000000 275.00000000 1.00000000 316.00000000
79.00000000 251.00000000 1.00000000 314.00000000
345.00000000 411.00000000 1.00000000 311.00000000
294.00000000 292.00000000 0.00000000 309.00000000
763.00000000 367.00000000 1.00000000 308.00000000
346.00000000 410.00000000 1.00000000 307.00000000
634.00000000 290.00000000 2.00000000 298.00000000
344.00000000 414.00000000 2.00000000 292.00000000
256.00000000 272.00000000 2.00000000 290.00000000
69.00000000 427.00000000 1.00000000 289.00000000
70.00000000 426.00000000 0.00000000 285.00000000
745.00000000 299.00000000 0.00000000 285.00000000
346.00000000 408.00000000 0.00000000 284.00000000
239.00000000 401.00000000 0.00000000 280.00000000
578.00000000 282.00000000 1.00000000 279.00000000
669.00000000 325.00000000 0.00000000 277.00000000
275.00000000 222.00000000 1.00000000 275.00000000
219.00000000 347.00000000 1.00000000 275.00000000
762.00000000 299.00000000 1.00000000 275.00000000
523.00000000 91.00000000 0.00000000 275.00000000
220.00000000 271.00000000 0.00000000 269.00000000
688.00000000 301.00000000 0.00000000 268.00000000
747.00000000 366.00000000 0.00000000 267.00000000
636.00000000 325.00000000 0.00000000 266.00000000
32.00000000 317.00000000 0.00000000 266.00000000
294.00000000 292.00000000 1.00000000 263.00000000
494.00000000 130.00000000 1.00000000 262.00000000
79.00000000 251.00000000 0.00000000 259.00000000
688.00000000 366.00000000 0.00000000 257.00000000
622.00000000 302.00000000 0.00000000 252.00000000
432.00000000 303.00000000 1.00000000 252.00000000
651.00000000 237.00000000 0.00000000 252.00000000
345.00000000 415.00000000 2.00000000 252.00000000
762.00000000 289.00000000 1.00000000 249.00000000
578.00000000 316.00000000 0.00000000 247.00000000
429.00000000 367.00000000 0.00000000 246.00000000
763.00000000 356.00000000 1.00000000 246.00000000
492.00000000 81.00000000 0.00000000 245.00000000
275.00000000 222.00000000 0.00000000 242.00000000
778.00000000 353.00000000 1.00000000 240.00000000
652.00000000 238.00000000 1.00000000 240.00000000
539.00000000 167.00000000 1.00000000 240.00000000
775.00000000 366.00000000 1.00000000 240.00000000
388.00000000 270.00000000 0.00000000 239.00000000
576.00000000 260.00000000 0.00000000 239.00000000
549.00000000 129.00000000 0.00000000 238.00000000
416.00000000 319.00000000 1.00000000 238.00000000
487.00000000 325.00000000 0.00000000 238.00000000
777.00000000 285.00000000 1.00000000 238.00000000
430.00000000 317.00000000 1.00000000 236.00000000
664.00000000 288.00000000 2.00000000 231.00000000
622.00000000 366.00000000 0.00000000 230.00000000
577.00000000 397.00000000 0.00000000 229.00000000
311.00000000 292.00000000 0.00000000 229.00000000
633.00000000 353.00000000 2.00000000 229.00000000
655.00000000 366.00000000 0.00000000 227.00000000
418.00000000 270.00000000 0.00000000 226.00000000
519.00000000 84.00000000 0.00000000 223.00000000
591.00000000 245.00000000 0.00000000 218.00000000
510.00000000 80.00000000 0.00000000 215.00000000
774.00000000 164.00000000 0.00000000 215.00000000
654.00000000 301.00000000 0.00000000 215.00000000
669.00000000 342.00000000 0.00000000 214.00000000
220.00000000 325.00000000 0.00000000 211.00000000
405.00000000 335.00000000 0.00000000 211.00000000
777.00000000 284.00000000 0.00000000 206.00000000
577.00000000 344.00000000 0.00000000 206.00000000
310.00000000 213.00000000 0.00000000 205.00000000
762.00000000 289.00000000 0.00000000 205.00000000
762.00000000 357.00000000 0.00000000 205.00000000
543.00000000 260.00000000 0.00000000 203.00000000
580.00000000 283.00000000 0.00000000 203.00000000
493.00000000 130.00000000 0.00000000 203.00000000
779.00000000 352.00000000 0.00000000 202.00000000
550.00000000 137.00000000 0.00000000 201.00000000
340.00000000 420.00000000 4.00000000 189.00000000
299.00000000 333.00000000 5.00000000 188.00000000
304.00000000 332.00000000 4.00000000 185.00000000
