308.00000000 214.00000000 2.00000000 428.00000000
306.00000000 201.00000000 0.00000000 423.00000000
310.00000000 216.00000000 2.00000000 402.00000000
466.00000000 480.00000000 0.00000000 390.00000000
174.00000000 409.00000000 1.00000000 384.00000000
311.00000000 214.00000000 1.00000000 379.00000000
172.00000000 416.00000000 2.00000000 363.00000000
339.00000000 223.00000000 2.00000000 351.00000000
311.00000000 294.00000000 1.00000000 331.00000000
458.00000000 470.00000000 1.00000000 320.00000000
126.00000000 400.00000000 1.00000000 317.00000000
650.00000000 237.00000000 1.00000000 314.00000000
647.00000000 237.00000000 2.00000000 314.00000000
313.00000000 214.00000000 1.00000000 314.00000000
305.00000000 202.00000000 1.00000000 313.00000000
174.00000000 408.00000000 0.00000000 311.00000000
73.00000000 409.00000000 1.00000000 301.00000000
651.00000000 238.00000000 1.00000000 301.00000000
172.00000000 411.00000000 1.00000000 301.00000000
125.00000000 401.00000000 1.00000000 295.00000000
650.00000000 238.00000000 2.00000000 293.00000000
467.00000000 480.00000000 1.00000000 290.00000000
458.00000000 470.00000000 0.00000000 289.00000000
538.00000000 142.00000000 1.00000000 289.00000000
308.00000000 216.00000000 4.00000000 283.00000000
651.00000000 237.00000000 0.00000000 274.00000000
312.00000000 294.00000000 1.00000000 271.00000000
475.00000000 143.00000000 1.00000000 270.00000000
77.00000000 253.00000000 1.00000000 267.00000000
539.00000000 140.00000000 0.00000000 263.00000000
312.00000000 309.00000000 0.00000000 260.00000000
76.00000000 253.00000000 1.00000000 259.00000000
429.00000000 145.00000000 1.00000000 258.00000000
539.00000000 141.00000000 1.00000000 256.00000000
281.00000000 188.00000000 0.00000000 251.00000000
72.00000000 410.00000000 1.00000000 247.00000000
431.00000000 143.00000000 0.00000000 246.00000000
146.00000000 254.00000000 1.00000000 245.00000000
169.00000000 415.00000000 2.00000000 243.00000000
340.00000000 222.00000000 2.00000000 239.00000000
431.00000000 144.00000000 1.00000000 238.00000000
475.00000000 142.00000000 0.00000000 237.00000000
345.00000000 221.00000000 0.00000000 235.00000000
77.00000000 252.00000000 0.00000000 235.00000000
580.00000000 112.00000000 2.00000000 234.00000000
592.00000000 246.00000000 1.00000000 230.00000000
127.00000000 399.00000000 0.00000000 227.00000000
475.00000000 144.00000000 1.00000000 227.00000000
146.00000000 253.00000000 0.00000000 226.00000000
123.00000000 342.00000000 1.00000000 225.00000000
579.00000000 110.00000000 1.00000000 225.00000000
309.00000000 274.00000000 1.00000000 224.00000000
142.00000000 420.00000000 2.00000000 222.00000000
73.00000000 408.00000000 0.00000000 218.00000000
146.00000000 412.00000000 1.00000000 217.00000000
304.00000000 202.00000000 1.00000000 213.00000000
74.00000000 254.00000000 2.00000000 212.00000000
312.00000000 292.00000000 0.00000000 211.00000000
70.00000000 427.00000000 1.00000000 209.00000000
69.00000000 428.00000000 1.00000000 207.00000000
135.00000000 240.00000000 1.00000000 207.00000000
313.00000000 213.00000000 0.00000000 203.00000000
152.00000000 341.00000000 0.00000000 202.00000000
123.00000000 342.00000000 0.00000000 201.00000000
152.00000000 342.00000000 1.00000000 200.00000000
469.00000000 470.00000000 1.00000000 199.00000000
312.00000000 310.00000000 1.00000000 198.00000000
71.00000000 347.00000000 1.00000000 198.00000000
538.00000000 144.00000000 2.00000000 196.00000000
592.00000000 244.00000000 0.00000000 191.00000000
470.00000000 471.00000000 0.00000000 191.00000000
531.00000000 100.00000000 0.00000000 191.00000000
142.00000000 341.00000000 0.00000000 189.00000000
340.00000000 224.00000000 4.00000000 189.00000000
782.00000000 176.00000000 0.00000000 189.00000000
70.00000000 427.00000000 0.00000000 185.00000000
71.00000000 296.00000000 1.00000000 182.00000000
146.00000000 411.00000000 0.00000000 182.00000000
591.00000000 247.00000000 1.00000000 178.00000000
86.00000000 347.00000000 1.00000000 177.00000000
22.00000000 306.00000000 1.00000000 177.00000000
51.00000000 259.00000000 1.00000000 177.00000000
112.00000000 342.00000000 0.00000000 177.00000000
60.00000000 397.00000000 0.00000000 175.00000000
549.00000000 147.00000000 0.00000000 174.00000000
22.00000000 305.00000000 0.00000000 172.00000000
142.00000000 342.00000000 1.00000000 170.00000000
137.00000000 237.00000000 1.00000000 170.00000000
311.00000000 273.00000000 1.00000000 169.00000000
50.00000000 258.00000000 0.00000000 169.00000000
112.00000000 343.00000000 1.00000000 169.00000000
753.00000000 275.00000000 0.00000000 168.00000000
86.00000000 297.00000000 1.00000000 167.00000000
172.00000000 340.00000000 1.00000000 167.00000000
358.00000000 238.00000000 0.00000000 160.00000000
142.00000000 293.00000000 0.00000000 159.00000000
424.00000000 292.00000000 0.00000000 157.00000000
151.00000000 293.00000000 0.00000000 153.00000000
22.00000000 359.00000000 0.00000000 152.00000000
32.00000000 317.00000000 0.00000000 150.00000000
122.00000000 292.00000000 0.00000000 149.00000000
457.00000000 50.00000000 0.00000000 148.00000000
540.00000000 148.00000000 0.00000000 143.00000000
33.00000000 446.00000000 0.00000000 137.00000000
368.00000000 172.00000000 0.00000000 135.00000000
61.00000000 306.00000000 0.00000000 130.00000000
441.00000000 150.00000000 0.00000000 130.00000000
494.00000000 149.00000000 0.00000000 129.00000000
172.00000000 340.00000000 0.00000000 129.00000000
784.00000000 150.00000000 0.00000000 129.00000000
111.00000000 292.00000000 0.00000000 129.00000000
308.00000000 459.00000000 0.00000000 128.00000000
86.00000000 296.00000000 0.00000000 128.00000000
429.00000000 316.00000000 0.00000000 126.00000000
166.00000000 393.00000000 0.00000000 126.00000000
431.00000000 152.00000000 0.00000000 125.00000000
172.00000000 294.00000000 0.00000000 124.00000000
429.00000000 300.00000000 0.00000000 123.00000000
61.00000000 359.00000000 0.00000000 123.00000000
573.00000000 76.00000000 0.00000000 120.00000000
418.00000000 316.00000000 5.00000000 119.00000000
602.00000000 154.00000000 0.00000000 115.00000000
62.00000000 384.00000000 0.00000000 114.00000000
71.00000000 347.00000000 0.00000000 113.00000000
15.00000000 258.00000000 0.00000000 112.00000000
86.00000000 346.00000000 0.00000000 112.00000000
71.00000000 296.00000000 0.00000000 111.00000000
