466.00000000 480.00000000 0.00000000 596.00000000
458.00000000 470.00000000 1.00000000 442.00000000
467.00000000 480.00000000 1.00000000 439.00000000
540.00000000 140.00000000 0.00000000 361.00000000
311.00000000 275.00000000 1.00000000 359.00000000
540.00000000 140.00000000 1.00000000 345.00000000
475.00000000 144.00000000 1.00000000 339.00000000
458.00000000 470.00000000 0.00000000 336.00000000
275.00000000 223.00000000 1.00000000 328.00000000
475.00000000 142.00000000 1.00000000 326.00000000
538.00000000 141.00000000 1.00000000 326.00000000
431.00000000 144.00000000 1.00000000 324.00000000
311.00000000 275.00000000 1.00000000 314.00000000
305.00000000 201.00000000 0.00000000 314.00000000
431.00000000 143.00000000 0.00000000 310.00000000
458.00000000 470.00000000 1.00000000 305.00000000
311.00000000 275.00000000 0.00000000 300.00000000
274.00000000 224.00000000 1.00000000 299.00000000
312.00000000 292.00000000 1.00000000 286.00000000
311.00000000 292.00000000 1.00000000 284.00000000
431.00000000 145.00000000 1.00000000 281.00000000
312.00000000 292.00000000 0.00000000 279.00000000
579.00000000 110.00000000 1.00000000 271.00000000
592.00000000 246.00000000 1.00000000 265.00000000
592.00000000 245.00000000 0.00000000 265.00000000
580.00000000 112.00000000 2.00000000 260.00000000
763.00000000 366.00000000 0.00000000 259.00000000
305.00000000 202.00000000 1.00000000 259.00000000
286.00000000 408.00000000 1.00000000 255.00000000
306.00000000 409.00000000 1.00000000 255.00000000
306.00000000 408.00000000 0.00000000 253.00000000
312.00000000 214.00000000 1.00000000 253.00000000
286.00000000 407.00000000 0.00000000 248.00000000
275.00000000 222.00000000 0.00000000 239.00000000
581.00000000 108.00000000 1.00000000 238.00000000
762.00000000 299.00000000 0.00000000 237.00000000
475.00000000 141.00000000 0.00000000 234.00000000
311.00000000 214.00000000 1.00000000 232.00000000
70.00000000 427.00000000 1.00000000 225.00000000
176.00000000 450.00000000 1.00000000 224.00000000
294.00000000 271.00000000 1.00000000 221.00000000
654.00000000 314.00000000 0.00000000 219.00000000
295.00000000 271.00000000 1.00000000 218.00000000
274.00000000 226.00000000 2.00000000 218.00000000
69.00000000 428.00000000 1.00000000 217.00000000
622.00000000 303.00000000 0.00000000 209.00000000
493.00000000 131.00000000 1.00000000 208.00000000
773.00000000 212.00000000 1.00000000 207.00000000
576.00000000 113.00000000 2.00000000 206.00000000
654.00000000 302.00000000 0.00000000 204.00000000
70.00000000 427.00000000 0.00000000 203.00000000
294.00000000 274.00000000 2.00000000 202.00000000
315.00000000 347.00000000 1.00000000 196.00000000
591.00000000 247.00000000 1.00000000 194.00000000
763.00000000 356.00000000 1.00000000 193.00000000
579.00000000 140.00000000 1.00000000 193.00000000
470.00000000 471.00000000 0.00000000 192.00000000
294.00000000 294.00000000 1.00000000 190.00000000
296.00000000 270.00000000 0.00000000 187.00000000
257.00000000 271.00000000 1.00000000 187.00000000
764.00000000 367.00000000 1.00000000 185.00000000
310.00000000 276.00000000 2.00000000 185.00000000
779.00000000 353.00000000 1.00000000 184.00000000
745.00000000 212.00000000 1.00000000 183.00000000
475.00000000 132.00000000 1.00000000 182.00000000
315.00000000 347.00000000 1.00000000 181.00000000
295.00000000 310.00000000 1.00000000 181.00000000
655.00000000 314.00000000 1.00000000 180.00000000
142.00000000 341.00000000 0.00000000 180.00000000
540.00000000 142.00000000 2.00000000 180.00000000
469.00000000 471.00000000 1.00000000 179.00000000
777.00000000 286.00000000 1.00000000 179.00000000
42.00000000 260.00000000 2.00000000 179.00000000
622.00000000 315.00000000 0.00000000 179.00000000
540.00000000 129.00000000 1.00000000 178.00000000
33.00000000 447.00000000 1.00000000 177.00000000
345.00000000 270.00000000 1.00000000 177.00000000
580.00000000 107.00000000 0.00000000 177.00000000
540.00000000 130.00000000 0.00000000 174.00000000
345.00000000 269.00000000 0.00000000 173.00000000
32.00000000 317.00000000 0.00000000 173.00000000
145.00000000 253.00000000 0.00000000 171.00000000
338.00000000 222.00000000 2.00000000 167.00000000
123.00000000 341.00000000 0.00000000 165.00000000
152.00000000 340.00000000 0.00000000 165.00000000
781.00000000 265.00000000 0.00000000 161.00000000
312.00000000 294.00000000 2.00000000 159.00000000
141.00000000 292.00000000 0.00000000 157.00000000
59.00000000 367.00000000 2.00000000 157.00000000
405.00000000 335.00000000 0.00000000 156.00000000
32.00000000 305.00000000 0.00000000 154.00000000
430.00000000 282.00000000 0.00000000 152.00000000
779.00000000 352.00000000 0.00000000 151.00000000
112.00000000 342.00000000 0.00000000 150.00000000
651.00000000 237.00000000 0.00000000 149.00000000
151.00000000 293.00000000 0.00000000 149.00000000
122.00000000 292.00000000 0.00000000 148.00000000
505.00000000 148.00000000 0.00000000 146.00000000
33.00000000 446.00000000 0.00000000 146.00000000
111.00000000 292.00000000 0.00000000 145.00000000
258.00000000 270.00000000 0.00000000 145.00000000
271.00000000 226.00000000 2.00000000 144.00000000
339.00000000 220.00000000 2.00000000 142.00000000
688.00000000 366.00000000 0.00000000 142.00000000
777.00000000 284.00000000 0.00000000 141.00000000
315.00000000 346.00000000 0.00000000 141.00000000
32.00000000 358.00000000 0.00000000 140.00000000
78.00000000 251.00000000 0.00000000 138.00000000
61.00000000 306.00000000 0.00000000 138.00000000
668.00000000 325.00000000 0.00000000 137.00000000
747.00000000 241.00000000 0.00000000 135.00000000
255.00000000 414.00000000 0.00000000 134.00000000
459.00000000 233.00000000 0.00000000 134.00000000
531.00000000 389.00000000 0.00000000 133.00000000
62.00000000 384.00000000 0.00000000 132.00000000
429.00000000 316.00000000 0.00000000 132.00000000
432.00000000 134.00000000 0.00000000 132.00000000
784.00000000 149.00000000 0.00000000 129.00000000
294.00000000 309.00000000 0.00000000 129.00000000
430.00000000 300.00000000 0.00000000 128.00000000
313.00000000 212.00000000 0.00000000 128.00000000
668.00000000 342.00000000 0.00000000 127.00000000
61.00000000 359.00000000 0.00000000 126.00000000
655.00000000 381.00000000 0.00000000 126.00000000
720.00000000 260.00000000 4.00000000 123.00000000
576.00000000 116.00000000 4.00000000 107.00000000
718.00000000 254.00000000 5.00000000 103.00000000
