276.00000000 334.00000000 1.00000000 834.00000000
326.00000000 320.00000000 1.00000000 745.00000000
274.00000000 333.00000000 1.00000000 695.00000000
325.00000000 319.00000000 0.00000000 692.00000000
422.00000000 180.00000000 2.00000000 666.00000000
275.00000000 334.00000000 0.00000000 654.00000000
554.00000000 108.00000000 0.00000000 620.00000000
428.00000000 210.00000000 2.00000000 577.00000000
427.00000000 207.00000000 1.00000000 564.00000000
422.00000000 178.00000000 1.00000000 520.00000000
572.00000000 154.00000000 2.00000000 519.00000000
428.00000000 207.00000000 1.00000000 497.00000000
554.00000000 173.00000000 0.00000000 492.00000000
554.00000000 173.00000000 1.00000000 489.00000000
243.00000000 337.00000000 1.00000000 482.00000000
571.00000000 151.00000000 1.00000000 481.00000000
243.00000000 338.00000000 1.00000000 477.00000000
421.00000000 181.00000000 2.00000000 471.00000000
554.00000000 108.00000000 1.00000000 466.00000000
496.00000000 233.00000000 0.00000000 465.00000000
62.00000000 123.00000000 0.00000000 459.00000000
243.00000000 339.00000000 0.00000000 440.00000000
461.00000000 233.00000000 0.00000000 439.00000000
423.00000000 177.00000000 1.00000000 435.00000000
572.00000000 147.00000000 0.00000000 425.00000000
427.00000000 205.00000000 0.00000000 423.00000000
61.00000000 123.00000000 1.00000000 412.00000000
456.00000000 114.00000000 2.00000000 410.00000000
422.00000000 176.00000000 0.00000000 407.00000000
739.00000000 244.00000000 1.00000000 405.00000000
739.00000000 253.00000000 0.00000000 404.00000000
571.00000000 149.00000000 1.00000000 399.00000000
274.00000000 332.00000000 2.00000000 394.00000000
265.00000000 311.00000000 0.00000000 392.00000000
456.00000000 111.00000000 1.00000000 391.00000000
427.00000000 212.00000000 2.00000000 388.00000000
462.00000000 233.00000000 1.00000000 382.00000000
457.00000000 111.00000000 1.00000000 381.00000000
248.00000000 322.00000000 2.00000000 376.00000000
739.00000000 242.00000000 0.00000000 373.00000000
457.00000000 110.00000000 0.00000000 372.00000000
760.00000000 243.00000000 0.00000000 362.00000000
496.00000000 233.00000000 1.00000000 360.00000000
596.00000000 465.00000000 1.00000000 353.00000000
571.00000000 155.00000000 2.00000000 352.00000000
551.00000000 113.00000000 2.00000000 347.00000000
144.00000000 274.00000000 2.00000000 342.00000000
552.00000000 112.00000000 2.00000000 340.00000000
781.00000000 244.00000000 0.00000000 338.00000000
552.00000000 108.00000000 1.00000000 338.00000000
598.00000000 462.00000000 1.00000000 335.00000000
781.00000000 245.00000000 1.00000000 313.00000000
406.00000000 332.00000000 1.00000000 310.00000000
719.00000000 255.00000000 1.00000000 307.00000000
154.00000000 295.00000000 1.00000000 301.00000000
568.00000000 370.00000000 0.00000000 297.00000000
719.00000000 255.00000000 0.00000000 295.00000000
405.00000000 332.00000000 0.00000000 294.00000000
552.00000000 173.00000000 1.00000000 293.00000000
542.00000000 383.00000000 0.00000000 293.00000000
516.00000000 383.00000000 0.00000000 289.00000000
761.00000000 244.00000000 1.00000000 287.00000000
748.00000000 304.00000000 1.00000000 285.00000000
557.00000000 383.00000000 0.00000000 283.00000000
568.00000000 371.00000000 1.00000000 282.00000000
154.00000000 294.00000000 0.00000000 281.00000000
598.00000000 461.00000000 0.00000000 278.00000000
427.00000000 229.00000000 1.00000000 275.00000000
295.00000000 316.00000000 0.00000000 274.00000000
147.00000000 278.00000000 1.00000000 270.00000000
552.00000000 112.00000000 4.00000000 268.00000000
144.00000000 268.00000000 1.00000000 261.00000000
739.00000000 256.00000000 1.00000000 260.00000000
376.00000000 135.00000000 0.00000000 258.00000000
408.00000000 134.00000000 1.00000000 258.00000000
461.00000000 231.00000000 1.00000000 256.00000000
280.00000000 263.00000000 1.00000000 253.00000000
144.00000000 270.00000000 1.00000000 253.00000000
607.00000000 323.00000000 0.00000000 252.00000000
322.00000000 311.00000000 0.00000000 245.00000000
250.00000000 321.00000000 1.00000000 245.00000000
144.00000000 267.00000000 0.00000000 244.00000000
251.00000000 319.00000000 1.00000000 243.00000000
594.00000000 489.00000000 1.00000000 243.00000000
718.00000000 255.00000000 1.00000000 241.00000000
428.00000000 230.00000000 1.00000000 240.00000000
299.00000000 301.00000000 1.00000000 238.00000000
147.00000000 277.00000000 0.00000000 235.00000000
311.00000000 325.00000000 0.00000000 234.00000000
516.00000000 385.00000000 1.00000000 233.00000000
748.00000000 303.00000000 0.00000000 231.00000000
385.00000000 135.00000000 0.00000000 230.00000000
594.00000000 488.00000000 0.00000000 229.00000000
408.00000000 132.00000000 1.00000000 227.00000000
123.00000000 349.00000000 0.00000000 227.00000000
542.00000000 384.00000000 1.00000000 221.00000000
427.00000000 230.00000000 0.00000000 218.00000000
299.00000000 301.00000000 0.00000000 217.00000000
399.00000000 150.00000000 0.00000000 215.00000000
656.00000000 265.00000000 5.00000000 214.00000000
281.00000000 264.00000000 0.00000000 210.00000000
452.00000000 112.00000000 4.00000000 209.00000000
625.00000000 229.00000000 0.00000000 208.00000000
304.00000000 246.00000000 0.00000000 206.00000000
287.00000000 317.00000000 0.00000000 205.00000000
398.00000000 151.00000000 1.00000000 203.00000000
283.00000000 308.00000000 0.00000000 200.00000000
251.00000000 318.00000000 0.00000000 188.00000000
143.00000000 244.00000000 0.00000000 185.00000000
346.00000000 125.00000000 0.00000000 179.00000000
141.00000000 234.00000000 0.00000000 177.00000000
409.00000000 136.00000000 0.00000000 171.00000000
290.00000000 323.00000000 0.00000000 171.00000000
289.00000000 310.00000000 0.00000000 168.00000000
549.00000000 507.00000000 0.00000000 164.00000000
399.00000000 122.00000000 0.00000000 160.00000000
474.00000000 263.00000000 0.00000000 160.00000000
538.00000000 195.00000000 0.00000000 156.00000000
141.00000000 260.00000000 0.00000000 151.00000000
337.00000000 341.00000000 0.00000000 149.00000000
291.00000000 289.00000000 0.00000000 146.00000000
570.00000000 161.00000000 0.00000000 145.00000000
313.00000000 242.00000000 0.00000000 143.00000000
316.00000000 429.00000000 0.00000000 141.00000000
308.00000000 306.00000000 0.00000000 131.00000000
236.00000000 108.00000000 0.00000000 125.00000000
488.00000000 196.00000000 0.00000000 121.00000000
