276.00000000 335.00000000 1.00000000 774.00000000
275.00000000 335.00000000 0.00000000 746.00000000
422.00000000 180.00000000 2.00000000 654.00000000
554.00000000 108.00000000 0.00000000 614.00000000
32.00000000 249.00000000 1.00000000 599.00000000
428.00000000 210.00000000 2.00000000 574.00000000
325.00000000 319.00000000 0.00000000 561.00000000
427.00000000 207.00000000 1.00000000 561.00000000
251.00000000 319.00000000 1.00000000 550.00000000
326.00000000 320.00000000 1.00000000 540.00000000
596.00000000 465.00000000 1.00000000 537.00000000
234.00000000 256.00000000 2.00000000 536.00000000
334.00000000 359.00000000 0.00000000 535.00000000
572.00000000 154.00000000 2.00000000 535.00000000
32.00000000 248.00000000 0.00000000 513.00000000
422.00000000 178.00000000 1.00000000 511.00000000
41.00000000 319.00000000 1.00000000 510.00000000
231.00000000 257.00000000 2.00000000 500.00000000
739.00000000 244.00000000 1.00000000 497.00000000
554.00000000 173.00000000 0.00000000 495.00000000
496.00000000 233.00000000 0.00000000 490.00000000
428.00000000 207.00000000 1.00000000 489.00000000
554.00000000 173.00000000 1.00000000 489.00000000
739.00000000 253.00000000 0.00000000 486.00000000
42.00000000 318.00000000 1.00000000 485.00000000
250.00000000 321.00000000 1.00000000 485.00000000
571.00000000 151.00000000 1.00000000 482.00000000
598.00000000 466.00000000 2.00000000 478.00000000
739.00000000 242.00000000 0.00000000 476.00000000
421.00000000 181.00000000 2.00000000 472.00000000
251.00000000 318.00000000 0.00000000 472.00000000
760.00000000 243.00000000 0.00000000 469.00000000
243.00000000 338.00000000 1.00000000 469.00000000
286.00000000 328.00000000 0.00000000 464.00000000
598.00000000 462.00000000 1.00000000 460.00000000
248.00000000 322.00000000 2.00000000 455.00000000
554.00000000 108.00000000 1.00000000 454.00000000
781.00000000 244.00000000 0.00000000 453.00000000
461.00000000 233.00000000 0.00000000 439.00000000
265.00000000 311.00000000 0.00000000 435.00000000
423.00000000 177.00000000 1.00000000 435.00000000
243.00000000 338.00000000 0.00000000 430.00000000
275.00000000 335.00000000 1.00000000 420.00000000
241.00000000 337.00000000 1.00000000 418.00000000
427.00000000 205.00000000 0.00000000 417.00000000
572.00000000 147.00000000 0.00000000 414.00000000
233.00000000 257.00000000 1.00000000 413.00000000
568.00000000 370.00000000 0.00000000 413.00000000
557.00000000 382.00000000 0.00000000 411.00000000
516.00000000 383.00000000 0.00000000 407.00000000
568.00000000 371.00000000 1.00000000 406.00000000
542.00000000 383.00000000 0.00000000 406.00000000
781.00000000 245.00000000 1.00000000 404.00000000
422.00000000 176.00000000 0.00000000 402.00000000
598.00000000 461.00000000 0.00000000 401.00000000
456.00000000 114.00000000 2.00000000 399.00000000
571.00000000 149.00000000 1.00000000 397.00000000
427.00000000 212.00000000 2.00000000 396.00000000
334.00000000 360.00000000 1.00000000 390.00000000
456.00000000 111.00000000 1.00000000 382.00000000
462.00000000 233.00000000 1.00000000 382.00000000
281.00000000 319.00000000 1.00000000 381.00000000
496.00000000 233.00000000 1.00000000 379.00000000
457.00000000 111.00000000 1.00000000 377.00000000
719.00000000 255.00000000 1.00000000 375.00000000
406.00000000 332.00000000 1.00000000 375.00000000
457.00000000 110.00000000 0.00000000 372.00000000
761.00000000 244.00000000 1.00000000 369.00000000
405.00000000 333.00000000 1.00000000 364.00000000
571.00000000 155.00000000 2.00000000 363.00000000
38.00000000 172.00000000 1.00000000 362.00000000
567.00000000 373.00000000 1.00000000 361.00000000
281.00000000 318.00000000 0.00000000 357.00000000
719.00000000 255.00000000 0.00000000 352.00000000
594.00000000 489.00000000 1.00000000 342.00000000
406.00000000 336.00000000 2.00000000 336.00000000
594.00000000 488.00000000 0.00000000 334.00000000
739.00000000 256.00000000 1.00000000 331.00000000
748.00000000 304.00000000 1.00000000 325.00000000
552.00000000 108.00000000 1.00000000 324.00000000
316.00000000 429.00000000 0.00000000 317.00000000
516.00000000 385.00000000 1.00000000 315.00000000
542.00000000 385.00000000 1.00000000 311.00000000
41.00000000 349.00000000 1.00000000 308.00000000
178.00000000 344.00000000 1.00000000 306.00000000
41.00000000 316.00000000 0.00000000 300.00000000
228.00000000 256.00000000 4.00000000 299.00000000
552.00000000 173.00000000 1.00000000 296.00000000
144.00000000 243.00000000 0.00000000 293.00000000
405.00000000 331.00000000 0.00000000 293.00000000
316.00000000 430.00000000 1.00000000 288.00000000
748.00000000 303.00000000 0.00000000 283.00000000
24.00000000 206.00000000 1.00000000 283.00000000
178.00000000 343.00000000 0.00000000 276.00000000
467.00000000 514.00000000 1.00000000 270.00000000
269.00000000 326.00000000 0.00000000 268.00000000
552.00000000 112.00000000 4.00000000 254.00000000
154.00000000 294.00000000 0.00000000 241.00000000
376.00000000 135.00000000 0.00000000 241.00000000
607.00000000 323.00000000 0.00000000 231.00000000
333.00000000 340.00000000 0.00000000 229.00000000
62.00000000 123.00000000 0.00000000 229.00000000
625.00000000 229.00000000 0.00000000 229.00000000
284.00000000 308.00000000 0.00000000 224.00000000
549.00000000 507.00000000 0.00000000 223.00000000
148.00000000 277.00000000 0.00000000 221.00000000
427.00000000 230.00000000 0.00000000 219.00000000
385.00000000 135.00000000 0.00000000 218.00000000
468.00000000 514.00000000 0.00000000 216.00000000
183.00000000 362.00000000 0.00000000 211.00000000
145.00000000 267.00000000 0.00000000 203.00000000
399.00000000 150.00000000 0.00000000 203.00000000
407.00000000 350.00000000 5.00000000 202.00000000
480.00000000 532.00000000 0.00000000 197.00000000
23.00000000 173.00000000 0.00000000 190.00000000
139.00000000 251.00000000 0.00000000 189.00000000
409.00000000 135.00000000 0.00000000 186.00000000
39.00000000 175.00000000 0.00000000 182.00000000
74.00000000 184.00000000 0.00000000 182.00000000
296.00000000 443.00000000 0.00000000 181.00000000
313.00000000 241.00000000 0.00000000 178.00000000
24.00000000 207.00000000 0.00000000 176.00000000
176.00000000 452.00000000 0.00000000 175.00000000
265.00000000 531.00000000 0.00000000 174.00000000
142.00000000 260.00000000 0.00000000 174.00000000
175.00000000 334.00000000 0.00000000 173.00000000
25.00000000 351.00000000 0.00000000 170.00000000
