276.00000000 334.00000000 1.00000000 811.00000000
274.00000000 333.00000000 1.00000000 742.00000000
275.00000000 334.00000000 0.00000000 646.00000000
555.00000000 108.00000000 0.00000000 520.00000000
243.00000000 338.00000000 1.00000000 494.00000000
243.00000000 337.00000000 1.00000000 458.00000000
422.00000000 180.00000000 2.00000000 454.00000000
274.00000000 332.00000000 2.00000000 443.00000000
243.00000000 339.00000000 0.00000000 441.00000000
427.00000000 207.00000000 1.00000000 424.00000000
554.00000000 108.00000000 1.00000000 420.00000000
347.00000000 113.00000000 2.00000000 418.00000000
248.00000000 322.00000000 2.00000000 413.00000000
428.00000000 210.00000000 2.00000000 406.00000000
265.00000000 311.00000000 0.00000000 405.00000000
496.00000000 233.00000000 0.00000000 397.00000000
422.00000000 178.00000000 1.00000000 392.00000000
428.00000000 206.00000000 1.00000000 383.00000000
554.00000000 173.00000000 1.00000000 381.00000000
348.00000000 114.00000000 2.00000000 379.00000000
572.00000000 154.00000000 2.00000000 378.00000000
555.00000000 172.00000000 0.00000000 377.00000000
458.00000000 114.00000000 2.00000000 372.00000000
571.00000000 151.00000000 1.00000000 360.00000000
456.00000000 111.00000000 1.00000000 354.00000000
461.00000000 233.00000000 0.00000000 347.00000000
421.00000000 181.00000000 2.00000000 346.00000000
423.00000000 177.00000000 1.00000000 345.00000000
457.00000000 111.00000000 1.00000000 339.00000000
572.00000000 147.00000000 0.00000000 329.00000000
427.00000000 205.00000000 0.00000000 326.00000000
551.00000000 113.00000000 2.00000000 324.00000000
496.00000000 233.00000000 1.00000000 323.00000000
457.00000000 110.00000000 0.00000000 322.00000000
422.00000000 176.00000000 0.00000000 319.00000000
552.00000000 108.00000000 1.00000000 311.00000000
552.00000000 110.00000000 2.00000000 310.00000000
462.00000000 233.00000000 1.00000000 310.00000000
455.00000000 113.00000000 2.00000000 305.00000000
572.00000000 149.00000000 1.00000000 304.00000000
248.00000000 321.00000000 1.00000000 300.00000000
349.00000000 111.00000000 1.00000000 269.00000000
552.00000000 112.00000000 4.00000000 258.00000000
251.00000000 319.00000000 1.00000000 255.00000000
178.00000000 343.00000000 0.00000000 254.00000000
348.00000000 116.00000000 4.00000000 247.00000000
178.00000000 344.00000000 1.00000000 245.00000000
308.00000000 322.00000000 0.00000000 244.00000000
176.00000000 345.00000000 1.00000000 240.00000000
347.00000000 121.00000000 0.00000000 238.00000000
387.00000000 347.00000000 0.00000000 236.00000000
348.00000000 121.00000000 1.00000000 231.00000000
154.00000000 294.00000000 0.00000000 228.00000000
552.00000000 173.00000000 1.00000000 228.00000000
154.00000000 295.00000000 1.00000000 221.00000000
387.00000000 347.00000000 1.00000000 214.00000000
427.00000000 229.00000000 1.00000000 206.00000000
461.00000000 231.00000000 1.00000000 200.00000000
408.00000000 132.00000000 1.00000000 198.00000000
350.00000000 112.00000000 1.00000000 197.00000000
236.00000000 110.00000000 0.00000000 196.00000000
234.00000000 110.00000000 1.00000000 195.00000000
236.00000000 110.00000000 1.00000000 195.00000000
251.00000000 318.00000000 0.00000000 194.00000000
307.00000000 306.00000000 0.00000000 194.00000000
376.00000000 135.00000000 0.00000000 194.00000000
283.00000000 308.00000000 0.00000000 192.00000000
385.00000000 135.00000000 0.00000000 192.00000000
347.00000000 335.00000000 1.00000000 185.00000000
153.00000000 130.00000000 0.00000000 179.00000000
428.00000000 230.00000000 1.00000000 176.00000000
153.00000000 130.00000000 1.00000000 172.00000000
146.00000000 279.00000000 1.00000000 168.00000000
408.00000000 132.00000000 1.00000000 167.00000000
668.00000000 191.00000000 1.00000000 162.00000000
399.00000000 150.00000000 0.00000000 160.00000000
427.00000000 230.00000000 0.00000000 155.00000000
401.00000000 448.00000000 1.00000000 152.00000000
349.00000000 335.00000000 1.00000000 151.00000000
409.00000000 135.00000000 0.00000000 151.00000000
399.00000000 151.00000000 1.00000000 150.00000000
262.00000000 409.00000000 1.00000000 148.00000000
350.00000000 367.00000000 5.00000000 143.00000000
147.00000000 209.00000000 0.00000000 143.00000000
239.00000000 116.00000000 0.00000000 138.00000000
122.00000000 342.00000000 1.00000000 138.00000000
399.00000000 122.00000000 1.00000000 137.00000000
401.00000000 447.00000000 0.00000000 135.00000000
265.00000000 311.00000000 1.00000000 134.00000000
537.00000000 197.00000000 1.00000000 133.00000000
399.00000000 122.00000000 0.00000000 132.00000000
350.00000000 111.00000000 0.00000000 132.00000000
175.00000000 334.00000000 0.00000000 125.00000000
625.00000000 229.00000000 0.00000000 125.00000000
487.00000000 185.00000000 1.00000000 124.00000000
185.00000000 124.00000000 0.00000000 124.00000000
146.00000000 210.00000000 1.00000000 122.00000000
231.00000000 99.00000000 0.00000000 121.00000000
474.00000000 263.00000000 0.00000000 119.00000000
289.00000000 311.00000000 0.00000000 118.00000000
538.00000000 195.00000000 0.00000000 116.00000000
62.00000000 123.00000000 0.00000000 116.00000000
185.00000000 433.00000000 0.00000000 113.00000000
147.00000000 278.00000000 0.00000000 113.00000000
570.00000000 161.00000000 0.00000000 112.00000000
297.00000000 323.00000000 0.00000000 111.00000000
349.00000000 335.00000000 0.00000000 104.00000000
487.00000000 185.00000000 0.00000000 102.00000000
668.00000000 189.00000000 0.00000000 102.00000000
141.00000000 416.00000000 0.00000000 101.00000000
719.00000000 255.00000000 0.00000000 100.00000000
263.00000000 409.00000000 0.00000000 97.00000000
739.00000000 253.00000000 0.00000000 97.00000000
488.00000000 196.00000000 0.00000000 96.00000000
374.00000000 546.00000000 0.00000000 93.00000000
188.00000000 88.00000000 0.00000000 91.00000000
122.00000000 341.00000000 0.00000000 90.00000000
141.00000000 234.00000000 0.00000000 90.00000000
739.00000000 242.00000000 0.00000000 89.00000000
423.00000000 190.00000000 0.00000000 89.00000000
386.00000000 366.00000000 0.00000000 89.00000000
130.00000000 222.00000000 0.00000000 88.00000000
458.00000000 122.00000000 0.00000000 88.00000000
349.00000000 141.00000000 0.00000000 86.00000000
127.00000000 270.00000000 0.00000000 86.00000000
396.00000000 131.00000000 0.00000000 86.00000000
398.00000000 434.00000000 0.00000000 83.00000000
