275.00000000 334.00000000 1.00000000 811.00000000
326.00000000 320.00000000 1.00000000 796.00000000
325.00000000 319.00000000 0.00000000 793.00000000
422.00000000 180.00000000 2.00000000 695.00000000
274.00000000 333.00000000 1.00000000 675.00000000
275.00000000 334.00000000 0.00000000 669.00000000
554.00000000 108.00000000 0.00000000 603.00000000
427.00000000 207.00000000 1.00000000 593.00000000
428.00000000 210.00000000 2.00000000 574.00000000
421.00000000 178.00000000 1.00000000 534.00000000
428.00000000 207.00000000 1.00000000 532.00000000
570.00000000 154.00000000 2.00000000 513.00000000
554.00000000 173.00000000 0.00000000 504.00000000
496.00000000 233.00000000 0.00000000 503.00000000
243.00000000 338.00000000 1.00000000 494.00000000
421.00000000 181.00000000 2.00000000 484.00000000
461.00000000 233.00000000 0.00000000 476.00000000
571.00000000 151.00000000 1.00000000 476.00000000
554.00000000 173.00000000 1.00000000 474.00000000
62.00000000 123.00000000 0.00000000 459.00000000
427.00000000 205.00000000 0.00000000 454.00000000
241.00000000 337.00000000 1.00000000 445.00000000
61.00000000 123.00000000 1.00000000 444.00000000
423.00000000 177.00000000 1.00000000 443.00000000
243.00000000 338.00000000 0.00000000 441.00000000
422.00000000 176.00000000 0.00000000 440.00000000
739.00000000 253.00000000 0.00000000 431.00000000
144.00000000 432.00000000 2.00000000 427.00000000
554.00000000 109.00000000 1.00000000 423.00000000
265.00000000 311.00000000 0.00000000 422.00000000
178.00000000 343.00000000 0.00000000 419.00000000
178.00000000 344.00000000 1.00000000 418.00000000
739.00000000 244.00000000 1.00000000 414.00000000
145.00000000 431.00000000 1.00000000 404.00000000
572.00000000 147.00000000 0.00000000 398.00000000
274.00000000 332.00000000 2.00000000 395.00000000
571.00000000 149.00000000 1.00000000 387.00000000
496.00000000 233.00000000 1.00000000 386.00000000
739.00000000 242.00000000 0.00000000 385.00000000
462.00000000 233.00000000 1.00000000 384.00000000
427.00000000 212.00000000 2.00000000 375.00000000
248.00000000 322.00000000 2.00000000 372.00000000
146.00000000 430.00000000 1.00000000 363.00000000
176.00000000 345.00000000 1.00000000 362.00000000
456.00000000 114.00000000 2.00000000 358.00000000
571.00000000 155.00000000 2.00000000 350.00000000
781.00000000 244.00000000 0.00000000 346.00000000
457.00000000 110.00000000 0.00000000 341.00000000
760.00000000 243.00000000 0.00000000 339.00000000
457.00000000 111.00000000 1.00000000 333.00000000
719.00000000 255.00000000 1.00000000 332.00000000
456.00000000 113.00000000 1.00000000 332.00000000
144.00000000 429.00000000 2.00000000 330.00000000
363.00000000 220.00000000 1.00000000 329.00000000
363.00000000 218.00000000 0.00000000 322.00000000
719.00000000 255.00000000 0.00000000 317.00000000
781.00000000 245.00000000 1.00000000 314.00000000
598.00000000 462.00000000 1.00000000 309.00000000
552.00000000 112.00000000 2.00000000 301.00000000
147.00000000 429.00000000 0.00000000 297.00000000
748.00000000 304.00000000 1.00000000 295.00000000
552.00000000 108.00000000 1.00000000 295.00000000
596.00000000 465.00000000 1.00000000 292.00000000
322.00000000 311.00000000 0.00000000 292.00000000
32.00000000 249.00000000 1.00000000 281.00000000
427.00000000 229.00000000 1.00000000 279.00000000
250.00000000 321.00000000 1.00000000 279.00000000
552.00000000 173.00000000 1.00000000 276.00000000
516.00000000 383.00000000 0.00000000 276.00000000
607.00000000 323.00000000 0.00000000 276.00000000
761.00000000 245.00000000 1.00000000 274.00000000
154.00000000 296.00000000 1.00000000 271.00000000
233.00000000 257.00000000 1.00000000 271.00000000
739.00000000 255.00000000 1.00000000 270.00000000
568.00000000 370.00000000 0.00000000 270.00000000
542.00000000 383.00000000 0.00000000 269.00000000
557.00000000 382.00000000 0.00000000 267.00000000
656.00000000 265.00000000 5.00000000 265.00000000
376.00000000 135.00000000 0.00000000 258.00000000
461.00000000 231.00000000 1.00000000 256.00000000
384.00000000 136.00000000 0.00000000 255.00000000
325.00000000 321.00000000 1.00000000 254.00000000
568.00000000 371.00000000 1.00000000 253.00000000
598.00000000 461.00000000 0.00000000 253.00000000
748.00000000 303.00000000 0.00000000 250.00000000
251.00000000 319.00000000 1.00000000 249.00000000
154.00000000 294.00000000 0.00000000 248.00000000
428.00000000 230.00000000 1.00000000 247.00000000
402.00000000 448.00000000 1.00000000 246.00000000
427.00000000 230.00000000 0.00000000 241.00000000
398.00000000 151.00000000 1.00000000 231.00000000
552.00000000 112.00000000 4.00000000 228.00000000
399.00000000 150.00000000 0.00000000 226.00000000
652.00000000 264.00000000 4.00000000 225.00000000
235.00000000 109.00000000 1.00000000 224.00000000
32.00000000 248.00000000 0.00000000 223.00000000
290.00000000 323.00000000 0.00000000 223.00000000
408.00000000 132.00000000 1.00000000 222.00000000
308.00000000 306.00000000 0.00000000 221.00000000
594.00000000 489.00000000 1.00000000 215.00000000
283.00000000 308.00000000 0.00000000 211.00000000
148.00000000 421.00000000 0.00000000 210.00000000
625.00000000 229.00000000 0.00000000 209.00000000
594.00000000 488.00000000 0.00000000 206.00000000
316.00000000 429.00000000 0.00000000 199.00000000
255.00000000 316.00000000 0.00000000 195.00000000
149.00000000 350.00000000 0.00000000 193.00000000
308.00000000 322.00000000 0.00000000 192.00000000
182.00000000 362.00000000 0.00000000 191.00000000
406.00000000 332.00000000 0.00000000 187.00000000
399.00000000 122.00000000 0.00000000 185.00000000
350.00000000 114.00000000 0.00000000 182.00000000
140.00000000 579.00000000 0.00000000 182.00000000
386.00000000 365.00000000 0.00000000 182.00000000
387.00000000 347.00000000 0.00000000 179.00000000
144.00000000 267.00000000 0.00000000 178.00000000
474.00000000 263.00000000 0.00000000 171.00000000
349.00000000 380.00000000 0.00000000 169.00000000
236.00000000 108.00000000 0.00000000 168.00000000
402.00000000 447.00000000 0.00000000 164.00000000
570.00000000 161.00000000 0.00000000 163.00000000
309.00000000 235.00000000 0.00000000 163.00000000
409.00000000 136.00000000 0.00000000 162.00000000
175.00000000 335.00000000 0.00000000 154.00000000
468.00000000 514.00000000 0.00000000 154.00000000
147.00000000 278.00000000 0.00000000 153.00000000
538.00000000 195.00000000 0.00000000 151.00000000
