275.00000000 334.00000000 1.00000000 805.00000000
325.00000000 319.00000000 0.00000000 739.00000000
326.00000000 320.00000000 1.00000000 722.00000000
274.00000000 333.00000000 1.00000000 696.00000000
422.00000000 180.00000000 2.00000000 661.00000000
275.00000000 334.00000000 0.00000000 655.00000000
554.00000000 108.00000000 0.00000000 605.00000000
427.00000000 207.00000000 1.00000000 565.00000000
428.00000000 210.00000000 2.00000000 560.00000000
422.00000000 178.00000000 1.00000000 532.00000000
572.00000000 154.00000000 2.00000000 512.00000000
428.00000000 207.00000000 1.00000000 498.00000000
243.00000000 338.00000000 1.00000000 498.00000000
496.00000000 233.00000000 0.00000000 491.00000000
554.00000000 173.00000000 0.00000000 487.00000000
571.00000000 151.00000000 1.00000000 484.00000000
554.00000000 173.00000000 1.00000000 482.00000000
421.00000000 181.00000000 2.00000000 464.00000000
461.00000000 233.00000000 0.00000000 456.00000000
241.00000000 336.00000000 1.00000000 448.00000000
243.00000000 338.00000000 0.00000000 443.00000000
423.00000000 177.00000000 1.00000000 440.00000000
554.00000000 108.00000000 1.00000000 440.00000000
427.00000000 205.00000000 0.00000000 429.00000000
265.00000000 311.00000000 0.00000000 427.00000000
572.00000000 147.00000000 0.00000000 418.00000000
274.00000000 332.00000000 2.00000000 413.00000000
422.00000000 176.00000000 0.00000000 404.00000000
571.00000000 149.00000000 1.00000000 401.00000000
178.00000000 343.00000000 0.00000000 397.00000000
462.00000000 233.00000000 1.00000000 388.00000000
456.00000000 114.00000000 2.00000000 385.00000000
178.00000000 344.00000000 1.00000000 384.00000000
248.00000000 322.00000000 2.00000000 382.00000000
496.00000000 233.00000000 1.00000000 378.00000000
427.00000000 212.00000000 2.00000000 373.00000000
457.00000000 110.00000000 0.00000000 371.00000000
457.00000000 111.00000000 1.00000000 364.00000000
456.00000000 111.00000000 1.00000000 364.00000000
571.00000000 155.00000000 2.00000000 353.00000000
176.00000000 345.00000000 1.00000000 342.00000000
347.00000000 115.00000000 2.00000000 327.00000000
552.00000000 112.00000000 2.00000000 321.00000000
552.00000000 108.00000000 1.00000000 316.00000000
739.00000000 253.00000000 0.00000000 305.00000000
460.00000000 230.00000000 2.00000000 297.00000000
552.00000000 173.00000000 1.00000000 295.00000000
250.00000000 321.00000000 1.00000000 293.00000000
739.00000000 244.00000000 1.00000000 292.00000000
166.00000000 434.00000000 1.00000000 289.00000000
739.00000000 242.00000000 0.00000000 277.00000000
427.00000000 229.00000000 1.00000000 276.00000000
376.00000000 135.00000000 0.00000000 269.00000000
385.00000000 135.00000000 0.00000000 268.00000000
374.00000000 247.00000000 0.00000000 268.00000000
251.00000000 319.00000000 1.00000000 259.00000000
236.00000000 109.00000000 1.00000000 258.00000000
461.00000000 231.00000000 1.00000000 253.00000000
322.00000000 311.00000000 0.00000000 253.00000000
552.00000000 112.00000000 4.00000000 252.00000000
408.00000000 134.00000000 1.00000000 251.00000000
428.00000000 230.00000000 1.00000000 250.00000000
154.00000000 294.00000000 0.00000000 242.00000000
349.00000000 379.00000000 1.00000000 235.00000000
168.00000000 433.00000000 1.00000000 234.00000000
154.00000000 296.00000000 1.00000000 234.00000000
719.00000000 255.00000000 1.00000000 233.00000000
427.00000000 230.00000000 0.00000000 233.00000000
719.00000000 255.00000000 0.00000000 233.00000000
234.00000000 108.00000000 1.00000000 231.00000000
760.00000000 243.00000000 0.00000000 231.00000000
308.00000000 306.00000000 0.00000000 229.00000000
402.00000000 448.00000000 1.00000000 227.00000000
781.00000000 244.00000000 0.00000000 224.00000000
781.00000000 245.00000000 1.00000000 220.00000000
748.00000000 304.00000000 1.00000000 216.00000000
408.00000000 132.00000000 1.00000000 215.00000000
387.00000000 347.00000000 0.00000000 214.00000000
308.00000000 322.00000000 0.00000000 212.00000000
349.00000000 379.00000000 1.00000000 208.00000000
387.00000000 348.00000000 1.00000000 207.00000000
398.00000000 151.00000000 1.00000000 207.00000000
399.00000000 150.00000000 0.00000000 205.00000000
283.00000000 308.00000000 0.00000000 205.00000000
452.00000000 112.00000000 4.00000000 204.00000000
607.00000000 323.00000000 0.00000000 200.00000000
146.00000000 279.00000000 1.00000000 200.00000000
739.00000000 255.00000000 1.00000000 200.00000000
255.00000000 316.00000000 0.00000000 198.00000000
625.00000000 229.00000000 0.00000000 196.00000000
350.00000000 114.00000000 1.00000000 193.00000000
761.00000000 244.00000000 1.00000000 185.00000000
409.00000000 136.00000000 0.00000000 185.00000000
748.00000000 303.00000000 0.00000000 185.00000000
236.00000000 109.00000000 0.00000000 183.00000000
661.00000000 265.00000000 5.00000000 182.00000000
316.00000000 253.00000000 0.00000000 181.00000000
399.00000000 122.00000000 1.00000000 174.00000000
399.00000000 122.00000000 0.00000000 173.00000000
401.00000000 447.00000000 0.00000000 170.00000000
570.00000000 160.00000000 1.00000000 169.00000000
516.00000000 383.00000000 0.00000000 169.00000000
62.00000000 123.00000000 0.00000000 168.00000000
350.00000000 114.00000000 0.00000000 163.00000000
474.00000000 263.00000000 0.00000000 160.00000000
149.00000000 127.00000000 0.00000000 158.00000000
538.00000000 195.00000000 0.00000000 157.00000000
347.00000000 121.00000000 0.00000000 157.00000000
168.00000000 432.00000000 0.00000000 157.00000000
175.00000000 334.00000000 0.00000000 156.00000000
568.00000000 370.00000000 0.00000000 155.00000000
557.00000000 382.00000000 0.00000000 155.00000000
542.00000000 383.00000000 0.00000000 154.00000000
570.00000000 161.00000000 0.00000000 152.00000000
171.00000000 425.00000000 0.00000000 147.00000000
349.00000000 380.00000000 0.00000000 145.00000000
182.00000000 362.00000000 0.00000000 142.00000000
316.00000000 429.00000000 0.00000000 137.00000000
147.00000000 278.00000000 0.00000000 134.00000000
488.00000000 196.00000000 0.00000000 129.00000000
141.00000000 234.00000000 0.00000000 124.00000000
598.00000000 461.00000000 0.00000000 124.00000000
132.00000000 200.00000000 0.00000000 118.00000000
231.00000000 98.00000000 0.00000000 113.00000000
487.00000000 185.00000000 0.00000000 113.00000000
458.00000000 156.00000000 0.00000000 113.00000000
238.00000000 116.00000000 0.00000000 111.00000000
