1232.00000000 600.00000000 1.00000000 833.00000000
1231.00000000 600.00000000 0.00000000 748.00000000
576.00000000 765.00000000 0.00000000 633.00000000
1233.00000000 601.00000000 1.00000000 547.00000000
1153.00000000 637.00000000 0.00000000 476.00000000
708.00000000 212.00000000 0.00000000 448.00000000
886.00000000 559.00000000 0.00000000 419.00000000
173.00000000 603.00000000 1.00000000 414.00000000
1064.00000000 211.00000000 0.00000000 370.00000000
1110.00000000 644.00000000 0.00000000 360.00000000
1234.00000000 602.00000000 2.00000000 356.00000000
788.00000000 252.00000000 4.00000000 350.00000000
860.00000000 842.00000000 0.00000000 337.00000000
576.00000000 765.00000000 1.00000000 334.00000000
626.00000000 527.00000000 0.00000000 331.00000000
708.00000000 213.00000000 1.00000000 320.00000000
199.00000000 768.00000000 0.00000000 308.00000000
1149.00000000 626.00000000 1.00000000 308.00000000
1064.00000000 212.00000000 1.00000000 304.00000000
1154.00000000 637.00000000 1.00000000 294.00000000
1110.00000000 645.00000000 1.00000000 291.00000000
466.00000000 717.00000000 0.00000000 285.00000000
1153.00000000 311.00000000 0.00000000 278.00000000
783.00000000 246.00000000 2.00000000 271.00000000
656.00000000 180.00000000 1.00000000 268.00000000
173.00000000 601.00000000 0.00000000 264.00000000
1098.00000000 217.00000000 0.00000000 263.00000000
656.00000000 179.00000000 0.00000000 262.00000000
45.00000000 142.00000000 0.00000000 260.00000000
598.00000000 233.00000000 1.00000000 257.00000000
860.00000000 842.00000000 1.00000000 255.00000000
678.00000000 240.00000000 2.00000000 251.00000000
1043.00000000 251.00000000 0.00000000 250.00000000
1055.00000000 266.00000000 0.00000000 249.00000000
629.00000000 538.00000000 0.00000000 249.00000000
52.00000000 142.00000000 0.00000000 248.00000000
1137.00000000 910.00000000 0.00000000 246.00000000
536.00000000 244.00000000 1.00000000 245.00000000
604.00000000 928.00000000 0.00000000 243.00000000
684.00000000 244.00000000 4.00000000 243.00000000
786.00000000 254.00000000 5.00000000 242.00000000
172.00000000 603.00000000 1.00000000 242.00000000
546.00000000 752.00000000 0.00000000 242.00000000
112.00000000 142.00000000 0.00000000 241.00000000
199.00000000 768.00000000 1.00000000 235.00000000
1187.00000000 284.00000000 0.00000000 235.00000000
1006.00000000 284.00000000 1.00000000 235.00000000
888.00000000 243.00000000 0.00000000 233.00000000
372.00000000 789.00000000 0.00000000 233.00000000
1148.00000000 626.00000000 0.00000000 231.00000000
1188.00000000 284.00000000 1.00000000 230.00000000
535.00000000 245.00000000 0.00000000 227.00000000
32.00000000 143.00000000 0.00000000 227.00000000
629.00000000 538.00000000 1.00000000 226.00000000
1087.00000000 157.00000000 1.00000000 224.00000000
615.00000000 840.00000000 0.00000000 223.00000000
546.00000000 752.00000000 1.00000000 223.00000000
1098.00000000 218.00000000 1.00000000 221.00000000
56.00000000 131.00000000 0.00000000 220.00000000
523.00000000 245.00000000 0.00000000 220.00000000
1137.00000000 898.00000000 0.00000000 220.00000000
1236.00000000 605.00000000 2.00000000 220.00000000
865.00000000 622.00000000 0.00000000 220.00000000
782.00000000 244.00000000 2.00000000 219.00000000
1008.00000000 284.00000000 2.00000000 219.00000000
900.00000000 613.00000000 0.00000000 219.00000000
907.00000000 628.00000000 0.00000000 218.00000000
1099.00000000 223.00000000 0.00000000 216.00000000
1087.00000000 156.00000000 1.00000000 214.00000000
893.00000000 254.00000000 2.00000000 214.00000000
745.00000000 178.00000000 0.00000000 213.00000000
892.00000000 250.00000000 2.00000000 212.00000000
1154.00000000 312.00000000 1.00000000 211.00000000
859.00000000 830.00000000 0.00000000 210.00000000
868.00000000 196.00000000 0.00000000 209.00000000
1170.00000000 159.00000000 1.00000000 209.00000000
580.00000000 758.00000000 0.00000000 208.00000000
784.00000000 595.00000000 0.00000000 208.00000000
1089.00000000 96.00000000 1.00000000 208.00000000
614.00000000 841.00000000 1.00000000 207.00000000
1088.00000000 96.00000000 1.00000000 206.00000000
859.00000000 171.00000000 0.00000000 206.00000000
1234.00000000 159.00000000 1.00000000 205.00000000
656.00000000 210.00000000 0.00000000 204.00000000
1216.00000000 601.00000000 0.00000000 202.00000000
566.00000000 255.00000000 0.00000000 202.00000000
599.00000000 233.00000000 1.00000000 201.00000000
1136.00000000 910.00000000 1.00000000 201.00000000
887.00000000 559.00000000 1.00000000 199.00000000
1138.00000000 621.00000000 0.00000000 199.00000000
108.00000000 886.00000000 1.00000000 199.00000000
678.00000000 238.00000000 2.00000000 198.00000000
708.00000000 212.00000000 1.00000000 198.00000000
625.00000000 253.00000000 0.00000000 198.00000000
24.00000000 132.00000000 0.00000000 198.00000000
760.00000000 177.00000000 0.00000000 198.00000000
1149.00000000 625.00000000 1.00000000 198.00000000
948.00000000 215.00000000 0.00000000 197.00000000
656.00000000 211.00000000 1.00000000 194.00000000
580.00000000 515.00000000 0.00000000 193.00000000
767.00000000 176.00000000 0.00000000 193.00000000
1207.00000000 255.00000000 1.00000000 193.00000000
1080.00000000 274.00000000 0.00000000 192.00000000
1133.00000000 151.00000000 1.00000000 192.00000000
537.00000000 243.00000000 1.00000000 191.00000000
674.00000000 229.00000000 0.00000000 190.00000000
291.00000000 875.00000000 0.00000000 190.00000000
18.00000000 132.00000000 0.00000000 189.00000000
1200.00000000 638.00000000 0.00000000 189.00000000
1202.00000000 170.00000000 2.00000000 189.00000000
1200.00000000 168.00000000 1.00000000 188.00000000
148.00000000 400.00000000 2.00000000 187.00000000
44.00000000 131.00000000 0.00000000 187.00000000
733.00000000 642.00000000 0.00000000 187.00000000
258.00000000 127.00000000 0.00000000 186.00000000
86.00000000 390.00000000 0.00000000 186.00000000
634.00000000 509.00000000 0.00000000 186.00000000
331.00000000 411.00000000 1.00000000 185.00000000
779.00000000 236.00000000 1.00000000 184.00000000
733.00000000 642.00000000 1.00000000 183.00000000
627.00000000 527.00000000 1.00000000 183.00000000
618.00000000 212.00000000 2.00000000 183.00000000
665.00000000 568.00000000 1.00000000 182.00000000
858.00000000 831.00000000 1.00000000 182.00000000
1145.00000000 220.00000000 1.00000000 181.00000000
1189.00000000 282.00000000 1.00000000 178.00000000
24.00000000 554.00000000 1.00000000 173.00000000
