1232.00000000 597.00000000 1.00000000 617.00000000
1232.00000000 596.00000000 0.00000000 522.00000000
1058.00000000 245.00000000 0.00000000 433.00000000
1233.00000000 596.00000000 1.00000000 422.00000000
708.00000000 210.00000000 0.00000000 420.00000000
886.00000000 557.00000000 0.00000000 417.00000000
1064.00000000 209.00000000 0.00000000 372.00000000
1058.00000000 245.00000000 1.00000000 328.00000000
708.00000000 210.00000000 1.00000000 320.00000000
784.00000000 248.00000000 4.00000000 301.00000000
1064.00000000 209.00000000 1.00000000 292.00000000
1098.00000000 216.00000000 1.00000000 280.00000000
1098.00000000 215.00000000 0.00000000 276.00000000
1093.00000000 252.00000000 0.00000000 275.00000000
1234.00000000 600.00000000 2.00000000 275.00000000
576.00000000 763.00000000 0.00000000 274.00000000
783.00000000 246.00000000 2.00000000 273.00000000
199.00000000 766.00000000 0.00000000 271.00000000
1087.00000000 155.00000000 1.00000000 270.00000000
1087.00000000 155.00000000 1.00000000 261.00000000
875.00000000 603.00000000 1.00000000 256.00000000
876.00000000 602.00000000 0.00000000 255.00000000
1089.00000000 92.00000000 1.00000000 253.00000000
1145.00000000 217.00000000 1.00000000 251.00000000
1098.00000000 216.00000000 1.00000000 250.00000000
904.00000000 271.00000000 0.00000000 244.00000000
624.00000000 251.00000000 0.00000000 243.00000000
678.00000000 237.00000000 2.00000000 239.00000000
1088.00000000 93.00000000 1.00000000 237.00000000
890.00000000 246.00000000 2.00000000 235.00000000
896.00000000 256.00000000 4.00000000 233.00000000
1234.00000000 158.00000000 1.00000000 229.00000000
918.00000000 620.00000000 0.00000000 223.00000000
688.00000000 255.00000000 0.00000000 221.00000000
655.00000000 178.00000000 1.00000000 221.00000000
1089.00000000 91.00000000 0.00000000 217.00000000
1069.00000000 88.00000000 1.00000000 215.00000000
174.00000000 601.00000000 1.00000000 214.00000000
1069.00000000 86.00000000 0.00000000 213.00000000
1043.00000000 248.00000000 0.00000000 212.00000000
778.00000000 234.00000000 1.00000000 210.00000000
199.00000000 767.00000000 1.00000000 206.00000000
618.00000000 210.00000000 2.00000000 205.00000000
655.00000000 177.00000000 0.00000000 204.00000000
890.00000000 248.00000000 2.00000000 203.00000000
868.00000000 194.00000000 0.00000000 203.00000000
1145.00000000 217.00000000 0.00000000 201.00000000
1170.00000000 158.00000000 1.00000000 201.00000000
1074.00000000 19.00000000 0.00000000 201.00000000
1125.00000000 190.00000000 0.00000000 200.00000000
888.00000000 240.00000000 1.00000000 200.00000000
237.00000000 369.00000000 1.00000000 198.00000000
782.00000000 242.00000000 2.00000000 197.00000000
1207.00000000 251.00000000 1.00000000 197.00000000
1028.00000000 123.00000000 0.00000000 196.00000000
1060.00000000 189.00000000 0.00000000 195.00000000
1216.00000000 598.00000000 0.00000000 194.00000000
1145.00000000 217.00000000 1.00000000 194.00000000
595.00000000 204.00000000 0.00000000 194.00000000
676.00000000 234.00000000 2.00000000 192.00000000
786.00000000 248.00000000 5.00000000 191.00000000
1230.00000000 222.00000000 1.00000000 191.00000000
1234.00000000 158.00000000 2.00000000 189.00000000
1086.00000000 154.00000000 0.00000000 189.00000000
1024.00000000 213.00000000 0.00000000 187.00000000
1234.00000000 157.00000000 1.00000000 187.00000000
887.00000000 557.00000000 1.00000000 185.00000000
1020.00000000 284.00000000 0.00000000 184.00000000
45.00000000 141.00000000 0.00000000 183.00000000
1170.00000000 158.00000000 1.00000000 182.00000000
708.00000000 210.00000000 1.00000000 182.00000000
947.00000000 207.00000000 1.00000000 181.00000000
888.00000000 240.00000000 0.00000000 181.00000000
288.00000000 373.00000000 1.00000000 179.00000000
946.00000000 208.00000000 2.00000000 179.00000000
499.00000000 425.00000000 1.00000000 178.00000000
500.00000000 425.00000000 1.00000000 178.00000000
603.00000000 926.00000000 0.00000000 178.00000000
782.00000000 326.00000000 2.00000000 177.00000000
760.00000000 175.00000000 0.00000000 177.00000000
674.00000000 227.00000000 1.00000000 176.00000000
1200.00000000 166.00000000 1.00000000 176.00000000
1216.00000000 599.00000000 1.00000000 176.00000000
1064.00000000 209.00000000 1.00000000 175.00000000
656.00000000 208.00000000 0.00000000 174.00000000
624.00000000 250.00000000 1.00000000 173.00000000
355.00000000 113.00000000 0.00000000 173.00000000
1230.00000000 220.00000000 1.00000000 171.00000000
745.00000000 176.00000000 0.00000000 170.00000000
273.00000000 376.00000000 0.00000000 170.00000000
1133.00000000 149.00000000 1.00000000 170.00000000
778.00000000 233.00000000 0.00000000 169.00000000
656.00000000 209.00000000 1.00000000 169.00000000
372.00000000 788.00000000 0.00000000 169.00000000
173.00000000 598.00000000 0.00000000 169.00000000
859.00000000 169.00000000 0.00000000 169.00000000
595.00000000 205.00000000 1.00000000 168.00000000
1055.00000000 50.00000000 2.00000000 168.00000000
288.00000000 376.00000000 1.00000000 166.00000000
577.00000000 203.00000000 0.00000000 166.00000000
871.00000000 589.00000000 1.00000000 166.00000000
1129.00000000 210.00000000 0.00000000 164.00000000
644.00000000 251.00000000 0.00000000 164.00000000
887.00000000 598.00000000 1.00000000 164.00000000
287.00000000 376.00000000 0.00000000 163.00000000
644.00000000 251.00000000 1.00000000 161.00000000
846.00000000 603.00000000 0.00000000 158.00000000
723.00000000 256.00000000 1.00000000 158.00000000
1024.00000000 214.00000000 1.00000000 158.00000000
1133.00000000 148.00000000 0.00000000 156.00000000
793.00000000 263.00000000 0.00000000 156.00000000
1207.00000000 255.00000000 0.00000000 154.00000000
1261.00000000 194.00000000 0.00000000 153.00000000
51.00000000 140.00000000 0.00000000 152.00000000
556.00000000 189.00000000 0.00000000 152.00000000
1147.00000000 637.00000000 0.00000000 151.00000000
673.00000000 226.00000000 0.00000000 150.00000000
1054.00000000 45.00000000 0.00000000 150.00000000
31.00000000 142.00000000 0.00000000 149.00000000
1207.00000000 249.00000000 0.00000000 148.00000000
888.00000000 598.00000000 0.00000000 147.00000000
1235.00000000 156.00000000 0.00000000 146.00000000
1230.00000000 219.00000000 0.00000000 145.00000000
1029.00000000 97.00000000 0.00000000 144.00000000
596.00000000 217.00000000 0.00000000 144.00000000
850.00000000 195.00000000 0.00000000 143.00000000
30.00000000 548.00000000 0.00000000 143.00000000
