28.00000000 577.00000000 0.00000000 294.00000000
598.00000000 233.00000000 1.00000000 259.00000000
910.00000000 281.00000000 1.00000000 258.00000000
1022.00000000 289.00000000 0.00000000 256.00000000
909.00000000 281.00000000 1.00000000 246.00000000
908.00000000 282.00000000 2.00000000 244.00000000
598.00000000 231.00000000 1.00000000 242.00000000
535.00000000 243.00000000 1.00000000 238.00000000
536.00000000 244.00000000 1.00000000 224.00000000
910.00000000 281.00000000 0.00000000 222.00000000
907.00000000 280.00000000 2.00000000 221.00000000
1022.00000000 289.00000000 1.00000000 218.00000000
28.00000000 578.00000000 1.00000000 209.00000000
550.00000000 557.00000000 0.00000000 204.00000000
351.00000000 448.00000000 0.00000000 199.00000000
487.00000000 158.00000000 0.00000000 187.00000000
27.00000000 570.00000000 0.00000000 182.00000000
535.00000000 245.00000000 0.00000000 182.00000000
520.00000000 441.00000000 0.00000000 181.00000000
1005.00000000 287.00000000 1.00000000 179.00000000
12.00000000 562.00000000 0.00000000 177.00000000
1005.00000000 287.00000000 1.00000000 173.00000000
1006.00000000 288.00000000 2.00000000 173.00000000
598.00000000 233.00000000 0.00000000 163.00000000
466.00000000 136.00000000 0.00000000 161.00000000
1018.00000000 712.00000000 0.00000000 159.00000000
760.00000000 647.00000000 0.00000000 159.00000000
908.00000000 280.00000000 4.00000000 157.00000000
536.00000000 244.00000000 2.00000000 155.00000000
377.00000000 527.00000000 0.00000000 152.00000000
1006.00000000 286.00000000 0.00000000 150.00000000
45.00000000 143.00000000 0.00000000 149.00000000
522.00000000 159.00000000 0.00000000 148.00000000
66.00000000 155.00000000 0.00000000 147.00000000
51.00000000 142.00000000 0.00000000 146.00000000
594.00000000 556.00000000 1.00000000 146.00000000
519.00000000 442.00000000 1.00000000 145.00000000
52.00000000 106.00000000 1.00000000 143.00000000
1247.00000000 354.00000000 1.00000000 143.00000000
1247.00000000 353.00000000 1.00000000 142.00000000
681.00000000 240.00000000 2.00000000 139.00000000
1246.00000000 354.00000000 2.00000000 138.00000000
32.00000000 144.00000000 0.00000000 138.00000000
66.00000000 157.00000000 1.00000000 136.00000000
521.00000000 468.00000000 0.00000000 135.00000000
783.00000000 246.00000000 2.00000000 134.00000000
528.00000000 454.00000000 0.00000000 133.00000000
527.00000000 454.00000000 1.00000000 133.00000000
25.00000000 569.00000000 1.00000000 131.00000000
1092.00000000 309.00000000 0.00000000 130.00000000
24.00000000 539.00000000 0.00000000 127.00000000
373.00000000 544.00000000 0.00000000 127.00000000
905.00000000 271.00000000 5.00000000 127.00000000
52.00000000 106.00000000 0.00000000 127.00000000
788.00000000 248.00000000 4.00000000 126.00000000
424.00000000 482.00000000 0.00000000 126.00000000
487.00000000 159.00000000 1.00000000 125.00000000
598.00000000 234.00000000 2.00000000 125.00000000
148.00000000 400.00000000 2.00000000 124.00000000
10.00000000 105.00000000 0.00000000 124.00000000
489.00000000 449.00000000 1.00000000 123.00000000
371.00000000 530.00000000 0.00000000 122.00000000
593.00000000 556.00000000 0.00000000 121.00000000
908.00000000 640.00000000 0.00000000 121.00000000
1209.00000000 353.00000000 0.00000000 120.00000000
870.00000000 632.00000000 0.00000000 120.00000000
375.00000000 519.00000000 1.00000000 120.00000000
338.00000000 469.00000000 0.00000000 120.00000000
1017.00000000 712.00000000 1.00000000 119.00000000
363.00000000 444.00000000 0.00000000 119.00000000
38.00000000 143.00000000 0.00000000 119.00000000
490.00000000 449.00000000 0.00000000 118.00000000
1026.00000000 46.00000000 0.00000000 118.00000000
108.00000000 889.00000000 1.00000000 117.00000000
44.00000000 131.00000000 0.00000000 115.00000000
545.00000000 537.00000000 0.00000000 114.00000000
57.00000000 142.00000000 0.00000000 114.00000000
114.00000000 108.00000000 1.00000000 113.00000000
50.00000000 131.00000000 0.00000000 112.00000000
559.00000000 550.00000000 0.00000000 112.00000000
114.00000000 107.00000000 0.00000000 112.00000000
759.00000000 647.00000000 1.00000000 111.00000000
600.00000000 502.00000000 0.00000000 111.00000000
1148.00000000 328.00000000 1.00000000 111.00000000
18.00000000 132.00000000 0.00000000 110.00000000
24.00000000 132.00000000 0.00000000 109.00000000
554.00000000 492.00000000 0.00000000 109.00000000
25.00000000 542.00000000 1.00000000 108.00000000
1148.00000000 327.00000000 0.00000000 108.00000000
1248.00000000 354.00000000 0.00000000 107.00000000
418.00000000 543.00000000 0.00000000 106.00000000
108.00000000 889.00000000 0.00000000 106.00000000
408.00000000 438.00000000 0.00000000 106.00000000
583.00000000 538.00000000 0.00000000 104.00000000
1084.00000000 634.00000000 0.00000000 104.00000000
1255.00000000 735.00000000 0.00000000 104.00000000
1057.00000000 674.00000000 0.00000000 104.00000000
1210.00000000 354.00000000 1.00000000 103.00000000
582.00000000 538.00000000 1.00000000 102.00000000
852.00000000 649.00000000 0.00000000 102.00000000
337.00000000 470.00000000 1.00000000 102.00000000
589.00000000 608.00000000 0.00000000 102.00000000
1209.00000000 675.00000000 0.00000000 102.00000000
856.00000000 671.00000000 0.00000000 102.00000000
522.00000000 161.00000000 1.00000000 102.00000000
346.00000000 428.00000000 0.00000000 101.00000000
111.00000000 142.00000000 0.00000000 101.00000000
892.00000000 248.00000000 2.00000000 101.00000000
173.00000000 602.00000000 1.00000000 100.00000000
893.00000000 251.00000000 2.00000000 100.00000000
425.00000000 482.00000000 1.00000000 99.00000000
107.00000000 888.00000000 1.00000000 99.00000000
351.00000000 449.00000000 1.00000000 98.00000000
167.00000000 483.00000000 1.00000000 98.00000000
1149.00000000 329.00000000 1.00000000 97.00000000
466.00000000 135.00000000 1.00000000 97.00000000
1232.00000000 601.00000000 1.00000000 97.00000000
1023.00000000 288.00000000 1.00000000 96.00000000
782.00000000 242.00000000 2.00000000 96.00000000
52.00000000 106.00000000 1.00000000 95.00000000
1025.00000000 47.00000000 1.00000000 95.00000000
114.00000000 108.00000000 1.00000000 90.00000000
147.00000000 398.00000000 1.00000000 88.00000000
465.00000000 134.00000000 1.00000000 87.00000000
489.00000000 449.00000000 1.00000000 79.00000000
900.00000000 224.00000000 1.00000000 77.00000000
582.00000000 538.00000000 1.00000000 76.00000000
