1232.00000000 599.00000000 1.00000000 520.00000000
1231.00000000 598.00000000 0.00000000 491.00000000
35.00000000 574.00000000 1.00000000 461.00000000
36.00000000 574.00000000 1.00000000 384.00000000
1233.00000000 599.00000000 1.00000000 372.00000000
708.00000000 211.00000000 0.00000000 283.00000000
878.00000000 603.00000000 0.00000000 273.00000000
1064.00000000 210.00000000 0.00000000 256.00000000
760.00000000 176.00000000 0.00000000 255.00000000
576.00000000 764.00000000 0.00000000 255.00000000
1234.00000000 602.00000000 2.00000000 253.00000000
784.00000000 248.00000000 4.00000000 252.00000000
52.00000000 141.00000000 0.00000000 246.00000000
886.00000000 557.00000000 0.00000000 242.00000000
877.00000000 604.00000000 1.00000000 241.00000000
745.00000000 177.00000000 0.00000000 240.00000000
1058.00000000 246.00000000 0.00000000 239.00000000
45.00000000 142.00000000 0.00000000 233.00000000
36.00000000 576.00000000 0.00000000 233.00000000
1100.00000000 155.00000000 0.00000000 231.00000000
174.00000000 602.00000000 1.00000000 228.00000000
896.00000000 256.00000000 4.00000000 220.00000000
783.00000000 246.00000000 2.00000000 218.00000000
1064.00000000 211.00000000 1.00000000 218.00000000
36.00000000 576.00000000 2.00000000 215.00000000
1101.00000000 156.00000000 1.00000000 215.00000000
625.00000000 523.00000000 0.00000000 213.00000000
258.00000000 126.00000000 0.00000000 213.00000000
890.00000000 246.00000000 2.00000000 210.00000000
708.00000000 196.00000000 1.00000000 210.00000000
1043.00000000 249.00000000 0.00000000 209.00000000
893.00000000 251.00000000 2.00000000 207.00000000
1093.00000000 253.00000000 0.00000000 206.00000000
1060.00000000 190.00000000 0.00000000 203.00000000
729.00000000 194.00000000 0.00000000 198.00000000
708.00000000 195.00000000 0.00000000 196.00000000
888.00000000 241.00000000 0.00000000 195.00000000
24.00000000 131.00000000 0.00000000 195.00000000
708.00000000 211.00000000 1.00000000 194.00000000
199.00000000 767.00000000 0.00000000 193.00000000
258.00000000 127.00000000 1.00000000 192.00000000
891.00000000 178.00000000 0.00000000 191.00000000
592.00000000 176.00000000 0.00000000 191.00000000
889.00000000 598.00000000 0.00000000 191.00000000
1098.00000000 216.00000000 0.00000000 188.00000000
593.00000000 177.00000000 1.00000000 188.00000000
918.00000000 621.00000000 0.00000000 186.00000000
56.00000000 130.00000000 0.00000000 186.00000000
111.00000000 141.00000000 0.00000000 185.00000000
1086.00000000 156.00000000 1.00000000 185.00000000
277.00000000 315.00000000 0.00000000 185.00000000
1058.00000000 245.00000000 1.00000000 183.00000000
1098.00000000 216.00000000 1.00000000 182.00000000
643.00000000 209.00000000 1.00000000 181.00000000
18.00000000 131.00000000 0.00000000 180.00000000
665.00000000 566.00000000 1.00000000 180.00000000
618.00000000 193.00000000 1.00000000 179.00000000
888.00000000 241.00000000 1.00000000 178.00000000
371.00000000 789.00000000 0.00000000 177.00000000
678.00000000 237.00000000 2.00000000 177.00000000
1026.00000000 154.00000000 0.00000000 177.00000000
1098.00000000 217.00000000 1.00000000 176.00000000
618.00000000 192.00000000 0.00000000 176.00000000
892.00000000 179.00000000 1.00000000 175.00000000
745.00000000 178.00000000 1.00000000 175.00000000
786.00000000 248.00000000 5.00000000 173.00000000
356.00000000 115.00000000 0.00000000 173.00000000
830.00000000 184.00000000 0.00000000 173.00000000
695.00000000 196.00000000 1.00000000 172.00000000
678.00000000 234.00000000 2.00000000 171.00000000
580.00000000 176.00000000 0.00000000 170.00000000
868.00000000 195.00000000 0.00000000 170.00000000
356.00000000 115.00000000 1.00000000 169.00000000
767.00000000 174.00000000 0.00000000 169.00000000
645.00000000 252.00000000 0.00000000 168.00000000
605.00000000 193.00000000 1.00000000 167.00000000
1226.00000000 309.00000000 0.00000000 167.00000000
44.00000000 130.00000000 0.00000000 166.00000000
889.00000000 598.00000000 1.00000000 166.00000000
782.00000000 242.00000000 2.00000000 166.00000000
948.00000000 213.00000000 0.00000000 165.00000000
682.00000000 195.00000000 1.00000000 165.00000000
753.00000000 192.00000000 0.00000000 162.00000000
1099.00000000 222.00000000 0.00000000 161.00000000
465.00000000 216.00000000 0.00000000 160.00000000
1086.00000000 155.00000000 0.00000000 159.00000000
626.00000000 535.00000000 0.00000000 159.00000000
485.00000000 214.00000000 0.00000000 158.00000000
172.00000000 601.00000000 1.00000000 158.00000000
1145.00000000 218.00000000 1.00000000 157.00000000
873.00000000 591.00000000 0.00000000 157.00000000
655.00000000 178.00000000 1.00000000 157.00000000
642.00000000 208.00000000 0.00000000 156.00000000
737.00000000 193.00000000 0.00000000 156.00000000
745.00000000 193.00000000 0.00000000 155.00000000
836.00000000 197.00000000 0.00000000 155.00000000
50.00000000 130.00000000 0.00000000 155.00000000
625.00000000 523.00000000 1.00000000 153.00000000
810.00000000 591.00000000 0.00000000 152.00000000
31.00000000 131.00000000 0.00000000 152.00000000
1209.00000000 351.00000000 0.00000000 152.00000000
500.00000000 425.00000000 1.00000000 151.00000000
1236.00000000 605.00000000 2.00000000 151.00000000
199.00000000 767.00000000 1.00000000 151.00000000
873.00000000 591.00000000 1.00000000 151.00000000
625.00000000 251.00000000 0.00000000 150.00000000
850.00000000 195.00000000 0.00000000 150.00000000
1144.00000000 617.00000000 0.00000000 150.00000000
605.00000000 192.00000000 0.00000000 150.00000000
1086.00000000 156.00000000 1.00000000 150.00000000
273.00000000 376.00000000 0.00000000 149.00000000
595.00000000 216.00000000 1.00000000 148.00000000
237.00000000 370.00000000 1.00000000 148.00000000
499.00000000 427.00000000 1.00000000 148.00000000
349.00000000 124.00000000 1.00000000 147.00000000
1088.00000000 94.00000000 1.00000000 146.00000000
498.00000000 428.00000000 2.00000000 146.00000000
876.00000000 605.00000000 1.00000000 146.00000000
947.00000000 209.00000000 1.00000000 145.00000000
889.00000000 241.00000000 1.00000000 144.00000000
288.00000000 374.00000000 1.00000000 141.00000000
1064.00000000 210.00000000 1.00000000 140.00000000
1234.00000000 158.00000000 1.00000000 139.00000000
834.00000000 416.00000000 2.00000000 137.00000000
1170.00000000 158.00000000 1.00000000 136.00000000
708.00000000 196.00000000 1.00000000 136.00000000
618.00000000 210.00000000 2.00000000 130.00000000
