1232.00000000 598.00000000 1.00000000 726.00000000
1231.00000000 598.00000000 0.00000000 641.00000000
576.00000000 763.00000000 0.00000000 575.00000000
1233.00000000 598.00000000 1.00000000 483.00000000
760.00000000 175.00000000 0.00000000 425.00000000
1064.00000000 210.00000000 0.00000000 401.00000000
707.00000000 210.00000000 0.00000000 390.00000000
199.00000000 767.00000000 0.00000000 383.00000000
868.00000000 195.00000000 0.00000000 375.00000000
886.00000000 557.00000000 0.00000000 369.00000000
745.00000000 177.00000000 0.00000000 344.00000000
850.00000000 195.00000000 0.00000000 342.00000000
1234.00000000 600.00000000 2.00000000 332.00000000
788.00000000 248.00000000 4.00000000 320.00000000
1098.00000000 215.00000000 0.00000000 318.00000000
859.00000000 195.00000000 0.00000000 317.00000000
729.00000000 194.00000000 0.00000000 316.00000000
1064.00000000 210.00000000 1.00000000 314.00000000
1086.00000000 155.00000000 0.00000000 314.00000000
1101.00000000 155.00000000 1.00000000 313.00000000
850.00000000 586.00000000 0.00000000 313.00000000
258.00000000 126.00000000 0.00000000 310.00000000
1100.00000000 155.00000000 0.00000000 306.00000000
1087.00000000 155.00000000 1.00000000 304.00000000
708.00000000 210.00000000 1.00000000 302.00000000
869.00000000 195.00000000 1.00000000 295.00000000
767.00000000 174.00000000 0.00000000 294.00000000
500.00000000 428.00000000 2.00000000 290.00000000
199.00000000 767.00000000 1.00000000 284.00000000
174.00000000 602.00000000 1.00000000 281.00000000
497.00000000 432.00000000 2.00000000 276.00000000
1043.00000000 248.00000000 0.00000000 276.00000000
258.00000000 127.00000000 1.00000000 276.00000000
752.00000000 191.00000000 0.00000000 272.00000000
836.00000000 197.00000000 0.00000000 271.00000000
783.00000000 243.00000000 2.00000000 270.00000000
372.00000000 789.00000000 0.00000000 267.00000000
475.00000000 215.00000000 0.00000000 265.00000000
869.00000000 181.00000000 1.00000000 265.00000000
1098.00000000 216.00000000 1.00000000 264.00000000
576.00000000 764.00000000 1.00000000 263.00000000
737.00000000 193.00000000 0.00000000 262.00000000
915.00000000 621.00000000 0.00000000 259.00000000
655.00000000 178.00000000 1.00000000 259.00000000
830.00000000 184.00000000 0.00000000 256.00000000
745.00000000 192.00000000 0.00000000 253.00000000
625.00000000 523.00000000 0.00000000 253.00000000
1074.00000000 20.00000000 0.00000000 253.00000000
823.00000000 199.00000000 0.00000000 253.00000000
896.00000000 256.00000000 4.00000000 251.00000000
465.00000000 216.00000000 0.00000000 250.00000000
485.00000000 214.00000000 0.00000000 248.00000000
782.00000000 188.00000000 0.00000000 248.00000000
890.00000000 246.00000000 2.00000000 247.00000000
907.00000000 615.00000000 0.00000000 245.00000000
32.00000000 142.00000000 0.00000000 243.00000000
1153.00000000 309.00000000 0.00000000 242.00000000
656.00000000 177.00000000 0.00000000 242.00000000
1062.00000000 639.00000000 0.00000000 242.00000000
678.00000000 237.00000000 2.00000000 242.00000000
645.00000000 251.00000000 0.00000000 239.00000000
864.00000000 838.00000000 0.00000000 238.00000000
888.00000000 241.00000000 0.00000000 236.00000000
52.00000000 141.00000000 0.00000000 236.00000000
907.00000000 615.00000000 1.00000000 234.00000000
893.00000000 248.00000000 2.00000000 233.00000000
1234.00000000 158.00000000 1.00000000 232.00000000
663.00000000 564.00000000 1.00000000 231.00000000
786.00000000 248.00000000 5.00000000 230.00000000
1086.00000000 155.00000000 1.00000000 230.00000000
580.00000000 756.00000000 0.00000000 230.00000000
625.00000000 251.00000000 0.00000000 230.00000000
745.00000000 178.00000000 1.00000000 229.00000000
869.00000000 180.00000000 0.00000000 228.00000000
1088.00000000 94.00000000 1.00000000 228.00000000
173.00000000 598.00000000 0.00000000 225.00000000
45.00000000 141.00000000 0.00000000 224.00000000
1089.00000000 93.00000000 1.00000000 223.00000000
500.00000000 427.00000000 1.00000000 221.00000000
1069.00000000 87.00000000 0.00000000 221.00000000
354.00000000 410.00000000 0.00000000 220.00000000
614.00000000 839.00000000 1.00000000 219.00000000
836.00000000 183.00000000 0.00000000 219.00000000
1125.00000000 190.00000000 0.00000000 219.00000000
343.00000000 410.00000000 0.00000000 218.00000000
1114.00000000 615.00000000 1.00000000 215.00000000
618.00000000 210.00000000 2.00000000 215.00000000
842.00000000 210.00000000 0.00000000 214.00000000
67.00000000 635.00000000 1.00000000 214.00000000
578.00000000 216.00000000 0.00000000 213.00000000
872.00000000 604.00000000 0.00000000 213.00000000
817.00000000 200.00000000 0.00000000 212.00000000
1060.00000000 190.00000000 0.00000000 210.00000000
782.00000000 242.00000000 2.00000000 209.00000000
148.00000000 398.00000000 2.00000000 209.00000000
1075.00000000 20.00000000 1.00000000 209.00000000
864.00000000 836.00000000 2.00000000 208.00000000
349.00000000 124.00000000 1.00000000 208.00000000
1069.00000000 88.00000000 1.00000000 208.00000000
604.00000000 926.00000000 0.00000000 208.00000000
910.00000000 277.00000000 0.00000000 207.00000000
888.00000000 240.00000000 1.00000000 206.00000000
172.00000000 601.00000000 1.00000000 205.00000000
842.00000000 196.00000000 0.00000000 205.00000000
572.00000000 756.00000000 0.00000000 204.00000000
737.00000000 178.00000000 0.00000000 202.00000000
596.00000000 217.00000000 0.00000000 201.00000000
1170.00000000 158.00000000 1.00000000 201.00000000
903.00000000 178.00000000 0.00000000 201.00000000
903.00000000 179.00000000 1.00000000 200.00000000
1133.00000000 149.00000000 1.00000000 198.00000000
778.00000000 234.00000000 1.00000000 196.00000000
859.00000000 196.00000000 1.00000000 193.00000000
1098.00000000 216.00000000 1.00000000 193.00000000
678.00000000 236.00000000 2.00000000 189.00000000
1145.00000000 218.00000000 1.00000000 189.00000000
613.00000000 838.00000000 1.00000000 189.00000000
1113.00000000 615.00000000 1.00000000 188.00000000
625.00000000 522.00000000 1.00000000 187.00000000
864.00000000 838.00000000 1.00000000 187.00000000
656.00000000 209.00000000 1.00000000 187.00000000
1006.00000000 281.00000000 1.00000000 186.00000000
1207.00000000 253.00000000 1.00000000 181.00000000
1200.00000000 166.00000000 1.00000000 181.00000000
864.00000000 837.00000000 1.00000000 180.00000000
257.00000000 127.00000000 1.00000000 175.00000000
1216.00000000 127.00000000 1.00000000 173.00000000
