452.00000000 115.00000000 2.00000000 303.00000000
452.00000000 116.00000000 4.00000000 262.00000000
292.00000000 132.00000000 4.00000000 246.00000000
294.00000000 135.00000000 2.00000000 246.00000000
294.00000000 136.00000000 2.00000000 230.00000000
402.00000000 196.00000000 2.00000000 224.00000000
164.00000000 256.00000000 2.00000000 212.00000000
161.00000000 257.00000000 2.00000000 210.00000000
158.00000000 209.00000000 2.00000000 204.00000000
401.00000000 196.00000000 1.00000000 198.00000000
160.00000000 210.00000000 2.00000000 198.00000000
158.00000000 203.00000000 5.00000000 185.00000000
454.00000000 118.00000000 2.00000000 184.00000000
168.00000000 415.00000000 1.00000000 174.00000000
356.00000000 55.00000000 1.00000000 174.00000000
294.00000000 135.00000000 1.00000000 174.00000000
482.00000000 360.00000000 2.00000000 173.00000000
482.00000000 360.00000000 1.00000000 173.00000000
280.00000000 256.00000000 2.00000000 171.00000000
360.00000000 328.00000000 2.00000000 169.00000000
165.00000000 255.00000000 1.00000000 167.00000000
362.00000000 326.00000000 1.00000000 162.00000000
168.00000000 415.00000000 1.00000000 159.00000000
401.00000000 178.00000000 1.00000000 157.00000000
161.00000000 209.00000000 1.00000000 156.00000000
282.00000000 254.00000000 1.00000000 156.00000000
401.00000000 178.00000000 1.00000000 150.00000000
98.00000000 218.00000000 1.00000000 147.00000000
116.00000000 113.00000000 1.00000000 143.00000000
179.00000000 241.00000000 1.00000000 141.00000000
294.00000000 137.00000000 1.00000000 135.00000000
276.00000000 473.00000000 0.00000000 133.00000000
179.00000000 241.00000000 1.00000000 132.00000000
108.00000000 50.00000000 1.00000000 131.00000000
97.00000000 217.00000000 1.00000000 130.00000000
356.00000000 55.00000000 1.00000000 130.00000000
179.00000000 241.00000000 0.00000000 130.00000000
403.00000000 197.00000000 1.00000000 129.00000000
425.00000000 217.00000000 1.00000000 126.00000000
283.00000000 254.00000000 1.00000000 126.00000000
241.00000000 135.00000000 1.00000000 123.00000000
142.00000000 100.00000000 1.00000000 122.00000000
109.00000000 147.00000000 1.00000000 121.00000000
424.00000000 217.00000000 0.00000000 120.00000000
115.00000000 114.00000000 1.00000000 117.00000000
282.00000000 438.00000000 1.00000000 116.00000000
233.00000000 389.00000000 1.00000000 115.00000000
142.00000000 100.00000000 0.00000000 111.00000000
455.00000000 117.00000000 1.00000000 110.00000000
361.00000000 326.00000000 1.00000000 106.00000000
465.00000000 75.00000000 0.00000000 106.00000000
203.00000000 207.00000000 1.00000000 105.00000000
98.00000000 218.00000000 0.00000000 103.00000000
282.00000000 437.00000000 0.00000000 103.00000000
162.00000000 208.00000000 1.00000000 103.00000000
165.00000000 256.00000000 1.00000000 102.00000000
465.00000000 76.00000000 1.00000000 100.00000000
202.00000000 207.00000000 0.00000000 99.00000000
401.00000000 176.00000000 0.00000000 99.00000000
481.00000000 360.00000000 1.00000000 99.00000000
403.00000000 197.00000000 0.00000000 96.00000000
426.00000000 341.00000000 1.00000000 95.00000000
241.00000000 136.00000000 1.00000000 93.00000000
232.00000000 388.00000000 0.00000000 93.00000000
116.00000000 112.00000000 0.00000000 91.00000000
167.00000000 414.00000000 0.00000000 91.00000000
267.00000000 173.00000000 0.00000000 90.00000000
440.00000000 309.00000000 0.00000000 88.00000000
276.00000000 472.00000000 1.00000000 88.00000000
476.00000000 341.00000000 1.00000000 87.00000000
110.00000000 146.00000000 0.00000000 86.00000000
190.00000000 231.00000000 0.00000000 85.00000000
339.00000000 147.00000000 0.00000000 82.00000000
109.00000000 51.00000000 1.00000000 81.00000000
151.00000000 89.00000000 1.00000000 80.00000000
421.00000000 229.00000000 1.00000000 80.00000000
421.00000000 229.00000000 0.00000000 79.00000000
499.00000000 277.00000000 0.00000000 79.00000000
442.00000000 58.00000000 0.00000000 78.00000000
236.00000000 371.00000000 1.00000000 76.00000000
268.00000000 173.00000000 1.00000000 75.00000000
356.00000000 54.00000000 0.00000000 75.00000000
237.00000000 295.00000000 1.00000000 74.00000000
294.00000000 136.00000000 0.00000000 73.00000000
120.00000000 341.00000000 1.00000000 73.00000000
179.00000000 405.00000000 1.00000000 72.00000000
150.00000000 89.00000000 0.00000000 71.00000000
135.00000000 78.00000000 0.00000000 69.00000000
241.00000000 137.00000000 0.00000000 68.00000000
119.00000000 340.00000000 0.00000000 67.00000000
238.00000000 294.00000000 0.00000000 66.00000000
282.00000000 254.00000000 0.00000000 66.00000000
254.00000000 384.00000000 0.00000000 61.00000000
106.00000000 154.00000000 0.00000000 61.00000000
110.00000000 50.00000000 0.00000000 60.00000000
178.00000000 405.00000000 0.00000000 59.00000000
162.00000000 207.00000000 0.00000000 57.00000000
362.00000000 325.00000000 0.00000000 56.00000000
427.00000000 340.00000000 0.00000000 55.00000000
118.00000000 88.00000000 0.00000000 54.00000000
477.00000000 41.00000000 0.00000000 54.00000000
458.00000000 60.00000000 0.00000000 53.00000000
499.00000000 214.00000000 0.00000000 53.00000000
253.00000000 364.00000000 0.00000000 52.00000000
476.00000000 340.00000000 0.00000000 50.00000000
235.00000000 369.00000000 0.00000000 49.00000000
275.00000000 415.00000000 0.00000000 46.00000000
104.00000000 200.00000000 0.00000000 46.00000000
165.00000000 255.00000000 0.00000000 45.00000000
424.00000000 424.00000000 0.00000000 44.00000000
140.00000000 408.00000000 0.00000000 43.00000000
260.00000000 436.00000000 0.00000000 43.00000000
437.00000000 406.00000000 0.00000000 43.00000000
341.00000000 228.00000000 0.00000000 42.00000000
362.00000000 378.00000000 0.00000000 42.00000000
449.00000000 307.00000000 0.00000000 42.00000000
427.00000000 262.00000000 0.00000000 42.00000000
337.00000000 296.00000000 0.00000000 42.00000000
289.00000000 120.00000000 0.00000000 42.00000000
171.00000000 252.00000000 0.00000000 42.00000000
296.00000000 95.00000000 0.00000000 42.00000000
393.00000000 447.00000000 0.00000000 41.00000000
178.00000000 199.00000000 0.00000000 41.00000000
371.00000000 155.00000000 0.00000000 40.00000000
261.00000000 121.00000000 0.00000000 40.00000000
382.00000000 380.00000000 0.00000000 40.00000000
481.00000000 360.00000000 0.00000000 39.00000000
