333.00000000 38.00000000 1.00000000 332.00000000
372.00000000 244.00000000 4.00000000 303.00000000
332.00000000 38.00000000 2.00000000 301.00000000
333.00000000 38.00000000 1.00000000 300.00000000
267.00000000 190.00000000 1.00000000 288.00000000
244.00000000 102.00000000 2.00000000 263.00000000
268.00000000 191.00000000 1.00000000 262.00000000
479.00000000 230.00000000 1.00000000 247.00000000
260.00000000 284.00000000 2.00000000 233.00000000
478.00000000 232.00000000 2.00000000 229.00000000
135.00000000 206.00000000 2.00000000 220.00000000
478.00000000 230.00000000 1.00000000 219.00000000
244.00000000 101.00000000 1.00000000 219.00000000
370.00000000 243.00000000 2.00000000 217.00000000
165.00000000 417.00000000 1.00000000 213.00000000
276.00000000 170.00000000 2.00000000 209.00000000
274.00000000 169.00000000 2.00000000 207.00000000
138.00000000 204.00000000 2.00000000 205.00000000
310.00000000 316.00000000 2.00000000 195.00000000
373.00000000 248.00000000 5.00000000 195.00000000
333.00000000 38.00000000 0.00000000 191.00000000
21.00000000 233.00000000 1.00000000 191.00000000
311.00000000 315.00000000 1.00000000 187.00000000
243.00000000 101.00000000 2.00000000 187.00000000
110.00000000 50.00000000 1.00000000 186.00000000
160.00000000 144.00000000 2.00000000 184.00000000
138.00000000 203.00000000 1.00000000 180.00000000
109.00000000 50.00000000 0.00000000 178.00000000
278.00000000 169.00000000 1.00000000 176.00000000
132.00000000 252.00000000 4.00000000 175.00000000
245.00000000 101.00000000 1.00000000 172.00000000
166.00000000 417.00000000 1.00000000 170.00000000
261.00000000 284.00000000 1.00000000 169.00000000
267.00000000 190.00000000 0.00000000 169.00000000
108.00000000 50.00000000 1.00000000 168.00000000
421.00000000 427.00000000 1.00000000 160.00000000
420.00000000 286.00000000 1.00000000 157.00000000
279.00000000 170.00000000 1.00000000 152.00000000
265.00000000 251.00000000 1.00000000 151.00000000
22.00000000 233.00000000 1.00000000 147.00000000
478.00000000 230.00000000 0.00000000 145.00000000
105.00000000 286.00000000 1.00000000 144.00000000
161.00000000 144.00000000 1.00000000 144.00000000
278.00000000 115.00000000 1.00000000 143.00000000
162.00000000 452.00000000 1.00000000 141.00000000
162.00000000 452.00000000 1.00000000 141.00000000
140.00000000 203.00000000 1.00000000 139.00000000
178.00000000 239.00000000 0.00000000 139.00000000
105.00000000 285.00000000 0.00000000 137.00000000
311.00000000 315.00000000 1.00000000 137.00000000
371.00000000 154.00000000 1.00000000 131.00000000
421.00000000 427.00000000 1.00000000 129.00000000
321.00000000 225.00000000 1.00000000 129.00000000
421.00000000 285.00000000 0.00000000 127.00000000
245.00000000 101.00000000 0.00000000 126.00000000
161.00000000 452.00000000 0.00000000 124.00000000
266.00000000 251.00000000 1.00000000 121.00000000
373.00000000 251.00000000 1.00000000 117.00000000
370.00000000 154.00000000 0.00000000 115.00000000
261.00000000 284.00000000 1.00000000 111.00000000
149.00000000 421.00000000 1.00000000 110.00000000
22.00000000 232.00000000 0.00000000 109.00000000
238.00000000 198.00000000 1.00000000 108.00000000
374.00000000 239.00000000 1.00000000 107.00000000
178.00000000 240.00000000 1.00000000 106.00000000
162.00000000 144.00000000 1.00000000 105.00000000
267.00000000 250.00000000 0.00000000 103.00000000
447.00000000 306.00000000 0.00000000 97.00000000
280.00000000 170.00000000 0.00000000 95.00000000
41.00000000 427.00000000 0.00000000 93.00000000
279.00000000 115.00000000 1.00000000 93.00000000
149.00000000 421.00000000 0.00000000 92.00000000
312.00000000 313.00000000 0.00000000 92.00000000
321.00000000 224.00000000 0.00000000 92.00000000
140.00000000 202.00000000 0.00000000 91.00000000
467.00000000 165.00000000 1.00000000 91.00000000
369.00000000 204.00000000 1.00000000 90.00000000
166.00000000 417.00000000 0.00000000 88.00000000
64.00000000 186.00000000 1.00000000 85.00000000
374.00000000 250.00000000 0.00000000 85.00000000
340.00000000 287.00000000 1.00000000 85.00000000
374.00000000 239.00000000 0.00000000 84.00000000
56.00000000 392.00000000 1.00000000 83.00000000
272.00000000 422.00000000 1.00000000 82.00000000
304.00000000 417.00000000 1.00000000 79.00000000
468.00000000 164.00000000 0.00000000 79.00000000
268.00000000 434.00000000 0.00000000 77.00000000
276.00000000 472.00000000 0.00000000 76.00000000
134.00000000 78.00000000 0.00000000 75.00000000
340.00000000 286.00000000 0.00000000 72.00000000
420.00000000 427.00000000 0.00000000 72.00000000
183.00000000 79.00000000 0.00000000 69.00000000
64.00000000 185.00000000 0.00000000 68.00000000
445.00000000 74.00000000 0.00000000 68.00000000
238.00000000 197.00000000 0.00000000 67.00000000
317.00000000 241.00000000 0.00000000 66.00000000
280.00000000 114.00000000 0.00000000 66.00000000
289.00000000 386.00000000 0.00000000 65.00000000
162.00000000 144.00000000 0.00000000 63.00000000
117.00000000 88.00000000 0.00000000 63.00000000
271.00000000 422.00000000 0.00000000 62.00000000
261.00000000 283.00000000 0.00000000 60.00000000
500.00000000 165.00000000 0.00000000 60.00000000
308.00000000 398.00000000 0.00000000 58.00000000
101.00000000 333.00000000 0.00000000 57.00000000
62.00000000 316.00000000 0.00000000 56.00000000
189.00000000 231.00000000 0.00000000 56.00000000
202.00000000 207.00000000 0.00000000 55.00000000
299.00000000 385.00000000 0.00000000 55.00000000
263.00000000 304.00000000 0.00000000 54.00000000
19.00000000 182.00000000 0.00000000 54.00000000
369.00000000 205.00000000 0.00000000 53.00000000
181.00000000 345.00000000 0.00000000 52.00000000
304.00000000 416.00000000 0.00000000 51.00000000
138.00000000 115.00000000 0.00000000 51.00000000
257.00000000 436.00000000 0.00000000 50.00000000
340.00000000 227.00000000 0.00000000 48.00000000
439.00000000 309.00000000 0.00000000 48.00000000
97.00000000 295.00000000 0.00000000 47.00000000
36.00000000 236.00000000 0.00000000 47.00000000
334.00000000 207.00000000 0.00000000 47.00000000
487.00000000 242.00000000 0.00000000 46.00000000
258.00000000 102.00000000 0.00000000 46.00000000
231.00000000 294.00000000 0.00000000 46.00000000
231.00000000 211.00000000 0.00000000 45.00000000
330.00000000 242.00000000 0.00000000 45.00000000
139.00000000 275.00000000 0.00000000 44.00000000
