408.00000000 196.00000000 4.00000000 378.00000000
412.00000000 197.00000000 5.00000000 374.00000000
396.00000000 88.00000000 4.00000000 319.00000000
415.00000000 193.00000000 1.00000000 317.00000000
359.00000000 62.00000000 2.00000000 258.00000000
416.00000000 194.00000000 2.00000000 244.00000000
415.00000000 193.00000000 1.00000000 239.00000000
36.00000000 312.00000000 2.00000000 238.00000000
395.00000000 87.00000000 2.00000000 230.00000000
410.00000000 195.00000000 2.00000000 203.00000000
362.00000000 64.00000000 2.00000000 190.00000000
36.00000000 312.00000000 1.00000000 181.00000000
362.00000000 65.00000000 1.00000000 180.00000000
108.00000000 50.00000000 1.00000000 173.00000000
15.00000000 236.00000000 1.00000000 166.00000000
110.00000000 50.00000000 1.00000000 166.00000000
110.00000000 50.00000000 2.00000000 160.00000000
30.00000000 374.00000000 2.00000000 154.00000000
299.00000000 138.00000000 2.00000000 153.00000000
164.00000000 100.00000000 2.00000000 148.00000000
398.00000000 88.00000000 2.00000000 145.00000000
362.00000000 65.00000000 1.00000000 138.00000000
300.00000000 138.00000000 2.00000000 137.00000000
165.00000000 100.00000000 1.00000000 134.00000000
38.00000000 312.00000000 1.00000000 134.00000000
178.00000000 240.00000000 0.00000000 130.00000000
109.00000000 50.00000000 0.00000000 130.00000000
14.00000000 236.00000000 0.00000000 129.00000000
401.00000000 178.00000000 1.00000000 129.00000000
166.00000000 100.00000000 1.00000000 127.00000000
258.00000000 277.00000000 1.00000000 121.00000000
259.00000000 277.00000000 1.00000000 121.00000000
415.00000000 193.00000000 0.00000000 116.00000000
227.00000000 137.00000000 1.00000000 114.00000000
253.00000000 288.00000000 1.00000000 109.00000000
263.00000000 191.00000000 1.00000000 108.00000000
227.00000000 137.00000000 1.00000000 108.00000000
398.00000000 87.00000000 1.00000000 106.00000000
401.00000000 177.00000000 1.00000000 104.00000000
178.00000000 240.00000000 1.00000000 101.00000000
257.00000000 171.00000000 1.00000000 99.00000000
263.00000000 190.00000000 1.00000000 97.00000000
315.00000000 224.00000000 1.00000000 97.00000000
38.00000000 311.00000000 0.00000000 93.00000000
258.00000000 171.00000000 1.00000000 91.00000000
359.00000000 52.00000000 1.00000000 90.00000000
288.00000000 60.00000000 1.00000000 90.00000000
439.00000000 308.00000000 0.00000000 88.00000000
252.00000000 288.00000000 0.00000000 87.00000000
287.00000000 60.00000000 1.00000000 87.00000000
299.00000000 134.00000000 1.00000000 85.00000000
268.00000000 173.00000000 0.00000000 85.00000000
226.00000000 136.00000000 0.00000000 84.00000000
399.00000000 88.00000000 1.00000000 84.00000000
178.00000000 240.00000000 1.00000000 83.00000000
259.00000000 277.00000000 0.00000000 81.00000000
403.00000000 333.00000000 1.00000000 79.00000000
166.00000000 100.00000000 0.00000000 75.00000000
263.00000000 190.00000000 0.00000000 74.00000000
287.00000000 60.00000000 0.00000000 74.00000000
307.00000000 377.00000000 1.00000000 71.00000000
307.00000000 377.00000000 0.00000000 71.00000000
314.00000000 225.00000000 1.00000000 70.00000000
331.00000000 47.00000000 1.00000000 70.00000000
16.00000000 196.00000000 1.00000000 69.00000000
362.00000000 65.00000000 0.00000000 68.00000000
81.00000000 199.00000000 1.00000000 66.00000000
105.00000000 287.00000000 1.00000000 65.00000000
117.00000000 88.00000000 0.00000000 65.00000000
313.00000000 217.00000000 0.00000000 65.00000000
285.00000000 79.00000000 1.00000000 64.00000000
439.00000000 308.00000000 1.00000000 64.00000000
340.00000000 213.00000000 0.00000000 63.00000000
359.00000000 249.00000000 1.00000000 63.00000000
397.00000000 317.00000000 1.00000000 63.00000000
130.00000000 240.00000000 1.00000000 62.00000000
258.00000000 171.00000000 0.00000000 62.00000000
269.00000000 173.00000000 1.00000000 61.00000000
465.00000000 104.00000000 1.00000000 61.00000000
424.00000000 217.00000000 0.00000000 61.00000000
274.00000000 120.00000000 1.00000000 61.00000000
300.00000000 80.00000000 1.00000000 61.00000000
179.00000000 405.00000000 1.00000000 60.00000000
400.00000000 177.00000000 0.00000000 59.00000000
41.00000000 427.00000000 0.00000000 59.00000000
130.00000000 241.00000000 0.00000000 57.00000000
135.00000000 78.00000000 0.00000000 56.00000000
299.00000000 79.00000000 0.00000000 56.00000000
276.00000000 472.00000000 0.00000000 54.00000000
163.00000000 414.00000000 0.00000000 52.00000000
273.00000000 119.00000000 0.00000000 52.00000000
403.00000000 333.00000000 0.00000000 51.00000000
179.00000000 405.00000000 0.00000000 50.00000000
302.00000000 415.00000000 0.00000000 48.00000000
330.00000000 47.00000000 0.00000000 48.00000000
399.00000000 88.00000000 0.00000000 48.00000000
340.00000000 227.00000000 0.00000000 48.00000000
149.00000000 422.00000000 0.00000000 48.00000000
465.00000000 103.00000000 0.00000000 47.00000000
282.00000000 438.00000000 0.00000000 47.00000000
191.00000000 122.00000000 0.00000000 47.00000000
106.00000000 288.00000000 0.00000000 47.00000000
395.00000000 79.00000000 0.00000000 46.00000000
426.00000000 300.00000000 0.00000000 46.00000000
313.00000000 224.00000000 0.00000000 46.00000000
284.00000000 79.00000000 0.00000000 46.00000000
187.00000000 112.00000000 0.00000000 46.00000000
81.00000000 198.00000000 0.00000000 46.00000000
187.00000000 159.00000000 0.00000000 44.00000000
445.00000000 74.00000000 0.00000000 44.00000000
64.00000000 185.00000000 0.00000000 44.00000000
193.00000000 171.00000000 0.00000000 44.00000000
359.00000000 247.00000000 0.00000000 43.00000000
370.00000000 156.00000000 0.00000000 43.00000000
189.00000000 231.00000000 0.00000000 43.00000000
442.00000000 321.00000000 0.00000000 42.00000000
374.00000000 443.00000000 0.00000000 41.00000000
371.00000000 161.00000000 0.00000000 41.00000000
500.00000000 166.00000000 0.00000000 39.00000000
214.00000000 229.00000000 0.00000000 39.00000000
123.00000000 162.00000000 0.00000000 38.00000000
195.00000000 350.00000000 0.00000000 38.00000000
217.00000000 79.00000000 0.00000000 38.00000000
13.00000000 186.00000000 0.00000000 37.00000000
396.00000000 316.00000000 0.00000000 37.00000000
399.00000000 429.00000000 0.00000000 37.00000000
405.00000000 204.00000000 0.00000000 37.00000000
