294.00000000 138.00000000 2.00000000 248.00000000
292.00000000 140.00000000 4.00000000 208.00000000
353.00000000 59.00000000 2.00000000 196.00000000
294.00000000 138.00000000 2.00000000 195.00000000
212.00000000 100.00000000 4.00000000 189.00000000
411.00000000 195.00000000 1.00000000 188.00000000
220.00000000 141.00000000 1.00000000 184.00000000
392.00000000 112.00000000 2.00000000 183.00000000
410.00000000 196.00000000 1.00000000 181.00000000
299.00000000 189.00000000 2.00000000 180.00000000
407.00000000 195.00000000 2.00000000 179.00000000
356.00000000 55.00000000 1.00000000 173.00000000
209.00000000 101.00000000 5.00000000 172.00000000
214.00000000 115.00000000 1.00000000 168.00000000
356.00000000 56.00000000 2.00000000 166.00000000
108.00000000 50.00000000 1.00000000 165.00000000
394.00000000 108.00000000 1.00000000 163.00000000
482.00000000 362.00000000 2.00000000 160.00000000
30.00000000 374.00000000 2.00000000 160.00000000
410.00000000 196.00000000 2.00000000 156.00000000
214.00000000 116.00000000 2.00000000 156.00000000
110.00000000 50.00000000 2.00000000 153.00000000
221.00000000 140.00000000 1.00000000 150.00000000
110.00000000 50.00000000 1.00000000 145.00000000
28.00000000 373.00000000 1.00000000 145.00000000
482.00000000 360.00000000 1.00000000 142.00000000
299.00000000 198.00000000 1.00000000 139.00000000
295.00000000 132.00000000 1.00000000 136.00000000
282.00000000 79.00000000 1.00000000 135.00000000
215.00000000 116.00000000 1.00000000 133.00000000
394.00000000 107.00000000 1.00000000 133.00000000
287.00000000 60.00000000 1.00000000 130.00000000
442.00000000 258.00000000 1.00000000 129.00000000
410.00000000 195.00000000 0.00000000 128.00000000
287.00000000 61.00000000 1.00000000 124.00000000
203.00000000 208.00000000 1.00000000 124.00000000
181.00000000 206.00000000 1.00000000 122.00000000
202.00000000 207.00000000 0.00000000 121.00000000
284.00000000 78.00000000 1.00000000 120.00000000
298.00000000 197.00000000 1.00000000 119.00000000
298.00000000 255.00000000 1.00000000 118.00000000
356.00000000 54.00000000 1.00000000 116.00000000
110.00000000 50.00000000 0.00000000 115.00000000
250.00000000 289.00000000 0.00000000 108.00000000
264.00000000 101.00000000 1.00000000 108.00000000
299.00000000 197.00000000 0.00000000 105.00000000
178.00000000 240.00000000 0.00000000 103.00000000
285.00000000 76.00000000 0.00000000 103.00000000
265.00000000 101.00000000 1.00000000 103.00000000
29.00000000 372.00000000 1.00000000 101.00000000
287.00000000 60.00000000 0.00000000 98.00000000
115.00000000 197.00000000 1.00000000 98.00000000
179.00000000 241.00000000 1.00000000 96.00000000
393.00000000 87.00000000 1.00000000 94.00000000
250.00000000 289.00000000 1.00000000 94.00000000
221.00000000 140.00000000 0.00000000 91.00000000
499.00000000 221.00000000 0.00000000 90.00000000
193.00000000 172.00000000 1.00000000 88.00000000
295.00000000 134.00000000 1.00000000 87.00000000
113.00000000 207.00000000 1.00000000 86.00000000
214.00000000 116.00000000 0.00000000 85.00000000
394.00000000 106.00000000 0.00000000 85.00000000
443.00000000 257.00000000 1.00000000 84.00000000
424.00000000 217.00000000 0.00000000 83.00000000
220.00000000 92.00000000 1.00000000 82.00000000
439.00000000 309.00000000 0.00000000 80.00000000
265.00000000 101.00000000 0.00000000 80.00000000
116.00000000 184.00000000 1.00000000 78.00000000
116.00000000 183.00000000 0.00000000 77.00000000
449.00000000 374.00000000 1.00000000 77.00000000
301.00000000 255.00000000 1.00000000 77.00000000
182.00000000 205.00000000 1.00000000 75.00000000
114.00000000 175.00000000 1.00000000 73.00000000
319.00000000 308.00000000 1.00000000 71.00000000
425.00000000 217.00000000 1.00000000 71.00000000
81.00000000 199.00000000 1.00000000 67.00000000
401.00000000 177.00000000 1.00000000 65.00000000
482.00000000 358.00000000 1.00000000 65.00000000
477.00000000 41.00000000 1.00000000 65.00000000
268.00000000 173.00000000 0.00000000 64.00000000
356.00000000 54.00000000 0.00000000 63.00000000
393.00000000 86.00000000 0.00000000 63.00000000
113.00000000 174.00000000 0.00000000 62.00000000
449.00000000 373.00000000 0.00000000 62.00000000
193.00000000 171.00000000 0.00000000 62.00000000
402.00000000 176.00000000 0.00000000 60.00000000
362.00000000 387.00000000 0.00000000 60.00000000
117.00000000 88.00000000 0.00000000 60.00000000
478.00000000 58.00000000 0.00000000 59.00000000
29.00000000 371.00000000 0.00000000 58.00000000
499.00000000 174.00000000 0.00000000 57.00000000
135.00000000 77.00000000 0.00000000 55.00000000
186.00000000 159.00000000 0.00000000 55.00000000
150.00000000 89.00000000 0.00000000 54.00000000
115.00000000 197.00000000 0.00000000 53.00000000
478.00000000 50.00000000 0.00000000 52.00000000
301.00000000 422.00000000 0.00000000 52.00000000
442.00000000 321.00000000 0.00000000 51.00000000
371.00000000 162.00000000 0.00000000 51.00000000
40.00000000 427.00000000 0.00000000 50.00000000
276.00000000 473.00000000 0.00000000 50.00000000
301.00000000 254.00000000 0.00000000 49.00000000
294.00000000 134.00000000 0.00000000 48.00000000
296.00000000 128.00000000 0.00000000 47.00000000
267.00000000 121.00000000 0.00000000 47.00000000
113.00000000 207.00000000 0.00000000 46.00000000
476.00000000 41.00000000 0.00000000 46.00000000
301.00000000 415.00000000 0.00000000 45.00000000
500.00000000 166.00000000 0.00000000 45.00000000
247.00000000 170.00000000 0.00000000 45.00000000
219.00000000 92.00000000 0.00000000 45.00000000
149.00000000 416.00000000 0.00000000 44.00000000
282.00000000 438.00000000 0.00000000 44.00000000
320.00000000 307.00000000 0.00000000 44.00000000
475.00000000 251.00000000 0.00000000 44.00000000
420.00000000 229.00000000 0.00000000 43.00000000
260.00000000 193.00000000 0.00000000 43.00000000
473.00000000 68.00000000 0.00000000 43.00000000
445.00000000 397.00000000 0.00000000 43.00000000
301.00000000 185.00000000 0.00000000 42.00000000
275.00000000 414.00000000 0.00000000 42.00000000
300.00000000 90.00000000 0.00000000 42.00000000
337.00000000 296.00000000 0.00000000 42.00000000
394.00000000 79.00000000 0.00000000 41.00000000
81.00000000 198.00000000 0.00000000 41.00000000
260.00000000 435.00000000 0.00000000 40.00000000
500.00000000 214.00000000 0.00000000 40.00000000
