418.00000000 197.00000000 5.00000000 331.00000000
364.00000000 243.00000000 2.00000000 312.00000000
368.00000000 242.00000000 2.00000000 272.00000000
364.00000000 244.00000000 4.00000000 260.00000000
424.00000000 196.00000000 4.00000000 254.00000000
42.00000000 311.00000000 2.00000000 247.00000000
276.00000000 473.00000000 0.00000000 240.00000000
267.00000000 190.00000000 1.00000000 240.00000000
369.00000000 241.00000000 1.00000000 240.00000000
267.00000000 189.00000000 1.00000000 237.00000000
424.00000000 197.00000000 2.00000000 233.00000000
276.00000000 472.00000000 1.00000000 226.00000000
268.00000000 170.00000000 2.00000000 219.00000000
268.00000000 171.00000000 1.00000000 211.00000000
42.00000000 312.00000000 2.00000000 209.00000000
369.00000000 241.00000000 1.00000000 209.00000000
18.00000000 234.00000000 1.00000000 208.00000000
110.00000000 50.00000000 1.00000000 202.00000000
372.00000000 64.00000000 2.00000000 201.00000000
370.00000000 62.00000000 2.00000000 201.00000000
321.00000000 209.00000000 1.00000000 190.00000000
316.00000000 226.00000000 1.00000000 185.00000000
277.00000000 472.00000000 1.00000000 183.00000000
110.00000000 50.00000000 1.00000000 180.00000000
371.00000000 63.00000000 1.00000000 180.00000000
266.00000000 190.00000000 2.00000000 176.00000000
110.00000000 50.00000000 0.00000000 174.00000000
276.00000000 472.00000000 2.00000000 173.00000000
260.00000000 278.00000000 1.00000000 173.00000000
332.00000000 41.00000000 1.00000000 168.00000000
162.00000000 452.00000000 1.00000000 167.00000000
320.00000000 210.00000000 2.00000000 162.00000000
70.00000000 344.00000000 2.00000000 162.00000000
162.00000000 452.00000000 1.00000000 160.00000000
373.00000000 64.00000000 1.00000000 160.00000000
260.00000000 278.00000000 1.00000000 159.00000000
331.00000000 41.00000000 1.00000000 154.00000000
43.00000000 311.00000000 1.00000000 153.00000000
18.00000000 234.00000000 0.00000000 151.00000000
317.00000000 226.00000000 1.00000000 144.00000000
369.00000000 241.00000000 0.00000000 141.00000000
364.00000000 254.00000000 1.00000000 141.00000000
321.00000000 209.00000000 1.00000000 140.00000000
267.00000000 189.00000000 0.00000000 139.00000000
364.00000000 254.00000000 1.00000000 136.00000000
135.00000000 202.00000000 1.00000000 136.00000000
178.00000000 240.00000000 0.00000000 136.00000000
229.00000000 319.00000000 1.00000000 130.00000000
162.00000000 451.00000000 0.00000000 129.00000000
45.00000000 311.00000000 1.00000000 129.00000000
269.00000000 171.00000000 1.00000000 127.00000000
43.00000000 390.00000000 1.00000000 125.00000000
137.00000000 202.00000000 1.00000000 110.00000000
260.00000000 278.00000000 0.00000000 103.00000000
229.00000000 318.00000000 1.00000000 103.00000000
331.00000000 41.00000000 0.00000000 102.00000000
178.00000000 240.00000000 1.00000000 102.00000000
373.00000000 64.00000000 0.00000000 101.00000000
465.00000000 104.00000000 1.00000000 98.00000000
41.00000000 427.00000000 0.00000000 96.00000000
45.00000000 311.00000000 0.00000000 96.00000000
195.00000000 120.00000000 1.00000000 95.00000000
322.00000000 209.00000000 0.00000000 93.00000000
150.00000000 148.00000000 1.00000000 88.00000000
45.00000000 391.00000000 1.00000000 86.00000000
141.00000000 321.00000000 1.00000000 86.00000000
195.00000000 120.00000000 0.00000000 85.00000000
149.00000000 421.00000000 1.00000000 85.00000000
149.00000000 421.00000000 0.00000000 84.00000000
466.00000000 163.00000000 0.00000000 83.00000000
316.00000000 227.00000000 0.00000000 81.00000000
466.00000000 163.00000000 1.00000000 80.00000000
137.00000000 202.00000000 0.00000000 77.00000000
364.00000000 253.00000000 0.00000000 76.00000000
267.00000000 449.00000000 1.00000000 73.00000000
474.00000000 238.00000000 1.00000000 73.00000000
179.00000000 405.00000000 1.00000000 73.00000000
236.00000000 105.00000000 1.00000000 71.00000000
229.00000000 318.00000000 0.00000000 70.00000000
422.00000000 214.00000000 1.00000000 69.00000000
465.00000000 103.00000000 0.00000000 69.00000000
203.00000000 208.00000000 1.00000000 69.00000000
428.00000000 196.00000000 1.00000000 68.00000000
64.00000000 186.00000000 1.00000000 68.00000000
117.00000000 88.00000000 0.00000000 67.00000000
189.00000000 231.00000000 0.00000000 67.00000000
447.00000000 306.00000000 0.00000000 66.00000000
439.00000000 309.00000000 0.00000000 65.00000000
267.00000000 434.00000000 0.00000000 62.00000000
141.00000000 321.00000000 0.00000000 62.00000000
151.00000000 147.00000000 0.00000000 62.00000000
178.00000000 405.00000000 0.00000000 60.00000000
64.00000000 185.00000000 0.00000000 59.00000000
140.00000000 260.00000000 0.00000000 59.00000000
340.00000000 213.00000000 0.00000000 58.00000000
303.00000000 415.00000000 0.00000000 58.00000000
445.00000000 74.00000000 0.00000000 56.00000000
134.00000000 78.00000000 0.00000000 56.00000000
370.00000000 155.00000000 0.00000000 55.00000000
236.00000000 105.00000000 0.00000000 51.00000000
38.00000000 318.00000000 0.00000000 51.00000000
36.00000000 236.00000000 0.00000000 51.00000000
226.00000000 142.00000000 0.00000000 50.00000000
371.00000000 162.00000000 0.00000000 50.00000000
376.00000000 443.00000000 0.00000000 49.00000000
497.00000000 164.00000000 0.00000000 48.00000000
473.00000000 237.00000000 0.00000000 48.00000000
202.00000000 207.00000000 0.00000000 48.00000000
340.00000000 227.00000000 0.00000000 47.00000000
287.00000000 386.00000000 0.00000000 47.00000000
417.00000000 281.00000000 0.00000000 46.00000000
422.00000000 213.00000000 0.00000000 46.00000000
270.00000000 172.00000000 0.00000000 46.00000000
261.00000000 257.00000000 0.00000000 44.00000000
335.00000000 286.00000000 0.00000000 44.00000000
283.00000000 437.00000000 0.00000000 44.00000000
270.00000000 422.00000000 0.00000000 43.00000000
139.00000000 275.00000000 0.00000000 43.00000000
442.00000000 321.00000000 0.00000000 42.00000000
487.00000000 242.00000000 0.00000000 42.00000000
396.00000000 316.00000000 0.00000000 42.00000000
330.00000000 242.00000000 0.00000000 41.00000000
14.00000000 182.00000000 0.00000000 40.00000000
137.00000000 113.00000000 0.00000000 40.00000000
428.00000000 418.00000000 0.00000000 40.00000000
263.00000000 304.00000000 0.00000000 39.00000000
261.00000000 350.00000000 0.00000000 38.00000000
