294.00000000 135.00000000 2.00000000 250.00000000
294.00000000 136.00000000 2.00000000 243.00000000
404.00000000 195.00000000 2.00000000 241.00000000
292.00000000 136.00000000 4.00000000 235.00000000
291.00000000 254.00000000 1.00000000 231.00000000
290.00000000 256.00000000 2.00000000 228.00000000
169.00000000 206.00000000 2.00000000 221.00000000
169.00000000 260.00000000 2.00000000 220.00000000
170.00000000 208.00000000 2.00000000 212.00000000
404.00000000 196.00000000 2.00000000 209.00000000
276.00000000 473.00000000 0.00000000 209.00000000
168.00000000 260.00000000 4.00000000 203.00000000
118.00000000 118.00000000 5.00000000 197.00000000
454.00000000 120.00000000 2.00000000 196.00000000
356.00000000 55.00000000 1.00000000 194.00000000
292.00000000 253.00000000 1.00000000 191.00000000
258.00000000 101.00000000 1.00000000 185.00000000
294.00000000 135.00000000 1.00000000 178.00000000
276.00000000 472.00000000 1.00000000 175.00000000
482.00000000 360.00000000 1.00000000 169.00000000
482.00000000 360.00000000 2.00000000 168.00000000
356.00000000 56.00000000 2.00000000 166.00000000
171.00000000 207.00000000 1.00000000 165.00000000
240.00000000 294.00000000 2.00000000 159.00000000
28.00000000 373.00000000 1.00000000 159.00000000
257.00000000 100.00000000 1.00000000 157.00000000
295.00000000 197.00000000 1.00000000 155.00000000
258.00000000 101.00000000 0.00000000 155.00000000
108.00000000 50.00000000 1.00000000 150.00000000
296.00000000 197.00000000 1.00000000 148.00000000
168.00000000 415.00000000 1.00000000 142.00000000
356.00000000 55.00000000 1.00000000 141.00000000
453.00000000 120.00000000 1.00000000 140.00000000
162.00000000 452.00000000 1.00000000 137.00000000
283.00000000 437.00000000 1.00000000 135.00000000
162.00000000 452.00000000 1.00000000 134.00000000
405.00000000 196.00000000 1.00000000 133.00000000
294.00000000 137.00000000 1.00000000 129.00000000
172.00000000 207.00000000 1.00000000 129.00000000
281.00000000 77.00000000 1.00000000 125.00000000
277.00000000 472.00000000 1.00000000 124.00000000
168.00000000 415.00000000 1.00000000 122.00000000
401.00000000 178.00000000 1.00000000 121.00000000
179.00000000 240.00000000 0.00000000 117.00000000
142.00000000 100.00000000 1.00000000 116.00000000
29.00000000 373.00000000 1.00000000 115.00000000
179.00000000 404.00000000 1.00000000 110.00000000
213.00000000 141.00000000 1.00000000 110.00000000
203.00000000 208.00000000 1.00000000 110.00000000
282.00000000 437.00000000 0.00000000 110.00000000
179.00000000 241.00000000 1.00000000 109.00000000
424.00000000 217.00000000 0.00000000 108.00000000
109.00000000 51.00000000 1.00000000 107.00000000
425.00000000 217.00000000 1.00000000 107.00000000
202.00000000 207.00000000 0.00000000 107.00000000
283.00000000 77.00000000 1.00000000 106.00000000
293.00000000 251.00000000 0.00000000 102.00000000
438.00000000 406.00000000 1.00000000 102.00000000
401.00000000 178.00000000 1.00000000 101.00000000
436.00000000 259.00000000 1.00000000 100.00000000
465.00000000 75.00000000 0.00000000 100.00000000
481.00000000 360.00000000 1.00000000 98.00000000
142.00000000 99.00000000 0.00000000 96.00000000
179.00000000 403.00000000 0.00000000 96.00000000
260.00000000 124.00000000 1.00000000 95.00000000
405.00000000 197.00000000 1.00000000 95.00000000
367.00000000 328.00000000 1.00000000 92.00000000
466.00000000 75.00000000 1.00000000 91.00000000
161.00000000 452.00000000 0.00000000 91.00000000
437.00000000 406.00000000 0.00000000 90.00000000
296.00000000 197.00000000 0.00000000 87.00000000
150.00000000 89.00000000 1.00000000 83.00000000
172.00000000 206.00000000 0.00000000 82.00000000
402.00000000 176.00000000 0.00000000 82.00000000
101.00000000 219.00000000 1.00000000 81.00000000
110.00000000 50.00000000 0.00000000 80.00000000
405.00000000 197.00000000 0.00000000 80.00000000
150.00000000 89.00000000 0.00000000 79.00000000
356.00000000 55.00000000 0.00000000 78.00000000
99.00000000 163.00000000 1.00000000 77.00000000
218.00000000 96.00000000 1.00000000 77.00000000
436.00000000 258.00000000 0.00000000 75.00000000
213.00000000 141.00000000 0.00000000 72.00000000
123.00000000 136.00000000 1.00000000 72.00000000
260.00000000 123.00000000 0.00000000 70.00000000
254.00000000 384.00000000 0.00000000 69.00000000
294.00000000 136.00000000 0.00000000 67.00000000
190.00000000 231.00000000 0.00000000 67.00000000
283.00000000 77.00000000 0.00000000 67.00000000
499.00000000 214.00000000 0.00000000 67.00000000
451.00000000 233.00000000 0.00000000 62.00000000
101.00000000 218.00000000 0.00000000 60.00000000
168.00000000 414.00000000 0.00000000 59.00000000
28.00000000 374.00000000 0.00000000 56.00000000
118.00000000 88.00000000 0.00000000 54.00000000
113.00000000 174.00000000 0.00000000 53.00000000
367.00000000 327.00000000 0.00000000 53.00000000
123.00000000 136.00000000 0.00000000 52.00000000
244.00000000 292.00000000 0.00000000 52.00000000
233.00000000 388.00000000 0.00000000 51.00000000
135.00000000 78.00000000 0.00000000 51.00000000
477.00000000 41.00000000 0.00000000 48.00000000
217.00000000 96.00000000 0.00000000 48.00000000
189.00000000 185.00000000 0.00000000 48.00000000
300.00000000 89.00000000 0.00000000 47.00000000
193.00000000 173.00000000 0.00000000 47.00000000
325.00000000 285.00000000 0.00000000 47.00000000
104.00000000 200.00000000 0.00000000 46.00000000
442.00000000 58.00000000 0.00000000 45.00000000
420.00000000 229.00000000 0.00000000 45.00000000
362.00000000 362.00000000 0.00000000 44.00000000
127.00000000 130.00000000 0.00000000 44.00000000
480.00000000 361.00000000 0.00000000 44.00000000
179.00000000 199.00000000 0.00000000 43.00000000
140.00000000 407.00000000 0.00000000 43.00000000
442.00000000 321.00000000 0.00000000 43.00000000
438.00000000 347.00000000 0.00000000 42.00000000
24.00000000 236.00000000 0.00000000 41.00000000
371.00000000 162.00000000 0.00000000 41.00000000
478.00000000 58.00000000 0.00000000 41.00000000
389.00000000 415.00000000 0.00000000 41.00000000
205.00000000 71.00000000 0.00000000 40.00000000
470.00000000 292.00000000 0.00000000 40.00000000
188.00000000 306.00000000 0.00000000 40.00000000
371.00000000 156.00000000 0.00000000 39.00000000
239.00000000 426.00000000 0.00000000 39.00000000
292.00000000 430.00000000 0.00000000 39.00000000
