712.00000000 640.00000000 2.00000000 621.00000000
69.00000000 169.00000000 1.00000000 604.00000000
569.00000000 734.00000000 0.00000000 575.00000000
70.00000000 170.00000000 1.00000000 572.00000000
568.00000000 752.00000000 0.00000000 561.00000000
977.00000000 269.00000000 1.00000000 560.00000000
712.00000000 637.00000000 1.00000000 547.00000000
712.00000000 639.00000000 2.00000000 545.00000000
349.00000000 567.00000000 0.00000000 534.00000000
569.00000000 717.00000000 0.00000000 518.00000000
442.00000000 724.00000000 1.00000000 517.00000000
701.00000000 565.00000000 2.00000000 484.00000000
442.00000000 726.00000000 2.00000000 481.00000000
415.00000000 633.00000000 0.00000000 478.00000000
732.00000000 387.00000000 1.00000000 454.00000000
975.00000000 271.00000000 1.00000000 451.00000000
216.00000000 25.00000000 0.00000000 438.00000000
70.00000000 170.00000000 0.00000000 437.00000000
857.00000000 572.00000000 1.00000000 437.00000000
569.00000000 735.00000000 1.00000000 429.00000000
68.00000000 170.00000000 2.00000000 426.00000000
713.00000000 638.00000000 1.00000000 423.00000000
760.00000000 402.00000000 0.00000000 415.00000000
349.00000000 567.00000000 1.00000000 412.00000000
880.00000000 758.00000000 0.00000000 411.00000000
374.00000000 500.00000000 1.00000000 409.00000000
296.00000000 404.00000000 2.00000000 409.00000000
338.00000000 73.00000000 1.00000000 408.00000000
700.00000000 564.00000000 2.00000000 408.00000000
441.00000000 729.00000000 2.00000000 407.00000000
732.00000000 388.00000000 1.00000000 400.00000000
570.00000000 717.00000000 1.00000000 396.00000000
376.00000000 502.00000000 2.00000000 395.00000000
208.00000000 178.00000000 2.00000000 388.00000000
857.00000000 574.00000000 1.00000000 386.00000000
415.00000000 788.00000000 1.00000000 386.00000000
977.00000000 265.00000000 0.00000000 383.00000000
732.00000000 403.00000000 1.00000000 377.00000000
460.00000000 146.00000000 2.00000000 376.00000000
416.00000000 634.00000000 1.00000000 376.00000000
415.00000000 787.00000000 1.00000000 375.00000000
456.00000000 236.00000000 4.00000000 373.00000000
717.00000000 402.00000000 1.00000000 371.00000000
699.00000000 497.00000000 1.00000000 367.00000000
802.00000000 542.00000000 1.00000000 366.00000000
442.00000000 723.00000000 1.00000000 364.00000000
818.00000000 383.00000000 1.00000000 363.00000000
296.00000000 404.00000000 4.00000000 363.00000000
662.00000000 594.00000000 2.00000000 362.00000000
216.00000000 26.00000000 1.00000000 362.00000000
881.00000000 397.00000000 1.00000000 360.00000000
760.00000000 403.00000000 1.00000000 359.00000000
207.00000000 179.00000000 1.00000000 358.00000000
212.00000000 38.00000000 1.00000000 356.00000000
133.00000000 491.00000000 1.00000000 355.00000000
298.00000000 432.00000000 1.00000000 354.00000000
847.00000000 401.00000000 1.00000000 351.00000000
569.00000000 752.00000000 1.00000000 346.00000000
717.00000000 401.00000000 0.00000000 345.00000000
731.00000000 403.00000000 0.00000000 345.00000000
459.00000000 144.00000000 1.00000000 343.00000000
660.00000000 593.00000000 1.00000000 342.00000000
857.00000000 574.00000000 0.00000000 340.00000000
199.00000000 39.00000000 0.00000000 338.00000000
376.00000000 499.00000000 1.00000000 338.00000000
129.00000000 511.00000000 0.00000000 337.00000000
653.00000000 661.00000000 1.00000000 336.00000000
847.00000000 400.00000000 0.00000000 336.00000000
850.00000000 239.00000000 1.00000000 330.00000000
299.00000000 432.00000000 1.00000000 330.00000000
928.00000000 346.00000000 1.00000000 326.00000000
251.00000000 96.00000000 0.00000000 324.00000000
202.00000000 59.00000000 1.00000000 322.00000000
803.00000000 410.00000000 0.00000000 320.00000000
881.00000000 395.00000000 1.00000000 320.00000000
509.00000000 673.00000000 5.00000000 320.00000000
354.00000000 553.00000000 0.00000000 317.00000000
337.00000000 73.00000000 1.00000000 317.00000000
781.00000000 455.00000000 1.00000000 316.00000000
914.00000000 664.00000000 1.00000000 315.00000000
610.00000000 425.00000000 1.00000000 315.00000000
208.00000000 49.00000000 0.00000000 314.00000000
250.00000000 456.00000000 0.00000000 312.00000000
202.00000000 58.00000000 0.00000000 312.00000000
573.00000000 537.00000000 0.00000000 312.00000000
881.00000000 395.00000000 0.00000000 311.00000000
322.00000000 336.00000000 0.00000000 310.00000000
699.00000000 495.00000000 0.00000000 309.00000000
259.00000000 463.00000000 0.00000000 309.00000000
672.00000000 304.00000000 0.00000000 308.00000000
415.00000000 788.00000000 0.00000000 308.00000000
771.00000000 254.00000000 1.00000000 304.00000000
167.00000000 528.00000000 0.00000000 299.00000000
1065.00000000 207.00000000 0.00000000 296.00000000
673.00000000 381.00000000 0.00000000 295.00000000
338.00000000 72.00000000 0.00000000 294.00000000
1074.00000000 341.00000000 0.00000000 288.00000000
713.00000000 638.00000000 0.00000000 288.00000000
1039.00000000 113.00000000 0.00000000 285.00000000
606.00000000 569.00000000 0.00000000 285.00000000
855.00000000 389.00000000 0.00000000 280.00000000
849.00000000 758.00000000 0.00000000 279.00000000
807.00000000 389.00000000 0.00000000 277.00000000
673.00000000 325.00000000 0.00000000 277.00000000
1117.00000000 298.00000000 0.00000000 276.00000000
441.00000000 762.00000000 0.00000000 275.00000000
881.00000000 367.00000000 0.00000000 274.00000000
802.00000000 542.00000000 0.00000000 268.00000000
390.00000000 466.00000000 0.00000000 268.00000000
610.00000000 424.00000000 0.00000000 267.00000000
368.00000000 484.00000000 0.00000000 267.00000000
313.00000000 688.00000000 0.00000000 265.00000000
948.00000000 396.00000000 0.00000000 263.00000000
678.00000000 739.00000000 0.00000000 262.00000000
214.00000000 539.00000000 0.00000000 262.00000000
928.00000000 346.00000000 0.00000000 262.00000000
859.00000000 417.00000000 0.00000000 260.00000000
233.00000000 444.00000000 0.00000000 260.00000000
567.00000000 770.00000000 0.00000000 259.00000000
743.00000000 187.00000000 0.00000000 258.00000000
943.00000000 301.00000000 0.00000000 257.00000000
133.00000000 490.00000000 0.00000000 257.00000000
122.00000000 533.00000000 0.00000000 256.00000000
686.00000000 739.00000000 0.00000000 256.00000000
394.00000000 162.00000000 0.00000000 252.00000000
376.00000000 498.00000000 0.00000000 252.00000000
782.00000000 371.00000000 0.00000000 251.00000000
