347.00000000 567.00000000 0.00000000 642.00000000
976.00000000 270.00000000 1.00000000 563.00000000
441.00000000 725.00000000 1.00000000 563.00000000
567.00000000 753.00000000 0.00000000 550.00000000
298.00000000 434.00000000 1.00000000 550.00000000
442.00000000 728.00000000 2.00000000 546.00000000
916.00000000 500.00000000 4.00000000 546.00000000
568.00000000 735.00000000 0.00000000 534.00000000
916.00000000 497.00000000 5.00000000 510.00000000
862.00000000 187.00000000 0.00000000 503.00000000
857.00000000 572.00000000 1.00000000 502.00000000
569.00000000 717.00000000 0.00000000 501.00000000
417.00000000 787.00000000 1.00000000 498.00000000
916.00000000 497.00000000 2.00000000 493.00000000
380.00000000 790.00000000 1.00000000 492.00000000
298.00000000 433.00000000 1.00000000 489.00000000
348.00000000 567.00000000 1.00000000 488.00000000
975.00000000 271.00000000 1.00000000 479.00000000
298.00000000 436.00000000 2.00000000 476.00000000
714.00000000 638.00000000 2.00000000 469.00000000
441.00000000 729.00000000 2.00000000 463.00000000
69.00000000 171.00000000 1.00000000 453.00000000
299.00000000 537.00000000 2.00000000 449.00000000
300.00000000 534.00000000 2.00000000 449.00000000
715.00000000 639.00000000 2.00000000 446.00000000
569.00000000 735.00000000 1.00000000 439.00000000
417.00000000 787.00000000 1.00000000 436.00000000
760.00000000 403.00000000 0.00000000 430.00000000
698.00000000 497.00000000 1.00000000 414.00000000
374.00000000 504.00000000 2.00000000 413.00000000
442.00000000 722.00000000 1.00000000 412.00000000
193.00000000 142.00000000 1.00000000 407.00000000
817.00000000 383.00000000 1.00000000 404.00000000
296.00000000 408.00000000 4.00000000 404.00000000
869.00000000 177.00000000 0.00000000 402.00000000
760.00000000 403.00000000 1.00000000 400.00000000
459.00000000 144.00000000 1.00000000 400.00000000
374.00000000 500.00000000 1.00000000 399.00000000
194.00000000 143.00000000 1.00000000 396.00000000
415.00000000 636.00000000 1.00000000 396.00000000
415.00000000 634.00000000 0.00000000 395.00000000
857.00000000 574.00000000 1.00000000 394.00000000
379.00000000 789.00000000 0.00000000 392.00000000
121.00000000 534.00000000 1.00000000 392.00000000
379.00000000 790.00000000 1.00000000 391.00000000
70.00000000 170.00000000 0.00000000 388.00000000
458.00000000 146.00000000 2.00000000 381.00000000
856.00000000 574.00000000 2.00000000 377.00000000
69.00000000 169.00000000 1.00000000 373.00000000
569.00000000 718.00000000 1.00000000 369.00000000
714.00000000 637.00000000 1.00000000 366.00000000
128.00000000 511.00000000 0.00000000 361.00000000
847.00000000 401.00000000 1.00000000 360.00000000
121.00000000 533.00000000 0.00000000 358.00000000
183.00000000 70.00000000 0.00000000 356.00000000
660.00000000 593.00000000 1.00000000 355.00000000
133.00000000 491.00000000 1.00000000 351.00000000
568.00000000 752.00000000 1.00000000 349.00000000
1039.00000000 113.00000000 0.00000000 342.00000000
207.00000000 178.00000000 1.00000000 341.00000000
375.00000000 499.00000000 1.00000000 341.00000000
698.00000000 497.00000000 1.00000000 339.00000000
916.00000000 496.00000000 2.00000000 337.00000000
698.00000000 496.00000000 0.00000000 335.00000000
850.00000000 239.00000000 1.00000000 329.00000000
389.00000000 467.00000000 1.00000000 327.00000000
354.00000000 554.00000000 0.00000000 326.00000000
302.00000000 533.00000000 1.00000000 326.00000000
209.00000000 179.00000000 1.00000000 325.00000000
417.00000000 787.00000000 0.00000000 324.00000000
610.00000000 425.00000000 1.00000000 323.00000000
930.00000000 207.00000000 1.00000000 320.00000000
856.00000000 390.00000000 1.00000000 320.00000000
855.00000000 390.00000000 0.00000000 320.00000000
847.00000000 400.00000000 0.00000000 316.00000000
183.00000000 70.00000000 1.00000000 316.00000000
862.00000000 187.00000000 1.00000000 313.00000000
672.00000000 304.00000000 0.00000000 309.00000000
976.00000000 268.00000000 0.00000000 308.00000000
672.00000000 304.00000000 1.00000000 307.00000000
729.00000000 220.00000000 1.00000000 305.00000000
731.00000000 403.00000000 0.00000000 303.00000000
389.00000000 466.00000000 0.00000000 302.00000000
567.00000000 770.00000000 0.00000000 301.00000000
194.00000000 143.00000000 0.00000000 301.00000000
298.00000000 432.00000000 0.00000000 299.00000000
943.00000000 301.00000000 0.00000000 299.00000000
803.00000000 410.00000000 0.00000000 296.00000000
806.00000000 389.00000000 1.00000000 295.00000000
857.00000000 574.00000000 0.00000000 292.00000000
717.00000000 402.00000000 1.00000000 289.00000000
128.00000000 512.00000000 1.00000000 289.00000000
198.00000000 39.00000000 0.00000000 286.00000000
782.00000000 321.00000000 0.00000000 284.00000000
251.00000000 96.00000000 0.00000000 280.00000000
673.00000000 325.00000000 0.00000000 278.00000000
881.00000000 367.00000000 0.00000000 276.00000000
258.00000000 463.00000000 0.00000000 276.00000000
807.00000000 389.00000000 0.00000000 274.00000000
249.00000000 456.00000000 0.00000000 273.00000000
442.00000000 720.00000000 0.00000000 271.00000000
840.00000000 196.00000000 0.00000000 267.00000000
337.00000000 72.00000000 0.00000000 267.00000000
859.00000000 417.00000000 0.00000000 266.00000000
321.00000000 336.00000000 0.00000000 264.00000000
209.00000000 178.00000000 0.00000000 263.00000000
782.00000000 372.00000000 0.00000000 261.00000000
1051.00000000 732.00000000 0.00000000 261.00000000
610.00000000 424.00000000 0.00000000 260.00000000
375.00000000 498.00000000 0.00000000 257.00000000
818.00000000 382.00000000 0.00000000 257.00000000
680.00000000 354.00000000 0.00000000 255.00000000
132.00000000 490.00000000 0.00000000 255.00000000
685.00000000 740.00000000 0.00000000 254.00000000
734.00000000 384.00000000 0.00000000 252.00000000
673.00000000 381.00000000 0.00000000 252.00000000
214.00000000 25.00000000 0.00000000 246.00000000
137.00000000 549.00000000 0.00000000 245.00000000
998.00000000 188.00000000 0.00000000 242.00000000
724.00000000 427.00000000 0.00000000 241.00000000
440.00000000 763.00000000 0.00000000 238.00000000
760.00000000 376.00000000 0.00000000 237.00000000
367.00000000 483.00000000 0.00000000 237.00000000
81.00000000 721.00000000 0.00000000 236.00000000
923.00000000 335.00000000 0.00000000 236.00000000
444.00000000 690.00000000 0.00000000 234.00000000
717.00000000 402.00000000 0.00000000 234.00000000
