720.00000000 484.00000000 2.00000000 459.00000000
719.00000000 483.00000000 1.00000000 455.00000000
718.00000000 486.00000000 2.00000000 432.00000000
712.00000000 492.00000000 5.00000000 420.00000000
716.00000000 488.00000000 4.00000000 390.00000000
720.00000000 484.00000000 1.00000000 385.00000000
412.00000000 264.00000000 4.00000000 369.00000000
410.00000000 263.00000000 2.00000000 295.00000000
579.00000000 468.00000000 0.00000000 289.00000000
717.00000000 513.00000000 1.00000000 288.00000000
718.00000000 514.00000000 2.00000000 278.00000000
407.00000000 251.00000000 0.00000000 272.00000000
613.00000000 454.00000000 1.00000000 261.00000000
718.00000000 514.00000000 1.00000000 255.00000000
579.00000000 470.00000000 1.00000000 253.00000000
613.00000000 453.00000000 0.00000000 253.00000000
720.00000000 483.00000000 0.00000000 252.00000000
207.00000000 268.00000000 1.00000000 248.00000000
107.00000000 291.00000000 0.00000000 244.00000000
207.00000000 268.00000000 1.00000000 243.00000000
107.00000000 290.00000000 1.00000000 224.00000000
407.00000000 252.00000000 1.00000000 214.00000000
188.00000000 269.00000000 0.00000000 212.00000000
641.00000000 455.00000000 1.00000000 212.00000000
347.00000000 234.00000000 1.00000000 209.00000000
155.00000000 271.00000000 1.00000000 208.00000000
144.00000000 410.00000000 2.00000000 201.00000000
206.00000000 268.00000000 2.00000000 200.00000000
348.00000000 236.00000000 2.00000000 197.00000000
399.00000000 251.00000000 0.00000000 194.00000000
408.00000000 254.00000000 2.00000000 192.00000000
207.00000000 267.00000000 0.00000000 191.00000000
718.00000000 514.00000000 0.00000000 190.00000000
910.00000000 509.00000000 2.00000000 187.00000000
715.00000000 514.00000000 2.00000000 186.00000000
156.00000000 270.00000000 0.00000000 179.00000000
144.00000000 408.00000000 1.00000000 176.00000000
640.00000000 453.00000000 0.00000000 170.00000000
407.00000000 253.00000000 1.00000000 167.00000000
141.00000000 614.00000000 0.00000000 166.00000000
106.00000000 288.00000000 1.00000000 162.00000000
721.00000000 495.00000000 0.00000000 154.00000000
310.00000000 621.00000000 0.00000000 151.00000000
910.00000000 503.00000000 1.00000000 148.00000000
188.00000000 269.00000000 1.00000000 148.00000000
931.00000000 516.00000000 1.00000000 147.00000000
348.00000000 234.00000000 1.00000000 147.00000000
910.00000000 506.00000000 2.00000000 147.00000000
613.00000000 455.00000000 1.00000000 145.00000000
154.00000000 271.00000000 1.00000000 143.00000000
578.00000000 470.00000000 1.00000000 141.00000000
911.00000000 502.00000000 1.00000000 137.00000000
931.00000000 517.00000000 1.00000000 135.00000000
642.00000000 455.00000000 1.00000000 135.00000000
384.00000000 606.00000000 2.00000000 127.00000000
113.00000000 250.00000000 1.00000000 127.00000000
355.00000000 248.00000000 0.00000000 122.00000000
141.00000000 614.00000000 1.00000000 122.00000000
106.00000000 274.00000000 0.00000000 121.00000000
931.00000000 515.00000000 0.00000000 120.00000000
112.00000000 249.00000000 0.00000000 119.00000000
384.00000000 636.00000000 1.00000000 110.00000000
153.00000000 510.00000000 1.00000000 107.00000000
412.00000000 492.00000000 1.00000000 106.00000000
145.00000000 408.00000000 1.00000000 105.00000000
313.00000000 450.00000000 1.00000000 104.00000000
379.00000000 560.00000000 1.00000000 102.00000000
386.00000000 635.00000000 1.00000000 101.00000000
347.00000000 231.00000000 0.00000000 98.00000000
106.00000000 274.00000000 1.00000000 94.00000000
910.00000000 501.00000000 0.00000000 93.00000000
405.00000000 409.00000000 0.00000000 93.00000000
356.00000000 249.00000000 1.00000000 93.00000000
104.00000000 264.00000000 0.00000000 92.00000000
931.00000000 580.00000000 1.00000000 90.00000000
721.00000000 495.00000000 1.00000000 90.00000000
332.00000000 560.00000000 1.00000000 89.00000000
379.00000000 560.00000000 1.00000000 89.00000000
105.00000000 265.00000000 1.00000000 87.00000000
108.00000000 306.00000000 0.00000000 86.00000000
715.00000000 505.00000000 0.00000000 85.00000000
413.00000000 492.00000000 1.00000000 84.00000000
154.00000000 509.00000000 0.00000000 84.00000000
312.00000000 485.00000000 1.00000000 82.00000000
384.00000000 609.00000000 1.00000000 82.00000000
371.00000000 478.00000000 1.00000000 81.00000000
415.00000000 546.00000000 0.00000000 80.00000000
415.00000000 548.00000000 1.00000000 79.00000000
303.00000000 304.00000000 1.00000000 77.00000000
311.00000000 485.00000000 0.00000000 75.00000000
377.00000000 284.00000000 0.00000000 75.00000000
166.00000000 266.00000000 0.00000000 74.00000000
931.00000000 580.00000000 0.00000000 72.00000000
405.00000000 396.00000000 0.00000000 72.00000000
144.00000000 435.00000000 0.00000000 71.00000000
338.00000000 366.00000000 0.00000000 69.00000000
331.00000000 559.00000000 0.00000000 68.00000000
407.00000000 468.00000000 0.00000000 67.00000000
313.00000000 450.00000000 0.00000000 67.00000000
412.00000000 618.00000000 0.00000000 66.00000000
386.00000000 635.00000000 0.00000000 66.00000000
379.00000000 560.00000000 0.00000000 65.00000000
371.00000000 478.00000000 0.00000000 63.00000000
167.00000000 272.00000000 0.00000000 62.00000000
801.00000000 493.00000000 0.00000000 61.00000000
302.00000000 304.00000000 0.00000000 61.00000000
414.00000000 526.00000000 0.00000000 60.00000000
125.00000000 272.00000000 0.00000000 60.00000000
127.00000000 401.00000000 0.00000000 60.00000000
864.00000000 514.00000000 0.00000000 60.00000000
413.00000000 490.00000000 0.00000000 60.00000000
186.00000000 482.00000000 0.00000000 58.00000000
618.00000000 471.00000000 0.00000000 57.00000000
708.00000000 521.00000000 0.00000000 57.00000000
516.00000000 559.00000000 0.00000000 57.00000000
382.00000000 600.00000000 0.00000000 57.00000000
699.00000000 470.00000000 0.00000000 56.00000000
255.00000000 417.00000000 0.00000000 55.00000000
383.00000000 609.00000000 0.00000000 54.00000000
138.00000000 468.00000000 0.00000000 54.00000000
148.00000000 465.00000000 0.00000000 53.00000000
637.00000000 472.00000000 0.00000000 52.00000000
140.00000000 484.00000000 0.00000000 52.00000000
147.00000000 270.00000000 0.00000000 52.00000000
219.00000000 410.00000000 0.00000000 52.00000000
415.00000000 261.00000000 0.00000000 51.00000000
195.00000000 270.00000000 0.00000000 51.00000000
