586.00000000 48.00000000 1.00000000 515.00000000
585.00000000 48.00000000 1.00000000 433.00000000
586.00000000 47.00000000 0.00000000 432.00000000
585.00000000 89.00000000 0.00000000 336.00000000
605.00000000 50.00000000 1.00000000 314.00000000
605.00000000 50.00000000 1.00000000 280.00000000
475.00000000 19.00000000 1.00000000 278.00000000
585.00000000 89.00000000 1.00000000 277.00000000
609.00000000 26.00000000 1.00000000 261.00000000
359.00000000 215.00000000 1.00000000 255.00000000
359.00000000 214.00000000 1.00000000 242.00000000
605.00000000 49.00000000 0.00000000 232.00000000
475.00000000 19.00000000 0.00000000 222.00000000
412.00000000 195.00000000 0.00000000 216.00000000
413.00000000 195.00000000 1.00000000 214.00000000
601.00000000 72.00000000 1.00000000 213.00000000
603.00000000 61.00000000 1.00000000 213.00000000
85.00000000 266.00000000 1.00000000 208.00000000
359.00000000 214.00000000 0.00000000 208.00000000
606.00000000 52.00000000 2.00000000 197.00000000
603.00000000 60.00000000 0.00000000 190.00000000
585.00000000 90.00000000 1.00000000 184.00000000
601.00000000 70.00000000 0.00000000 183.00000000
360.00000000 216.00000000 2.00000000 181.00000000
411.00000000 193.00000000 1.00000000 181.00000000
85.00000000 265.00000000 0.00000000 175.00000000
608.00000000 25.00000000 1.00000000 175.00000000
607.00000000 24.00000000 0.00000000 173.00000000
627.00000000 153.00000000 0.00000000 173.00000000
603.00000000 354.00000000 0.00000000 169.00000000
586.00000000 48.00000000 2.00000000 169.00000000
628.00000000 58.00000000 0.00000000 163.00000000
305.00000000 322.00000000 5.00000000 161.00000000
596.00000000 59.00000000 2.00000000 153.00000000
610.00000000 30.00000000 2.00000000 152.00000000
430.00000000 374.00000000 0.00000000 152.00000000
234.00000000 326.00000000 0.00000000 148.00000000
84.00000000 265.00000000 1.00000000 147.00000000
304.00000000 324.00000000 4.00000000 147.00000000
588.00000000 96.00000000 2.00000000 147.00000000
601.00000000 82.00000000 0.00000000 146.00000000
518.00000000 355.00000000 0.00000000 144.00000000
463.00000000 20.00000000 1.00000000 140.00000000
518.00000000 355.00000000 1.00000000 140.00000000
74.00000000 316.00000000 1.00000000 131.00000000
431.00000000 375.00000000 1.00000000 128.00000000
530.00000000 354.00000000 1.00000000 127.00000000
73.00000000 316.00000000 1.00000000 124.00000000
487.00000000 30.00000000 1.00000000 124.00000000
412.00000000 196.00000000 2.00000000 123.00000000
305.00000000 316.00000000 2.00000000 122.00000000
479.00000000 129.00000000 0.00000000 119.00000000
464.00000000 20.00000000 0.00000000 118.00000000
486.00000000 29.00000000 1.00000000 118.00000000
586.00000000 99.00000000 1.00000000 117.00000000
233.00000000 277.00000000 0.00000000 117.00000000
348.00000000 214.00000000 0.00000000 116.00000000
588.00000000 96.00000000 2.00000000 116.00000000
66.00000000 272.00000000 1.00000000 115.00000000
138.00000000 67.00000000 1.00000000 115.00000000
64.00000000 332.00000000 4.00000000 115.00000000
66.00000000 271.00000000 1.00000000 114.00000000
233.00000000 327.00000000 1.00000000 112.00000000
598.00000000 101.00000000 0.00000000 108.00000000
585.00000000 350.00000000 2.00000000 108.00000000
65.00000000 272.00000000 0.00000000 107.00000000
615.00000000 364.00000000 0.00000000 106.00000000
264.00000000 82.00000000 2.00000000 106.00000000
74.00000000 316.00000000 0.00000000 104.00000000
529.00000000 352.00000000 0.00000000 103.00000000
341.00000000 128.00000000 0.00000000 103.00000000
370.00000000 253.00000000 0.00000000 101.00000000
604.00000000 355.00000000 1.00000000 100.00000000
542.00000000 258.00000000 0.00000000 97.00000000
584.00000000 350.00000000 2.00000000 95.00000000
500.00000000 371.00000000 0.00000000 93.00000000
502.00000000 356.00000000 0.00000000 92.00000000
586.00000000 99.00000000 0.00000000 91.00000000
233.00000000 278.00000000 1.00000000 89.00000000
584.00000000 352.00000000 0.00000000 88.00000000
264.00000000 82.00000000 1.00000000 86.00000000
479.00000000 130.00000000 1.00000000 85.00000000
617.00000000 44.00000000 0.00000000 85.00000000
139.00000000 67.00000000 1.00000000 83.00000000
264.00000000 82.00000000 1.00000000 82.00000000
487.00000000 30.00000000 0.00000000 81.00000000
264.00000000 82.00000000 0.00000000 81.00000000
103.00000000 261.00000000 1.00000000 79.00000000
598.00000000 101.00000000 1.00000000 78.00000000
439.00000000 311.00000000 0.00000000 78.00000000
503.00000000 357.00000000 1.00000000 78.00000000
582.00000000 63.00000000 0.00000000 78.00000000
525.00000000 308.00000000 0.00000000 78.00000000
531.00000000 384.00000000 0.00000000 75.00000000
311.00000000 217.00000000 0.00000000 74.00000000
501.00000000 372.00000000 1.00000000 71.00000000
55.00000000 298.00000000 1.00000000 71.00000000
602.00000000 83.00000000 1.00000000 70.00000000
623.00000000 357.00000000 1.00000000 66.00000000
261.00000000 204.00000000 1.00000000 66.00000000
247.00000000 13.00000000 0.00000000 66.00000000
596.00000000 131.00000000 1.00000000 66.00000000
292.00000000 236.00000000 1.00000000 64.00000000
479.00000000 128.00000000 1.00000000 63.00000000
515.00000000 387.00000000 0.00000000 63.00000000
267.00000000 168.00000000 0.00000000 63.00000000
486.00000000 352.00000000 0.00000000 63.00000000
261.00000000 205.00000000 1.00000000 60.00000000
460.00000000 299.00000000 0.00000000 60.00000000
248.00000000 29.00000000 0.00000000 59.00000000
246.00000000 327.00000000 0.00000000 59.00000000
147.00000000 290.00000000 0.00000000 59.00000000
203.00000000 202.00000000 0.00000000 59.00000000
449.00000000 350.00000000 0.00000000 58.00000000
452.00000000 371.00000000 0.00000000 57.00000000
144.00000000 166.00000000 0.00000000 57.00000000
277.00000000 250.00000000 0.00000000 57.00000000
140.00000000 67.00000000 0.00000000 57.00000000
405.00000000 140.00000000 0.00000000 57.00000000
627.00000000 406.00000000 0.00000000 56.00000000
277.00000000 236.00000000 0.00000000 56.00000000
543.00000000 389.00000000 0.00000000 54.00000000
598.00000000 362.00000000 0.00000000 54.00000000
250.00000000 59.00000000 0.00000000 53.00000000
106.00000000 15.00000000 0.00000000 53.00000000
462.00000000 379.00000000 0.00000000 53.00000000
240.00000000 325.00000000 0.00000000 52.00000000
