475.00000000 20.00000000 1.00000000 301.00000000
627.00000000 154.00000000 0.00000000 286.00000000
602.00000000 353.00000000 0.00000000 269.00000000
603.00000000 355.00000000 1.00000000 255.00000000
502.00000000 370.00000000 1.00000000 247.00000000
585.00000000 48.00000000 0.00000000 216.00000000
585.00000000 48.00000000 1.00000000 202.00000000
518.00000000 355.00000000 1.00000000 201.00000000
502.00000000 371.00000000 1.00000000 199.00000000
359.00000000 216.00000000 1.00000000 197.00000000
518.00000000 355.00000000 0.00000000 195.00000000
475.00000000 20.00000000 0.00000000 189.00000000
529.00000000 355.00000000 1.00000000 188.00000000
628.00000000 60.00000000 0.00000000 168.00000000
85.00000000 268.00000000 1.00000000 167.00000000
463.00000000 21.00000000 1.00000000 165.00000000
486.00000000 395.00000000 0.00000000 161.00000000
584.00000000 91.00000000 0.00000000 160.00000000
360.00000000 218.00000000 2.00000000 157.00000000
359.00000000 217.00000000 1.00000000 157.00000000
582.00000000 350.00000000 2.00000000 152.00000000
486.00000000 395.00000000 1.00000000 147.00000000
502.00000000 359.00000000 0.00000000 143.00000000
609.00000000 28.00000000 1.00000000 143.00000000
84.00000000 267.00000000 1.00000000 138.00000000
500.00000000 371.00000000 0.00000000 137.00000000
585.00000000 92.00000000 1.00000000 130.00000000
584.00000000 352.00000000 0.00000000 129.00000000
263.00000000 84.00000000 2.00000000 129.00000000
585.00000000 48.00000000 1.00000000 127.00000000
610.00000000 30.00000000 2.00000000 127.00000000
475.00000000 21.00000000 1.00000000 126.00000000
528.00000000 352.00000000 0.00000000 126.00000000
503.00000000 359.00000000 1.00000000 122.00000000
504.00000000 372.00000000 2.00000000 122.00000000
596.00000000 62.00000000 2.00000000 117.00000000
602.00000000 60.00000000 2.00000000 117.00000000
603.00000000 356.00000000 1.00000000 116.00000000
264.00000000 84.00000000 4.00000000 115.00000000
601.00000000 72.00000000 0.00000000 114.00000000
542.00000000 364.00000000 0.00000000 114.00000000
85.00000000 267.00000000 0.00000000 113.00000000
359.00000000 216.00000000 0.00000000 112.00000000
580.00000000 356.00000000 4.00000000 111.00000000
463.00000000 21.00000000 0.00000000 106.00000000
113.00000000 325.00000000 1.00000000 105.00000000
584.00000000 350.00000000 2.00000000 104.00000000
233.00000000 279.00000000 0.00000000 104.00000000
526.00000000 386.00000000 0.00000000 103.00000000
601.00000000 72.00000000 1.00000000 101.00000000
407.00000000 195.00000000 1.00000000 101.00000000
264.00000000 84.00000000 2.00000000 101.00000000
132.00000000 195.00000000 2.00000000 101.00000000
107.00000000 45.00000000 1.00000000 100.00000000
138.00000000 206.00000000 0.00000000 100.00000000
486.00000000 32.00000000 1.00000000 99.00000000
408.00000000 196.00000000 2.00000000 99.00000000
488.00000000 390.00000000 2.00000000 99.00000000
108.00000000 45.00000000 1.00000000 98.00000000
541.00000000 259.00000000 0.00000000 98.00000000
103.00000000 264.00000000 1.00000000 97.00000000
340.00000000 130.00000000 0.00000000 96.00000000
407.00000000 195.00000000 1.00000000 96.00000000
272.00000000 171.00000000 0.00000000 94.00000000
519.00000000 354.00000000 1.00000000 93.00000000
487.00000000 256.00000000 0.00000000 93.00000000
485.00000000 402.00000000 0.00000000 93.00000000
233.00000000 280.00000000 1.00000000 93.00000000
622.00000000 357.00000000 1.00000000 90.00000000
486.00000000 32.00000000 0.00000000 89.00000000
486.00000000 352.00000000 0.00000000 89.00000000
273.00000000 172.00000000 1.00000000 89.00000000
408.00000000 194.00000000 0.00000000 87.00000000
113.00000000 325.00000000 1.00000000 87.00000000
138.00000000 69.00000000 1.00000000 87.00000000
604.00000000 50.00000000 1.00000000 86.00000000
422.00000000 191.00000000 0.00000000 85.00000000
137.00000000 206.00000000 1.00000000 85.00000000
531.00000000 385.00000000 0.00000000 84.00000000
602.00000000 62.00000000 0.00000000 83.00000000
139.00000000 70.00000000 1.00000000 83.00000000
602.00000000 60.00000000 1.00000000 83.00000000
72.00000000 318.00000000 1.00000000 81.00000000
602.00000000 62.00000000 1.00000000 81.00000000
361.00000000 120.00000000 0.00000000 80.00000000
585.00000000 91.00000000 1.00000000 79.00000000
538.00000000 394.00000000 1.00000000 78.00000000
478.00000000 130.00000000 0.00000000 77.00000000
586.00000000 100.00000000 0.00000000 77.00000000
621.00000000 357.00000000 0.00000000 76.00000000
135.00000000 189.00000000 1.00000000 76.00000000
73.00000000 319.00000000 1.00000000 76.00000000
486.00000000 353.00000000 1.00000000 76.00000000
260.00000000 84.00000000 5.00000000 75.00000000
604.00000000 50.00000000 0.00000000 75.00000000
347.00000000 216.00000000 0.00000000 73.00000000
525.00000000 309.00000000 0.00000000 72.00000000
610.00000000 29.00000000 0.00000000 72.00000000
608.00000000 27.00000000 1.00000000 72.00000000
124.00000000 26.00000000 1.00000000 70.00000000
110.00000000 56.00000000 1.00000000 70.00000000
361.00000000 120.00000000 1.00000000 69.00000000
362.00000000 133.00000000 0.00000000 69.00000000
486.00000000 359.00000000 0.00000000 68.00000000
553.00000000 373.00000000 0.00000000 68.00000000
545.00000000 377.00000000 0.00000000 67.00000000
73.00000000 318.00000000 0.00000000 67.00000000
354.00000000 135.00000000 0.00000000 65.00000000
124.00000000 25.00000000 0.00000000 65.00000000
108.00000000 43.00000000 0.00000000 63.00000000
135.00000000 188.00000000 0.00000000 63.00000000
568.00000000 364.00000000 0.00000000 62.00000000
369.00000000 254.00000000 0.00000000 62.00000000
486.00000000 248.00000000 0.00000000 61.00000000
448.00000000 352.00000000 0.00000000 61.00000000
359.00000000 79.00000000 0.00000000 60.00000000
140.00000000 69.00000000 0.00000000 60.00000000
624.00000000 86.00000000 0.00000000 60.00000000
359.00000000 62.00000000 0.00000000 59.00000000
147.00000000 202.00000000 0.00000000 58.00000000
72.00000000 335.00000000 0.00000000 57.00000000
414.00000000 196.00000000 0.00000000 57.00000000
368.00000000 142.00000000 0.00000000 56.00000000
41.00000000 115.00000000 0.00000000 55.00000000
429.00000000 376.00000000 0.00000000 55.00000000
359.00000000 28.00000000 0.00000000 55.00000000
620.00000000 154.00000000 0.00000000 54.00000000
