585.00000000 47.00000000 1.00000000 480.00000000
585.00000000 46.00000000 0.00000000 426.00000000
584.00000000 89.00000000 0.00000000 419.00000000
604.00000000 58.00000000 2.00000000 389.00000000
585.00000000 48.00000000 1.00000000 363.00000000
609.00000000 26.00000000 1.00000000 359.00000000
585.00000000 90.00000000 1.00000000 349.00000000
602.00000000 57.00000000 1.00000000 323.00000000
627.00000000 153.00000000 0.00000000 318.00000000
601.00000000 70.00000000 0.00000000 299.00000000
475.00000000 19.00000000 1.00000000 295.00000000
359.00000000 214.00000000 0.00000000 282.00000000
518.00000000 355.00000000 1.00000000 278.00000000
601.00000000 71.00000000 1.00000000 274.00000000
359.00000000 214.00000000 1.00000000 270.00000000
233.00000000 277.00000000 0.00000000 266.00000000
603.00000000 354.00000000 0.00000000 260.00000000
596.00000000 59.00000000 2.00000000 256.00000000
359.00000000 214.00000000 1.00000000 254.00000000
475.00000000 19.00000000 0.00000000 251.00000000
588.00000000 98.00000000 2.00000000 248.00000000
603.00000000 59.00000000 1.00000000 246.00000000
85.00000000 266.00000000 1.00000000 243.00000000
518.00000000 354.00000000 0.00000000 237.00000000
585.00000000 90.00000000 1.00000000 224.00000000
610.00000000 30.00000000 2.00000000 219.00000000
608.00000000 26.00000000 1.00000000 218.00000000
487.00000000 31.00000000 1.00000000 216.00000000
138.00000000 67.00000000 1.00000000 214.00000000
500.00000000 371.00000000 0.00000000 209.00000000
487.00000000 31.00000000 0.00000000 206.00000000
588.00000000 96.00000000 2.00000000 195.00000000
263.00000000 82.00000000 2.00000000 192.00000000
360.00000000 216.00000000 2.00000000 191.00000000
529.00000000 354.00000000 1.00000000 190.00000000
528.00000000 352.00000000 0.00000000 188.00000000
501.00000000 371.00000000 1.00000000 188.00000000
84.00000000 265.00000000 1.00000000 182.00000000
607.00000000 24.00000000 0.00000000 181.00000000
262.00000000 82.00000000 2.00000000 180.00000000
604.00000000 49.00000000 1.00000000 177.00000000
603.00000000 59.00000000 0.00000000 176.00000000
233.00000000 278.00000000 1.00000000 171.00000000
72.00000000 316.00000000 1.00000000 169.00000000
478.00000000 129.00000000 0.00000000 168.00000000
628.00000000 58.00000000 0.00000000 166.00000000
603.00000000 355.00000000 1.00000000 165.00000000
85.00000000 265.00000000 0.00000000 164.00000000
65.00000000 272.00000000 1.00000000 160.00000000
412.00000000 195.00000000 0.00000000 160.00000000
64.00000000 332.00000000 4.00000000 158.00000000
73.00000000 316.00000000 1.00000000 157.00000000
153.00000000 69.00000000 1.00000000 155.00000000
486.00000000 31.00000000 1.00000000 153.00000000
464.00000000 20.00000000 1.00000000 151.00000000
139.00000000 67.00000000 1.00000000 150.00000000
305.00000000 322.00000000 5.00000000 149.00000000
464.00000000 20.00000000 0.00000000 148.00000000
586.00000000 98.00000000 0.00000000 148.00000000
605.00000000 48.00000000 0.00000000 147.00000000
65.00000000 272.00000000 0.00000000 146.00000000
582.00000000 353.00000000 2.00000000 144.00000000
413.00000000 195.00000000 1.00000000 141.00000000
263.00000000 80.00000000 1.00000000 138.00000000
584.00000000 352.00000000 0.00000000 137.00000000
260.00000000 84.00000000 4.00000000 136.00000000
340.00000000 128.00000000 0.00000000 135.00000000
51.00000000 113.00000000 0.00000000 135.00000000
152.00000000 69.00000000 0.00000000 134.00000000
429.00000000 375.00000000 0.00000000 134.00000000
103.00000000 261.00000000 1.00000000 134.00000000
581.00000000 64.00000000 0.00000000 132.00000000
596.00000000 130.00000000 2.00000000 131.00000000
502.00000000 356.00000000 0.00000000 130.00000000
250.00000000 62.00000000 1.00000000 129.00000000
66.00000000 271.00000000 1.00000000 128.00000000
411.00000000 193.00000000 1.00000000 126.00000000
503.00000000 358.00000000 1.00000000 124.00000000
526.00000000 386.00000000 0.00000000 121.00000000
138.00000000 68.00000000 2.00000000 121.00000000
124.00000000 31.00000000 1.00000000 120.00000000
72.00000000 318.00000000 2.00000000 119.00000000
519.00000000 354.00000000 1.00000000 118.00000000
541.00000000 257.00000000 0.00000000 118.00000000
347.00000000 214.00000000 0.00000000 117.00000000
430.00000000 375.00000000 1.00000000 116.00000000
478.00000000 130.00000000 1.00000000 114.00000000
264.00000000 82.00000000 1.00000000 113.00000000
72.00000000 316.00000000 0.00000000 112.00000000
140.00000000 67.00000000 0.00000000 110.00000000
616.00000000 44.00000000 0.00000000 109.00000000
264.00000000 82.00000000 0.00000000 107.00000000
106.00000000 18.00000000 1.00000000 104.00000000
370.00000000 253.00000000 0.00000000 104.00000000
234.00000000 326.00000000 0.00000000 103.00000000
531.00000000 384.00000000 0.00000000 102.00000000
537.00000000 394.00000000 1.00000000 102.00000000
543.00000000 364.00000000 0.00000000 102.00000000
106.00000000 17.00000000 0.00000000 101.00000000
188.00000000 71.00000000 0.00000000 98.00000000
250.00000000 60.00000000 1.00000000 96.00000000
525.00000000 308.00000000 0.00000000 95.00000000
114.00000000 36.00000000 0.00000000 95.00000000
126.00000000 32.00000000 1.00000000 94.00000000
104.00000000 262.00000000 1.00000000 93.00000000
249.00000000 59.00000000 0.00000000 91.00000000
601.00000000 83.00000000 0.00000000 90.00000000
543.00000000 364.00000000 1.00000000 90.00000000
376.00000000 141.00000000 0.00000000 89.00000000
494.00000000 126.00000000 1.00000000 89.00000000
614.00000000 98.00000000 0.00000000 88.00000000
247.00000000 14.00000000 0.00000000 88.00000000
598.00000000 135.00000000 0.00000000 87.00000000
354.00000000 134.00000000 0.00000000 86.00000000
272.00000000 170.00000000 0.00000000 85.00000000
486.00000000 359.00000000 0.00000000 85.00000000
114.00000000 26.00000000 0.00000000 84.00000000
568.00000000 364.00000000 0.00000000 82.00000000
486.00000000 352.00000000 0.00000000 81.00000000
126.00000000 33.00000000 0.00000000 78.00000000
543.00000000 389.00000000 0.00000000 76.00000000
593.00000000 127.00000000 0.00000000 76.00000000
161.00000000 86.00000000 0.00000000 75.00000000
394.00000000 284.00000000 0.00000000 75.00000000
545.00000000 377.00000000 0.00000000 74.00000000
553.00000000 373.00000000 0.00000000 73.00000000
54.00000000 297.00000000 0.00000000 73.00000000
