720.00000000 484.00000000 2.00000000 414.00000000
719.00000000 483.00000000 1.00000000 395.00000000
718.00000000 486.00000000 2.00000000 392.00000000
712.00000000 492.00000000 5.00000000 389.00000000
412.00000000 264.00000000 4.00000000 384.00000000
716.00000000 488.00000000 4.00000000 358.00000000
720.00000000 483.00000000 1.00000000 331.00000000
410.00000000 260.00000000 2.00000000 297.00000000
107.00000000 290.00000000 1.00000000 262.00000000
579.00000000 468.00000000 0.00000000 255.00000000
107.00000000 290.00000000 0.00000000 253.00000000
717.00000000 513.00000000 1.00000000 253.00000000
718.00000000 512.00000000 2.00000000 244.00000000
206.00000000 268.00000000 1.00000000 240.00000000
347.00000000 233.00000000 1.00000000 234.00000000
579.00000000 469.00000000 1.00000000 232.00000000
718.00000000 514.00000000 1.00000000 230.00000000
207.00000000 268.00000000 1.00000000 227.00000000
720.00000000 483.00000000 0.00000000 221.00000000
613.00000000 454.00000000 1.00000000 218.00000000
188.00000000 268.00000000 0.00000000 218.00000000
106.00000000 288.00000000 1.00000000 208.00000000
155.00000000 271.00000000 1.00000000 206.00000000
348.00000000 236.00000000 2.00000000 205.00000000
613.00000000 453.00000000 0.00000000 204.00000000
206.00000000 268.00000000 2.00000000 203.00000000
407.00000000 251.00000000 0.00000000 199.00000000
144.00000000 410.00000000 2.00000000 189.00000000
347.00000000 233.00000000 1.00000000 187.00000000
207.00000000 266.00000000 0.00000000 186.00000000
641.00000000 454.00000000 1.00000000 180.00000000
718.00000000 514.00000000 0.00000000 179.00000000
721.00000000 494.00000000 0.00000000 169.00000000
408.00000000 254.00000000 2.00000000 165.00000000
156.00000000 270.00000000 0.00000000 164.00000000
140.00000000 613.00000000 0.00000000 159.00000000
310.00000000 620.00000000 0.00000000 159.00000000
407.00000000 251.00000000 1.00000000 157.00000000
144.00000000 408.00000000 1.00000000 157.00000000
715.00000000 514.00000000 2.00000000 153.00000000
399.00000000 251.00000000 0.00000000 152.00000000
144.00000000 412.00000000 2.00000000 151.00000000
154.00000000 271.00000000 1.00000000 147.00000000
112.00000000 248.00000000 0.00000000 146.00000000
188.00000000 269.00000000 1.00000000 142.00000000
347.00000000 231.00000000 0.00000000 135.00000000
113.00000000 249.00000000 1.00000000 132.00000000
641.00000000 453.00000000 0.00000000 129.00000000
578.00000000 469.00000000 1.00000000 127.00000000
141.00000000 614.00000000 1.00000000 122.00000000
613.00000000 453.00000000 1.00000000 122.00000000
407.00000000 253.00000000 1.00000000 121.00000000
931.00000000 516.00000000 1.00000000 117.00000000
105.00000000 273.00000000 0.00000000 116.00000000
105.00000000 273.00000000 1.00000000 111.00000000
642.00000000 453.00000000 1.00000000 107.00000000
721.00000000 495.00000000 1.00000000 107.00000000
152.00000000 272.00000000 2.00000000 106.00000000
910.00000000 504.00000000 2.00000000 103.00000000
931.00000000 517.00000000 1.00000000 103.00000000
910.00000000 503.00000000 1.00000000 100.00000000
153.00000000 510.00000000 1.00000000 98.00000000
104.00000000 264.00000000 0.00000000 98.00000000
911.00000000 502.00000000 1.00000000 98.00000000
108.00000000 306.00000000 0.00000000 97.00000000
313.00000000 449.00000000 1.00000000 94.00000000
931.00000000 515.00000000 0.00000000 93.00000000
355.00000000 248.00000000 0.00000000 90.00000000
145.00000000 408.00000000 1.00000000 90.00000000
384.00000000 636.00000000 1.00000000 82.00000000
332.00000000 560.00000000 1.00000000 81.00000000
926.00000000 493.00000000 1.00000000 79.00000000
154.00000000 509.00000000 0.00000000 78.00000000
332.00000000 562.00000000 1.00000000 78.00000000
312.00000000 485.00000000 1.00000000 76.00000000
931.00000000 579.00000000 1.00000000 74.00000000
386.00000000 635.00000000 1.00000000 72.00000000
102.00000000 251.00000000 0.00000000 72.00000000
910.00000000 501.00000000 0.00000000 70.00000000
356.00000000 249.00000000 1.00000000 69.00000000
166.00000000 266.00000000 0.00000000 69.00000000
311.00000000 485.00000000 0.00000000 68.00000000
331.00000000 559.00000000 0.00000000 68.00000000
145.00000000 434.00000000 1.00000000 67.00000000
715.00000000 505.00000000 0.00000000 66.00000000
338.00000000 365.00000000 1.00000000 64.00000000
303.00000000 304.00000000 1.00000000 64.00000000
273.00000000 497.00000000 1.00000000 63.00000000
313.00000000 449.00000000 0.00000000 62.00000000
143.00000000 513.00000000 1.00000000 62.00000000
162.00000000 523.00000000 1.00000000 61.00000000
136.00000000 393.00000000 1.00000000 61.00000000
144.00000000 434.00000000 0.00000000 60.00000000
167.00000000 272.00000000 0.00000000 59.00000000
124.00000000 272.00000000 0.00000000 59.00000000
377.00000000 284.00000000 0.00000000 58.00000000
415.00000000 260.00000000 0.00000000 58.00000000
931.00000000 580.00000000 0.00000000 56.00000000
338.00000000 366.00000000 0.00000000 56.00000000
186.00000000 482.00000000 0.00000000 55.00000000
127.00000000 401.00000000 0.00000000 55.00000000
405.00000000 408.00000000 0.00000000 55.00000000
138.00000000 468.00000000 0.00000000 54.00000000
111.00000000 340.00000000 0.00000000 54.00000000
415.00000000 545.00000000 0.00000000 53.00000000
195.00000000 270.00000000 0.00000000 53.00000000
699.00000000 470.00000000 0.00000000 53.00000000
234.00000000 613.00000000 0.00000000 52.00000000
148.00000000 465.00000000 0.00000000 52.00000000
302.00000000 303.00000000 0.00000000 52.00000000
708.00000000 521.00000000 0.00000000 52.00000000
140.00000000 483.00000000 0.00000000 51.00000000
147.00000000 270.00000000 0.00000000 50.00000000
149.00000000 602.00000000 0.00000000 48.00000000
801.00000000 492.00000000 0.00000000 48.00000000
417.00000000 613.00000000 0.00000000 48.00000000
255.00000000 417.00000000 0.00000000 47.00000000
930.00000000 496.00000000 0.00000000 47.00000000
864.00000000 514.00000000 0.00000000 46.00000000
386.00000000 634.00000000 0.00000000 45.00000000
709.00000000 558.00000000 0.00000000 45.00000000
162.00000000 522.00000000 0.00000000 45.00000000
219.00000000 409.00000000 0.00000000 45.00000000
272.00000000 497.00000000 0.00000000 45.00000000
134.00000000 611.00000000 0.00000000 44.00000000
207.00000000 615.00000000 0.00000000 44.00000000
339.00000000 568.00000000 0.00000000 43.00000000
