474.00000000 20.00000000 1.00000000 633.00000000
475.00000000 19.00000000 0.00000000 367.00000000
359.00000000 216.00000000 1.00000000 274.00000000
463.00000000 21.00000000 1.00000000 265.00000000
602.00000000 62.00000000 1.00000000 239.00000000
358.00000000 218.00000000 1.00000000 236.00000000
602.00000000 62.00000000 0.00000000 234.00000000
475.00000000 21.00000000 1.00000000 232.00000000
609.00000000 28.00000000 1.00000000 185.00000000
603.00000000 352.00000000 0.00000000 184.00000000
360.00000000 218.00000000 2.00000000 184.00000000
518.00000000 354.00000000 0.00000000 174.00000000
586.00000000 49.00000000 1.00000000 167.00000000
628.00000000 59.00000000 0.00000000 164.00000000
463.00000000 20.00000000 0.00000000 163.00000000
584.00000000 90.00000000 0.00000000 163.00000000
585.00000000 48.00000000 0.00000000 162.00000000
610.00000000 30.00000000 2.00000000 160.00000000
359.00000000 216.00000000 0.00000000 157.00000000
627.00000000 154.00000000 0.00000000 155.00000000
623.00000000 357.00000000 1.00000000 154.00000000
602.00000000 62.00000000 1.00000000 151.00000000
518.00000000 355.00000000 1.00000000 151.00000000
70.00000000 101.00000000 0.00000000 146.00000000
603.00000000 354.00000000 1.00000000 144.00000000
605.00000000 51.00000000 1.00000000 142.00000000
85.00000000 268.00000000 1.00000000 142.00000000
585.00000000 91.00000000 1.00000000 140.00000000
487.00000000 32.00000000 1.00000000 137.00000000
602.00000000 62.00000000 2.00000000 134.00000000
138.00000000 69.00000000 1.00000000 133.00000000
486.00000000 31.00000000 0.00000000 130.00000000
120.00000000 225.00000000 0.00000000 130.00000000
41.00000000 116.00000000 0.00000000 130.00000000
124.00000000 168.00000000 4.00000000 129.00000000
596.00000000 62.00000000 2.00000000 128.00000000
601.00000000 72.00000000 1.00000000 127.00000000
118.00000000 169.00000000 5.00000000 127.00000000
529.00000000 354.00000000 1.00000000 127.00000000
42.00000000 116.00000000 1.00000000 126.00000000
585.00000000 48.00000000 1.00000000 125.00000000
584.00000000 352.00000000 0.00000000 125.00000000
132.00000000 164.00000000 0.00000000 122.00000000
108.00000000 45.00000000 1.00000000 122.00000000
528.00000000 352.00000000 0.00000000 122.00000000
605.00000000 50.00000000 1.00000000 121.00000000
601.00000000 72.00000000 0.00000000 120.00000000
107.00000000 45.00000000 1.00000000 118.00000000
501.00000000 371.00000000 1.00000000 118.00000000
86.00000000 268.00000000 1.00000000 118.00000000
139.00000000 70.00000000 1.00000000 115.00000000
125.00000000 28.00000000 1.00000000 115.00000000
500.00000000 371.00000000 0.00000000 114.00000000
502.00000000 359.00000000 0.00000000 112.00000000
486.00000000 352.00000000 0.00000000 111.00000000
622.00000000 357.00000000 0.00000000 110.00000000
605.00000000 50.00000000 0.00000000 108.00000000
132.00000000 175.00000000 1.00000000 107.00000000
585.00000000 350.00000000 2.00000000 106.00000000
125.00000000 28.00000000 0.00000000 104.00000000
132.00000000 164.00000000 1.00000000 104.00000000
132.00000000 171.00000000 0.00000000 104.00000000
84.00000000 267.00000000 0.00000000 102.00000000
124.00000000 166.00000000 2.00000000 102.00000000
584.00000000 350.00000000 2.00000000 102.00000000
273.00000000 172.00000000 1.00000000 101.00000000
502.00000000 370.00000000 1.00000000 101.00000000
140.00000000 72.00000000 2.00000000 99.00000000
608.00000000 27.00000000 1.00000000 99.00000000
57.00000000 235.00000000 1.00000000 98.00000000
133.00000000 173.00000000 1.00000000 97.00000000
233.00000000 279.00000000 1.00000000 97.00000000
486.00000000 353.00000000 1.00000000 96.00000000
130.00000000 164.00000000 2.00000000 96.00000000
272.00000000 172.00000000 0.00000000 94.00000000
488.00000000 368.00000000 2.00000000 93.00000000
124.00000000 26.00000000 1.00000000 93.00000000
233.00000000 279.00000000 0.00000000 91.00000000
485.00000000 407.00000000 0.00000000 90.00000000
610.00000000 29.00000000 0.00000000 88.00000000
57.00000000 235.00000000 0.00000000 87.00000000
119.00000000 209.00000000 1.00000000 87.00000000
70.00000000 101.00000000 1.00000000 87.00000000
340.00000000 130.00000000 0.00000000 86.00000000
73.00000000 318.00000000 1.00000000 86.00000000
141.00000000 73.00000000 2.00000000 86.00000000
106.00000000 19.00000000 1.00000000 86.00000000
119.00000000 226.00000000 1.00000000 85.00000000
588.00000000 98.00000000 2.00000000 84.00000000
585.00000000 91.00000000 1.00000000 84.00000000
279.00000000 216.00000000 1.00000000 84.00000000
108.00000000 43.00000000 0.00000000 83.00000000
235.00000000 153.00000000 0.00000000 83.00000000
117.00000000 209.00000000 1.00000000 83.00000000
233.00000000 328.00000000 0.00000000 83.00000000
272.00000000 172.00000000 1.00000000 82.00000000
347.00000000 216.00000000 0.00000000 82.00000000
122.00000000 266.00000000 0.00000000 82.00000000
531.00000000 384.00000000 0.00000000 80.00000000
74.00000000 319.00000000 1.00000000 76.00000000
408.00000000 194.00000000 0.00000000 75.00000000
526.00000000 309.00000000 0.00000000 75.00000000
283.00000000 224.00000000 0.00000000 75.00000000
470.00000000 238.00000000 0.00000000 73.00000000
545.00000000 377.00000000 0.00000000 68.00000000
526.00000000 387.00000000 0.00000000 67.00000000
106.00000000 19.00000000 0.00000000 66.00000000
354.00000000 135.00000000 0.00000000 65.00000000
531.00000000 373.00000000 0.00000000 65.00000000
487.00000000 248.00000000 0.00000000 64.00000000
110.00000000 53.00000000 0.00000000 64.00000000
516.00000000 295.00000000 0.00000000 64.00000000
64.00000000 280.00000000 4.00000000 64.00000000
448.00000000 352.00000000 0.00000000 64.00000000
105.00000000 10.00000000 0.00000000 63.00000000
140.00000000 84.00000000 0.00000000 62.00000000
91.00000000 273.00000000 0.00000000 62.00000000
29.00000000 28.00000000 0.00000000 61.00000000
139.00000000 69.00000000 0.00000000 59.00000000
425.00000000 237.00000000 0.00000000 59.00000000
126.00000000 92.00000000 0.00000000 58.00000000
116.00000000 36.00000000 0.00000000 57.00000000
429.00000000 376.00000000 0.00000000 57.00000000
74.00000000 318.00000000 0.00000000 56.00000000
310.00000000 218.00000000 0.00000000 56.00000000
279.00000000 215.00000000 0.00000000 55.00000000
616.00000000 45.00000000 0.00000000 54.00000000
