475.00000000 19.00000000 1.00000000 567.00000000
603.00000000 354.00000000 0.00000000 300.00000000
475.00000000 18.00000000 0.00000000 295.00000000
603.00000000 355.00000000 1.00000000 242.00000000
463.00000000 20.00000000 1.00000000 237.00000000
518.00000000 355.00000000 1.00000000 223.00000000
602.00000000 62.00000000 1.00000000 222.00000000
602.00000000 61.00000000 0.00000000 220.00000000
585.00000000 48.00000000 1.00000000 217.00000000
518.00000000 355.00000000 0.00000000 217.00000000
85.00000000 267.00000000 1.00000000 194.00000000
585.00000000 90.00000000 0.00000000 187.00000000
585.00000000 48.00000000 0.00000000 184.00000000
120.00000000 224.00000000 0.00000000 177.00000000
627.00000000 154.00000000 0.00000000 176.00000000
85.00000000 267.00000000 0.00000000 176.00000000
609.00000000 26.00000000 1.00000000 168.00000000
585.00000000 91.00000000 1.00000000 168.00000000
585.00000000 48.00000000 1.00000000 166.00000000
584.00000000 352.00000000 0.00000000 164.00000000
529.00000000 354.00000000 1.00000000 161.00000000
623.00000000 357.00000000 1.00000000 155.00000000
601.00000000 72.00000000 1.00000000 152.00000000
628.00000000 59.00000000 0.00000000 147.00000000
604.00000000 51.00000000 1.00000000 146.00000000
475.00000000 21.00000000 1.00000000 142.00000000
487.00000000 31.00000000 1.00000000 141.00000000
359.00000000 214.00000000 1.00000000 140.00000000
602.00000000 60.00000000 1.00000000 138.00000000
486.00000000 352.00000000 0.00000000 135.00000000
120.00000000 225.00000000 1.00000000 132.00000000
488.00000000 368.00000000 2.00000000 129.00000000
602.00000000 62.00000000 2.00000000 129.00000000
359.00000000 216.00000000 1.00000000 128.00000000
596.00000000 62.00000000 2.00000000 128.00000000
610.00000000 30.00000000 2.00000000 128.00000000
528.00000000 352.00000000 0.00000000 125.00000000
138.00000000 69.00000000 1.00000000 125.00000000
601.00000000 71.00000000 0.00000000 125.00000000
487.00000000 31.00000000 0.00000000 124.00000000
486.00000000 353.00000000 1.00000000 122.00000000
84.00000000 267.00000000 1.00000000 120.00000000
291.00000000 237.00000000 1.00000000 117.00000000
463.00000000 20.00000000 0.00000000 116.00000000
500.00000000 371.00000000 0.00000000 115.00000000
622.00000000 356.00000000 0.00000000 114.00000000
501.00000000 371.00000000 1.00000000 112.00000000
519.00000000 354.00000000 1.00000000 110.00000000
234.00000000 279.00000000 1.00000000 109.00000000
360.00000000 216.00000000 2.00000000 109.00000000
134.00000000 187.00000000 0.00000000 109.00000000
134.00000000 187.00000000 1.00000000 108.00000000
233.00000000 279.00000000 0.00000000 108.00000000
70.00000000 342.00000000 2.00000000 107.00000000
582.00000000 350.00000000 2.00000000 105.00000000
608.00000000 26.00000000 1.00000000 105.00000000
235.00000000 152.00000000 0.00000000 104.00000000
140.00000000 70.00000000 2.00000000 103.00000000
588.00000000 98.00000000 2.00000000 103.00000000
359.00000000 215.00000000 0.00000000 103.00000000
585.00000000 91.00000000 1.00000000 102.00000000
486.00000000 31.00000000 1.00000000 101.00000000
502.00000000 359.00000000 0.00000000 100.00000000
291.00000000 236.00000000 0.00000000 99.00000000
603.00000000 356.00000000 1.00000000 96.00000000
69.00000000 339.00000000 1.00000000 96.00000000
70.00000000 100.00000000 0.00000000 96.00000000
412.00000000 196.00000000 1.00000000 96.00000000
67.00000000 345.00000000 2.00000000 95.00000000
411.00000000 195.00000000 1.00000000 93.00000000
108.00000000 45.00000000 1.00000000 92.00000000
233.00000000 328.00000000 0.00000000 91.00000000
605.00000000 50.00000000 0.00000000 91.00000000
131.00000000 178.00000000 1.00000000 89.00000000
263.00000000 82.00000000 2.00000000 89.00000000
235.00000000 154.00000000 1.00000000 88.00000000
139.00000000 69.00000000 1.00000000 88.00000000
73.00000000 318.00000000 1.00000000 87.00000000
607.00000000 24.00000000 0.00000000 87.00000000
503.00000000 359.00000000 1.00000000 86.00000000
305.00000000 322.00000000 5.00000000 86.00000000
262.00000000 82.00000000 2.00000000 85.00000000
561.00000000 380.00000000 1.00000000 83.00000000
125.00000000 28.00000000 1.00000000 82.00000000
64.00000000 328.00000000 4.00000000 81.00000000
412.00000000 195.00000000 0.00000000 81.00000000
541.00000000 258.00000000 0.00000000 79.00000000
580.00000000 352.00000000 4.00000000 78.00000000
525.00000000 386.00000000 0.00000000 74.00000000
538.00000000 394.00000000 1.00000000 74.00000000
531.00000000 385.00000000 0.00000000 74.00000000
43.00000000 117.00000000 0.00000000 74.00000000
89.00000000 371.00000000 0.00000000 73.00000000
543.00000000 364.00000000 1.00000000 73.00000000
108.00000000 44.00000000 0.00000000 73.00000000
340.00000000 130.00000000 0.00000000 72.00000000
448.00000000 351.00000000 0.00000000 71.00000000
615.00000000 364.00000000 0.00000000 71.00000000
584.00000000 353.00000000 1.00000000 70.00000000
543.00000000 364.00000000 0.00000000 70.00000000
74.00000000 318.00000000 1.00000000 68.00000000
462.00000000 381.00000000 1.00000000 68.00000000
617.00000000 45.00000000 0.00000000 64.00000000
120.00000000 231.00000000 0.00000000 64.00000000
479.00000000 130.00000000 0.00000000 63.00000000
138.00000000 99.00000000 0.00000000 63.00000000
462.00000000 380.00000000 0.00000000 62.00000000
140.00000000 69.00000000 0.00000000 62.00000000
515.00000000 393.00000000 0.00000000 60.00000000
545.00000000 377.00000000 0.00000000 59.00000000
354.00000000 135.00000000 0.00000000 58.00000000
598.00000000 362.00000000 0.00000000 58.00000000
310.00000000 217.00000000 0.00000000 58.00000000
553.00000000 373.00000000 0.00000000 57.00000000
598.00000000 102.00000000 0.00000000 56.00000000
122.00000000 265.00000000 0.00000000 56.00000000
586.00000000 101.00000000 0.00000000 56.00000000
132.00000000 178.00000000 0.00000000 53.00000000
133.00000000 162.00000000 0.00000000 52.00000000
126.00000000 190.00000000 0.00000000 51.00000000
126.00000000 92.00000000 0.00000000 51.00000000
125.00000000 28.00000000 0.00000000 50.00000000
581.00000000 65.00000000 0.00000000 50.00000000
485.00000000 400.00000000 0.00000000 50.00000000
117.00000000 348.00000000 0.00000000 50.00000000
485.00000000 393.00000000 0.00000000 50.00000000
99.00000000 265.00000000 0.00000000 50.00000000
