412.00000000 264.00000000 4.00000000 387.00000000
720.00000000 484.00000000 2.00000000 380.00000000
712.00000000 492.00000000 5.00000000 360.00000000
718.00000000 486.00000000 2.00000000 360.00000000
719.00000000 483.00000000 1.00000000 355.00000000
716.00000000 488.00000000 4.00000000 329.00000000
720.00000000 483.00000000 1.00000000 307.00000000
410.00000000 260.00000000 2.00000000 288.00000000
107.00000000 290.00000000 1.00000000 287.00000000
107.00000000 290.00000000 0.00000000 272.00000000
347.00000000 233.00000000 1.00000000 256.00000000
207.00000000 268.00000000 1.00000000 237.00000000
718.00000000 513.00000000 1.00000000 235.00000000
579.00000000 468.00000000 0.00000000 231.00000000
348.00000000 232.00000000 1.00000000 226.00000000
208.00000000 268.00000000 1.00000000 217.00000000
718.00000000 513.00000000 1.00000000 217.00000000
106.00000000 288.00000000 1.00000000 217.00000000
348.00000000 234.00000000 2.00000000 216.00000000
718.00000000 512.00000000 2.00000000 216.00000000
188.00000000 268.00000000 0.00000000 200.00000000
156.00000000 271.00000000 1.00000000 197.00000000
579.00000000 469.00000000 1.00000000 197.00000000
720.00000000 482.00000000 0.00000000 196.00000000
208.00000000 268.00000000 2.00000000 186.00000000
207.00000000 266.00000000 0.00000000 183.00000000
613.00000000 453.00000000 0.00000000 182.00000000
613.00000000 454.00000000 1.00000000 181.00000000
144.00000000 410.00000000 2.00000000 175.00000000
156.00000000 270.00000000 0.00000000 169.00000000
721.00000000 494.00000000 0.00000000 168.00000000
347.00000000 231.00000000 0.00000000 165.00000000
311.00000000 620.00000000 0.00000000 164.00000000
407.00000000 250.00000000 0.00000000 162.00000000
718.00000000 514.00000000 0.00000000 162.00000000
141.00000000 613.00000000 0.00000000 161.00000000
112.00000000 248.00000000 0.00000000 155.00000000
641.00000000 454.00000000 1.00000000 150.00000000
410.00000000 254.00000000 2.00000000 149.00000000
144.00000000 410.00000000 2.00000000 142.00000000
154.00000000 271.00000000 1.00000000 139.00000000
144.00000000 408.00000000 1.00000000 139.00000000
113.00000000 249.00000000 1.00000000 135.00000000
188.00000000 268.00000000 1.00000000 134.00000000
721.00000000 495.00000000 1.00000000 125.00000000
641.00000000 453.00000000 0.00000000 124.00000000
927.00000000 500.00000000 2.00000000 122.00000000
400.00000000 251.00000000 0.00000000 119.00000000
141.00000000 614.00000000 1.00000000 115.00000000
106.00000000 288.00000000 2.00000000 112.00000000
106.00000000 273.00000000 0.00000000 111.00000000
104.00000000 263.00000000 0.00000000 110.00000000
407.00000000 251.00000000 1.00000000 107.00000000
105.00000000 273.00000000 1.00000000 106.00000000
613.00000000 453.00000000 1.00000000 106.00000000
579.00000000 469.00000000 1.00000000 105.00000000
105.00000000 264.00000000 1.00000000 104.00000000
166.00000000 566.00000000 2.00000000 100.00000000
642.00000000 453.00000000 1.00000000 97.00000000
153.00000000 509.00000000 1.00000000 97.00000000
108.00000000 305.00000000 0.00000000 93.00000000
313.00000000 449.00000000 1.00000000 88.00000000
102.00000000 250.00000000 0.00000000 87.00000000
145.00000000 408.00000000 1.00000000 82.00000000
332.00000000 559.00000000 1.00000000 79.00000000
154.00000000 509.00000000 0.00000000 77.00000000
931.00000000 516.00000000 1.00000000 74.00000000
312.00000000 485.00000000 1.00000000 74.00000000
415.00000000 250.00000000 0.00000000 74.00000000
161.00000000 523.00000000 1.00000000 73.00000000
926.00000000 493.00000000 1.00000000 73.00000000
408.00000000 253.00000000 1.00000000 73.00000000
931.00000000 517.00000000 1.00000000 70.00000000
332.00000000 561.00000000 1.00000000 67.00000000
356.00000000 248.00000000 0.00000000 67.00000000
167.00000000 266.00000000 0.00000000 67.00000000
386.00000000 634.00000000 1.00000000 65.00000000
311.00000000 485.00000000 0.00000000 65.00000000
167.00000000 272.00000000 0.00000000 65.00000000
313.00000000 449.00000000 0.00000000 64.00000000
273.00000000 497.00000000 1.00000000 63.00000000
125.00000000 272.00000000 0.00000000 63.00000000
108.00000000 306.00000000 1.00000000 62.00000000
145.00000000 434.00000000 1.00000000 61.00000000
331.00000000 558.00000000 0.00000000 61.00000000
931.00000000 514.00000000 0.00000000 61.00000000
911.00000000 501.00000000 1.00000000 60.00000000
144.00000000 513.00000000 1.00000000 59.00000000
416.00000000 261.00000000 1.00000000 58.00000000
415.00000000 260.00000000 0.00000000 57.00000000
303.00000000 304.00000000 1.00000000 57.00000000
339.00000000 365.00000000 1.00000000 56.00000000
932.00000000 579.00000000 1.00000000 56.00000000
111.00000000 341.00000000 1.00000000 56.00000000
111.00000000 340.00000000 0.00000000 55.00000000
195.00000000 269.00000000 0.00000000 55.00000000
148.00000000 465.00000000 0.00000000 53.00000000
144.00000000 434.00000000 0.00000000 53.00000000
716.00000000 505.00000000 0.00000000 52.00000000
127.00000000 400.00000000 0.00000000 52.00000000
234.00000000 613.00000000 0.00000000 51.00000000
149.00000000 601.00000000 0.00000000 50.00000000
187.00000000 482.00000000 0.00000000 50.00000000
138.00000000 468.00000000 0.00000000 50.00000000
700.00000000 470.00000000 0.00000000 49.00000000
140.00000000 483.00000000 0.00000000 49.00000000
134.00000000 611.00000000 0.00000000 49.00000000
338.00000000 365.00000000 0.00000000 48.00000000
931.00000000 579.00000000 0.00000000 47.00000000
255.00000000 615.00000000 0.00000000 47.00000000
303.00000000 303.00000000 0.00000000 46.00000000
709.00000000 520.00000000 0.00000000 46.00000000
339.00000000 568.00000000 0.00000000 46.00000000
273.00000000 497.00000000 0.00000000 45.00000000
930.00000000 496.00000000 0.00000000 45.00000000
110.00000000 326.00000000 0.00000000 45.00000000
219.00000000 409.00000000 0.00000000 45.00000000
377.00000000 284.00000000 0.00000000 44.00000000
418.00000000 613.00000000 0.00000000 43.00000000
207.00000000 615.00000000 0.00000000 42.00000000
1042.00000000 603.00000000 0.00000000 42.00000000
911.00000000 501.00000000 0.00000000 42.00000000
255.00000000 416.00000000 0.00000000 41.00000000
139.00000000 584.00000000 0.00000000 41.00000000
162.00000000 521.00000000 0.00000000 41.00000000
146.00000000 408.00000000 0.00000000 40.00000000
147.00000000 270.00000000 0.00000000 40.00000000
