652.00000000 272.00000000 4.00000000 635.00000000
780.00000000 299.00000000 5.00000000 589.00000000
780.00000000 300.00000000 4.00000000 551.00000000
217.00000000 1071.00000000 2.00000000 503.00000000
218.00000000 1072.00000000 2.00000000 486.00000000
653.00000000 271.00000000 2.00000000 456.00000000
908.00000000 164.00000000 2.00000000 448.00000000
1326.00000000 640.00000000 2.00000000 438.00000000
238.00000000 287.00000000 1.00000000 429.00000000
239.00000000 287.00000000 0.00000000 424.00000000
1496.00000000 148.00000000 2.00000000 421.00000000
919.00000000 766.00000000 2.00000000 418.00000000
1236.00000000 251.00000000 2.00000000 412.00000000
990.00000000 460.00000000 2.00000000 396.00000000
907.00000000 162.00000000 1.00000000 370.00000000
1327.00000000 639.00000000 1.00000000 360.00000000
992.00000000 459.00000000 1.00000000 351.00000000
1302.00000000 977.00000000 1.00000000 343.00000000
1322.00000000 612.00000000 2.00000000 339.00000000
1478.00000000 688.00000000 2.00000000 334.00000000
1402.00000000 59.00000000 1.00000000 325.00000000
918.00000000 766.00000000 2.00000000 319.00000000
1303.00000000 976.00000000 1.00000000 310.00000000
1152.00000000 453.00000000 1.00000000 307.00000000
219.00000000 1070.00000000 1.00000000 307.00000000
182.00000000 79.00000000 1.00000000 304.00000000
909.00000000 163.00000000 1.00000000 299.00000000
1436.00000000 654.00000000 1.00000000 294.00000000
1496.00000000 144.00000000 1.00000000 294.00000000
993.00000000 460.00000000 1.00000000 293.00000000
1112.00000000 170.00000000 0.00000000 292.00000000
182.00000000 79.00000000 0.00000000 278.00000000
187.00000000 86.00000000 0.00000000 273.00000000
1151.00000000 453.00000000 1.00000000 268.00000000
1657.00000000 24.00000000 1.00000000 266.00000000
222.00000000 327.00000000 0.00000000 265.00000000
1125.00000000 203.00000000 1.00000000 261.00000000
1436.00000000 654.00000000 0.00000000 260.00000000
1322.00000000 610.00000000 1.00000000 260.00000000
423.00000000 78.00000000 1.00000000 260.00000000
215.00000000 341.00000000 0.00000000 255.00000000
1709.00000000 1125.00000000 1.00000000 254.00000000
919.00000000 766.00000000 1.00000000 254.00000000
408.00000000 401.00000000 1.00000000 252.00000000
1174.00000000 344.00000000 0.00000000 252.00000000
228.00000000 313.00000000 0.00000000 252.00000000
1448.00000000 507.00000000 1.00000000 249.00000000
1113.00000000 170.00000000 1.00000000 248.00000000
1097.00000000 434.00000000 0.00000000 241.00000000
1148.00000000 439.00000000 1.00000000 238.00000000
1174.00000000 344.00000000 1.00000000 233.00000000
423.00000000 77.00000000 0.00000000 232.00000000
838.00000000 199.00000000 0.00000000 231.00000000
422.00000000 79.00000000 1.00000000 231.00000000
676.00000000 713.00000000 1.00000000 230.00000000
1658.00000000 23.00000000 1.00000000 230.00000000
1328.00000000 638.00000000 1.00000000 228.00000000
1135.00000000 437.00000000 0.00000000 221.00000000
1005.00000000 427.00000000 0.00000000 219.00000000
1152.00000000 452.00000000 0.00000000 216.00000000
915.00000000 467.00000000 0.00000000 215.00000000
1026.00000000 1057.00000000 0.00000000 215.00000000
1377.00000000 85.00000000 1.00000000 214.00000000
1403.00000000 57.00000000 1.00000000 211.00000000
920.00000000 766.00000000 1.00000000 210.00000000
318.00000000 19.00000000 1.00000000 210.00000000
1663.00000000 1058.00000000 1.00000000 208.00000000
994.00000000 458.00000000 0.00000000 208.00000000
675.00000000 712.00000000 0.00000000 201.00000000
238.00000000 794.00000000 1.00000000 201.00000000
916.00000000 468.00000000 1.00000000 201.00000000
1710.00000000 216.00000000 0.00000000 201.00000000
337.00000000 337.00000000 1.00000000 201.00000000
910.00000000 162.00000000 0.00000000 201.00000000
1035.00000000 1047.00000000 0.00000000 200.00000000
1126.00000000 203.00000000 1.00000000 200.00000000
1005.00000000 427.00000000 1.00000000 199.00000000
248.00000000 265.00000000 0.00000000 198.00000000
1303.00000000 976.00000000 0.00000000 196.00000000
1496.00000000 143.00000000 1.00000000 194.00000000
971.00000000 531.00000000 1.00000000 193.00000000
1067.00000000 55.00000000 1.00000000 188.00000000
310.00000000 28.00000000 0.00000000 187.00000000
395.00000000 321.00000000 1.00000000 184.00000000
115.00000000 767.00000000 0.00000000 182.00000000
116.00000000 769.00000000 1.00000000 180.00000000
237.00000000 794.00000000 0.00000000 179.00000000
221.00000000 327.00000000 1.00000000 179.00000000
411.00000000 402.00000000 1.00000000 179.00000000
513.00000000 48.00000000 0.00000000 177.00000000
330.00000000 485.00000000 1.00000000 177.00000000
1248.00000000 217.00000000 0.00000000 173.00000000
980.00000000 423.00000000 0.00000000 172.00000000
1067.00000000 55.00000000 0.00000000 167.00000000
1259.00000000 302.00000000 0.00000000 162.00000000
1009.00000000 1083.00000000 0.00000000 162.00000000
300.00000000 297.00000000 0.00000000 161.00000000
1378.00000000 84.00000000 0.00000000 161.00000000
753.00000000 159.00000000 0.00000000 153.00000000
337.00000000 337.00000000 0.00000000 151.00000000
395.00000000 321.00000000 0.00000000 150.00000000
1663.00000000 1057.00000000 0.00000000 150.00000000
1658.00000000 22.00000000 0.00000000 150.00000000
50.00000000 653.00000000 0.00000000 148.00000000
1018.00000000 1069.00000000 0.00000000 147.00000000
1709.00000000 1123.00000000 0.00000000 145.00000000
1018.00000000 431.00000000 0.00000000 144.00000000
1159.00000000 437.00000000 0.00000000 144.00000000
971.00000000 531.00000000 0.00000000 140.00000000
330.00000000 485.00000000 0.00000000 140.00000000
880.00000000 432.00000000 0.00000000 138.00000000
253.00000000 1115.00000000 0.00000000 137.00000000
252.00000000 1079.00000000 0.00000000 135.00000000
313.00000000 376.00000000 0.00000000 134.00000000
606.00000000 1028.00000000 0.00000000 133.00000000
1340.00000000 181.00000000 0.00000000 132.00000000
207.00000000 362.00000000 0.00000000 129.00000000
468.00000000 832.00000000 0.00000000 129.00000000
146.00000000 768.00000000 0.00000000 128.00000000
1495.00000000 142.00000000 0.00000000 128.00000000
1402.00000000 55.00000000 0.00000000 127.00000000
123.00000000 552.00000000 0.00000000 126.00000000
920.00000000 766.00000000 0.00000000 126.00000000
1328.00000000 637.00000000 0.00000000 125.00000000
1683.00000000 1094.00000000 0.00000000 124.00000000
1257.00000000 682.00000000 0.00000000 124.00000000
721.00000000 871.00000000 0.00000000 124.00000000
