218.00000000 1084.00000000 2.00000000 550.00000000
214.00000000 1086.00000000 2.00000000 515.00000000
1094.00000000 231.00000000 2.00000000 505.00000000
328.00000000 497.00000000 2.00000000 496.00000000
328.00000000 496.00000000 2.00000000 427.00000000
238.00000000 296.00000000 1.00000000 421.00000000
1092.00000000 236.00000000 4.00000000 421.00000000
217.00000000 1081.00000000 1.00000000 417.00000000
991.00000000 584.00000000 1.00000000 410.00000000
1023.00000000 455.00000000 2.00000000 397.00000000
324.00000000 500.00000000 4.00000000 396.00000000
1026.00000000 454.00000000 2.00000000 389.00000000
1096.00000000 230.00000000 2.00000000 371.00000000
972.00000000 540.00000000 1.00000000 350.00000000
238.00000000 295.00000000 0.00000000 349.00000000
329.00000000 494.00000000 1.00000000 336.00000000
753.00000000 169.00000000 1.00000000 335.00000000
989.00000000 584.00000000 1.00000000 331.00000000
214.00000000 350.00000000 0.00000000 317.00000000
972.00000000 538.00000000 0.00000000 317.00000000
992.00000000 583.00000000 0.00000000 317.00000000
752.00000000 168.00000000 1.00000000 313.00000000
1028.00000000 453.00000000 1.00000000 313.00000000
838.00000000 208.00000000 1.00000000 309.00000000
221.00000000 335.00000000 0.00000000 308.00000000
1111.00000000 180.00000000 1.00000000 303.00000000
752.00000000 168.00000000 2.00000000 297.00000000
1111.00000000 178.00000000 0.00000000 297.00000000
227.00000000 321.00000000 0.00000000 292.00000000
1565.00000000 643.00000000 1.00000000 292.00000000
838.00000000 207.00000000 0.00000000 284.00000000
219.00000000 1079.00000000 1.00000000 280.00000000
330.00000000 494.00000000 1.00000000 278.00000000
753.00000000 168.00000000 0.00000000 272.00000000
294.00000000 621.00000000 0.00000000 271.00000000
774.00000000 311.00000000 5.00000000 270.00000000
1438.00000000 663.00000000 1.00000000 265.00000000
1064.00000000 66.00000000 2.00000000 265.00000000
1029.00000000 453.00000000 1.00000000 259.00000000
1012.00000000 510.00000000 1.00000000 259.00000000
988.00000000 586.00000000 2.00000000 258.00000000
1063.00000000 65.00000000 1.00000000 256.00000000
1152.00000000 462.00000000 1.00000000 245.00000000
1153.00000000 461.00000000 1.00000000 242.00000000
837.00000000 207.00000000 1.00000000 240.00000000
312.00000000 38.00000000 2.00000000 240.00000000
1657.00000000 35.00000000 1.00000000 233.00000000
1065.00000000 65.00000000 1.00000000 228.00000000
221.00000000 336.00000000 1.00000000 226.00000000
1438.00000000 663.00000000 0.00000000 224.00000000
1673.00000000 229.00000000 1.00000000 224.00000000
971.00000000 540.00000000 1.00000000 223.00000000
1097.00000000 227.00000000 1.00000000 217.00000000
215.00000000 350.00000000 1.00000000 217.00000000
227.00000000 321.00000000 1.00000000 209.00000000
663.00000000 56.00000000 1.00000000 208.00000000
1175.00000000 353.00000000 1.00000000 207.00000000
330.00000000 494.00000000 0.00000000 204.00000000
959.00000000 240.00000000 0.00000000 203.00000000
121.00000000 562.00000000 1.00000000 202.00000000
1483.00000000 608.00000000 1.00000000 200.00000000
1011.00000000 510.00000000 1.00000000 200.00000000
821.00000000 86.00000000 1.00000000 198.00000000
1566.00000000 644.00000000 1.00000000 196.00000000
794.00000000 158.00000000 1.00000000 193.00000000
1673.00000000 229.00000000 1.00000000 192.00000000
1153.00000000 461.00000000 0.00000000 189.00000000
1175.00000000 353.00000000 0.00000000 188.00000000
394.00000000 330.00000000 1.00000000 185.00000000
1378.00000000 52.00000000 1.00000000 182.00000000
1465.00000000 258.00000000 1.00000000 180.00000000
1029.00000000 452.00000000 0.00000000 180.00000000
144.00000000 780.00000000 1.00000000 178.00000000
247.00000000 273.00000000 0.00000000 175.00000000
709.00000000 545.00000000 1.00000000 174.00000000
144.00000000 779.00000000 0.00000000 171.00000000
1159.00000000 446.00000000 0.00000000 170.00000000
1461.00000000 247.00000000 1.00000000 170.00000000
1482.00000000 608.00000000 0.00000000 168.00000000
513.00000000 57.00000000 1.00000000 166.00000000
115.00000000 777.00000000 1.00000000 164.00000000
709.00000000 545.00000000 0.00000000 164.00000000
219.00000000 1078.00000000 0.00000000 164.00000000
1012.00000000 509.00000000 0.00000000 163.00000000
939.00000000 861.00000000 1.00000000 162.00000000
611.00000000 103.00000000 1.00000000 162.00000000
1538.00000000 578.00000000 0.00000000 159.00000000
179.00000000 85.00000000 0.00000000 157.00000000
1378.00000000 52.00000000 0.00000000 155.00000000
794.00000000 157.00000000 0.00000000 154.00000000
513.00000000 57.00000000 0.00000000 154.00000000
985.00000000 205.00000000 0.00000000 151.00000000
1248.00000000 226.00000000 0.00000000 151.00000000
1098.00000000 443.00000000 0.00000000 150.00000000
995.00000000 466.00000000 0.00000000 146.00000000
610.00000000 103.00000000 0.00000000 144.00000000
821.00000000 85.00000000 0.00000000 143.00000000
394.00000000 330.00000000 0.00000000 136.00000000
1656.00000000 60.00000000 0.00000000 133.00000000
1004.00000000 436.00000000 0.00000000 132.00000000
788.00000000 733.00000000 0.00000000 130.00000000
115.00000000 776.00000000 0.00000000 129.00000000
468.00000000 847.00000000 0.00000000 127.00000000
1443.00000000 525.00000000 0.00000000 127.00000000
401.00000000 870.00000000 0.00000000 127.00000000
1465.00000000 258.00000000 0.00000000 127.00000000
254.00000000 277.00000000 0.00000000 126.00000000
1065.00000000 65.00000000 0.00000000 125.00000000
1259.00000000 699.00000000 0.00000000 124.00000000
930.00000000 265.00000000 0.00000000 124.00000000
612.00000000 1047.00000000 0.00000000 124.00000000
1461.00000000 247.00000000 0.00000000 121.00000000
980.00000000 432.00000000 0.00000000 121.00000000
49.00000000 662.00000000 0.00000000 120.00000000
323.00000000 178.00000000 0.00000000 120.00000000
234.00000000 308.00000000 0.00000000 118.00000000
975.00000000 219.00000000 0.00000000 118.00000000
939.00000000 861.00000000 0.00000000 117.00000000
1484.00000000 127.00000000 0.00000000 117.00000000
423.00000000 86.00000000 0.00000000 114.00000000
801.00000000 683.00000000 0.00000000 114.00000000
861.00000000 166.00000000 0.00000000 114.00000000
1083.00000000 114.00000000 0.00000000 112.00000000
296.00000000 304.00000000 0.00000000 111.00000000
1649.00000000 66.00000000 0.00000000 111.00000000
1067.00000000 73.00000000 0.00000000 110.00000000
855.00000000 811.00000000 0.00000000 109.00000000
