237.00000000 285.00000000 1.00000000 581.00000000
1555.00000000 642.00000000 2.00000000 576.00000000
1556.00000000 640.00000000 2.00000000 549.00000000
919.00000000 769.00000000 2.00000000 536.00000000
639.00000000 282.00000000 5.00000000 488.00000000
1657.00000000 622.00000000 2.00000000 475.00000000
1459.00000000 234.00000000 1.00000000 466.00000000
206.00000000 362.00000000 1.00000000 453.00000000
1460.00000000 236.00000000 2.00000000 445.00000000
328.00000000 486.00000000 2.00000000 443.00000000
1656.00000000 622.00000000 2.00000000 440.00000000
1152.00000000 451.00000000 1.00000000 430.00000000
960.00000000 920.00000000 4.00000000 428.00000000
237.00000000 284.00000000 0.00000000 427.00000000
1656.00000000 624.00000000 4.00000000 424.00000000
328.00000000 486.00000000 2.00000000 406.00000000
1152.00000000 450.00000000 0.00000000 390.00000000
1151.00000000 451.00000000 1.00000000 387.00000000
1437.00000000 652.00000000 1.00000000 386.00000000
662.00000000 46.00000000 2.00000000 379.00000000
920.00000000 768.00000000 2.00000000 379.00000000
1658.00000000 22.00000000 1.00000000 378.00000000
992.00000000 458.00000000 1.00000000 369.00000000
920.00000000 767.00000000 1.00000000 363.00000000
660.00000000 692.00000000 2.00000000 359.00000000
992.00000000 458.00000000 2.00000000 358.00000000
1557.00000000 637.00000000 1.00000000 353.00000000
1656.00000000 620.00000000 1.00000000 351.00000000
752.00000000 158.00000000 1.00000000 345.00000000
750.00000000 158.00000000 1.00000000 344.00000000
328.00000000 485.00000000 1.00000000 344.00000000
971.00000000 529.00000000 1.00000000 334.00000000
1377.00000000 50.00000000 1.00000000 334.00000000
1097.00000000 432.00000000 0.00000000 330.00000000
1322.00000000 617.00000000 1.00000000 328.00000000
1378.00000000 49.00000000 1.00000000 328.00000000
1436.00000000 651.00000000 0.00000000 327.00000000
1460.00000000 236.00000000 1.00000000 323.00000000
1026.00000000 1057.00000000 0.00000000 322.00000000
206.00000000 362.00000000 0.00000000 318.00000000
214.00000000 340.00000000 0.00000000 317.00000000
994.00000000 457.00000000 1.00000000 316.00000000
970.00000000 528.00000000 1.00000000 311.00000000
1435.00000000 653.00000000 1.00000000 311.00000000
1065.00000000 53.00000000 1.00000000 307.00000000
663.00000000 46.00000000 1.00000000 307.00000000
921.00000000 767.00000000 1.00000000 306.00000000
1322.00000000 616.00000000 0.00000000 305.00000000
1659.00000000 22.00000000 1.00000000 303.00000000
1059.00000000 429.00000000 0.00000000 300.00000000
220.00000000 325.00000000 0.00000000 291.00000000
1034.00000000 1046.00000000 0.00000000 288.00000000
186.00000000 85.00000000 1.00000000 283.00000000
1174.00000000 343.00000000 1.00000000 281.00000000
329.00000000 485.00000000 1.00000000 280.00000000
1066.00000000 53.00000000 0.00000000 277.00000000
214.00000000 340.00000000 1.00000000 277.00000000
1097.00000000 433.00000000 1.00000000 277.00000000
226.00000000 311.00000000 0.00000000 272.00000000
820.00000000 74.00000000 1.00000000 272.00000000
1064.00000000 53.00000000 1.00000000 269.00000000
965.00000000 917.00000000 1.00000000 268.00000000
512.00000000 47.00000000 1.00000000 268.00000000
1135.00000000 436.00000000 0.00000000 268.00000000
246.00000000 263.00000000 0.00000000 262.00000000
821.00000000 75.00000000 1.00000000 262.00000000
983.00000000 205.00000000 0.00000000 258.00000000
1009.00000000 1082.00000000 0.00000000 258.00000000
1158.00000000 436.00000000 0.00000000 257.00000000
1174.00000000 342.00000000 0.00000000 254.00000000
220.00000000 325.00000000 1.00000000 254.00000000
1558.00000000 639.00000000 1.00000000 251.00000000
752.00000000 158.00000000 0.00000000 247.00000000
114.00000000 768.00000000 1.00000000 243.00000000
994.00000000 456.00000000 0.00000000 239.00000000
837.00000000 197.00000000 1.00000000 238.00000000
1247.00000000 216.00000000 1.00000000 238.00000000
512.00000000 47.00000000 0.00000000 237.00000000
1004.00000000 425.00000000 0.00000000 236.00000000
1135.00000000 437.00000000 1.00000000 236.00000000
1060.00000000 1031.00000000 1.00000000 232.00000000
437.00000000 126.00000000 0.00000000 229.00000000
1378.00000000 48.00000000 0.00000000 229.00000000
234.00000000 1100.00000000 1.00000000 224.00000000
226.00000000 311.00000000 1.00000000 223.00000000
422.00000000 76.00000000 1.00000000 222.00000000
1248.00000000 215.00000000 0.00000000 222.00000000
971.00000000 528.00000000 0.00000000 221.00000000
185.00000000 84.00000000 0.00000000 216.00000000
1656.00000000 621.00000000 1.00000000 216.00000000
978.00000000 423.00000000 1.00000000 216.00000000
422.00000000 75.00000000 0.00000000 216.00000000
1170.00000000 1125.00000000 0.00000000 216.00000000
837.00000000 197.00000000 0.00000000 211.00000000
1538.00000000 567.00000000 0.00000000 205.00000000
1658.00000000 20.00000000 0.00000000 204.00000000
1017.00000000 1069.00000000 0.00000000 204.00000000
1709.00000000 209.00000000 0.00000000 201.00000000
1044.00000000 487.00000000 0.00000000 198.00000000
329.00000000 483.00000000 0.00000000 197.00000000
335.00000000 334.00000000 0.00000000 196.00000000
1559.00000000 639.00000000 0.00000000 194.00000000
610.00000000 92.00000000 0.00000000 192.00000000
1340.00000000 178.00000000 0.00000000 189.00000000
1461.00000000 236.00000000 0.00000000 187.00000000
293.00000000 610.00000000 0.00000000 187.00000000
979.00000000 422.00000000 0.00000000 186.00000000
732.00000000 597.00000000 0.00000000 184.00000000
114.00000000 767.00000000 0.00000000 179.00000000
955.00000000 469.00000000 0.00000000 174.00000000
180.00000000 76.00000000 0.00000000 173.00000000
145.00000000 758.00000000 0.00000000 173.00000000
820.00000000 74.00000000 0.00000000 171.00000000
1270.00000000 591.00000000 0.00000000 169.00000000
1110.00000000 166.00000000 0.00000000 168.00000000
1060.00000000 1030.00000000 0.00000000 167.00000000
861.00000000 156.00000000 0.00000000 166.00000000
661.00000000 700.00000000 0.00000000 164.00000000
1673.00000000 219.00000000 0.00000000 162.00000000
984.00000000 194.00000000 0.00000000 161.00000000
921.00000000 765.00000000 0.00000000 161.00000000
1000.00000000 522.00000000 0.00000000 159.00000000
393.00000000 319.00000000 0.00000000 156.00000000
852.00000000 424.00000000 0.00000000 155.00000000
978.00000000 593.00000000 0.00000000 154.00000000
611.00000000 1037.00000000 0.00000000 152.00000000
1360.00000000 762.00000000 0.00000000 149.00000000
