659.00000000 268.00000000 2.00000000 569.00000000
656.00000000 268.00000000 4.00000000 527.00000000
217.00000000 1074.00000000 2.00000000 516.00000000
239.00000000 286.00000000 1.00000000 513.00000000
328.00000000 489.00000000 2.00000000 499.00000000
660.00000000 268.00000000 2.00000000 473.00000000
239.00000000 286.00000000 0.00000000 468.00000000
218.00000000 1074.00000000 2.00000000 448.00000000
330.00000000 486.00000000 2.00000000 415.00000000
1487.00000000 701.00000000 5.00000000 386.00000000
661.00000000 267.00000000 1.00000000 385.00000000
1484.00000000 696.00000000 4.00000000 375.00000000
780.00000000 296.00000000 2.00000000 329.00000000
248.00000000 265.00000000 0.00000000 321.00000000
329.00000000 486.00000000 1.00000000 320.00000000
662.00000000 267.00000000 1.00000000 319.00000000
1045.00000000 488.00000000 1.00000000 316.00000000
181.00000000 77.00000000 0.00000000 316.00000000
260.00000000 1084.00000000 2.00000000 312.00000000
782.00000000 296.00000000 2.00000000 301.00000000
181.00000000 78.00000000 1.00000000 296.00000000
295.00000000 612.00000000 0.00000000 275.00000000
260.00000000 1081.00000000 1.00000000 274.00000000
782.00000000 295.00000000 1.00000000 272.00000000
1045.00000000 487.00000000 0.00000000 269.00000000
219.00000000 1070.00000000 1.00000000 264.00000000
994.00000000 458.00000000 1.00000000 256.00000000
990.00000000 472.00000000 1.00000000 251.00000000
1552.00000000 642.00000000 2.00000000 249.00000000
783.00000000 296.00000000 1.00000000 241.00000000
989.00000000 473.00000000 1.00000000 241.00000000
117.00000000 767.00000000 1.00000000 241.00000000
330.00000000 485.00000000 1.00000000 239.00000000
975.00000000 427.00000000 1.00000000 235.00000000
995.00000000 459.00000000 1.00000000 233.00000000
261.00000000 1080.00000000 1.00000000 229.00000000
992.00000000 460.00000000 2.00000000 227.00000000
770.00000000 633.00000000 1.00000000 218.00000000
1149.00000000 439.00000000 1.00000000 217.00000000
116.00000000 767.00000000 0.00000000 214.00000000
770.00000000 634.00000000 2.00000000 213.00000000
964.00000000 817.00000000 1.00000000 211.00000000
1045.00000000 489.00000000 1.00000000 208.00000000
663.00000000 267.00000000 0.00000000 208.00000000
144.00000000 769.00000000 0.00000000 206.00000000
123.00000000 555.00000000 1.00000000 204.00000000
1551.00000000 640.00000000 1.00000000 203.00000000
248.00000000 265.00000000 1.00000000 202.00000000
1152.00000000 454.00000000 1.00000000 202.00000000
1275.00000000 930.00000000 1.00000000 200.00000000
990.00000000 471.00000000 0.00000000 193.00000000
1152.00000000 453.00000000 0.00000000 191.00000000
263.00000000 1117.00000000 1.00000000 191.00000000
181.00000000 77.00000000 1.00000000 190.00000000
771.00000000 634.00000000 1.00000000 182.00000000
783.00000000 295.00000000 0.00000000 182.00000000
964.00000000 817.00000000 1.00000000 180.00000000
838.00000000 199.00000000 1.00000000 175.00000000
1436.00000000 653.00000000 1.00000000 174.00000000
295.00000000 612.00000000 1.00000000 173.00000000
263.00000000 1116.00000000 1.00000000 172.00000000
978.00000000 425.00000000 1.00000000 167.00000000
261.00000000 1079.00000000 0.00000000 165.00000000
330.00000000 485.00000000 0.00000000 165.00000000
754.00000000 159.00000000 1.00000000 164.00000000
972.00000000 531.00000000 0.00000000 164.00000000
124.00000000 556.00000000 1.00000000 160.00000000
994.00000000 458.00000000 0.00000000 159.00000000
1360.00000000 777.00000000 1.00000000 158.00000000
187.00000000 84.00000000 0.00000000 158.00000000
973.00000000 439.00000000 0.00000000 152.00000000
424.00000000 78.00000000 1.00000000 151.00000000
201.00000000 1047.00000000 0.00000000 149.00000000
989.00000000 440.00000000 0.00000000 146.00000000
993.00000000 430.00000000 1.00000000 145.00000000
221.00000000 1099.00000000 1.00000000 145.00000000
1259.00000000 690.00000000 0.00000000 144.00000000
842.00000000 130.00000000 0.00000000 143.00000000
838.00000000 199.00000000 0.00000000 143.00000000
972.00000000 531.00000000 1.00000000 143.00000000
298.00000000 297.00000000 1.00000000 141.00000000
842.00000000 130.00000000 1.00000000 140.00000000
814.00000000 827.00000000 0.00000000 140.00000000
814.00000000 828.00000000 1.00000000 139.00000000
1150.00000000 439.00000000 1.00000000 139.00000000
221.00000000 1066.00000000 1.00000000 139.00000000
325.00000000 169.00000000 0.00000000 138.00000000
1551.00000000 636.00000000 0.00000000 135.00000000
1275.00000000 929.00000000 0.00000000 134.00000000
475.00000000 1094.00000000 0.00000000 133.00000000
754.00000000 159.00000000 0.00000000 130.00000000
221.00000000 1064.00000000 0.00000000 128.00000000
263.00000000 1115.00000000 0.00000000 127.00000000
992.00000000 431.00000000 0.00000000 123.00000000
1360.00000000 777.00000000 0.00000000 123.00000000
206.00000000 361.00000000 0.00000000 123.00000000
980.00000000 423.00000000 0.00000000 121.00000000
1248.00000000 217.00000000 0.00000000 120.00000000
50.00000000 653.00000000 0.00000000 120.00000000
424.00000000 77.00000000 0.00000000 119.00000000
336.00000000 335.00000000 0.00000000 119.00000000
1258.00000000 682.00000000 0.00000000 118.00000000
1234.00000000 284.00000000 0.00000000 117.00000000
1248.00000000 211.00000000 0.00000000 117.00000000
1687.00000000 1091.00000000 0.00000000 115.00000000
415.00000000 335.00000000 0.00000000 115.00000000
838.00000000 808.00000000 0.00000000 113.00000000
1436.00000000 652.00000000 0.00000000 113.00000000
222.00000000 1098.00000000 0.00000000 113.00000000
229.00000000 297.00000000 0.00000000 113.00000000
1136.00000000 437.00000000 0.00000000 111.00000000
1175.00000000 343.00000000 0.00000000 111.00000000
965.00000000 817.00000000 0.00000000 107.00000000
771.00000000 634.00000000 0.00000000 106.00000000
608.00000000 365.00000000 0.00000000 106.00000000
1260.00000000 712.00000000 0.00000000 106.00000000
306.00000000 572.00000000 0.00000000 104.00000000
598.00000000 548.00000000 0.00000000 104.00000000
228.00000000 312.00000000 0.00000000 103.00000000
1113.00000000 169.00000000 0.00000000 102.00000000
215.00000000 340.00000000 0.00000000 102.00000000
121.00000000 547.00000000 0.00000000 101.00000000
222.00000000 326.00000000 0.00000000 100.00000000
1665.00000000 1067.00000000 0.00000000 100.00000000
298.00000000 296.00000000 0.00000000 96.00000000
862.00000000 158.00000000 0.00000000 96.00000000
662.00000000 321.00000000 0.00000000 95.00000000
