325.00000000 497.00000000 2.00000000 635.00000000
324.00000000 500.00000000 4.00000000 596.00000000
1323.00000000 684.00000000 2.00000000 565.00000000
1322.00000000 682.00000000 2.00000000 540.00000000
1320.00000000 622.00000000 2.00000000 537.00000000
1324.00000000 684.00000000 4.00000000 519.00000000
497.00000000 359.00000000 2.00000000 514.00000000
1322.00000000 622.00000000 2.00000000 499.00000000
920.00000000 778.00000000 2.00000000 479.00000000
326.00000000 496.00000000 2.00000000 468.00000000
1436.00000000 663.00000000 1.00000000 467.00000000
1238.00000000 264.00000000 2.00000000 438.00000000
919.00000000 777.00000000 1.00000000 422.00000000
940.00000000 185.00000000 1.00000000 409.00000000
666.00000000 268.00000000 2.00000000 409.00000000
1124.00000000 739.00000000 1.00000000 402.00000000
1323.00000000 684.00000000 5.00000000 400.00000000
1323.00000000 681.00000000 1.00000000 400.00000000
1238.00000000 260.00000000 1.00000000 393.00000000
1436.00000000 663.00000000 0.00000000 392.00000000
498.00000000 358.00000000 2.00000000 390.00000000
788.00000000 750.00000000 1.00000000 384.00000000
1086.00000000 176.00000000 2.00000000 378.00000000
1240.00000000 259.00000000 1.00000000 371.00000000
787.00000000 749.00000000 1.00000000 370.00000000
667.00000000 267.00000000 1.00000000 363.00000000
942.00000000 185.00000000 1.00000000 362.00000000
1322.00000000 620.00000000 1.00000000 360.00000000
914.00000000 516.00000000 0.00000000 346.00000000
921.00000000 778.00000000 1.00000000 328.00000000
916.00000000 502.00000000 1.00000000 327.00000000
1323.00000000 680.00000000 1.00000000 316.00000000
673.00000000 729.00000000 1.00000000 311.00000000
750.00000000 168.00000000 1.00000000 311.00000000
970.00000000 538.00000000 0.00000000 308.00000000
914.00000000 502.00000000 1.00000000 308.00000000
196.00000000 373.00000000 1.00000000 304.00000000
673.00000000 717.00000000 1.00000000 302.00000000
1124.00000000 739.00000000 1.00000000 300.00000000
1400.00000000 80.00000000 1.00000000 298.00000000
671.00000000 729.00000000 1.00000000 297.00000000
326.00000000 496.00000000 1.00000000 294.00000000
942.00000000 185.00000000 0.00000000 290.00000000
1087.00000000 175.00000000 1.00000000 288.00000000
788.00000000 750.00000000 0.00000000 288.00000000
113.00000000 779.00000000 1.00000000 286.00000000
971.00000000 539.00000000 1.00000000 284.00000000
1658.00000000 32.00000000 1.00000000 281.00000000
668.00000000 267.00000000 1.00000000 279.00000000
362.00000000 415.00000000 1.00000000 278.00000000
1014.00000000 449.00000000 1.00000000 272.00000000
1323.00000000 620.00000000 1.00000000 272.00000000
197.00000000 371.00000000 0.00000000 266.00000000
751.00000000 169.00000000 1.00000000 264.00000000
1151.00000000 461.00000000 1.00000000 263.00000000
1151.00000000 461.00000000 0.00000000 251.00000000
673.00000000 717.00000000 0.00000000 251.00000000
914.00000000 517.00000000 1.00000000 249.00000000
1445.00000000 673.00000000 1.00000000 247.00000000
1110.00000000 260.00000000 1.00000000 246.00000000
917.00000000 502.00000000 0.00000000 244.00000000
1658.00000000 31.00000000 1.00000000 241.00000000
725.00000000 263.00000000 1.00000000 240.00000000
1214.00000000 775.00000000 1.00000000 236.00000000
758.00000000 338.00000000 1.00000000 232.00000000
1096.00000000 443.00000000 0.00000000 231.00000000
1089.00000000 176.00000000 1.00000000 225.00000000
633.00000000 308.00000000 1.00000000 219.00000000
1096.00000000 444.00000000 1.00000000 219.00000000
921.00000000 778.00000000 0.00000000 219.00000000
1495.00000000 182.00000000 1.00000000 218.00000000
1376.00000000 108.00000000 1.00000000 218.00000000
1240.00000000 258.00000000 0.00000000 213.00000000
363.00000000 415.00000000 1.00000000 211.00000000
292.00000000 622.00000000 0.00000000 209.00000000
977.00000000 434.00000000 1.00000000 209.00000000
1158.00000000 446.00000000 0.00000000 204.00000000
1110.00000000 260.00000000 0.00000000 204.00000000
1214.00000000 774.00000000 0.00000000 204.00000000
420.00000000 85.00000000 0.00000000 203.00000000
1134.00000000 446.00000000 0.00000000 200.00000000
237.00000000 295.00000000 0.00000000 198.00000000
1323.00000000 679.00000000 0.00000000 198.00000000
226.00000000 321.00000000 0.00000000 196.00000000
1272.00000000 504.00000000 0.00000000 194.00000000
219.00000000 336.00000000 0.00000000 191.00000000
673.00000000 729.00000000 0.00000000 190.00000000
214.00000000 350.00000000 0.00000000 187.00000000
1015.00000000 448.00000000 0.00000000 186.00000000
1445.00000000 673.00000000 0.00000000 186.00000000
417.00000000 153.00000000 0.00000000 185.00000000
610.00000000 1048.00000000 0.00000000 184.00000000
725.00000000 263.00000000 0.00000000 183.00000000
327.00000000 30.00000000 0.00000000 183.00000000
758.00000000 337.00000000 0.00000000 180.00000000
668.00000000 267.00000000 0.00000000 177.00000000
1003.00000000 436.00000000 0.00000000 176.00000000
113.00000000 778.00000000 0.00000000 176.00000000
977.00000000 433.00000000 0.00000000 174.00000000
1040.00000000 368.00000000 0.00000000 173.00000000
1658.00000000 30.00000000 0.00000000 171.00000000
1322.00000000 619.00000000 0.00000000 170.00000000
1495.00000000 182.00000000 0.00000000 168.00000000
1175.00000000 881.00000000 0.00000000 165.00000000
357.00000000 323.00000000 0.00000000 163.00000000
1125.00000000 738.00000000 0.00000000 162.00000000
1451.00000000 516.00000000 0.00000000 158.00000000
914.00000000 474.00000000 0.00000000 158.00000000
1524.00000000 558.00000000 0.00000000 156.00000000
751.00000000 168.00000000 0.00000000 155.00000000
334.00000000 345.00000000 0.00000000 153.00000000
179.00000000 86.00000000 0.00000000 153.00000000
1112.00000000 186.00000000 0.00000000 151.00000000
219.00000000 1074.00000000 0.00000000 149.00000000
328.00000000 494.00000000 0.00000000 149.00000000
688.00000000 632.00000000 0.00000000 146.00000000
1089.00000000 176.00000000 0.00000000 146.00000000
792.00000000 730.00000000 0.00000000 145.00000000
232.00000000 308.00000000 0.00000000 144.00000000
1263.00000000 327.00000000 0.00000000 144.00000000
866.00000000 663.00000000 0.00000000 143.00000000
1376.00000000 108.00000000 0.00000000 142.00000000
1706.00000000 593.00000000 0.00000000 142.00000000
931.00000000 580.00000000 0.00000000 142.00000000
296.00000000 306.00000000 0.00000000 141.00000000
281.00000000 601.00000000 0.00000000 141.00000000
1026.00000000 1068.00000000 0.00000000 140.00000000
