313.00000000 263.00000000 0.00000000 1132.00000000
314.00000000 264.00000000 1.00000000 1005.00000000
313.00000000 264.00000000 1.00000000 759.00000000
91.00000000 98.00000000 1.00000000 593.00000000
91.00000000 96.00000000 0.00000000 586.00000000
138.00000000 138.00000000 0.00000000 535.00000000
719.00000000 497.00000000 0.00000000 514.00000000
103.00000000 140.00000000 1.00000000 509.00000000
103.00000000 139.00000000 0.00000000 493.00000000
101.00000000 141.00000000 1.00000000 477.00000000
560.00000000 408.00000000 0.00000000 443.00000000
138.00000000 138.00000000 1.00000000 435.00000000
41.00000000 145.00000000 1.00000000 428.00000000
18.00000000 189.00000000 1.00000000 425.00000000
21.00000000 208.00000000 1.00000000 416.00000000
142.00000000 169.00000000 1.00000000 410.00000000
314.00000000 264.00000000 2.00000000 410.00000000
90.00000000 98.00000000 1.00000000 406.00000000
719.00000000 498.00000000 1.00000000 379.00000000
557.00000000 384.00000000 1.00000000 378.00000000
345.00000000 345.00000000 0.00000000 368.00000000
345.00000000 386.00000000 0.00000000 362.00000000
21.00000000 209.00000000 1.00000000 361.00000000
41.00000000 145.00000000 1.00000000 353.00000000
313.00000000 289.00000000 0.00000000 352.00000000
143.00000000 169.00000000 1.00000000 352.00000000
304.00000000 287.00000000 0.00000000 342.00000000
41.00000000 144.00000000 0.00000000 342.00000000
282.00000000 289.00000000 0.00000000 329.00000000
21.00000000 207.00000000 0.00000000 329.00000000
102.00000000 142.00000000 2.00000000 328.00000000
346.00000000 379.00000000 0.00000000 322.00000000
711.00000000 482.00000000 0.00000000 318.00000000
313.00000000 280.00000000 0.00000000 316.00000000
313.00000000 280.00000000 1.00000000 316.00000000
18.00000000 188.00000000 0.00000000 314.00000000
138.00000000 138.00000000 1.00000000 313.00000000
557.00000000 330.00000000 0.00000000 307.00000000
314.00000000 290.00000000 1.00000000 295.00000000
142.00000000 170.00000000 2.00000000 295.00000000
558.00000000 384.00000000 1.00000000 287.00000000
86.00000000 78.00000000 0.00000000 285.00000000
555.00000000 371.00000000 0.00000000 283.00000000
552.00000000 402.00000000 1.00000000 282.00000000
550.00000000 349.00000000 0.00000000 281.00000000
551.00000000 445.00000000 0.00000000 277.00000000
550.00000000 331.00000000 0.00000000 274.00000000
343.00000000 342.00000000 1.00000000 271.00000000
290.00000000 307.00000000 0.00000000 271.00000000
550.00000000 446.00000000 1.00000000 264.00000000
143.00000000 168.00000000 0.00000000 262.00000000
559.00000000 424.00000000 0.00000000 261.00000000
345.00000000 345.00000000 1.00000000 258.00000000
551.00000000 425.00000000 0.00000000 255.00000000
711.00000000 483.00000000 1.00000000 254.00000000
345.00000000 386.00000000 1.00000000 253.00000000
90.00000000 100.00000000 2.00000000 252.00000000
556.00000000 386.00000000 2.00000000 251.00000000
344.00000000 342.00000000 2.00000000 250.00000000
84.00000000 89.00000000 0.00000000 248.00000000
40.00000000 146.00000000 2.00000000 243.00000000
553.00000000 400.00000000 0.00000000 238.00000000
304.00000000 288.00000000 1.00000000 237.00000000
337.00000000 381.00000000 0.00000000 237.00000000
270.00000000 312.00000000 1.00000000 236.00000000
138.00000000 140.00000000 2.00000000 232.00000000
59.00000000 122.00000000 0.00000000 231.00000000
87.00000000 78.00000000 1.00000000 229.00000000
101.00000000 144.00000000 2.00000000 224.00000000
353.00000000 357.00000000 1.00000000 223.00000000
558.00000000 331.00000000 1.00000000 222.00000000
136.00000000 181.00000000 0.00000000 222.00000000
711.00000000 485.00000000 1.00000000 213.00000000
313.00000000 263.00000000 2.00000000 213.00000000
156.00000000 379.00000000 1.00000000 209.00000000
274.00000000 346.00000000 0.00000000 207.00000000
326.00000000 304.00000000 0.00000000 203.00000000
334.00000000 357.00000000 0.00000000 200.00000000
291.00000000 307.00000000 1.00000000 198.00000000
788.00000000 499.00000000 0.00000000 196.00000000
303.00000000 336.00000000 1.00000000 194.00000000
328.00000000 381.00000000 1.00000000 193.00000000
160.00000000 376.00000000 0.00000000 192.00000000
290.00000000 289.00000000 0.00000000 190.00000000
352.00000000 356.00000000 1.00000000 189.00000000
282.00000000 309.00000000 0.00000000 187.00000000
292.00000000 291.00000000 1.00000000 187.00000000
270.00000000 311.00000000 0.00000000 185.00000000
72.00000000 130.00000000 1.00000000 185.00000000
340.00000000 369.00000000 1.00000000 183.00000000
89.00000000 55.00000000 1.00000000 182.00000000
328.00000000 381.00000000 1.00000000 181.00000000
306.00000000 390.00000000 0.00000000 181.00000000
333.00000000 375.00000000 0.00000000 180.00000000
303.00000000 336.00000000 0.00000000 178.00000000
24.00000000 411.00000000 0.00000000 177.00000000
342.00000000 328.00000000 0.00000000 176.00000000
551.00000000 403.00000000 1.00000000 176.00000000
90.00000000 101.00000000 2.00000000 176.00000000
160.00000000 376.00000000 1.00000000 174.00000000
346.00000000 364.00000000 0.00000000 173.00000000
340.00000000 369.00000000 1.00000000 173.00000000
88.00000000 55.00000000 0.00000000 172.00000000
559.00000000 424.00000000 1.00000000 169.00000000
309.00000000 325.00000000 0.00000000 169.00000000
783.00000000 461.00000000 1.00000000 168.00000000
100.00000000 148.00000000 4.00000000 167.00000000
24.00000000 435.00000000 0.00000000 164.00000000
558.00000000 386.00000000 0.00000000 163.00000000
74.00000000 131.00000000 0.00000000 161.00000000
73.00000000 130.00000000 1.00000000 160.00000000
57.00000000 113.00000000 0.00000000 158.00000000
330.00000000 274.00000000 0.00000000 157.00000000
690.00000000 459.00000000 0.00000000 155.00000000
138.00000000 141.00000000 2.00000000 153.00000000
577.00000000 336.00000000 0.00000000 152.00000000
349.00000000 371.00000000 0.00000000 152.00000000
417.00000000 348.00000000 0.00000000 151.00000000
43.00000000 224.00000000 0.00000000 150.00000000
317.00000000 386.00000000 0.00000000 150.00000000
292.00000000 252.00000000 0.00000000 143.00000000
243.00000000 243.00000000 5.00000000 142.00000000
45.00000000 261.00000000 0.00000000 142.00000000
355.00000000 353.00000000 0.00000000 141.00000000
313.00000000 367.00000000 0.00000000 139.00000000
294.00000000 343.00000000 0.00000000 139.00000000
244.00000000 240.00000000 4.00000000 118.00000000
