126.00000000 373.00000000 1.00000000 317.00000000
124.00000000 374.00000000 1.00000000 265.00000000
125.00000000 371.00000000 0.00000000 254.00000000
314.00000000 264.00000000 1.00000000 232.00000000
313.00000000 264.00000000 1.00000000 211.00000000
640.00000000 208.00000000 4.00000000 196.00000000
314.00000000 263.00000000 0.00000000 194.00000000
319.00000000 432.00000000 2.00000000 191.00000000
320.00000000 432.00000000 2.00000000 190.00000000
781.00000000 463.00000000 0.00000000 188.00000000
316.00000000 436.00000000 4.00000000 184.00000000
781.00000000 463.00000000 1.00000000 178.00000000
771.00000000 474.00000000 1.00000000 177.00000000
311.00000000 441.00000000 5.00000000 176.00000000
319.00000000 431.00000000 1.00000000 171.00000000
770.00000000 475.00000000 1.00000000 162.00000000
510.00000000 280.00000000 1.00000000 160.00000000
639.00000000 200.00000000 2.00000000 160.00000000
640.00000000 194.00000000 2.00000000 146.00000000
321.00000000 429.00000000 1.00000000 141.00000000
648.00000000 434.00000000 2.00000000 134.00000000
314.00000000 264.00000000 2.00000000 130.00000000
647.00000000 429.00000000 2.00000000 130.00000000
500.00000000 280.00000000 2.00000000 124.00000000
639.00000000 192.00000000 1.00000000 122.00000000
322.00000000 427.00000000 0.00000000 121.00000000
124.00000000 354.00000000 2.00000000 118.00000000
68.00000000 118.00000000 1.00000000 114.00000000
771.00000000 474.00000000 0.00000000 114.00000000
345.00000000 386.00000000 0.00000000 113.00000000
124.00000000 353.00000000 1.00000000 112.00000000
68.00000000 118.00000000 0.00000000 111.00000000
345.00000000 345.00000000 0.00000000 111.00000000
649.00000000 440.00000000 1.00000000 110.00000000
121.00000000 353.00000000 2.00000000 110.00000000
346.00000000 379.00000000 0.00000000 109.00000000
639.00000000 178.00000000 1.00000000 109.00000000
89.00000000 57.00000000 0.00000000 107.00000000
647.00000000 436.00000000 1.00000000 107.00000000
649.00000000 441.00000000 0.00000000 106.00000000
511.00000000 279.00000000 1.00000000 105.00000000
126.00000000 353.00000000 1.00000000 105.00000000
67.00000000 53.00000000 0.00000000 104.00000000
63.00000000 56.00000000 1.00000000 100.00000000
766.00000000 465.00000000 0.00000000 95.00000000
301.00000000 337.00000000 0.00000000 94.00000000
639.00000000 179.00000000 1.00000000 94.00000000
282.00000000 288.00000000 0.00000000 93.00000000
313.00000000 280.00000000 1.00000000 92.00000000
62.00000000 56.00000000 1.00000000 89.00000000
770.00000000 478.00000000 2.00000000 89.00000000
638.00000000 185.00000000 0.00000000 88.00000000
343.00000000 340.00000000 1.00000000 88.00000000
720.00000000 443.00000000 0.00000000 87.00000000
347.00000000 380.00000000 1.00000000 87.00000000
639.00000000 179.00000000 0.00000000 87.00000000
638.00000000 193.00000000 1.00000000 87.00000000
203.00000000 115.00000000 1.00000000 87.00000000
345.00000000 345.00000000 1.00000000 86.00000000
301.00000000 366.00000000 0.00000000 85.00000000
788.00000000 500.00000000 0.00000000 84.00000000
202.00000000 114.00000000 1.00000000 83.00000000
204.00000000 114.00000000 0.00000000 82.00000000
125.00000000 353.00000000 0.00000000 79.00000000
344.00000000 342.00000000 2.00000000 76.00000000
313.00000000 280.00000000 0.00000000 76.00000000
327.00000000 420.00000000 0.00000000 76.00000000
714.00000000 509.00000000 0.00000000 75.00000000
305.00000000 287.00000000 0.00000000 75.00000000
638.00000000 192.00000000 0.00000000 74.00000000
709.00000000 520.00000000 0.00000000 74.00000000
715.00000000 508.00000000 1.00000000 70.00000000
270.00000000 312.00000000 1.00000000 69.00000000
639.00000000 209.00000000 1.00000000 69.00000000
640.00000000 278.00000000 1.00000000 69.00000000
640.00000000 306.00000000 1.00000000 68.00000000
335.00000000 357.00000000 0.00000000 67.00000000
124.00000000 383.00000000 0.00000000 67.00000000
642.00000000 305.00000000 1.00000000 67.00000000
328.00000000 381.00000000 1.00000000 66.00000000
733.00000000 488.00000000 1.00000000 64.00000000
641.00000000 295.00000000 1.00000000 64.00000000
492.00000000 290.00000000 0.00000000 63.00000000
639.00000000 202.00000000 0.00000000 63.00000000
639.00000000 203.00000000 1.00000000 63.00000000
313.00000000 289.00000000 0.00000000 62.00000000
709.00000000 521.00000000 1.00000000 61.00000000
282.00000000 289.00000000 1.00000000 60.00000000
337.00000000 381.00000000 0.00000000 60.00000000
642.00000000 294.00000000 0.00000000 59.00000000
301.00000000 337.00000000 1.00000000 59.00000000
342.00000000 328.00000000 0.00000000 58.00000000
279.00000000 505.00000000 1.00000000 57.00000000
274.00000000 346.00000000 0.00000000 56.00000000
330.00000000 274.00000000 1.00000000 56.00000000
330.00000000 273.00000000 0.00000000 56.00000000
315.00000000 290.00000000 1.00000000 55.00000000
504.00000000 275.00000000 0.00000000 55.00000000
642.00000000 283.00000000 0.00000000 54.00000000
744.00000000 481.00000000 1.00000000 54.00000000
329.00000000 381.00000000 1.00000000 53.00000000
62.00000000 84.00000000 1.00000000 53.00000000
352.00000000 356.00000000 1.00000000 53.00000000
733.00000000 487.00000000 0.00000000 52.00000000
62.00000000 72.00000000 0.00000000 52.00000000
732.00000000 440.00000000 0.00000000 51.00000000
560.00000000 490.00000000 0.00000000 51.00000000
279.00000000 504.00000000 0.00000000 51.00000000
433.00000000 335.00000000 0.00000000 51.00000000
671.00000000 461.00000000 0.00000000 51.00000000
62.00000000 84.00000000 0.00000000 50.00000000
560.00000000 408.00000000 0.00000000 50.00000000
642.00000000 305.00000000 0.00000000 49.00000000
83.00000000 70.00000000 0.00000000 49.00000000
368.00000000 386.00000000 0.00000000 49.00000000
744.00000000 481.00000000 0.00000000 49.00000000
290.00000000 307.00000000 0.00000000 49.00000000
309.00000000 325.00000000 0.00000000 48.00000000
642.00000000 316.00000000 0.00000000 48.00000000
333.00000000 289.00000000 0.00000000 47.00000000
377.00000000 386.00000000 0.00000000 46.00000000
346.00000000 365.00000000 0.00000000 46.00000000
126.00000000 364.00000000 0.00000000 46.00000000
77.00000000 89.00000000 0.00000000 46.00000000
79.00000000 199.00000000 0.00000000 45.00000000
282.00000000 309.00000000 0.00000000 45.00000000
96.00000000 374.00000000 0.00000000 45.00000000
