313.00000000 263.00000000 0.00000000 1111.00000000
314.00000000 264.00000000 1.00000000 993.00000000
313.00000000 264.00000000 1.00000000 756.00000000
91.00000000 96.00000000 0.00000000 566.00000000
91.00000000 98.00000000 1.00000000 527.00000000
138.00000000 138.00000000 0.00000000 483.00000000
103.00000000 140.00000000 1.00000000 471.00000000
103.00000000 139.00000000 0.00000000 444.00000000
101.00000000 141.00000000 1.00000000 443.00000000
560.00000000 408.00000000 0.00000000 420.00000000
314.00000000 264.00000000 2.00000000 413.00000000
138.00000000 138.00000000 1.00000000 407.00000000
142.00000000 169.00000000 1.00000000 400.00000000
86.00000000 78.00000000 0.00000000 398.00000000
345.00000000 386.00000000 0.00000000 368.00000000
41.00000000 145.00000000 1.00000000 366.00000000
90.00000000 98.00000000 1.00000000 359.00000000
18.00000000 189.00000000 1.00000000 354.00000000
21.00000000 208.00000000 1.00000000 353.00000000
345.00000000 345.00000000 0.00000000 353.00000000
313.00000000 289.00000000 0.00000000 351.00000000
304.00000000 287.00000000 0.00000000 348.00000000
557.00000000 384.00000000 1.00000000 344.00000000
282.00000000 289.00000000 0.00000000 334.00000000
143.00000000 169.00000000 1.00000000 333.00000000
102.00000000 142.00000000 2.00000000 324.00000000
41.00000000 145.00000000 1.00000000 317.00000000
313.00000000 280.00000000 1.00000000 313.00000000
21.00000000 209.00000000 1.00000000 312.00000000
313.00000000 280.00000000 0.00000000 310.00000000
138.00000000 138.00000000 1.00000000 305.00000000
87.00000000 78.00000000 1.00000000 299.00000000
84.00000000 89.00000000 0.00000000 295.00000000
346.00000000 379.00000000 0.00000000 294.00000000
314.00000000 290.00000000 1.00000000 292.00000000
142.00000000 170.00000000 2.00000000 290.00000000
41.00000000 144.00000000 0.00000000 288.00000000
557.00000000 330.00000000 0.00000000 285.00000000
343.00000000 342.00000000 1.00000000 275.00000000
290.00000000 307.00000000 0.00000000 273.00000000
21.00000000 207.00000000 0.00000000 272.00000000
18.00000000 188.00000000 0.00000000 265.00000000
345.00000000 386.00000000 1.00000000 264.00000000
558.00000000 384.00000000 1.00000000 263.00000000
555.00000000 371.00000000 0.00000000 262.00000000
550.00000000 349.00000000 0.00000000 259.00000000
551.00000000 445.00000000 0.00000000 258.00000000
344.00000000 342.00000000 2.00000000 256.00000000
552.00000000 402.00000000 1.00000000 254.00000000
550.00000000 331.00000000 0.00000000 251.00000000
551.00000000 425.00000000 0.00000000 248.00000000
559.00000000 424.00000000 0.00000000 246.00000000
101.00000000 144.00000000 2.00000000 246.00000000
89.00000000 55.00000000 0.00000000 245.00000000
345.00000000 345.00000000 1.00000000 244.00000000
143.00000000 168.00000000 0.00000000 242.00000000
270.00000000 312.00000000 1.00000000 242.00000000
304.00000000 288.00000000 1.00000000 242.00000000
550.00000000 446.00000000 1.00000000 238.00000000
89.00000000 56.00000000 1.00000000 238.00000000
337.00000000 381.00000000 0.00000000 237.00000000
353.00000000 357.00000000 1.00000000 230.00000000
553.00000000 400.00000000 0.00000000 227.00000000
138.00000000 140.00000000 2.00000000 226.00000000
90.00000000 100.00000000 2.00000000 223.00000000
160.00000000 377.00000000 1.00000000 221.00000000
313.00000000 263.00000000 2.00000000 218.00000000
136.00000000 181.00000000 0.00000000 217.00000000
556.00000000 386.00000000 2.00000000 217.00000000
160.00000000 376.00000000 0.00000000 215.00000000
40.00000000 146.00000000 2.00000000 214.00000000
158.00000000 379.00000000 1.00000000 212.00000000
558.00000000 331.00000000 1.00000000 208.00000000
326.00000000 304.00000000 0.00000000 207.00000000
61.00000000 220.00000000 1.00000000 207.00000000
334.00000000 357.00000000 0.00000000 206.00000000
291.00000000 307.00000000 1.00000000 205.00000000
274.00000000 346.00000000 0.00000000 201.00000000
328.00000000 381.00000000 1.00000000 199.00000000
72.00000000 131.00000000 1.00000000 198.00000000
711.00000000 499.00000000 1.00000000 195.00000000
342.00000000 328.00000000 0.00000000 189.00000000
270.00000000 311.00000000 0.00000000 189.00000000
60.00000000 219.00000000 1.00000000 188.00000000
59.00000000 123.00000000 0.00000000 188.00000000
290.00000000 289.00000000 0.00000000 186.00000000
57.00000000 113.00000000 0.00000000 185.00000000
352.00000000 356.00000000 1.00000000 185.00000000
333.00000000 375.00000000 0.00000000 182.00000000
292.00000000 291.00000000 1.00000000 182.00000000
303.00000000 336.00000000 1.00000000 178.00000000
282.00000000 309.00000000 0.00000000 178.00000000
711.00000000 499.00000000 1.00000000 177.00000000
340.00000000 369.00000000 1.00000000 176.00000000
328.00000000 381.00000000 1.00000000 176.00000000
788.00000000 500.00000000 0.00000000 170.00000000
340.00000000 369.00000000 1.00000000 170.00000000
346.00000000 364.00000000 0.00000000 168.00000000
306.00000000 390.00000000 0.00000000 167.00000000
783.00000000 461.00000000 1.00000000 167.00000000
771.00000000 474.00000000 1.00000000 165.00000000
309.00000000 325.00000000 0.00000000 164.00000000
303.00000000 336.00000000 0.00000000 163.00000000
559.00000000 424.00000000 1.00000000 163.00000000
711.00000000 499.00000000 0.00000000 162.00000000
70.00000000 115.00000000 0.00000000 159.00000000
61.00000000 219.00000000 0.00000000 156.00000000
100.00000000 148.00000000 4.00000000 155.00000000
90.00000000 101.00000000 2.00000000 154.00000000
558.00000000 386.00000000 0.00000000 151.00000000
330.00000000 273.00000000 0.00000000 151.00000000
690.00000000 460.00000000 0.00000000 150.00000000
138.00000000 141.00000000 2.00000000 150.00000000
292.00000000 252.00000000 0.00000000 150.00000000
515.00000000 287.00000000 0.00000000 149.00000000
317.00000000 386.00000000 0.00000000 148.00000000
349.00000000 371.00000000 0.00000000 147.00000000
243.00000000 243.00000000 5.00000000 144.00000000
355.00000000 353.00000000 0.00000000 144.00000000
283.00000000 273.00000000 0.00000000 143.00000000
290.00000000 350.00000000 0.00000000 142.00000000
24.00000000 411.00000000 0.00000000 141.00000000
298.00000000 388.00000000 0.00000000 138.00000000
74.00000000 132.00000000 0.00000000 137.00000000
294.00000000 343.00000000 0.00000000 137.00000000
341.00000000 287.00000000 0.00000000 135.00000000
244.00000000 240.00000000 4.00000000 119.00000000
