314.00000000 264.00000000 1.00000000 603.00000000
314.00000000 263.00000000 0.00000000 579.00000000
313.00000000 264.00000000 1.00000000 495.00000000
314.00000000 264.00000000 2.00000000 305.00000000
89.00000000 56.00000000 0.00000000 301.00000000
86.00000000 79.00000000 0.00000000 286.00000000
88.00000000 57.00000000 1.00000000 244.00000000
282.00000000 288.00000000 0.00000000 212.00000000
87.00000000 79.00000000 1.00000000 212.00000000
304.00000000 287.00000000 0.00000000 210.00000000
313.00000000 280.00000000 1.00000000 197.00000000
345.00000000 386.00000000 0.00000000 191.00000000
313.00000000 280.00000000 0.00000000 185.00000000
304.00000000 288.00000000 1.00000000 184.00000000
142.00000000 169.00000000 1.00000000 184.00000000
345.00000000 345.00000000 0.00000000 180.00000000
138.00000000 138.00000000 1.00000000 177.00000000
770.00000000 475.00000000 1.00000000 177.00000000
138.00000000 138.00000000 0.00000000 176.00000000
346.00000000 379.00000000 0.00000000 171.00000000
313.00000000 263.00000000 2.00000000 167.00000000
313.00000000 289.00000000 0.00000000 166.00000000
270.00000000 312.00000000 1.00000000 162.00000000
343.00000000 342.00000000 1.00000000 161.00000000
91.00000000 97.00000000 0.00000000 161.00000000
560.00000000 408.00000000 0.00000000 159.00000000
87.00000000 56.00000000 1.00000000 159.00000000
771.00000000 474.00000000 1.00000000 158.00000000
315.00000000 290.00000000 1.00000000 155.00000000
346.00000000 380.00000000 1.00000000 149.00000000
319.00000000 431.00000000 1.00000000 148.00000000
344.00000000 342.00000000 2.00000000 146.00000000
783.00000000 461.00000000 1.00000000 144.00000000
138.00000000 138.00000000 1.00000000 144.00000000
290.00000000 307.00000000 0.00000000 142.00000000
143.00000000 169.00000000 1.00000000 141.00000000
291.00000000 307.00000000 1.00000000 136.00000000
557.00000000 384.00000000 1.00000000 134.00000000
70.00000000 115.00000000 0.00000000 134.00000000
320.00000000 432.00000000 2.00000000 133.00000000
345.00000000 345.00000000 1.00000000 133.00000000
129.00000000 243.00000000 1.00000000 131.00000000
142.00000000 170.00000000 2.00000000 127.00000000
103.00000000 140.00000000 1.00000000 127.00000000
321.00000000 429.00000000 1.00000000 126.00000000
330.00000000 273.00000000 0.00000000 126.00000000
274.00000000 346.00000000 0.00000000 125.00000000
555.00000000 371.00000000 0.00000000 123.00000000
334.00000000 357.00000000 0.00000000 122.00000000
282.00000000 309.00000000 0.00000000 121.00000000
102.00000000 142.00000000 2.00000000 121.00000000
558.00000000 383.00000000 1.00000000 120.00000000
709.00000000 453.00000000 0.00000000 120.00000000
125.00000000 258.00000000 0.00000000 120.00000000
353.00000000 357.00000000 1.00000000 119.00000000
103.00000000 140.00000000 1.00000000 119.00000000
84.00000000 90.00000000 0.00000000 118.00000000
342.00000000 328.00000000 0.00000000 114.00000000
330.00000000 274.00000000 1.00000000 114.00000000
328.00000000 381.00000000 1.00000000 113.00000000
291.00000000 291.00000000 1.00000000 113.00000000
311.00000000 441.00000000 5.00000000 113.00000000
282.00000000 290.00000000 1.00000000 111.00000000
316.00000000 432.00000000 2.00000000 110.00000000
781.00000000 463.00000000 0.00000000 110.00000000
337.00000000 381.00000000 0.00000000 108.00000000
550.00000000 349.00000000 0.00000000 107.00000000
270.00000000 311.00000000 0.00000000 107.00000000
553.00000000 402.00000000 1.00000000 107.00000000
770.00000000 478.00000000 2.00000000 104.00000000
557.00000000 330.00000000 0.00000000 103.00000000
290.00000000 289.00000000 0.00000000 103.00000000
716.00000000 470.00000000 2.00000000 103.00000000
101.00000000 144.00000000 2.00000000 103.00000000
321.00000000 428.00000000 0.00000000 103.00000000
315.00000000 294.00000000 1.00000000 102.00000000
86.00000000 79.00000000 1.00000000 102.00000000
551.00000000 425.00000000 0.00000000 101.00000000
130.00000000 243.00000000 0.00000000 100.00000000
160.00000000 377.00000000 1.00000000 100.00000000
550.00000000 331.00000000 0.00000000 100.00000000
301.00000000 248.00000000 0.00000000 100.00000000
292.00000000 252.00000000 0.00000000 99.00000000
138.00000000 140.00000000 2.00000000 99.00000000
283.00000000 273.00000000 0.00000000 99.00000000
57.00000000 114.00000000 0.00000000 99.00000000
128.00000000 243.00000000 1.00000000 99.00000000
158.00000000 379.00000000 1.00000000 98.00000000
125.00000000 258.00000000 1.00000000 98.00000000
326.00000000 304.00000000 0.00000000 98.00000000
309.00000000 305.00000000 1.00000000 97.00000000
61.00000000 56.00000000 1.00000000 97.00000000
103.00000000 138.00000000 0.00000000 96.00000000
313.00000000 280.00000000 1.00000000 96.00000000
522.00000000 282.00000000 1.00000000 96.00000000
316.00000000 436.00000000 4.00000000 95.00000000
553.00000000 400.00000000 0.00000000 95.00000000
289.00000000 274.00000000 0.00000000 95.00000000
92.00000000 98.00000000 1.00000000 95.00000000
551.00000000 445.00000000 0.00000000 94.00000000
771.00000000 474.00000000 0.00000000 94.00000000
559.00000000 424.00000000 0.00000000 92.00000000
289.00000000 358.00000000 0.00000000 92.00000000
712.00000000 469.00000000 2.00000000 92.00000000
690.00000000 461.00000000 0.00000000 92.00000000
112.00000000 37.00000000 0.00000000 91.00000000
340.00000000 369.00000000 1.00000000 88.00000000
333.00000000 375.00000000 0.00000000 87.00000000
298.00000000 388.00000000 0.00000000 86.00000000
296.00000000 274.00000000 0.00000000 86.00000000
733.00000000 441.00000000 0.00000000 86.00000000
352.00000000 356.00000000 1.00000000 85.00000000
766.00000000 465.00000000 0.00000000 85.00000000
514.00000000 285.00000000 0.00000000 85.00000000
143.00000000 167.00000000 0.00000000 84.00000000
327.00000000 305.00000000 1.00000000 84.00000000
709.00000000 453.00000000 1.00000000 83.00000000
136.00000000 181.00000000 0.00000000 83.00000000
328.00000000 251.00000000 0.00000000 83.00000000
306.00000000 389.00000000 0.00000000 83.00000000
349.00000000 371.00000000 0.00000000 83.00000000
333.00000000 289.00000000 0.00000000 83.00000000
341.00000000 288.00000000 0.00000000 82.00000000
160.00000000 376.00000000 0.00000000 81.00000000
345.00000000 272.00000000 0.00000000 80.00000000
346.00000000 365.00000000 0.00000000 79.00000000
404.00000000 352.00000000 4.00000000 70.00000000
