314.00000000 264.00000000 1.00000000 558.00000000
314.00000000 263.00000000 0.00000000 526.00000000
313.00000000 264.00000000 1.00000000 471.00000000
314.00000000 264.00000000 2.00000000 286.00000000
126.00000000 373.00000000 1.00000000 258.00000000
125.00000000 374.00000000 1.00000000 242.00000000
345.00000000 386.00000000 0.00000000 241.00000000
311.00000000 441.00000000 5.00000000 209.00000000
319.00000000 431.00000000 1.00000000 207.00000000
320.00000000 432.00000000 2.00000000 207.00000000
304.00000000 287.00000000 0.00000000 206.00000000
345.00000000 345.00000000 0.00000000 203.00000000
89.00000000 55.00000000 0.00000000 201.00000000
313.00000000 280.00000000 1.00000000 197.00000000
346.00000000 380.00000000 0.00000000 191.00000000
282.00000000 289.00000000 0.00000000 191.00000000
313.00000000 280.00000000 0.00000000 187.00000000
316.00000000 436.00000000 4.00000000 186.00000000
42.00000000 145.00000000 1.00000000 183.00000000
319.00000000 432.00000000 2.00000000 183.00000000
18.00000000 188.00000000 1.00000000 182.00000000
91.00000000 97.00000000 0.00000000 179.00000000
41.00000000 145.00000000 1.00000000 176.00000000
345.00000000 386.00000000 1.00000000 175.00000000
343.00000000 342.00000000 1.00000000 174.00000000
21.00000000 208.00000000 1.00000000 172.00000000
321.00000000 429.00000000 1.00000000 172.00000000
344.00000000 342.00000000 2.00000000 164.00000000
60.00000000 219.00000000 1.00000000 163.00000000
640.00000000 208.00000000 4.00000000 160.00000000
771.00000000 474.00000000 1.00000000 159.00000000
770.00000000 475.00000000 1.00000000 157.00000000
313.00000000 289.00000000 0.00000000 157.00000000
781.00000000 463.00000000 0.00000000 157.00000000
21.00000000 209.00000000 1.00000000 156.00000000
92.00000000 98.00000000 1.00000000 156.00000000
781.00000000 463.00000000 1.00000000 155.00000000
77.00000000 134.00000000 1.00000000 154.00000000
126.00000000 352.00000000 2.00000000 153.00000000
18.00000000 187.00000000 0.00000000 151.00000000
345.00000000 345.00000000 1.00000000 150.00000000
513.00000000 280.00000000 1.00000000 148.00000000
305.00000000 288.00000000 1.00000000 146.00000000
270.00000000 312.00000000 1.00000000 145.00000000
315.00000000 290.00000000 1.00000000 145.00000000
126.00000000 372.00000000 0.00000000 143.00000000
513.00000000 280.00000000 1.00000000 143.00000000
21.00000000 207.00000000 0.00000000 143.00000000
41.00000000 144.00000000 0.00000000 142.00000000
89.00000000 56.00000000 1.00000000 142.00000000
313.00000000 263.00000000 2.00000000 142.00000000
67.00000000 82.00000000 1.00000000 142.00000000
109.00000000 344.00000000 1.00000000 142.00000000
60.00000000 220.00000000 2.00000000 140.00000000
61.00000000 220.00000000 1.00000000 139.00000000
78.00000000 270.00000000 1.00000000 138.00000000
67.00000000 79.00000000 0.00000000 137.00000000
321.00000000 428.00000000 0.00000000 137.00000000
334.00000000 356.00000000 0.00000000 137.00000000
353.00000000 357.00000000 1.00000000 136.00000000
328.00000000 381.00000000 1.00000000 135.00000000
77.00000000 270.00000000 1.00000000 131.00000000
106.00000000 345.00000000 1.00000000 129.00000000
122.00000000 359.00000000 1.00000000 128.00000000
290.00000000 307.00000000 0.00000000 127.00000000
59.00000000 197.00000000 2.00000000 126.00000000
639.00000000 200.00000000 2.00000000 125.00000000
342.00000000 328.00000000 0.00000000 125.00000000
126.00000000 374.00000000 2.00000000 124.00000000
110.00000000 342.00000000 0.00000000 124.00000000
291.00000000 307.00000000 1.00000000 123.00000000
77.00000000 133.00000000 1.00000000 122.00000000
431.00000000 330.00000000 0.00000000 121.00000000
337.00000000 381.00000000 0.00000000 118.00000000
63.00000000 55.00000000 0.00000000 117.00000000
63.00000000 56.00000000 1.00000000 117.00000000
640.00000000 194.00000000 2.00000000 116.00000000
76.00000000 272.00000000 2.00000000 116.00000000
330.00000000 273.00000000 0.00000000 115.00000000
301.00000000 337.00000000 0.00000000 114.00000000
274.00000000 346.00000000 0.00000000 113.00000000
788.00000000 500.00000000 0.00000000 113.00000000
123.00000000 357.00000000 0.00000000 111.00000000
330.00000000 274.00000000 1.00000000 111.00000000
282.00000000 309.00000000 0.00000000 110.00000000
296.00000000 274.00000000 0.00000000 108.00000000
282.00000000 290.00000000 1.00000000 106.00000000
430.00000000 330.00000000 1.00000000 105.00000000
340.00000000 369.00000000 1.00000000 102.00000000
352.00000000 356.00000000 1.00000000 101.00000000
290.00000000 289.00000000 0.00000000 100.00000000
291.00000000 291.00000000 1.00000000 100.00000000
315.00000000 294.00000000 1.00000000 100.00000000
771.00000000 474.00000000 0.00000000 100.00000000
301.00000000 366.00000000 0.00000000 100.00000000
69.00000000 115.00000000 0.00000000 99.00000000
309.00000000 304.00000000 1.00000000 98.00000000
77.00000000 132.00000000 0.00000000 97.00000000
766.00000000 465.00000000 0.00000000 97.00000000
329.00000000 381.00000000 1.00000000 96.00000000
77.00000000 267.00000000 0.00000000 95.00000000
326.00000000 304.00000000 0.00000000 93.00000000
328.00000000 252.00000000 0.00000000 92.00000000
270.00000000 312.00000000 0.00000000 91.00000000
61.00000000 219.00000000 0.00000000 90.00000000
349.00000000 371.00000000 0.00000000 88.00000000
298.00000000 388.00000000 0.00000000 87.00000000
289.00000000 358.00000000 0.00000000 87.00000000
341.00000000 287.00000000 0.00000000 86.00000000
355.00000000 353.00000000 0.00000000 86.00000000
346.00000000 365.00000000 0.00000000 86.00000000
292.00000000 252.00000000 0.00000000 85.00000000
345.00000000 272.00000000 0.00000000 83.00000000
283.00000000 273.00000000 0.00000000 83.00000000
317.00000000 386.00000000 0.00000000 83.00000000
333.00000000 375.00000000 0.00000000 82.00000000
358.00000000 373.00000000 0.00000000 82.00000000
333.00000000 289.00000000 0.00000000 82.00000000
309.00000000 325.00000000 0.00000000 81.00000000
72.00000000 59.00000000 0.00000000 80.00000000
289.00000000 274.00000000 0.00000000 79.00000000
309.00000000 304.00000000 0.00000000 75.00000000
43.00000000 224.00000000 0.00000000 75.00000000
720.00000000 443.00000000 0.00000000 74.00000000
313.00000000 368.00000000 0.00000000 73.00000000
92.00000000 67.00000000 0.00000000 73.00000000
294.00000000 343.00000000 0.00000000 73.00000000
