656.00000000 81.00000000 0.00000000 126.00000000
628.00000000 149.00000000 1.00000000 121.00000000
634.00000000 149.00000000 0.00000000 118.00000000
305.00000000 103.00000000 1.00000000 116.00000000
660.00000000 203.00000000 1.00000000 113.00000000
408.00000000 328.00000000 2.00000000 110.00000000
521.00000000 175.00000000 0.00000000 105.00000000
628.00000000 32.00000000 0.00000000 104.00000000
626.00000000 148.00000000 1.00000000 103.00000000
598.00000000 170.00000000 1.00000000 103.00000000
216.00000000 55.00000000 1.00000000 102.00000000
598.00000000 169.00000000 1.00000000 101.00000000
410.00000000 325.00000000 2.00000000 97.00000000
305.00000000 103.00000000 0.00000000 92.00000000
628.00000000 32.00000000 1.00000000 92.00000000
660.00000000 202.00000000 1.00000000 89.00000000
218.00000000 54.00000000 2.00000000 87.00000000
626.00000000 148.00000000 2.00000000 82.00000000
800.00000000 112.00000000 2.00000000 77.00000000
304.00000000 103.00000000 1.00000000 77.00000000
227.00000000 166.00000000 0.00000000 76.00000000
302.00000000 104.00000000 2.00000000 75.00000000
803.00000000 110.00000000 2.00000000 75.00000000
480.00000000 64.00000000 4.00000000 75.00000000
654.00000000 78.00000000 1.00000000 72.00000000
588.00000000 168.00000000 2.00000000 72.00000000
483.00000000 67.00000000 2.00000000 71.00000000
528.00000000 314.00000000 2.00000000 70.00000000
485.00000000 66.00000000 1.00000000 70.00000000
274.00000000 53.00000000 0.00000000 70.00000000
388.00000000 324.00000000 4.00000000 68.00000000
793.00000000 106.00000000 0.00000000 67.00000000
521.00000000 175.00000000 1.00000000 67.00000000
486.00000000 68.00000000 2.00000000 66.00000000
304.00000000 104.00000000 2.00000000 66.00000000
397.00000000 335.00000000 1.00000000 65.00000000
226.00000000 162.00000000 1.00000000 65.00000000
527.00000000 313.00000000 1.00000000 60.00000000
758.00000000 74.00000000 0.00000000 59.00000000
486.00000000 66.00000000 1.00000000 59.00000000
273.00000000 53.00000000 1.00000000 58.00000000
215.00000000 56.00000000 1.00000000 56.00000000
581.00000000 335.00000000 0.00000000 56.00000000
653.00000000 79.00000000 1.00000000 56.00000000
660.00000000 202.00000000 0.00000000 54.00000000
205.00000000 54.00000000 1.00000000 52.00000000
799.00000000 342.00000000 0.00000000 51.00000000
706.00000000 251.00000000 1.00000000 51.00000000
706.00000000 251.00000000 0.00000000 50.00000000
395.00000000 325.00000000 0.00000000 47.00000000
313.00000000 128.00000000 1.00000000 47.00000000
774.00000000 107.00000000 5.00000000 47.00000000
591.00000000 167.00000000 0.00000000 46.00000000
792.00000000 106.00000000 1.00000000 45.00000000
224.00000000 162.00000000 1.00000000 44.00000000
395.00000000 337.00000000 1.00000000 43.00000000
620.00000000 27.00000000 0.00000000 43.00000000
235.00000000 160.00000000 1.00000000 43.00000000
394.00000000 326.00000000 1.00000000 43.00000000
580.00000000 335.00000000 1.00000000 42.00000000
313.00000000 128.00000000 0.00000000 42.00000000
312.00000000 124.00000000 1.00000000 42.00000000
523.00000000 181.00000000 1.00000000 41.00000000
629.00000000 31.00000000 1.00000000 41.00000000
798.00000000 342.00000000 1.00000000 41.00000000
397.00000000 335.00000000 0.00000000 40.00000000
799.00000000 111.00000000 1.00000000 40.00000000
641.00000000 201.00000000 1.00000000 36.00000000
324.00000000 122.00000000 1.00000000 36.00000000
504.00000000 187.00000000 0.00000000 34.00000000
711.00000000 241.00000000 1.00000000 34.00000000
271.00000000 52.00000000 1.00000000 34.00000000
613.00000000 35.00000000 0.00000000 33.00000000
527.00000000 317.00000000 1.00000000 33.00000000
758.00000000 74.00000000 1.00000000 33.00000000
503.00000000 187.00000000 1.00000000 33.00000000
500.00000000 186.00000000 1.00000000 32.00000000
206.00000000 54.00000000 0.00000000 32.00000000
407.00000000 329.00000000 1.00000000 31.00000000
485.00000000 67.00000000 0.00000000 31.00000000
904.00000000 405.00000000 0.00000000 30.00000000
746.00000000 123.00000000 0.00000000 30.00000000
678.00000000 272.00000000 1.00000000 30.00000000
726.00000000 45.00000000 0.00000000 29.00000000
537.00000000 75.00000000 0.00000000 29.00000000
528.00000000 308.00000000 0.00000000 28.00000000
641.00000000 200.00000000 0.00000000 27.00000000
586.00000000 86.00000000 0.00000000 27.00000000
527.00000000 317.00000000 0.00000000 27.00000000
403.00000000 328.00000000 0.00000000 26.00000000
678.00000000 272.00000000 0.00000000 26.00000000
38.00000000 202.00000000 0.00000000 25.00000000
711.00000000 240.00000000 0.00000000 25.00000000
744.00000000 114.00000000 0.00000000 25.00000000
791.00000000 122.00000000 0.00000000 25.00000000
789.00000000 124.00000000 1.00000000 24.00000000
246.00000000 163.00000000 0.00000000 24.00000000
258.00000000 167.00000000 1.00000000 24.00000000
537.00000000 75.00000000 1.00000000 23.00000000
715.00000000 93.00000000 0.00000000 23.00000000
323.00000000 121.00000000 0.00000000 22.00000000
620.00000000 299.00000000 0.00000000 21.00000000
856.00000000 386.00000000 0.00000000 21.00000000
693.00000000 117.00000000 1.00000000 21.00000000
313.00000000 120.00000000 0.00000000 20.00000000
674.00000000 278.00000000 0.00000000 19.00000000
342.00000000 366.00000000 0.00000000 18.00000000
471.00000000 184.00000000 0.00000000 18.00000000
258.00000000 166.00000000 0.00000000 18.00000000
692.00000000 117.00000000 0.00000000 17.00000000
395.00000000 313.00000000 0.00000000 17.00000000
492.00000000 96.00000000 0.00000000 17.00000000
551.00000000 185.00000000 0.00000000 16.00000000
484.00000000 55.00000000 0.00000000 16.00000000
779.00000000 120.00000000 0.00000000 16.00000000
937.00000000 313.00000000 0.00000000 16.00000000
609.00000000 160.00000000 0.00000000 15.00000000
265.00000000 96.00000000 0.00000000 15.00000000
753.00000000 124.00000000 0.00000000 15.00000000
689.00000000 426.00000000 0.00000000 14.00000000
442.00000000 389.00000000 0.00000000 14.00000000
863.00000000 59.00000000 0.00000000 13.00000000
569.00000000 310.00000000 0.00000000 13.00000000
871.00000000 369.00000000 0.00000000 13.00000000
688.00000000 133.00000000 0.00000000 13.00000000
259.00000000 327.00000000 0.00000000 13.00000000
884.00000000 415.00000000 0.00000000 13.00000000
