364.00000000 19.00000000 0.00000000 639.00000000
364.00000000 20.00000000 1.00000000 629.00000000
333.00000000 18.00000000 0.00000000 550.00000000
363.00000000 21.00000000 1.00000000 491.00000000
28.00000000 107.00000000 1.00000000 450.00000000
215.00000000 31.00000000 0.00000000 443.00000000
28.00000000 106.00000000 1.00000000 437.00000000
216.00000000 32.00000000 1.00000000 436.00000000
28.00000000 104.00000000 0.00000000 399.00000000
70.00000000 386.00000000 1.00000000 382.00000000
431.00000000 96.00000000 0.00000000 363.00000000
70.00000000 386.00000000 0.00000000 363.00000000
443.00000000 142.00000000 0.00000000 360.00000000
462.00000000 143.00000000 1.00000000 345.00000000
29.00000000 132.00000000 0.00000000 337.00000000
411.00000000 111.00000000 0.00000000 335.00000000
29.00000000 133.00000000 1.00000000 334.00000000
543.00000000 14.00000000 0.00000000 328.00000000
115.00000000 57.00000000 0.00000000 323.00000000
30.00000000 110.00000000 2.00000000 316.00000000
482.00000000 87.00000000 0.00000000 310.00000000
315.00000000 122.00000000 1.00000000 298.00000000
158.00000000 62.00000000 2.00000000 295.00000000
482.00000000 112.00000000 0.00000000 281.00000000
543.00000000 15.00000000 1.00000000 279.00000000
443.00000000 143.00000000 1.00000000 278.00000000
441.00000000 78.00000000 1.00000000 277.00000000
160.00000000 64.00000000 4.00000000 276.00000000
160.00000000 60.00000000 2.00000000 272.00000000
333.00000000 18.00000000 1.00000000 269.00000000
316.00000000 53.00000000 0.00000000 263.00000000
216.00000000 32.00000000 1.00000000 263.00000000
625.00000000 28.00000000 0.00000000 259.00000000
483.00000000 88.00000000 1.00000000 258.00000000
416.00000000 79.00000000 1.00000000 257.00000000
624.00000000 29.00000000 1.00000000 250.00000000
468.00000000 125.00000000 0.00000000 246.00000000
161.00000000 57.00000000 1.00000000 244.00000000
462.00000000 142.00000000 0.00000000 243.00000000
29.00000000 131.00000000 1.00000000 241.00000000
315.00000000 121.00000000 0.00000000 238.00000000
21.00000000 393.00000000 0.00000000 236.00000000
382.00000000 377.00000000 1.00000000 235.00000000
474.00000000 112.00000000 0.00000000 234.00000000
161.00000000 55.00000000 0.00000000 231.00000000
468.00000000 126.00000000 1.00000000 226.00000000
69.00000000 386.00000000 1.00000000 224.00000000
441.00000000 77.00000000 1.00000000 222.00000000
431.00000000 96.00000000 1.00000000 220.00000000
161.00000000 57.00000000 1.00000000 220.00000000
417.00000000 79.00000000 1.00000000 214.00000000
129.00000000 21.00000000 0.00000000 213.00000000
462.00000000 142.00000000 1.00000000 213.00000000
317.00000000 54.00000000 1.00000000 211.00000000
416.00000000 78.00000000 0.00000000 208.00000000
116.00000000 57.00000000 1.00000000 207.00000000
315.00000000 123.00000000 1.00000000 205.00000000
480.00000000 96.00000000 2.00000000 202.00000000
26.00000000 375.00000000 1.00000000 201.00000000
441.00000000 78.00000000 0.00000000 199.00000000
363.00000000 50.00000000 0.00000000 191.00000000
482.00000000 98.00000000 2.00000000 186.00000000
21.00000000 394.00000000 1.00000000 179.00000000
26.00000000 374.00000000 0.00000000 179.00000000
315.00000000 55.00000000 1.00000000 176.00000000
484.00000000 96.00000000 4.00000000 175.00000000
381.00000000 379.00000000 1.00000000 171.00000000
464.00000000 97.00000000 0.00000000 170.00000000
127.00000000 56.00000000 0.00000000 169.00000000
585.00000000 17.00000000 1.00000000 168.00000000
211.00000000 235.00000000 0.00000000 167.00000000
584.00000000 17.00000000 0.00000000 166.00000000
475.00000000 144.00000000 1.00000000 165.00000000
624.00000000 46.00000000 1.00000000 162.00000000
28.00000000 115.00000000 0.00000000 161.00000000
382.00000000 376.00000000 0.00000000 158.00000000
475.00000000 142.00000000 1.00000000 155.00000000
412.00000000 111.00000000 1.00000000 155.00000000
218.00000000 34.00000000 2.00000000 154.00000000
15.00000000 446.00000000 0.00000000 150.00000000
482.00000000 89.00000000 1.00000000 150.00000000
30.00000000 132.00000000 2.00000000 149.00000000
609.00000000 275.00000000 0.00000000 149.00000000
482.00000000 113.00000000 1.00000000 148.00000000
625.00000000 45.00000000 0.00000000 146.00000000
362.00000000 98.00000000 0.00000000 146.00000000
481.00000000 136.00000000 0.00000000 146.00000000
362.00000000 171.00000000 0.00000000 146.00000000
316.00000000 56.00000000 2.00000000 144.00000000
418.00000000 82.00000000 2.00000000 143.00000000
362.00000000 146.00000000 0.00000000 143.00000000
129.00000000 22.00000000 1.00000000 142.00000000
118.00000000 66.00000000 0.00000000 140.00000000
357.00000000 355.00000000 0.00000000 140.00000000
19.00000000 401.00000000 0.00000000 139.00000000
456.00000000 97.00000000 0.00000000 138.00000000
315.00000000 210.00000000 0.00000000 138.00000000
363.00000000 51.00000000 1.00000000 138.00000000
518.00000000 60.00000000 0.00000000 137.00000000
361.00000000 236.00000000 0.00000000 135.00000000
478.00000000 179.00000000 0.00000000 135.00000000
216.00000000 66.00000000 0.00000000 134.00000000
443.00000000 123.00000000 1.00000000 132.00000000
474.00000000 141.00000000 0.00000000 130.00000000
359.00000000 321.00000000 0.00000000 130.00000000
563.00000000 13.00000000 0.00000000 129.00000000
440.00000000 78.00000000 2.00000000 129.00000000
474.00000000 112.00000000 1.00000000 128.00000000
613.00000000 224.00000000 1.00000000 127.00000000
316.00000000 68.00000000 0.00000000 127.00000000
602.00000000 331.00000000 0.00000000 126.00000000
10.00000000 432.00000000 0.00000000 122.00000000
609.00000000 276.00000000 1.00000000 122.00000000
363.00000000 57.00000000 0.00000000 121.00000000
361.00000000 241.00000000 0.00000000 121.00000000
17.00000000 408.00000000 0.00000000 120.00000000
363.00000000 41.00000000 0.00000000 119.00000000
313.00000000 59.00000000 2.00000000 117.00000000
442.00000000 123.00000000 1.00000000 116.00000000
435.00000000 86.00000000 0.00000000 115.00000000
316.00000000 99.00000000 0.00000000 115.00000000
601.00000000 340.00000000 0.00000000 115.00000000
426.00000000 168.00000000 0.00000000 114.00000000
443.00000000 123.00000000 0.00000000 114.00000000
362.00000000 158.00000000 0.00000000 113.00000000
480.00000000 101.00000000 5.00000000 100.00000000
313.00000000 130.00000000 2.00000000 84.00000000
