29.00000000 132.00000000 0.00000000 730.00000000
411.00000000 111.00000000 0.00000000 710.00000000
462.00000000 143.00000000 1.00000000 696.00000000
363.00000000 19.00000000 0.00000000 651.00000000
431.00000000 96.00000000 0.00000000 641.00000000
482.00000000 88.00000000 0.00000000 618.00000000
462.00000000 142.00000000 0.00000000 618.00000000
28.00000000 106.00000000 1.00000000 552.00000000
70.00000000 386.00000000 1.00000000 542.00000000
333.00000000 18.00000000 0.00000000 534.00000000
363.00000000 20.00000000 1.00000000 522.00000000
443.00000000 142.00000000 0.00000000 521.00000000
28.00000000 107.00000000 1.00000000 509.00000000
28.00000000 105.00000000 0.00000000 503.00000000
30.00000000 133.00000000 1.00000000 501.00000000
482.00000000 112.00000000 0.00000000 487.00000000
70.00000000 386.00000000 0.00000000 486.00000000
440.00000000 79.00000000 0.00000000 472.00000000
473.00000000 112.00000000 0.00000000 471.00000000
26.00000000 376.00000000 1.00000000 469.00000000
363.00000000 21.00000000 1.00000000 446.00000000
426.00000000 168.00000000 0.00000000 443.00000000
443.00000000 124.00000000 0.00000000 438.00000000
456.00000000 97.00000000 0.00000000 431.00000000
482.00000000 88.00000000 1.00000000 427.00000000
478.00000000 180.00000000 0.00000000 421.00000000
26.00000000 375.00000000 0.00000000 419.00000000
435.00000000 86.00000000 0.00000000 414.00000000
238.00000000 18.00000000 0.00000000 411.00000000
443.00000000 124.00000000 1.00000000 409.00000000
417.00000000 95.00000000 0.00000000 403.00000000
443.00000000 143.00000000 1.00000000 402.00000000
463.00000000 97.00000000 0.00000000 401.00000000
317.00000000 53.00000000 0.00000000 397.00000000
30.00000000 110.00000000 2.00000000 391.00000000
417.00000000 95.00000000 1.00000000 391.00000000
468.00000000 125.00000000 0.00000000 380.00000000
440.00000000 79.00000000 1.00000000 378.00000000
468.00000000 126.00000000 1.00000000 372.00000000
115.00000000 57.00000000 0.00000000 371.00000000
161.00000000 57.00000000 1.00000000 365.00000000
474.00000000 141.00000000 0.00000000 361.00000000
161.00000000 56.00000000 0.00000000 359.00000000
475.00000000 144.00000000 1.00000000 358.00000000
470.00000000 190.00000000 0.00000000 345.00000000
474.00000000 142.00000000 1.00000000 344.00000000
411.00000000 111.00000000 1.00000000 333.00000000
127.00000000 57.00000000 0.00000000 327.00000000
480.00000000 154.00000000 0.00000000 315.00000000
69.00000000 386.00000000 1.00000000 315.00000000
431.00000000 96.00000000 1.00000000 310.00000000
417.00000000 80.00000000 1.00000000 308.00000000
29.00000000 132.00000000 1.00000000 307.00000000
462.00000000 142.00000000 1.00000000 306.00000000
442.00000000 96.00000000 0.00000000 298.00000000
161.00000000 57.00000000 1.00000000 294.00000000
317.00000000 54.00000000 1.00000000 294.00000000
426.00000000 168.00000000 1.00000000 290.00000000
480.00000000 98.00000000 2.00000000 285.00000000
160.00000000 60.00000000 2.00000000 284.00000000
482.00000000 102.00000000 2.00000000 281.00000000
481.00000000 105.00000000 0.00000000 278.00000000
418.00000000 82.00000000 2.00000000 278.00000000
22.00000000 130.00000000 0.00000000 275.00000000
439.00000000 77.00000000 1.00000000 266.00000000
482.00000000 103.00000000 1.00000000 262.00000000
442.00000000 124.00000000 1.00000000 259.00000000
417.00000000 94.00000000 1.00000000 255.00000000
482.00000000 104.00000000 1.00000000 253.00000000
482.00000000 89.00000000 1.00000000 251.00000000
26.00000000 376.00000000 1.00000000 251.00000000
479.00000000 180.00000000 1.00000000 251.00000000
417.00000000 181.00000000 0.00000000 251.00000000
435.00000000 87.00000000 1.00000000 246.00000000
158.00000000 62.00000000 2.00000000 241.00000000
416.00000000 80.00000000 1.00000000 239.00000000
382.00000000 377.00000000 1.00000000 237.00000000
456.00000000 97.00000000 1.00000000 236.00000000
481.00000000 135.00000000 0.00000000 228.00000000
14.00000000 134.00000000 0.00000000 225.00000000
127.00000000 58.00000000 1.00000000 223.00000000
15.00000000 446.00000000 0.00000000 221.00000000
482.00000000 113.00000000 1.00000000 219.00000000
128.00000000 21.00000000 0.00000000 217.00000000
29.00000000 120.00000000 0.00000000 217.00000000
442.00000000 96.00000000 1.00000000 215.00000000
333.00000000 18.00000000 1.00000000 214.00000000
381.00000000 376.00000000 0.00000000 210.00000000
160.00000000 64.00000000 4.00000000 206.00000000
484.00000000 100.00000000 4.00000000 206.00000000
476.00000000 144.00000000 2.00000000 199.00000000
454.00000000 87.00000000 0.00000000 199.00000000
470.00000000 191.00000000 1.00000000 193.00000000
226.00000000 207.00000000 1.00000000 190.00000000
116.00000000 58.00000000 1.00000000 190.00000000
238.00000000 19.00000000 1.00000000 189.00000000
316.00000000 55.00000000 1.00000000 189.00000000
417.00000000 80.00000000 0.00000000 188.00000000
473.00000000 161.00000000 0.00000000 185.00000000
216.00000000 33.00000000 1.00000000 184.00000000
21.00000000 392.00000000 0.00000000 176.00000000
443.00000000 152.00000000 0.00000000 173.00000000
439.00000000 167.00000000 0.00000000 168.00000000
22.00000000 118.00000000 0.00000000 165.00000000
432.00000000 168.00000000 0.00000000 165.00000000
161.00000000 77.00000000 0.00000000 163.00000000
161.00000000 96.00000000 0.00000000 160.00000000
28.00000000 115.00000000 0.00000000 157.00000000
218.00000000 34.00000000 2.00000000 154.00000000
226.00000000 206.00000000 0.00000000 152.00000000
30.00000000 132.00000000 2.00000000 151.00000000
161.00000000 70.00000000 0.00000000 149.00000000
161.00000000 89.00000000 0.00000000 148.00000000
161.00000000 83.00000000 0.00000000 142.00000000
419.00000000 169.00000000 0.00000000 142.00000000
358.00000000 355.00000000 0.00000000 140.00000000
488.00000000 354.00000000 0.00000000 139.00000000
432.00000000 174.00000000 0.00000000 132.00000000
318.00000000 56.00000000 2.00000000 131.00000000
165.00000000 219.00000000 0.00000000 131.00000000
418.00000000 84.00000000 2.00000000 129.00000000
425.00000000 176.00000000 0.00000000 129.00000000
223.00000000 229.00000000 2.00000000 128.00000000
603.00000000 319.00000000 0.00000000 128.00000000
410.00000000 192.00000000 0.00000000 125.00000000
129.00000000 41.00000000 0.00000000 124.00000000
480.00000000 101.00000000 5.00000000 80.00000000
