364.00000000 19.00000000 0.00000000 658.00000000
364.00000000 20.00000000 1.00000000 624.00000000
333.00000000 18.00000000 0.00000000 568.00000000
363.00000000 21.00000000 1.00000000 480.00000000
28.00000000 106.00000000 1.00000000 478.00000000
28.00000000 107.00000000 1.00000000 457.00000000
216.00000000 32.00000000 1.00000000 450.00000000
215.00000000 31.00000000 0.00000000 438.00000000
417.00000000 79.00000000 1.00000000 380.00000000
411.00000000 111.00000000 0.00000000 379.00000000
70.00000000 386.00000000 1.00000000 375.00000000
317.00000000 53.00000000 0.00000000 371.00000000
28.00000000 105.00000000 0.00000000 355.00000000
70.00000000 386.00000000 0.00000000 354.00000000
543.00000000 14.00000000 0.00000000 348.00000000
462.00000000 143.00000000 1.00000000 346.00000000
417.00000000 79.00000000 0.00000000 338.00000000
431.00000000 96.00000000 0.00000000 334.00000000
29.00000000 132.00000000 1.00000000 325.00000000
30.00000000 110.00000000 2.00000000 322.00000000
161.00000000 57.00000000 1.00000000 318.00000000
543.00000000 15.00000000 1.00000000 318.00000000
315.00000000 122.00000000 1.00000000 313.00000000
161.00000000 57.00000000 1.00000000 310.00000000
443.00000000 142.00000000 0.00000000 310.00000000
158.00000000 62.00000000 2.00000000 300.00000000
29.00000000 132.00000000 0.00000000 299.00000000
315.00000000 121.00000000 0.00000000 298.00000000
160.00000000 60.00000000 2.00000000 293.00000000
482.00000000 112.00000000 0.00000000 291.00000000
161.00000000 56.00000000 0.00000000 291.00000000
216.00000000 32.00000000 1.00000000 283.00000000
160.00000000 64.00000000 4.00000000 282.00000000
333.00000000 18.00000000 1.00000000 278.00000000
417.00000000 79.00000000 1.00000000 275.00000000
382.00000000 377.00000000 1.00000000 272.00000000
317.00000000 54.00000000 1.00000000 267.00000000
26.00000000 375.00000000 1.00000000 262.00000000
26.00000000 374.00000000 0.00000000 260.00000000
115.00000000 57.00000000 0.00000000 259.00000000
482.00000000 86.00000000 0.00000000 257.00000000
129.00000000 21.00000000 0.00000000 250.00000000
468.00000000 125.00000000 0.00000000 250.00000000
443.00000000 143.00000000 1.00000000 245.00000000
29.00000000 131.00000000 1.00000000 243.00000000
474.00000000 112.00000000 0.00000000 242.00000000
462.00000000 141.00000000 0.00000000 238.00000000
468.00000000 126.00000000 1.00000000 237.00000000
479.00000000 180.00000000 0.00000000 233.00000000
456.00000000 96.00000000 0.00000000 233.00000000
441.00000000 78.00000000 1.00000000 232.00000000
69.00000000 387.00000000 1.00000000 232.00000000
624.00000000 29.00000000 1.00000000 216.00000000
462.00000000 142.00000000 1.00000000 212.00000000
482.00000000 100.00000000 0.00000000 206.00000000
21.00000000 395.00000000 0.00000000 204.00000000
315.00000000 239.00000000 0.00000000 204.00000000
441.00000000 78.00000000 0.00000000 201.00000000
381.00000000 379.00000000 1.00000000 200.00000000
482.00000000 101.00000000 1.00000000 199.00000000
315.00000000 123.00000000 1.00000000 199.00000000
480.00000000 98.00000000 2.00000000 198.00000000
431.00000000 96.00000000 1.00000000 197.00000000
625.00000000 28.00000000 0.00000000 196.00000000
441.00000000 79.00000000 1.00000000 196.00000000
482.00000000 98.00000000 2.00000000 196.00000000
435.00000000 86.00000000 0.00000000 195.00000000
14.00000000 446.00000000 0.00000000 193.00000000
381.00000000 376.00000000 0.00000000 187.00000000
483.00000000 88.00000000 1.00000000 186.00000000
475.00000000 142.00000000 1.00000000 182.00000000
21.00000000 395.00000000 1.00000000 181.00000000
475.00000000 142.00000000 0.00000000 179.00000000
624.00000000 47.00000000 1.00000000 179.00000000
412.00000000 111.00000000 1.00000000 177.00000000
481.00000000 135.00000000 0.00000000 170.00000000
129.00000000 22.00000000 1.00000000 169.00000000
484.00000000 96.00000000 4.00000000 167.00000000
116.00000000 57.00000000 1.00000000 164.00000000
418.00000000 80.00000000 2.00000000 163.00000000
475.00000000 142.00000000 1.00000000 161.00000000
28.00000000 114.00000000 0.00000000 161.00000000
218.00000000 34.00000000 2.00000000 160.00000000
443.00000000 124.00000000 0.00000000 160.00000000
479.00000000 180.00000000 1.00000000 158.00000000
367.00000000 363.00000000 0.00000000 158.00000000
129.00000000 47.00000000 0.00000000 156.00000000
362.00000000 101.00000000 0.00000000 154.00000000
482.00000000 100.00000000 1.00000000 154.00000000
316.00000000 55.00000000 1.00000000 153.00000000
443.00000000 124.00000000 1.00000000 153.00000000
362.00000000 168.00000000 0.00000000 150.00000000
30.00000000 132.00000000 2.00000000 148.00000000
482.00000000 113.00000000 1.00000000 145.00000000
463.00000000 97.00000000 0.00000000 144.00000000
367.00000000 363.00000000 1.00000000 143.00000000
470.00000000 190.00000000 0.00000000 143.00000000
359.00000000 274.00000000 0.00000000 143.00000000
563.00000000 14.00000000 0.00000000 142.00000000
480.00000000 154.00000000 0.00000000 140.00000000
363.00000000 70.00000000 0.00000000 140.00000000
26.00000000 376.00000000 1.00000000 138.00000000
457.00000000 97.00000000 1.00000000 138.00000000
363.00000000 55.00000000 0.00000000 136.00000000
625.00000000 45.00000000 0.00000000 135.00000000
362.00000000 162.00000000 0.00000000 135.00000000
615.00000000 226.00000000 1.00000000 134.00000000
127.00000000 56.00000000 0.00000000 133.00000000
625.00000000 65.00000000 0.00000000 130.00000000
316.00000000 56.00000000 2.00000000 127.00000000
314.00000000 126.00000000 2.00000000 125.00000000
417.00000000 96.00000000 0.00000000 124.00000000
536.00000000 26.00000000 0.00000000 122.00000000
161.00000000 82.00000000 0.00000000 121.00000000
516.00000000 65.00000000 0.00000000 119.00000000
166.00000000 238.00000000 0.00000000 118.00000000
622.00000000 116.00000000 0.00000000 117.00000000
29.00000000 120.00000000 0.00000000 116.00000000
607.00000000 293.00000000 0.00000000 115.00000000
611.00000000 257.00000000 0.00000000 113.00000000
433.00000000 168.00000000 0.00000000 113.00000000
618.00000000 181.00000000 0.00000000 112.00000000
532.00000000 34.00000000 0.00000000 112.00000000
313.00000000 59.00000000 2.00000000 112.00000000
362.00000000 181.00000000 0.00000000 111.00000000
305.00000000 135.00000000 5.00000000 99.00000000
313.00000000 130.00000000 2.00000000 83.00000000
