363.00000000 19.00000000 0.00000000 681.00000000
411.00000000 111.00000000 0.00000000 579.00000000
462.00000000 143.00000000 1.00000000 570.00000000
333.00000000 18.00000000 0.00000000 553.00000000
363.00000000 20.00000000 1.00000000 544.00000000
29.00000000 132.00000000 0.00000000 533.00000000
28.00000000 106.00000000 1.00000000 531.00000000
28.00000000 107.00000000 1.00000000 478.00000000
462.00000000 142.00000000 0.00000000 478.00000000
28.00000000 105.00000000 0.00000000 473.00000000
482.00000000 87.00000000 0.00000000 470.00000000
216.00000000 31.00000000 1.00000000 458.00000000
215.00000000 30.00000000 0.00000000 457.00000000
70.00000000 386.00000000 1.00000000 454.00000000
363.00000000 21.00000000 1.00000000 450.00000000
482.00000000 112.00000000 0.00000000 447.00000000
30.00000000 133.00000000 1.00000000 446.00000000
473.00000000 112.00000000 0.00000000 438.00000000
431.00000000 96.00000000 0.00000000 425.00000000
70.00000000 386.00000000 0.00000000 400.00000000
115.00000000 57.00000000 0.00000000 397.00000000
27.00000000 375.00000000 1.00000000 385.00000000
443.00000000 142.00000000 0.00000000 374.00000000
30.00000000 110.00000000 2.00000000 369.00000000
29.00000000 120.00000000 0.00000000 356.00000000
26.00000000 375.00000000 0.00000000 352.00000000
443.00000000 143.00000000 1.00000000 344.00000000
475.00000000 143.00000000 1.00000000 342.00000000
161.00000000 57.00000000 1.00000000 326.00000000
317.00000000 53.00000000 0.00000000 318.00000000
161.00000000 56.00000000 0.00000000 316.00000000
475.00000000 142.00000000 0.00000000 315.00000000
483.00000000 88.00000000 1.00000000 314.00000000
457.00000000 97.00000000 0.00000000 310.00000000
11.00000000 428.00000000 0.00000000 305.00000000
417.00000000 80.00000000 1.00000000 296.00000000
468.00000000 126.00000000 0.00000000 296.00000000
440.00000000 78.00000000 0.00000000 293.00000000
216.00000000 31.00000000 1.00000000 293.00000000
417.00000000 80.00000000 1.00000000 289.00000000
129.00000000 21.00000000 0.00000000 288.00000000
29.00000000 132.00000000 1.00000000 287.00000000
475.00000000 142.00000000 1.00000000 282.00000000
161.00000000 57.00000000 1.00000000 279.00000000
160.00000000 60.00000000 2.00000000 278.00000000
440.00000000 78.00000000 1.00000000 271.00000000
21.00000000 393.00000000 0.00000000 269.00000000
468.00000000 126.00000000 1.00000000 266.00000000
435.00000000 87.00000000 0.00000000 264.00000000
462.00000000 142.00000000 1.00000000 260.00000000
412.00000000 111.00000000 1.00000000 260.00000000
158.00000000 62.00000000 2.00000000 256.00000000
69.00000000 386.00000000 1.00000000 256.00000000
127.00000000 57.00000000 0.00000000 254.00000000
470.00000000 190.00000000 0.00000000 250.00000000
443.00000000 124.00000000 1.00000000 246.00000000
482.00000000 102.00000000 2.00000000 244.00000000
417.00000000 80.00000000 0.00000000 243.00000000
482.00000000 104.00000000 1.00000000 241.00000000
482.00000000 103.00000000 1.00000000 240.00000000
418.00000000 82.00000000 2.00000000 240.00000000
431.00000000 96.00000000 1.00000000 239.00000000
210.00000000 19.00000000 0.00000000 239.00000000
482.00000000 104.00000000 0.00000000 238.00000000
543.00000000 13.00000000 0.00000000 237.00000000
317.00000000 54.00000000 1.00000000 236.00000000
480.00000000 98.00000000 2.00000000 236.00000000
22.00000000 130.00000000 0.00000000 235.00000000
333.00000000 18.00000000 1.00000000 232.00000000
160.00000000 64.00000000 4.00000000 229.00000000
443.00000000 124.00000000 0.00000000 225.00000000
116.00000000 57.00000000 1.00000000 222.00000000
480.00000000 154.00000000 0.00000000 216.00000000
479.00000000 180.00000000 0.00000000 216.00000000
26.00000000 376.00000000 1.00000000 216.00000000
439.00000000 77.00000000 1.00000000 208.00000000
218.00000000 34.00000000 2.00000000 206.00000000
418.00000000 91.00000000 0.00000000 199.00000000
21.00000000 393.00000000 1.00000000 192.00000000
130.00000000 30.00000000 0.00000000 192.00000000
418.00000000 92.00000000 1.00000000 192.00000000
482.00000000 113.00000000 1.00000000 190.00000000
481.00000000 135.00000000 0.00000000 190.00000000
14.00000000 446.00000000 0.00000000 189.00000000
129.00000000 22.00000000 1.00000000 189.00000000
454.00000000 87.00000000 0.00000000 187.00000000
14.00000000 134.00000000 0.00000000 187.00000000
543.00000000 15.00000000 1.00000000 182.00000000
482.00000000 89.00000000 1.00000000 181.00000000
382.00000000 377.00000000 1.00000000 181.00000000
211.00000000 20.00000000 1.00000000 180.00000000
442.00000000 124.00000000 1.00000000 178.00000000
226.00000000 212.00000000 1.00000000 176.00000000
426.00000000 167.00000000 0.00000000 175.00000000
457.00000000 97.00000000 1.00000000 174.00000000
480.00000000 100.00000000 4.00000000 172.00000000
435.00000000 87.00000000 1.00000000 164.00000000
129.00000000 41.00000000 0.00000000 164.00000000
624.00000000 28.00000000 1.00000000 164.00000000
166.00000000 234.00000000 0.00000000 161.00000000
603.00000000 320.00000000 0.00000000 161.00000000
316.00000000 55.00000000 1.00000000 158.00000000
476.00000000 144.00000000 2.00000000 154.00000000
613.00000000 227.00000000 1.00000000 153.00000000
442.00000000 96.00000000 0.00000000 151.00000000
226.00000000 211.00000000 0.00000000 151.00000000
30.00000000 132.00000000 2.00000000 147.00000000
236.00000000 19.00000000 0.00000000 146.00000000
357.00000000 356.00000000 0.00000000 145.00000000
382.00000000 376.00000000 0.00000000 143.00000000
14.00000000 416.00000000 0.00000000 143.00000000
464.00000000 97.00000000 0.00000000 142.00000000
388.00000000 366.00000000 0.00000000 142.00000000
363.00000000 40.00000000 0.00000000 140.00000000
620.00000000 156.00000000 0.00000000 133.00000000
425.00000000 362.00000000 0.00000000 130.00000000
367.00000000 363.00000000 0.00000000 129.00000000
360.00000000 281.00000000 0.00000000 129.00000000
10.00000000 434.00000000 0.00000000 121.00000000
426.00000000 176.00000000 0.00000000 120.00000000
607.00000000 291.00000000 0.00000000 119.00000000
363.00000000 68.00000000 0.00000000 119.00000000
555.00000000 14.00000000 0.00000000 118.00000000
316.00000000 56.00000000 2.00000000 116.00000000
418.00000000 84.00000000 2.00000000 114.00000000
316.00000000 59.00000000 2.00000000 100.00000000
480.00000000 101.00000000 5.00000000 62.00000000
