411.00000000 111.00000000 0.00000000 688.00000000
625.00000000 19.00000000 0.00000000 675.00000000
431.00000000 96.00000000 0.00000000 657.00000000
364.00000000 19.00000000 0.00000000 617.00000000
364.00000000 20.00000000 1.00000000 598.00000000
333.00000000 18.00000000 0.00000000 517.00000000
363.00000000 21.00000000 1.00000000 507.00000000
482.00000000 86.00000000 0.00000000 474.00000000
482.00000000 112.00000000 0.00000000 463.00000000
624.00000000 20.00000000 1.00000000 456.00000000
625.00000000 10.00000000 0.00000000 445.00000000
462.00000000 143.00000000 1.00000000 438.00000000
159.00000000 101.00000000 0.00000000 432.00000000
130.00000000 69.00000000 0.00000000 402.00000000
28.00000000 107.00000000 1.00000000 400.00000000
456.00000000 97.00000000 0.00000000 390.00000000
417.00000000 79.00000000 0.00000000 369.00000000
441.00000000 79.00000000 1.00000000 368.00000000
28.00000000 106.00000000 1.00000000 362.00000000
417.00000000 96.00000000 0.00000000 360.00000000
30.00000000 110.00000000 2.00000000 359.00000000
27.00000000 104.00000000 0.00000000 359.00000000
426.00000000 167.00000000 0.00000000 353.00000000
417.00000000 80.00000000 1.00000000 351.00000000
441.00000000 79.00000000 0.00000000 349.00000000
411.00000000 111.00000000 1.00000000 348.00000000
443.00000000 124.00000000 0.00000000 345.00000000
306.00000000 142.00000000 0.00000000 345.00000000
473.00000000 112.00000000 0.00000000 342.00000000
482.00000000 88.00000000 1.00000000 341.00000000
443.00000000 142.00000000 0.00000000 337.00000000
306.00000000 142.00000000 1.00000000 336.00000000
435.00000000 86.00000000 0.00000000 331.00000000
480.00000000 154.00000000 0.00000000 329.00000000
463.00000000 144.00000000 0.00000000 323.00000000
431.00000000 96.00000000 1.00000000 320.00000000
21.00000000 394.00000000 0.00000000 293.00000000
14.00000000 446.00000000 0.00000000 291.00000000
28.00000000 133.00000000 0.00000000 289.00000000
479.00000000 180.00000000 0.00000000 287.00000000
464.00000000 97.00000000 0.00000000 285.00000000
238.00000000 18.00000000 0.00000000 284.00000000
470.00000000 190.00000000 0.00000000 282.00000000
443.00000000 143.00000000 1.00000000 274.00000000
29.00000000 133.00000000 1.00000000 271.00000000
441.00000000 79.00000000 1.00000000 270.00000000
443.00000000 124.00000000 1.00000000 269.00000000
226.00000000 208.00000000 0.00000000 269.00000000
305.00000000 142.00000000 1.00000000 266.00000000
462.00000000 142.00000000 1.00000000 264.00000000
468.00000000 126.00000000 1.00000000 261.00000000
480.00000000 135.00000000 0.00000000 258.00000000
333.00000000 18.00000000 1.00000000 257.00000000
482.00000000 103.00000000 0.00000000 257.00000000
226.00000000 236.00000000 0.00000000 255.00000000
226.00000000 224.00000000 0.00000000 253.00000000
22.00000000 130.00000000 0.00000000 253.00000000
475.00000000 144.00000000 1.00000000 251.00000000
613.00000000 227.00000000 1.00000000 251.00000000
160.00000000 102.00000000 1.00000000 248.00000000
614.00000000 227.00000000 1.00000000 246.00000000
357.00000000 354.00000000 0.00000000 243.00000000
304.00000000 144.00000000 2.00000000 241.00000000
457.00000000 97.00000000 1.00000000 241.00000000
482.00000000 103.00000000 1.00000000 239.00000000
362.00000000 164.00000000 0.00000000 238.00000000
417.00000000 79.00000000 1.00000000 237.00000000
480.00000000 98.00000000 2.00000000 236.00000000
360.00000000 271.00000000 0.00000000 235.00000000
442.00000000 96.00000000 0.00000000 230.00000000
362.00000000 158.00000000 0.00000000 226.00000000
21.00000000 395.00000000 1.00000000 226.00000000
417.00000000 96.00000000 1.00000000 223.00000000
358.00000000 354.00000000 1.00000000 219.00000000
482.00000000 113.00000000 1.00000000 219.00000000
475.00000000 144.00000000 0.00000000 217.00000000
480.00000000 155.00000000 1.00000000 217.00000000
362.00000000 169.00000000 0.00000000 215.00000000
360.00000000 265.00000000 0.00000000 213.00000000
362.00000000 152.00000000 0.00000000 213.00000000
443.00000000 151.00000000 0.00000000 210.00000000
21.00000000 372.00000000 0.00000000 210.00000000
475.00000000 143.00000000 1.00000000 209.00000000
361.00000000 234.00000000 0.00000000 209.00000000
70.00000000 384.00000000 0.00000000 209.00000000
482.00000000 89.00000000 1.00000000 207.00000000
116.00000000 217.00000000 0.00000000 206.00000000
480.00000000 100.00000000 4.00000000 206.00000000
481.00000000 135.00000000 1.00000000 206.00000000
362.00000000 136.00000000 0.00000000 204.00000000
269.00000000 229.00000000 0.00000000 203.00000000
482.00000000 103.00000000 1.00000000 203.00000000
479.00000000 180.00000000 1.00000000 202.00000000
130.00000000 69.00000000 1.00000000 198.00000000
360.00000000 281.00000000 0.00000000 197.00000000
468.00000000 125.00000000 0.00000000 196.00000000
611.00000000 255.00000000 0.00000000 196.00000000
488.00000000 353.00000000 0.00000000 193.00000000
482.00000000 96.00000000 0.00000000 192.00000000
268.00000000 195.00000000 0.00000000 191.00000000
426.00000000 168.00000000 1.00000000 190.00000000
482.00000000 102.00000000 2.00000000 190.00000000
70.00000000 385.00000000 1.00000000 189.00000000
119.00000000 250.00000000 0.00000000 188.00000000
268.00000000 217.00000000 0.00000000 186.00000000
489.00000000 354.00000000 1.00000000 186.00000000
268.00000000 206.00000000 0.00000000 185.00000000
362.00000000 185.00000000 0.00000000 185.00000000
361.00000000 250.00000000 0.00000000 183.00000000
22.00000000 118.00000000 0.00000000 183.00000000
470.00000000 191.00000000 1.00000000 175.00000000
302.00000000 147.00000000 2.00000000 164.00000000
29.00000000 132.00000000 1.00000000 162.00000000
442.00000000 124.00000000 1.00000000 157.00000000
418.00000000 82.00000000 2.00000000 146.00000000
440.00000000 78.00000000 2.00000000 146.00000000
468.00000000 125.00000000 1.00000000 141.00000000
265.00000000 152.00000000 5.00000000 137.00000000
268.00000000 66.00000000 2.00000000 137.00000000
479.00000000 179.00000000 1.00000000 136.00000000
381.00000000 377.00000000 1.00000000 132.00000000
268.00000000 62.00000000 1.00000000 130.00000000
476.00000000 144.00000000 2.00000000 124.00000000
381.00000000 381.00000000 2.00000000 124.00000000
112.00000000 70.00000000 2.00000000 116.00000000
268.00000000 70.00000000 2.00000000 115.00000000
380.00000000 380.00000000 4.00000000 111.00000000
