48.00000000 407.00000000 1.00000000 214.00000000
48.00000000 408.00000000 1.00000000 180.00000000
46.00000000 408.00000000 2.00000000 162.00000000
450.00000000 152.00000000 1.00000000 162.00000000
56.00000000 446.00000000 2.00000000 157.00000000
280.00000000 580.00000000 1.00000000 156.00000000
675.00000000 200.00000000 2.00000000 150.00000000
687.00000000 42.00000000 1.00000000 148.00000000
676.00000000 204.00000000 2.00000000 147.00000000
237.00000000 84.00000000 0.00000000 146.00000000
450.00000000 152.00000000 0.00000000 146.00000000
827.00000000 403.00000000 0.00000000 145.00000000
688.00000000 133.00000000 0.00000000 145.00000000
687.00000000 42.00000000 1.00000000 141.00000000
639.00000000 226.00000000 2.00000000 140.00000000
207.00000000 456.00000000 0.00000000 140.00000000
644.00000000 224.00000000 4.00000000 140.00000000
912.00000000 83.00000000 1.00000000 138.00000000
58.00000000 446.00000000 2.00000000 136.00000000
912.00000000 83.00000000 0.00000000 136.00000000
14.00000000 430.00000000 0.00000000 134.00000000
674.00000000 205.00000000 1.00000000 133.00000000
344.00000000 192.00000000 4.00000000 133.00000000
280.00000000 578.00000000 1.00000000 132.00000000
49.00000000 408.00000000 0.00000000 130.00000000
214.00000000 480.00000000 5.00000000 130.00000000
346.00000000 193.00000000 1.00000000 128.00000000
346.00000000 193.00000000 1.00000000 128.00000000
831.00000000 391.00000000 0.00000000 128.00000000
693.00000000 117.00000000 0.00000000 126.00000000
896.00000000 135.00000000 0.00000000 125.00000000
790.00000000 433.00000000 0.00000000 123.00000000
444.00000000 134.00000000 0.00000000 122.00000000
214.00000000 496.00000000 1.00000000 121.00000000
245.00000000 82.00000000 0.00000000 121.00000000
700.00000000 121.00000000 0.00000000 121.00000000
444.00000000 134.00000000 1.00000000 120.00000000
697.00000000 103.00000000 0.00000000 120.00000000
461.00000000 195.00000000 0.00000000 117.00000000
823.00000000 414.00000000 0.00000000 117.00000000
133.00000000 533.00000000 0.00000000 116.00000000
207.00000000 457.00000000 1.00000000 116.00000000
191.00000000 439.00000000 0.00000000 115.00000000
214.00000000 496.00000000 0.00000000 115.00000000
895.00000000 145.00000000 0.00000000 112.00000000
338.00000000 182.00000000 1.00000000 112.00000000
347.00000000 193.00000000 0.00000000 112.00000000
453.00000000 398.00000000 0.00000000 111.00000000
435.00000000 583.00000000 1.00000000 110.00000000
461.00000000 193.00000000 1.00000000 110.00000000
675.00000000 206.00000000 1.00000000 110.00000000
687.00000000 43.00000000 0.00000000 109.00000000
894.00000000 152.00000000 0.00000000 108.00000000
893.00000000 141.00000000 2.00000000 108.00000000
346.00000000 194.00000000 2.00000000 106.00000000
212.00000000 496.00000000 2.00000000 106.00000000
693.00000000 118.00000000 1.00000000 106.00000000
688.00000000 253.00000000 1.00000000 105.00000000
640.00000000 226.00000000 2.00000000 105.00000000
212.00000000 496.00000000 1.00000000 104.00000000
896.00000000 135.00000000 1.00000000 104.00000000
910.00000000 82.00000000 1.00000000 103.00000000
449.00000000 152.00000000 1.00000000 103.00000000
790.00000000 433.00000000 1.00000000 102.00000000
173.00000000 545.00000000 0.00000000 102.00000000
133.00000000 533.00000000 1.00000000 101.00000000
905.00000000 94.00000000 1.00000000 101.00000000
894.00000000 400.00000000 0.00000000 101.00000000
337.00000000 182.00000000 1.00000000 100.00000000
905.00000000 109.00000000 1.00000000 100.00000000
196.00000000 447.00000000 1.00000000 98.00000000
459.00000000 193.00000000 1.00000000 98.00000000
906.00000000 96.00000000 2.00000000 98.00000000
338.00000000 181.00000000 0.00000000 97.00000000
453.00000000 399.00000000 1.00000000 96.00000000
59.00000000 446.00000000 1.00000000 95.00000000
444.00000000 134.00000000 1.00000000 95.00000000
862.00000000 393.00000000 1.00000000 93.00000000
197.00000000 517.00000000 0.00000000 92.00000000
197.00000000 446.00000000 0.00000000 91.00000000
890.00000000 450.00000000 0.00000000 91.00000000
894.00000000 140.00000000 2.00000000 91.00000000
31.00000000 426.00000000 0.00000000 91.00000000
863.00000000 393.00000000 1.00000000 90.00000000
689.00000000 253.00000000 1.00000000 87.00000000
692.00000000 111.00000000 0.00000000 87.00000000
690.00000000 125.00000000 0.00000000 87.00000000
435.00000000 582.00000000 0.00000000 87.00000000
900.00000000 391.00000000 1.00000000 86.00000000
905.00000000 405.00000000 0.00000000 85.00000000
690.00000000 123.00000000 1.00000000 85.00000000
697.00000000 103.00000000 1.00000000 84.00000000
207.00000000 55.00000000 1.00000000 83.00000000
862.00000000 391.00000000 0.00000000 83.00000000
590.00000000 170.00000000 1.00000000 83.00000000
447.00000000 143.00000000 1.00000000 81.00000000
559.00000000 269.00000000 1.00000000 81.00000000
906.00000000 95.00000000 1.00000000 81.00000000
198.00000000 518.00000000 1.00000000 81.00000000
396.00000000 181.00000000 0.00000000 80.00000000
818.00000000 425.00000000 0.00000000 80.00000000
905.00000000 108.00000000 0.00000000 80.00000000
901.00000000 391.00000000 0.00000000 79.00000000
237.00000000 85.00000000 1.00000000 79.00000000
650.00000000 37.00000000 0.00000000 78.00000000
207.00000000 55.00000000 0.00000000 78.00000000
871.00000000 246.00000000 0.00000000 77.00000000
924.00000000 187.00000000 1.00000000 77.00000000
280.00000000 579.00000000 0.00000000 77.00000000
264.00000000 417.00000000 0.00000000 76.00000000
309.00000000 106.00000000 0.00000000 76.00000000
207.00000000 225.00000000 0.00000000 76.00000000
427.00000000 503.00000000 0.00000000 76.00000000
316.00000000 135.00000000 0.00000000 75.00000000
54.00000000 136.00000000 0.00000000 72.00000000
906.00000000 96.00000000 0.00000000 72.00000000
675.00000000 206.00000000 0.00000000 72.00000000
837.00000000 381.00000000 0.00000000 71.00000000
123.00000000 116.00000000 0.00000000 70.00000000
60.00000000 445.00000000 0.00000000 70.00000000
238.00000000 469.00000000 0.00000000 67.00000000
901.00000000 226.00000000 0.00000000 67.00000000
446.00000000 142.00000000 0.00000000 67.00000000
852.00000000 386.00000000 0.00000000 67.00000000
839.00000000 449.00000000 0.00000000 66.00000000
173.00000000 203.00000000 0.00000000 66.00000000
545.00000000 88.00000000 0.00000000 66.00000000
