364.00000000 19.00000000 0.00000000 596.00000000
364.00000000 20.00000000 1.00000000 590.00000000
333.00000000 18.00000000 0.00000000 532.00000000
363.00000000 21.00000000 1.00000000 475.00000000
216.00000000 32.00000000 1.00000000 436.00000000
28.00000000 106.00000000 1.00000000 435.00000000
28.00000000 107.00000000 1.00000000 429.00000000
215.00000000 31.00000000 0.00000000 403.00000000
28.00000000 104.00000000 0.00000000 381.00000000
70.00000000 386.00000000 1.00000000 378.00000000
463.00000000 143.00000000 1.00000000 371.00000000
70.00000000 386.00000000 0.00000000 346.00000000
316.00000000 53.00000000 0.00000000 333.00000000
482.00000000 87.00000000 0.00000000 330.00000000
463.00000000 142.00000000 0.00000000 329.00000000
412.00000000 111.00000000 0.00000000 327.00000000
30.00000000 110.00000000 2.00000000 315.00000000
543.00000000 14.00000000 0.00000000 298.00000000
315.00000000 120.00000000 0.00000000 298.00000000
483.00000000 88.00000000 1.00000000 297.00000000
315.00000000 122.00000000 1.00000000 295.00000000
158.00000000 62.00000000 2.00000000 288.00000000
543.00000000 15.00000000 1.00000000 282.00000000
160.00000000 60.00000000 2.00000000 281.00000000
444.00000000 142.00000000 0.00000000 281.00000000
482.00000000 112.00000000 0.00000000 279.00000000
216.00000000 32.00000000 1.00000000 276.00000000
160.00000000 64.00000000 4.00000000 268.00000000
128.00000000 21.00000000 0.00000000 268.00000000
30.00000000 132.00000000 1.00000000 262.00000000
441.00000000 78.00000000 1.00000000 260.00000000
333.00000000 18.00000000 1.00000000 259.00000000
417.00000000 79.00000000 1.00000000 257.00000000
624.00000000 29.00000000 1.00000000 254.00000000
317.00000000 54.00000000 1.00000000 249.00000000
115.00000000 57.00000000 0.00000000 248.00000000
441.00000000 78.00000000 0.00000000 243.00000000
161.00000000 57.00000000 1.00000000 237.00000000
475.00000000 142.00000000 1.00000000 227.00000000
443.00000000 143.00000000 1.00000000 218.00000000
431.00000000 96.00000000 0.00000000 218.00000000
69.00000000 386.00000000 1.00000000 217.00000000
417.00000000 79.00000000 1.00000000 215.00000000
29.00000000 132.00000000 0.00000000 213.00000000
382.00000000 377.00000000 1.00000000 212.00000000
161.00000000 55.00000000 0.00000000 211.00000000
624.00000000 46.00000000 1.00000000 208.00000000
435.00000000 86.00000000 0.00000000 208.00000000
625.00000000 28.00000000 0.00000000 207.00000000
480.00000000 180.00000000 0.00000000 206.00000000
462.00000000 142.00000000 1.00000000 205.00000000
441.00000000 79.00000000 1.00000000 203.00000000
476.00000000 142.00000000 1.00000000 200.00000000
29.00000000 132.00000000 1.00000000 200.00000000
443.00000000 124.00000000 1.00000000 199.00000000
161.00000000 56.00000000 1.00000000 198.00000000
417.00000000 79.00000000 0.00000000 194.00000000
482.00000000 89.00000000 1.00000000 190.00000000
480.00000000 98.00000000 2.00000000 189.00000000
15.00000000 446.00000000 0.00000000 187.00000000
475.00000000 141.00000000 0.00000000 186.00000000
431.00000000 96.00000000 1.00000000 185.00000000
315.00000000 123.00000000 1.00000000 182.00000000
26.00000000 375.00000000 1.00000000 179.00000000
444.00000000 123.00000000 0.00000000 176.00000000
468.00000000 126.00000000 1.00000000 171.00000000
481.00000000 135.00000000 0.00000000 171.00000000
163.00000000 143.00000000 1.00000000 170.00000000
625.00000000 45.00000000 0.00000000 170.00000000
484.00000000 96.00000000 4.00000000 168.00000000
315.00000000 237.00000000 1.00000000 167.00000000
162.00000000 142.00000000 0.00000000 165.00000000
511.00000000 70.00000000 0.00000000 165.00000000
116.00000000 57.00000000 1.00000000 164.00000000
315.00000000 55.00000000 1.00000000 163.00000000
315.00000000 238.00000000 0.00000000 163.00000000
468.00000000 125.00000000 0.00000000 163.00000000
412.00000000 111.00000000 1.00000000 162.00000000
381.00000000 376.00000000 0.00000000 162.00000000
482.00000000 104.00000000 0.00000000 162.00000000
480.00000000 154.00000000 0.00000000 161.00000000
218.00000000 34.00000000 2.00000000 161.00000000
129.00000000 22.00000000 1.00000000 160.00000000
482.00000000 100.00000000 2.00000000 156.00000000
470.00000000 190.00000000 0.00000000 156.00000000
482.00000000 104.00000000 1.00000000 155.00000000
360.00000000 256.00000000 0.00000000 155.00000000
600.00000000 346.00000000 0.00000000 153.00000000
21.00000000 394.00000000 1.00000000 151.00000000
483.00000000 112.00000000 1.00000000 148.00000000
367.00000000 363.00000000 1.00000000 146.00000000
366.00000000 362.00000000 0.00000000 146.00000000
625.00000000 14.00000000 0.00000000 146.00000000
21.00000000 393.00000000 0.00000000 146.00000000
464.00000000 97.00000000 0.00000000 146.00000000
363.00000000 54.00000000 0.00000000 144.00000000
418.00000000 82.00000000 2.00000000 144.00000000
26.00000000 374.00000000 0.00000000 140.00000000
381.00000000 379.00000000 1.00000000 140.00000000
442.00000000 123.00000000 1.00000000 138.00000000
457.00000000 97.00000000 0.00000000 138.00000000
161.00000000 91.00000000 0.00000000 137.00000000
316.00000000 56.00000000 2.00000000 137.00000000
164.00000000 174.00000000 0.00000000 136.00000000
363.00000000 28.00000000 0.00000000 133.00000000
162.00000000 144.00000000 1.00000000 133.00000000
361.00000000 229.00000000 0.00000000 133.00000000
30.00000000 132.00000000 2.00000000 131.00000000
23.00000000 130.00000000 0.00000000 131.00000000
115.00000000 48.00000000 0.00000000 128.00000000
605.00000000 301.00000000 0.00000000 127.00000000
357.00000000 355.00000000 0.00000000 126.00000000
14.00000000 134.00000000 0.00000000 126.00000000
217.00000000 142.00000000 0.00000000 124.00000000
359.00000000 321.00000000 0.00000000 123.00000000
314.00000000 126.00000000 2.00000000 121.00000000
474.00000000 112.00000000 0.00000000 121.00000000
118.00000000 67.00000000 0.00000000 114.00000000
417.00000000 96.00000000 0.00000000 112.00000000
315.00000000 175.00000000 0.00000000 112.00000000
19.00000000 400.00000000 0.00000000 111.00000000
569.00000000 44.00000000 0.00000000 111.00000000
129.00000000 46.00000000 0.00000000 110.00000000
313.00000000 59.00000000 2.00000000 110.00000000
315.00000000 99.00000000 0.00000000 109.00000000
480.00000000 101.00000000 5.00000000 94.00000000
313.00000000 130.00000000 2.00000000 79.00000000
