485.00000000 522.00000000 0.00000000 603.00000000
396.00000000 144.00000000 0.00000000 583.00000000
485.00000000 522.00000000 1.00000000 534.00000000
397.00000000 145.00000000 1.00000000 494.00000000
369.00000000 118.00000000 0.00000000 457.00000000
353.00000000 122.00000000 0.00000000 396.00000000
483.00000000 523.00000000 1.00000000 394.00000000
382.00000000 125.00000000 0.00000000 387.00000000
999.00000000 685.00000000 0.00000000 367.00000000
372.00000000 154.00000000 0.00000000 363.00000000
387.00000000 113.00000000 1.00000000 362.00000000
395.00000000 144.00000000 1.00000000 353.00000000
550.00000000 202.00000000 0.00000000 344.00000000
383.00000000 126.00000000 1.00000000 337.00000000
324.00000000 164.00000000 0.00000000 334.00000000
370.00000000 148.00000000 2.00000000 331.00000000
367.00000000 147.00000000 2.00000000 330.00000000
369.00000000 118.00000000 1.00000000 322.00000000
353.00000000 122.00000000 1.00000000 321.00000000
386.00000000 113.00000000 1.00000000 321.00000000
666.00000000 561.00000000 0.00000000 320.00000000
822.00000000 441.00000000 0.00000000 315.00000000
537.00000000 630.00000000 0.00000000 312.00000000
550.00000000 203.00000000 1.00000000 306.00000000
543.00000000 533.00000000 1.00000000 288.00000000
569.00000000 43.00000000 0.00000000 287.00000000
822.00000000 442.00000000 1.00000000 284.00000000
576.00000000 634.00000000 1.00000000 284.00000000
232.00000000 147.00000000 1.00000000 283.00000000
582.00000000 593.00000000 1.00000000 275.00000000
581.00000000 57.00000000 0.00000000 274.00000000
465.00000000 194.00000000 0.00000000 271.00000000
704.00000000 115.00000000 0.00000000 269.00000000
576.00000000 634.00000000 0.00000000 266.00000000
632.00000000 96.00000000 0.00000000 265.00000000
581.00000000 58.00000000 1.00000000 257.00000000
557.00000000 212.00000000 0.00000000 254.00000000
557.00000000 213.00000000 1.00000000 253.00000000
154.00000000 141.00000000 1.00000000 251.00000000
155.00000000 140.00000000 1.00000000 249.00000000
232.00000000 147.00000000 0.00000000 246.00000000
396.00000000 144.00000000 2.00000000 244.00000000
386.00000000 113.00000000 0.00000000 244.00000000
529.00000000 629.00000000 0.00000000 241.00000000
582.00000000 593.00000000 1.00000000 239.00000000
410.00000000 628.00000000 0.00000000 237.00000000
367.00000000 136.00000000 0.00000000 236.00000000
634.00000000 608.00000000 0.00000000 235.00000000
484.00000000 524.00000000 2.00000000 235.00000000
576.00000000 53.00000000 2.00000000 233.00000000
772.00000000 129.00000000 1.00000000 233.00000000
582.00000000 596.00000000 2.00000000 232.00000000
368.00000000 148.00000000 4.00000000 230.00000000
648.00000000 624.00000000 2.00000000 229.00000000
677.00000000 512.00000000 0.00000000 227.00000000
190.00000000 311.00000000 0.00000000 227.00000000
543.00000000 533.00000000 0.00000000 227.00000000
772.00000000 129.00000000 0.00000000 224.00000000
369.00000000 60.00000000 0.00000000 222.00000000
542.00000000 536.00000000 2.00000000 222.00000000
372.00000000 154.00000000 1.00000000 220.00000000
922.00000000 30.00000000 2.00000000 215.00000000
370.00000000 147.00000000 1.00000000 214.00000000
686.00000000 518.00000000 0.00000000 213.00000000
633.00000000 96.00000000 1.00000000 212.00000000
644.00000000 625.00000000 2.00000000 210.00000000
999.00000000 686.00000000 1.00000000 206.00000000
543.00000000 534.00000000 1.00000000 202.00000000
382.00000000 102.00000000 0.00000000 201.00000000
239.00000000 556.00000000 1.00000000 201.00000000
352.00000000 121.00000000 1.00000000 201.00000000
779.00000000 436.00000000 0.00000000 201.00000000
154.00000000 138.00000000 0.00000000 200.00000000
619.00000000 526.00000000 0.00000000 200.00000000
154.00000000 142.00000000 2.00000000 199.00000000
821.00000000 442.00000000 1.00000000 198.00000000
741.00000000 499.00000000 0.00000000 194.00000000
647.00000000 622.00000000 1.00000000 193.00000000
324.00000000 164.00000000 1.00000000 191.00000000
594.00000000 664.00000000 0.00000000 191.00000000
697.00000000 650.00000000 0.00000000 190.00000000
569.00000000 44.00000000 1.00000000 190.00000000
506.00000000 553.00000000 1.00000000 190.00000000
485.00000000 610.00000000 0.00000000 189.00000000
666.00000000 561.00000000 1.00000000 189.00000000
383.00000000 125.00000000 1.00000000 188.00000000
677.00000000 513.00000000 1.00000000 186.00000000
14.00000000 686.00000000 0.00000000 185.00000000
579.00000000 56.00000000 1.00000000 185.00000000
619.00000000 527.00000000 1.00000000 184.00000000
405.00000000 660.00000000 0.00000000 182.00000000
770.00000000 653.00000000 0.00000000 181.00000000
12.00000000 697.00000000 0.00000000 176.00000000
434.00000000 636.00000000 0.00000000 176.00000000
579.00000000 584.00000000 0.00000000 175.00000000
506.00000000 552.00000000 0.00000000 174.00000000
231.00000000 148.00000000 1.00000000 173.00000000
560.00000000 540.00000000 0.00000000 173.00000000
546.00000000 211.00000000 0.00000000 173.00000000
391.00000000 310.00000000 0.00000000 172.00000000
918.00000000 688.00000000 0.00000000 172.00000000
369.00000000 61.00000000 1.00000000 171.00000000
466.00000000 195.00000000 1.00000000 169.00000000
648.00000000 622.00000000 1.00000000 168.00000000
239.00000000 555.00000000 0.00000000 168.00000000
823.00000000 429.00000000 0.00000000 167.00000000
951.00000000 14.00000000 0.00000000 167.00000000
286.00000000 578.00000000 0.00000000 166.00000000
390.00000000 94.00000000 0.00000000 166.00000000
560.00000000 541.00000000 1.00000000 165.00000000
239.00000000 555.00000000 1.00000000 164.00000000
500.00000000 169.00000000 0.00000000 164.00000000
508.00000000 564.00000000 0.00000000 164.00000000
965.00000000 645.00000000 0.00000000 164.00000000
424.00000000 351.00000000 0.00000000 164.00000000
583.00000000 209.00000000 1.00000000 163.00000000
100.00000000 432.00000000 0.00000000 163.00000000
654.00000000 553.00000000 0.00000000 162.00000000
368.00000000 136.00000000 1.00000000 162.00000000
919.00000000 26.00000000 1.00000000 162.00000000
567.00000000 201.00000000 0.00000000 161.00000000
738.00000000 719.00000000 0.00000000 161.00000000
659.00000000 565.00000000 2.00000000 160.00000000
171.00000000 149.00000000 0.00000000 160.00000000
576.00000000 633.00000000 1.00000000 158.00000000
660.00000000 568.00000000 4.00000000 149.00000000
362.00000000 141.00000000 5.00000000 117.00000000
