485.00000000 522.00000000 0.00000000 887.00000000
485.00000000 522.00000000 1.00000000 673.00000000
369.00000000 118.00000000 0.00000000 504.00000000
483.00000000 523.00000000 1.00000000 462.00000000
396.00000000 145.00000000 0.00000000 436.00000000
576.00000000 633.00000000 1.00000000 423.00000000
822.00000000 441.00000000 0.00000000 420.00000000
536.00000000 630.00000000 0.00000000 392.00000000
822.00000000 442.00000000 1.00000000 387.00000000
353.00000000 123.00000000 0.00000000 375.00000000
999.00000000 685.00000000 0.00000000 361.00000000
370.00000000 150.00000000 2.00000000 356.00000000
396.00000000 145.00000000 1.00000000 349.00000000
369.00000000 119.00000000 1.00000000 336.00000000
371.00000000 154.00000000 0.00000000 334.00000000
576.00000000 634.00000000 0.00000000 333.00000000
391.00000000 310.00000000 0.00000000 330.00000000
383.00000000 126.00000000 0.00000000 330.00000000
87.00000000 639.00000000 0.00000000 328.00000000
741.00000000 499.00000000 0.00000000 328.00000000
821.00000000 442.00000000 1.00000000 326.00000000
353.00000000 123.00000000 1.00000000 319.00000000
14.00000000 686.00000000 0.00000000 319.00000000
232.00000000 148.00000000 1.00000000 316.00000000
367.00000000 149.00000000 2.00000000 316.00000000
666.00000000 561.00000000 0.00000000 313.00000000
569.00000000 45.00000000 0.00000000 311.00000000
465.00000000 195.00000000 0.00000000 307.00000000
823.00000000 429.00000000 0.00000000 306.00000000
581.00000000 57.00000000 0.00000000 306.00000000
155.00000000 141.00000000 1.00000000 294.00000000
231.00000000 147.00000000 0.00000000 293.00000000
778.00000000 436.00000000 0.00000000 283.00000000
543.00000000 533.00000000 1.00000000 277.00000000
370.00000000 148.00000000 1.00000000 275.00000000
492.00000000 239.00000000 0.00000000 273.00000000
423.00000000 212.00000000 0.00000000 272.00000000
579.00000000 584.00000000 0.00000000 272.00000000
324.00000000 164.00000000 0.00000000 271.00000000
823.00000000 429.00000000 1.00000000 269.00000000
484.00000000 524.00000000 2.00000000 267.00000000
677.00000000 512.00000000 0.00000000 266.00000000
383.00000000 127.00000000 1.00000000 265.00000000
369.00000000 111.00000000 0.00000000 264.00000000
581.00000000 58.00000000 1.00000000 263.00000000
154.00000000 141.00000000 1.00000000 260.00000000
262.00000000 723.00000000 0.00000000 260.00000000
371.00000000 148.00000000 0.00000000 259.00000000
922.00000000 32.00000000 2.00000000 258.00000000
550.00000000 203.00000000 0.00000000 255.00000000
239.00000000 556.00000000 1.00000000 255.00000000
576.00000000 633.00000000 1.00000000 254.00000000
619.00000000 526.00000000 0.00000000 250.00000000
529.00000000 629.00000000 0.00000000 249.00000000
778.00000000 438.00000000 1.00000000 246.00000000
648.00000000 624.00000000 2.00000000 242.00000000
369.00000000 61.00000000 0.00000000 241.00000000
465.00000000 196.00000000 1.00000000 239.00000000
634.00000000 608.00000000 0.00000000 239.00000000
543.00000000 533.00000000 0.00000000 237.00000000
70.00000000 653.00000000 0.00000000 236.00000000
178.00000000 140.00000000 0.00000000 236.00000000
551.00000000 203.00000000 1.00000000 234.00000000
557.00000000 214.00000000 1.00000000 233.00000000
772.00000000 130.00000000 0.00000000 233.00000000
190.00000000 312.00000000 0.00000000 231.00000000
391.00000000 311.00000000 1.00000000 230.00000000
644.00000000 625.00000000 2.00000000 229.00000000
822.00000000 444.00000000 2.00000000 229.00000000
12.00000000 697.00000000 0.00000000 229.00000000
506.00000000 552.00000000 1.00000000 228.00000000
666.00000000 508.00000000 0.00000000 228.00000000
434.00000000 636.00000000 0.00000000 226.00000000
582.00000000 595.00000000 1.00000000 226.00000000
371.00000000 612.00000000 0.00000000 225.00000000
999.00000000 686.00000000 1.00000000 219.00000000
49.00000000 662.00000000 0.00000000 219.00000000
470.00000000 180.00000000 0.00000000 217.00000000
388.00000000 293.00000000 0.00000000 215.00000000
154.00000000 139.00000000 0.00000000 215.00000000
703.00000000 116.00000000 0.00000000 213.00000000
352.00000000 123.00000000 1.00000000 213.00000000
593.00000000 664.00000000 0.00000000 211.00000000
557.00000000 213.00000000 0.00000000 211.00000000
779.00000000 427.00000000 0.00000000 210.00000000
579.00000000 703.00000000 0.00000000 207.00000000
447.00000000 633.00000000 0.00000000 207.00000000
368.00000000 148.00000000 4.00000000 207.00000000
471.00000000 180.00000000 1.00000000 206.00000000
369.00000000 61.00000000 1.00000000 205.00000000
239.00000000 556.00000000 0.00000000 205.00000000
576.00000000 53.00000000 2.00000000 204.00000000
542.00000000 536.00000000 2.00000000 203.00000000
632.00000000 96.00000000 0.00000000 203.00000000
440.00000000 561.00000000 0.00000000 203.00000000
371.00000000 148.00000000 1.00000000 202.00000000
485.00000000 610.00000000 0.00000000 202.00000000
605.00000000 517.00000000 0.00000000 202.00000000
410.00000000 627.00000000 0.00000000 202.00000000
570.00000000 168.00000000 0.00000000 201.00000000
647.00000000 623.00000000 1.00000000 199.00000000
245.00000000 380.00000000 0.00000000 199.00000000
619.00000000 527.00000000 1.00000000 199.00000000
686.00000000 518.00000000 0.00000000 199.00000000
677.00000000 512.00000000 1.00000000 197.00000000
580.00000000 598.00000000 0.00000000 197.00000000
957.00000000 438.00000000 1.00000000 196.00000000
438.00000000 569.00000000 0.00000000 195.00000000
582.00000000 593.00000000 1.00000000 195.00000000
582.00000000 596.00000000 2.00000000 193.00000000
15.00000000 687.00000000 1.00000000 191.00000000
666.00000000 561.00000000 1.00000000 191.00000000
579.00000000 57.00000000 1.00000000 191.00000000
397.00000000 144.00000000 1.00000000 190.00000000
537.00000000 631.00000000 1.00000000 188.00000000
231.00000000 148.00000000 1.00000000 187.00000000
772.00000000 130.00000000 1.00000000 186.00000000
919.00000000 28.00000000 1.00000000 185.00000000
774.00000000 678.00000000 1.00000000 185.00000000
647.00000000 623.00000000 1.00000000 183.00000000
239.00000000 555.00000000 1.00000000 181.00000000
154.00000000 144.00000000 2.00000000 180.00000000
70.00000000 623.00000000 1.00000000 176.00000000
659.00000000 565.00000000 2.00000000 171.00000000
470.00000000 178.00000000 1.00000000 169.00000000
644.00000000 628.00000000 4.00000000 153.00000000
656.00000000 571.00000000 5.00000000 112.00000000
