485.00000000 522.00000000 0.00000000 430.00000000
499.00000000 170.00000000 0.00000000 383.00000000
485.00000000 523.00000000 1.00000000 371.00000000
369.00000000 118.00000000 0.00000000 327.00000000
396.00000000 145.00000000 0.00000000 321.00000000
570.00000000 168.00000000 0.00000000 297.00000000
396.00000000 145.00000000 1.00000000 294.00000000
483.00000000 523.00000000 1.00000000 284.00000000
370.00000000 150.00000000 2.00000000 274.00000000
500.00000000 170.00000000 1.00000000 269.00000000
372.00000000 154.00000000 0.00000000 268.00000000
232.00000000 147.00000000 1.00000000 263.00000000
367.00000000 147.00000000 2.00000000 249.00000000
155.00000000 141.00000000 1.00000000 248.00000000
154.00000000 141.00000000 1.00000000 244.00000000
324.00000000 164.00000000 0.00000000 239.00000000
353.00000000 123.00000000 0.00000000 236.00000000
822.00000000 440.00000000 0.00000000 232.00000000
395.00000000 144.00000000 1.00000000 230.00000000
232.00000000 147.00000000 0.00000000 229.00000000
822.00000000 441.00000000 1.00000000 227.00000000
383.00000000 126.00000000 0.00000000 221.00000000
369.00000000 119.00000000 1.00000000 221.00000000
353.00000000 123.00000000 1.00000000 220.00000000
239.00000000 556.00000000 1.00000000 217.00000000
570.00000000 163.00000000 0.00000000 216.00000000
383.00000000 127.00000000 1.00000000 214.00000000
371.00000000 149.00000000 1.00000000 212.00000000
772.00000000 129.00000000 1.00000000 210.00000000
581.00000000 58.00000000 0.00000000 205.00000000
550.00000000 203.00000000 0.00000000 200.00000000
920.00000000 32.00000000 2.00000000 196.00000000
154.00000000 140.00000000 0.00000000 193.00000000
190.00000000 312.00000000 0.00000000 188.00000000
484.00000000 524.00000000 2.00000000 188.00000000
557.00000000 213.00000000 1.00000000 186.00000000
772.00000000 129.00000000 0.00000000 180.00000000
581.00000000 58.00000000 1.00000000 179.00000000
557.00000000 213.00000000 0.00000000 178.00000000
52.00000000 417.00000000 0.00000000 177.00000000
368.00000000 148.00000000 4.00000000 176.00000000
154.00000000 144.00000000 2.00000000 176.00000000
632.00000000 96.00000000 0.00000000 175.00000000
471.00000000 179.00000000 1.00000000 175.00000000
569.00000000 45.00000000 0.00000000 173.00000000
344.00000000 108.00000000 0.00000000 172.00000000
582.00000000 209.00000000 1.00000000 172.00000000
508.00000000 726.00000000 0.00000000 171.00000000
371.00000000 148.00000000 0.00000000 171.00000000
570.00000000 169.00000000 1.00000000 168.00000000
952.00000000 26.00000000 1.00000000 165.00000000
821.00000000 442.00000000 1.00000000 165.00000000
391.00000000 310.00000000 0.00000000 163.00000000
949.00000000 15.00000000 0.00000000 162.00000000
471.00000000 181.00000000 0.00000000 161.00000000
574.00000000 53.00000000 2.00000000 161.00000000
396.00000000 144.00000000 2.00000000 160.00000000
304.00000000 158.00000000 0.00000000 160.00000000
369.00000000 111.00000000 0.00000000 160.00000000
324.00000000 165.00000000 1.00000000 159.00000000
470.00000000 178.00000000 1.00000000 156.00000000
231.00000000 148.00000000 1.00000000 155.00000000
372.00000000 148.00000000 1.00000000 154.00000000
551.00000000 203.00000000 1.00000000 153.00000000
52.00000000 417.00000000 1.00000000 152.00000000
239.00000000 555.00000000 1.00000000 152.00000000
157.00000000 425.00000000 1.00000000 151.00000000
703.00000000 116.00000000 0.00000000 150.00000000
352.00000000 123.00000000 1.00000000 150.00000000
917.00000000 27.00000000 1.00000000 150.00000000
379.00000000 85.00000000 0.00000000 149.00000000
239.00000000 556.00000000 0.00000000 149.00000000
157.00000000 424.00000000 0.00000000 144.00000000
778.00000000 436.00000000 0.00000000 143.00000000
952.00000000 26.00000000 0.00000000 142.00000000
570.00000000 168.00000000 2.00000000 142.00000000
729.00000000 121.00000000 0.00000000 141.00000000
919.00000000 29.00000000 1.00000000 141.00000000
633.00000000 97.00000000 1.00000000 141.00000000
340.00000000 349.00000000 0.00000000 139.00000000
50.00000000 415.00000000 1.00000000 138.00000000
383.00000000 127.00000000 1.00000000 138.00000000
634.00000000 608.00000000 0.00000000 137.00000000
916.00000000 26.00000000 0.00000000 135.00000000
499.00000000 169.00000000 1.00000000 134.00000000
369.00000000 61.00000000 0.00000000 134.00000000
895.00000000 67.00000000 0.00000000 134.00000000
64.00000000 156.00000000 0.00000000 132.00000000
678.00000000 513.00000000 0.00000000 132.00000000
582.00000000 209.00000000 0.00000000 132.00000000
772.00000000 128.00000000 1.00000000 131.00000000
379.00000000 85.00000000 1.00000000 130.00000000
953.00000000 25.00000000 1.00000000 129.00000000
100.00000000 432.00000000 0.00000000 129.00000000
543.00000000 534.00000000 1.00000000 128.00000000
423.00000000 212.00000000 0.00000000 128.00000000
951.00000000 683.00000000 0.00000000 127.00000000
666.00000000 509.00000000 0.00000000 127.00000000
822.00000000 444.00000000 2.00000000 126.00000000
164.00000000 417.00000000 0.00000000 125.00000000
999.00000000 685.00000000 0.00000000 125.00000000
673.00000000 454.00000000 0.00000000 124.00000000
388.00000000 293.00000000 0.00000000 124.00000000
543.00000000 533.00000000 0.00000000 122.00000000
516.00000000 191.00000000 0.00000000 121.00000000
184.00000000 142.00000000 0.00000000 121.00000000
50.00000000 416.00000000 2.00000000 121.00000000
304.00000000 333.00000000 1.00000000 120.00000000
344.00000000 108.00000000 1.00000000 120.00000000
305.00000000 325.00000000 0.00000000 119.00000000
369.00000000 61.00000000 1.00000000 118.00000000
152.00000000 144.00000000 2.00000000 117.00000000
367.00000000 137.00000000 0.00000000 116.00000000
366.00000000 125.00000000 0.00000000 116.00000000
553.00000000 195.00000000 0.00000000 113.00000000
416.00000000 147.00000000 0.00000000 113.00000000
15.00000000 687.00000000 0.00000000 113.00000000
391.00000000 311.00000000 1.00000000 111.00000000
724.00000000 505.00000000 0.00000000 111.00000000
465.00000000 195.00000000 0.00000000 110.00000000
337.00000000 344.00000000 1.00000000 110.00000000
416.00000000 146.00000000 1.00000000 109.00000000
823.00000000 429.00000000 0.00000000 109.00000000
950.00000000 16.00000000 1.00000000 109.00000000
214.00000000 158.00000000 5.00000000 101.00000000
568.00000000 166.00000000 2.00000000 98.00000000
148.00000000 148.00000000 4.00000000 91.00000000
