485.00000000 522.00000000 0.00000000 486.00000000
485.00000000 523.00000000 1.00000000 378.00000000
499.00000000 170.00000000 0.00000000 357.00000000
369.00000000 118.00000000 0.00000000 316.00000000
483.00000000 523.00000000 1.00000000 302.00000000
570.00000000 168.00000000 0.00000000 299.00000000
396.00000000 145.00000000 0.00000000 298.00000000
370.00000000 150.00000000 2.00000000 289.00000000
500.00000000 170.00000000 1.00000000 260.00000000
367.00000000 149.00000000 2.00000000 255.00000000
822.00000000 441.00000000 0.00000000 253.00000000
396.00000000 146.00000000 1.00000000 253.00000000
232.00000000 147.00000000 1.00000000 250.00000000
822.00000000 442.00000000 1.00000000 236.00000000
372.00000000 154.00000000 0.00000000 235.00000000
154.00000000 142.00000000 1.00000000 230.00000000
353.00000000 123.00000000 0.00000000 228.00000000
232.00000000 147.00000000 0.00000000 228.00000000
570.00000000 163.00000000 0.00000000 223.00000000
324.00000000 164.00000000 0.00000000 221.00000000
353.00000000 123.00000000 1.00000000 216.00000000
999.00000000 686.00000000 0.00000000 214.00000000
371.00000000 149.00000000 1.00000000 208.00000000
550.00000000 203.00000000 0.00000000 208.00000000
383.00000000 126.00000000 0.00000000 204.00000000
369.00000000 119.00000000 1.00000000 203.00000000
821.00000000 442.00000000 1.00000000 197.00000000
484.00000000 524.00000000 2.00000000 194.00000000
383.00000000 127.00000000 1.00000000 191.00000000
154.00000000 142.00000000 1.00000000 185.00000000
557.00000000 214.00000000 1.00000000 185.00000000
190.00000000 312.00000000 0.00000000 184.00000000
395.00000000 144.00000000 1.00000000 183.00000000
582.00000000 209.00000000 1.00000000 182.00000000
368.00000000 148.00000000 4.00000000 180.00000000
344.00000000 108.00000000 0.00000000 176.00000000
471.00000000 180.00000000 1.00000000 175.00000000
634.00000000 608.00000000 0.00000000 175.00000000
471.00000000 181.00000000 0.00000000 174.00000000
920.00000000 32.00000000 2.00000000 169.00000000
950.00000000 15.00000000 0.00000000 169.00000000
371.00000000 148.00000000 0.00000000 168.00000000
570.00000000 169.00000000 1.00000000 167.00000000
564.00000000 51.00000000 0.00000000 166.00000000
557.00000000 213.00000000 0.00000000 164.00000000
304.00000000 158.00000000 0.00000000 162.00000000
239.00000000 556.00000000 1.00000000 162.00000000
778.00000000 436.00000000 0.00000000 161.00000000
508.00000000 726.00000000 0.00000000 161.00000000
352.00000000 123.00000000 1.00000000 159.00000000
582.00000000 595.00000000 1.00000000 155.00000000
543.00000000 534.00000000 1.00000000 155.00000000
543.00000000 533.00000000 0.00000000 155.00000000
369.00000000 111.00000000 0.00000000 154.00000000
51.00000000 417.00000000 0.00000000 153.00000000
324.00000000 165.00000000 1.00000000 151.00000000
154.00000000 140.00000000 0.00000000 149.00000000
470.00000000 178.00000000 1.00000000 148.00000000
648.00000000 624.00000000 2.00000000 148.00000000
822.00000000 444.00000000 2.00000000 148.00000000
157.00000000 425.00000000 1.00000000 146.00000000
231.00000000 148.00000000 1.00000000 145.00000000
551.00000000 203.00000000 1.00000000 144.00000000
391.00000000 310.00000000 0.00000000 143.00000000
371.00000000 148.00000000 1.00000000 142.00000000
677.00000000 513.00000000 0.00000000 139.00000000
582.00000000 596.00000000 2.00000000 137.00000000
582.00000000 208.00000000 0.00000000 136.00000000
732.00000000 129.00000000 0.00000000 135.00000000
666.00000000 562.00000000 0.00000000 135.00000000
666.00000000 509.00000000 0.00000000 135.00000000
51.00000000 417.00000000 1.00000000 134.00000000
774.00000000 678.00000000 0.00000000 134.00000000
14.00000000 687.00000000 0.00000000 133.00000000
952.00000000 26.00000000 1.00000000 133.00000000
570.00000000 168.00000000 2.00000000 133.00000000
647.00000000 625.00000000 2.00000000 132.00000000
919.00000000 28.00000000 1.00000000 131.00000000
337.00000000 345.00000000 1.00000000 130.00000000
157.00000000 424.00000000 0.00000000 129.00000000
774.00000000 679.00000000 1.00000000 129.00000000
379.00000000 85.00000000 0.00000000 129.00000000
543.00000000 534.00000000 1.00000000 128.00000000
465.00000000 195.00000000 0.00000000 128.00000000
999.00000000 686.00000000 1.00000000 128.00000000
565.00000000 52.00000000 1.00000000 128.00000000
499.00000000 169.00000000 1.00000000 125.00000000
239.00000000 556.00000000 0.00000000 125.00000000
163.00000000 417.00000000 0.00000000 125.00000000
388.00000000 293.00000000 0.00000000 124.00000000
340.00000000 349.00000000 0.00000000 123.00000000
344.00000000 108.00000000 1.00000000 122.00000000
50.00000000 415.00000000 1.00000000 121.00000000
396.00000000 144.00000000 2.00000000 121.00000000
672.00000000 454.00000000 0.00000000 120.00000000
304.00000000 333.00000000 1.00000000 119.00000000
604.00000000 519.00000000 0.00000000 119.00000000
415.00000000 635.00000000 0.00000000 119.00000000
239.00000000 555.00000000 1.00000000 118.00000000
569.00000000 168.00000000 1.00000000 117.00000000
917.00000000 27.00000000 1.00000000 117.00000000
303.00000000 335.00000000 0.00000000 117.00000000
337.00000000 344.00000000 1.00000000 117.00000000
952.00000000 26.00000000 0.00000000 116.00000000
546.00000000 212.00000000 0.00000000 116.00000000
677.00000000 513.00000000 1.00000000 116.00000000
423.00000000 212.00000000 0.00000000 115.00000000
331.00000000 712.00000000 0.00000000 114.00000000
685.00000000 519.00000000 0.00000000 114.00000000
632.00000000 96.00000000 0.00000000 114.00000000
778.00000000 438.00000000 1.00000000 113.00000000
379.00000000 85.00000000 1.00000000 112.00000000
305.00000000 325.00000000 0.00000000 112.00000000
366.00000000 125.00000000 0.00000000 111.00000000
896.00000000 67.00000000 0.00000000 111.00000000
924.00000000 679.00000000 0.00000000 110.00000000
750.00000000 398.00000000 0.00000000 110.00000000
774.00000000 137.00000000 0.00000000 109.00000000
823.00000000 429.00000000 0.00000000 109.00000000
184.00000000 142.00000000 0.00000000 109.00000000
820.00000000 446.00000000 2.00000000 109.00000000
734.00000000 497.00000000 0.00000000 108.00000000
516.00000000 191.00000000 0.00000000 107.00000000
576.00000000 634.00000000 1.00000000 105.00000000
568.00000000 166.00000000 2.00000000 96.00000000
214.00000000 158.00000000 5.00000000 92.00000000
644.00000000 628.00000000 4.00000000 86.00000000
