485.00000000 523.00000000 0.00000000 473.00000000
485.00000000 523.00000000 1.00000000 396.00000000
370.00000000 118.00000000 0.00000000 353.00000000
485.00000000 523.00000000 1.00000000 313.00000000
374.00000000 154.00000000 0.00000000 306.00000000
398.00000000 146.00000000 0.00000000 304.00000000
372.00000000 150.00000000 2.00000000 299.00000000
502.00000000 171.00000000 0.00000000 297.00000000
398.00000000 146.00000000 1.00000000 295.00000000
370.00000000 149.00000000 2.00000000 284.00000000
584.00000000 209.00000000 0.00000000 278.00000000
666.00000000 562.00000000 0.00000000 272.00000000
582.00000000 57.00000000 0.00000000 268.00000000
999.00000000 685.00000000 0.00000000 255.00000000
384.00000000 127.00000000 0.00000000 254.00000000
370.00000000 119.00000000 1.00000000 249.00000000
384.00000000 127.00000000 1.00000000 246.00000000
156.00000000 141.00000000 1.00000000 244.00000000
582.00000000 593.00000000 1.00000000 243.00000000
584.00000000 209.00000000 1.00000000 242.00000000
552.00000000 203.00000000 0.00000000 242.00000000
544.00000000 534.00000000 1.00000000 234.00000000
823.00000000 441.00000000 0.00000000 232.00000000
233.00000000 147.00000000 1.00000000 231.00000000
373.00000000 152.00000000 1.00000000 230.00000000
922.00000000 30.00000000 2.00000000 223.00000000
772.00000000 130.00000000 0.00000000 222.00000000
582.00000000 57.00000000 1.00000000 221.00000000
502.00000000 171.00000000 1.00000000 218.00000000
572.00000000 169.00000000 0.00000000 216.00000000
584.00000000 596.00000000 2.00000000 213.00000000
155.00000000 142.00000000 1.00000000 211.00000000
354.00000000 123.00000000 0.00000000 207.00000000
234.00000000 147.00000000 0.00000000 206.00000000
823.00000000 442.00000000 1.00000000 204.00000000
397.00000000 145.00000000 1.00000000 204.00000000
548.00000000 212.00000000 0.00000000 202.00000000
559.00000000 215.00000000 1.00000000 198.00000000
634.00000000 608.00000000 0.00000000 195.00000000
678.00000000 513.00000000 0.00000000 195.00000000
484.00000000 524.00000000 2.00000000 194.00000000
368.00000000 148.00000000 4.00000000 192.00000000
634.00000000 96.00000000 0.00000000 190.00000000
687.00000000 519.00000000 0.00000000 189.00000000
773.00000000 130.00000000 1.00000000 185.00000000
354.00000000 123.00000000 1.00000000 184.00000000
544.00000000 536.00000000 2.00000000 184.00000000
506.00000000 552.00000000 0.00000000 182.00000000
373.00000000 149.00000000 1.00000000 174.00000000
570.00000000 45.00000000 0.00000000 174.00000000
544.00000000 535.00000000 1.00000000 173.00000000
572.00000000 164.00000000 0.00000000 173.00000000
704.00000000 116.00000000 0.00000000 173.00000000
951.00000000 14.00000000 0.00000000 172.00000000
644.00000000 622.00000000 2.00000000 171.00000000
156.00000000 140.00000000 0.00000000 170.00000000
648.00000000 624.00000000 2.00000000 169.00000000
659.00000000 565.00000000 2.00000000 168.00000000
583.00000000 593.00000000 1.00000000 166.00000000
697.00000000 649.00000000 0.00000000 163.00000000
666.00000000 562.00000000 1.00000000 162.00000000
370.00000000 111.00000000 0.00000000 161.00000000
920.00000000 26.00000000 1.00000000 160.00000000
537.00000000 630.00000000 0.00000000 158.00000000
779.00000000 437.00000000 0.00000000 158.00000000
496.00000000 78.00000000 0.00000000 156.00000000
506.00000000 553.00000000 1.00000000 155.00000000
999.00000000 685.00000000 1.00000000 155.00000000
555.00000000 197.00000000 0.00000000 155.00000000
636.00000000 532.00000000 1.00000000 154.00000000
325.00000000 164.00000000 0.00000000 154.00000000
581.00000000 56.00000000 1.00000000 154.00000000
384.00000000 127.00000000 1.00000000 153.00000000
233.00000000 148.00000000 1.00000000 153.00000000
678.00000000 513.00000000 1.00000000 153.00000000
605.00000000 519.00000000 0.00000000 152.00000000
345.00000000 108.00000000 0.00000000 152.00000000
544.00000000 533.00000000 0.00000000 152.00000000
371.00000000 60.00000000 0.00000000 151.00000000
576.00000000 53.00000000 2.00000000 151.00000000
774.00000000 677.00000000 0.00000000 151.00000000
620.00000000 528.00000000 0.00000000 149.00000000
741.00000000 499.00000000 0.00000000 149.00000000
353.00000000 123.00000000 1.00000000 147.00000000
954.00000000 22.00000000 1.00000000 146.00000000
504.00000000 546.00000000 0.00000000 145.00000000
781.00000000 427.00000000 0.00000000 144.00000000
954.00000000 24.00000000 1.00000000 144.00000000
634.00000000 97.00000000 1.00000000 143.00000000
823.00000000 442.00000000 1.00000000 143.00000000
660.00000000 568.00000000 4.00000000 142.00000000
770.00000000 652.00000000 0.00000000 141.00000000
558.00000000 214.00000000 0.00000000 140.00000000
156.00000000 144.00000000 2.00000000 140.00000000
939.00000000 643.00000000 0.00000000 139.00000000
552.00000000 204.00000000 1.00000000 138.00000000
53.00000000 418.00000000 0.00000000 138.00000000
654.00000000 554.00000000 0.00000000 138.00000000
576.00000000 633.00000000 1.00000000 137.00000000
239.00000000 556.00000000 1.00000000 136.00000000
965.00000000 644.00000000 0.00000000 136.00000000
927.00000000 41.00000000 0.00000000 135.00000000
925.00000000 33.00000000 0.00000000 134.00000000
775.00000000 678.00000000 1.00000000 134.00000000
579.00000000 584.00000000 0.00000000 133.00000000
368.00000000 125.00000000 0.00000000 132.00000000
529.00000000 628.00000000 0.00000000 131.00000000
619.00000000 527.00000000 1.00000000 131.00000000
752.00000000 397.00000000 0.00000000 131.00000000
440.00000000 561.00000000 0.00000000 130.00000000
724.00000000 511.00000000 0.00000000 129.00000000
396.00000000 144.00000000 2.00000000 129.00000000
724.00000000 505.00000000 0.00000000 128.00000000
919.00000000 26.00000000 1.00000000 128.00000000
953.00000000 24.00000000 0.00000000 127.00000000
305.00000000 333.00000000 1.00000000 127.00000000
370.00000000 61.00000000 1.00000000 127.00000000
604.00000000 519.00000000 1.00000000 127.00000000
636.00000000 531.00000000 1.00000000 126.00000000
947.00000000 653.00000000 0.00000000 125.00000000
535.00000000 99.00000000 0.00000000 125.00000000
339.00000000 345.00000000 1.00000000 124.00000000
101.00000000 433.00000000 0.00000000 123.00000000
919.00000000 687.00000000 0.00000000 123.00000000
192.00000000 311.00000000 0.00000000 121.00000000
370.00000000 118.00000000 1.00000000 118.00000000
661.00000000 576.00000000 5.00000000 86.00000000
