633.00000000 552.00000000 1.00000000 811.00000000
368.00000000 246.00000000 2.00000000 767.00000000
635.00000000 553.00000000 1.00000000 736.00000000
226.00000000 381.00000000 2.00000000 734.00000000
226.00000000 243.00000000 2.00000000 693.00000000
226.00000000 244.00000000 2.00000000 690.00000000
367.00000000 246.00000000 2.00000000 652.00000000
367.00000000 246.00000000 1.00000000 640.00000000
368.00000000 374.00000000 2.00000000 614.00000000
226.00000000 241.00000000 1.00000000 609.00000000
224.00000000 384.00000000 4.00000000 597.00000000
226.00000000 380.00000000 2.00000000 595.00000000
634.00000000 554.00000000 2.00000000 595.00000000
367.00000000 376.00000000 2.00000000 572.00000000
369.00000000 373.00000000 1.00000000 550.00000000
156.00000000 242.00000000 2.00000000 520.00000000
324.00000000 376.00000000 2.00000000 516.00000000
226.00000000 379.00000000 1.00000000 506.00000000
253.00000000 54.00000000 0.00000000 505.00000000
635.00000000 553.00000000 0.00000000 505.00000000
369.00000000 245.00000000 1.00000000 500.00000000
395.00000000 71.00000000 0.00000000 495.00000000
224.00000000 244.00000000 4.00000000 470.00000000
369.00000000 372.00000000 1.00000000 470.00000000
395.00000000 72.00000000 1.00000000 461.00000000
323.00000000 374.00000000 1.00000000 459.00000000
373.00000000 478.00000000 1.00000000 456.00000000
252.00000000 55.00000000 1.00000000 445.00000000
252.00000000 111.00000000 0.00000000 433.00000000
227.00000000 241.00000000 1.00000000 428.00000000
155.00000000 240.00000000 1.00000000 421.00000000
374.00000000 482.00000000 2.00000000 420.00000000
374.00000000 476.00000000 1.00000000 411.00000000
509.00000000 298.00000000 1.00000000 407.00000000
313.00000000 61.00000000 0.00000000 404.00000000
394.00000000 72.00000000 1.00000000 395.00000000
227.00000000 378.00000000 1.00000000 385.00000000
276.00000000 41.00000000 1.00000000 382.00000000
276.00000000 103.00000000 1.00000000 381.00000000
324.00000000 374.00000000 1.00000000 378.00000000
263.00000000 53.00000000 0.00000000 375.00000000
156.00000000 381.00000000 1.00000000 369.00000000
558.00000000 427.00000000 0.00000000 363.00000000
675.00000000 299.00000000 1.00000000 362.00000000
252.00000000 111.00000000 1.00000000 361.00000000
647.00000000 255.00000000 0.00000000 360.00000000
251.00000000 55.00000000 1.00000000 358.00000000
753.00000000 380.00000000 0.00000000 352.00000000
557.00000000 578.00000000 1.00000000 350.00000000
479.00000000 387.00000000 1.00000000 350.00000000
369.00000000 244.00000000 0.00000000 350.00000000
416.00000000 57.00000000 0.00000000 342.00000000
312.00000000 147.00000000 1.00000000 342.00000000
723.00000000 300.00000000 0.00000000 336.00000000
336.00000000 47.00000000 1.00000000 336.00000000
313.00000000 62.00000000 1.00000000 336.00000000
263.00000000 143.00000000 1.00000000 330.00000000
276.00000000 102.00000000 0.00000000 329.00000000
416.00000000 58.00000000 1.00000000 328.00000000
324.00000000 280.00000000 1.00000000 324.00000000
156.00000000 240.00000000 1.00000000 321.00000000
613.00000000 253.00000000 0.00000000 319.00000000
367.00000000 497.00000000 5.00000000 318.00000000
272.00000000 125.00000000 0.00000000 318.00000000
575.00000000 210.00000000 0.00000000 316.00000000
311.00000000 147.00000000 0.00000000 316.00000000
724.00000000 381.00000000 0.00000000 314.00000000
450.00000000 238.00000000 1.00000000 314.00000000
705.00000000 330.00000000 0.00000000 314.00000000
491.00000000 239.00000000 1.00000000 313.00000000
403.00000000 84.00000000 0.00000000 313.00000000
369.00000000 371.00000000 0.00000000 312.00000000
226.00000000 241.00000000 0.00000000 312.00000000
695.00000000 383.00000000 0.00000000 312.00000000
695.00000000 300.00000000 0.00000000 311.00000000
637.00000000 573.00000000 1.00000000 311.00000000
510.00000000 270.00000000 1.00000000 307.00000000
481.00000000 353.00000000 0.00000000 305.00000000
157.00000000 381.00000000 1.00000000 304.00000000
542.00000000 580.00000000 1.00000000 303.00000000
621.00000000 243.00000000 0.00000000 302.00000000
499.00000000 326.00000000 1.00000000 302.00000000
481.00000000 353.00000000 1.00000000 299.00000000
734.00000000 330.00000000 0.00000000 296.00000000
655.00000000 244.00000000 1.00000000 296.00000000
214.00000000 480.00000000 1.00000000 295.00000000
263.00000000 122.00000000 1.00000000 295.00000000
374.00000000 475.00000000 0.00000000 294.00000000
277.00000000 40.00000000 0.00000000 293.00000000
655.00000000 243.00000000 0.00000000 293.00000000
652.00000000 379.00000000 0.00000000 292.00000000
472.00000000 251.00000000 0.00000000 291.00000000
215.00000000 480.00000000 1.00000000 291.00000000
677.00000000 378.00000000 1.00000000 291.00000000
162.00000000 343.00000000 1.00000000 290.00000000
336.00000000 47.00000000 0.00000000 288.00000000
566.00000000 184.00000000 0.00000000 286.00000000
323.00000000 280.00000000 0.00000000 285.00000000
558.00000000 348.00000000 0.00000000 282.00000000
750.00000000 300.00000000 0.00000000 278.00000000
542.00000000 579.00000000 0.00000000 277.00000000
541.00000000 240.00000000 0.00000000 270.00000000
330.00000000 77.00000000 0.00000000 265.00000000
375.00000000 463.00000000 0.00000000 263.00000000
557.00000000 578.00000000 0.00000000 261.00000000
574.00000000 241.00000000 0.00000000 259.00000000
263.00000000 122.00000000 0.00000000 258.00000000
263.00000000 144.00000000 0.00000000 256.00000000
263.00000000 44.00000000 0.00000000 255.00000000
450.00000000 237.00000000 0.00000000 255.00000000
227.00000000 377.00000000 0.00000000 253.00000000
156.00000000 239.00000000 0.00000000 252.00000000
677.00000000 378.00000000 0.00000000 250.00000000
703.00000000 414.00000000 0.00000000 249.00000000
745.00000000 401.00000000 0.00000000 249.00000000
491.00000000 239.00000000 0.00000000 245.00000000
161.00000000 342.00000000 0.00000000 243.00000000
480.00000000 386.00000000 0.00000000 242.00000000
537.00000000 181.00000000 0.00000000 241.00000000
324.00000000 374.00000000 0.00000000 241.00000000
263.00000000 70.00000000 0.00000000 239.00000000
361.00000000 50.00000000 0.00000000 234.00000000
509.00000000 385.00000000 0.00000000 233.00000000
524.00000000 349.00000000 0.00000000 232.00000000
687.00000000 318.00000000 0.00000000 231.00000000
630.00000000 379.00000000 0.00000000 231.00000000
431.00000000 249.00000000 0.00000000 230.00000000
