177.00000000 22.00000000 0.00000000 544.00000000
753.00000000 151.00000000 1.00000000 453.00000000
108.00000000 100.00000000 4.00000000 410.00000000
110.00000000 98.00000000 2.00000000 405.00000000
177.00000000 22.00000000 1.00000000 399.00000000
753.00000000 150.00000000 0.00000000 380.00000000
752.00000000 151.00000000 1.00000000 355.00000000
101.00000000 322.00000000 5.00000000 345.00000000
618.00000000 148.00000000 0.00000000 331.00000000
108.00000000 320.00000000 4.00000000 330.00000000
112.00000000 98.00000000 2.00000000 309.00000000
247.00000000 152.00000000 1.00000000 299.00000000
67.00000000 79.00000000 2.00000000 294.00000000
833.00000000 47.00000000 1.00000000 286.00000000
276.00000000 116.00000000 0.00000000 284.00000000
815.00000000 24.00000000 0.00000000 283.00000000
153.00000000 56.00000000 1.00000000 283.00000000
162.00000000 44.00000000 1.00000000 283.00000000
107.00000000 316.00000000 2.00000000 281.00000000
717.00000000 127.00000000 0.00000000 277.00000000
285.00000000 101.00000000 0.00000000 272.00000000
120.00000000 180.00000000 2.00000000 269.00000000
802.00000000 169.00000000 0.00000000 267.00000000
832.00000000 48.00000000 1.00000000 265.00000000
714.00000000 118.00000000 0.00000000 263.00000000
838.00000000 59.00000000 1.00000000 260.00000000
276.00000000 117.00000000 1.00000000 255.00000000
802.00000000 207.00000000 0.00000000 253.00000000
248.00000000 152.00000000 1.00000000 253.00000000
801.00000000 185.00000000 0.00000000 251.00000000
118.00000000 181.00000000 2.00000000 248.00000000
717.00000000 127.00000000 1.00000000 244.00000000
374.00000000 149.00000000 0.00000000 244.00000000
248.00000000 154.00000000 2.00000000 243.00000000
838.00000000 59.00000000 1.00000000 241.00000000
161.00000000 43.00000000 1.00000000 234.00000000
754.00000000 152.00000000 2.00000000 234.00000000
176.00000000 21.00000000 1.00000000 233.00000000
120.00000000 157.00000000 0.00000000 232.00000000
926.00000000 96.00000000 1.00000000 229.00000000
120.00000000 178.00000000 1.00000000 227.00000000
270.00000000 124.00000000 0.00000000 225.00000000
714.00000000 119.00000000 1.00000000 222.00000000
813.00000000 278.00000000 0.00000000 220.00000000
207.00000000 120.00000000 0.00000000 219.00000000
815.00000000 25.00000000 1.00000000 216.00000000
162.00000000 43.00000000 0.00000000 213.00000000
496.00000000 41.00000000 0.00000000 213.00000000
801.00000000 222.00000000 0.00000000 213.00000000
121.00000000 177.00000000 1.00000000 212.00000000
154.00000000 55.00000000 0.00000000 211.00000000
782.00000000 76.00000000 1.00000000 210.00000000
909.00000000 172.00000000 1.00000000 210.00000000
114.00000000 98.00000000 1.00000000 208.00000000
924.00000000 96.00000000 1.00000000 206.00000000
375.00000000 150.00000000 1.00000000 204.00000000
612.00000000 182.00000000 2.00000000 202.00000000
207.00000000 122.00000000 1.00000000 199.00000000
70.00000000 80.00000000 2.00000000 199.00000000
832.00000000 204.00000000 0.00000000 198.00000000
515.00000000 325.00000000 0.00000000 195.00000000
67.00000000 178.00000000 0.00000000 193.00000000
338.00000000 140.00000000 0.00000000 192.00000000
742.00000000 475.00000000 1.00000000 192.00000000
828.00000000 178.00000000 0.00000000 191.00000000
783.00000000 76.00000000 1.00000000 191.00000000
612.00000000 179.00000000 1.00000000 190.00000000
420.00000000 206.00000000 1.00000000 189.00000000
784.00000000 516.00000000 1.00000000 189.00000000
515.00000000 326.00000000 1.00000000 189.00000000
121.00000000 157.00000000 1.00000000 188.00000000
909.00000000 171.00000000 1.00000000 187.00000000
741.00000000 475.00000000 0.00000000 187.00000000
619.00000000 148.00000000 1.00000000 186.00000000
108.00000000 316.00000000 2.00000000 186.00000000
845.00000000 143.00000000 1.00000000 186.00000000
189.00000000 280.00000000 0.00000000 185.00000000
910.00000000 172.00000000 2.00000000 184.00000000
285.00000000 101.00000000 1.00000000 183.00000000
858.00000000 356.00000000 1.00000000 182.00000000
853.00000000 369.00000000 0.00000000 181.00000000
845.00000000 142.00000000 0.00000000 181.00000000
827.00000000 17.00000000 0.00000000 180.00000000
752.00000000 202.00000000 1.00000000 180.00000000
248.00000000 152.00000000 0.00000000 180.00000000
832.00000000 45.00000000 0.00000000 179.00000000
785.00000000 515.00000000 1.00000000 177.00000000
925.00000000 94.00000000 0.00000000 176.00000000
802.00000000 243.00000000 0.00000000 173.00000000
838.00000000 58.00000000 0.00000000 173.00000000
856.00000000 136.00000000 0.00000000 172.00000000
828.00000000 179.00000000 1.00000000 170.00000000
682.00000000 138.00000000 1.00000000 169.00000000
751.00000000 201.00000000 0.00000000 169.00000000
121.00000000 176.00000000 0.00000000 168.00000000
844.00000000 181.00000000 0.00000000 164.00000000
612.00000000 179.00000000 1.00000000 164.00000000
195.00000000 66.00000000 1.00000000 164.00000000
885.00000000 229.00000000 1.00000000 163.00000000
497.00000000 53.00000000 0.00000000 163.00000000
750.00000000 203.00000000 1.00000000 161.00000000
857.00000000 359.00000000 1.00000000 160.00000000
32.00000000 488.00000000 0.00000000 157.00000000
800.00000000 186.00000000 1.00000000 155.00000000
825.00000000 201.00000000 0.00000000 153.00000000
420.00000000 206.00000000 0.00000000 153.00000000
701.00000000 437.00000000 0.00000000 150.00000000
683.00000000 137.00000000 0.00000000 149.00000000
781.00000000 248.00000000 0.00000000 149.00000000
441.00000000 109.00000000 0.00000000 147.00000000
245.00000000 202.00000000 0.00000000 147.00000000
612.00000000 178.00000000 0.00000000 144.00000000
799.00000000 265.00000000 0.00000000 144.00000000
802.00000000 131.00000000 0.00000000 142.00000000
813.00000000 261.00000000 0.00000000 140.00000000
502.00000000 103.00000000 0.00000000 140.00000000
858.00000000 354.00000000 0.00000000 139.00000000
170.00000000 198.00000000 0.00000000 139.00000000
502.00000000 96.00000000 0.00000000 138.00000000
781.00000000 212.00000000 0.00000000 136.00000000
844.00000000 220.00000000 0.00000000 136.00000000
883.00000000 155.00000000 0.00000000 134.00000000
826.00000000 162.00000000 0.00000000 134.00000000
827.00000000 186.00000000 0.00000000 132.00000000
799.00000000 333.00000000 0.00000000 131.00000000
770.00000000 96.00000000 0.00000000 131.00000000
796.00000000 302.00000000 0.00000000 129.00000000
