634.00000000 552.00000000 1.00000000 646.00000000
636.00000000 553.00000000 1.00000000 511.00000000
634.00000000 554.00000000 2.00000000 486.00000000
226.00000000 381.00000000 2.00000000 430.00000000
368.00000000 246.00000000 2.00000000 428.00000000
223.00000000 243.00000000 2.00000000 418.00000000
395.00000000 71.00000000 0.00000000 412.00000000
395.00000000 72.00000000 1.00000000 408.00000000
226.00000000 244.00000000 2.00000000 399.00000000
367.00000000 246.00000000 1.00000000 379.00000000
253.00000000 54.00000000 0.00000000 363.00000000
253.00000000 55.00000000 1.00000000 362.00000000
226.00000000 380.00000000 2.00000000 362.00000000
324.00000000 376.00000000 2.00000000 357.00000000
636.00000000 553.00000000 0.00000000 353.00000000
313.00000000 61.00000000 0.00000000 352.00000000
224.00000000 384.00000000 4.00000000 343.00000000
252.00000000 111.00000000 0.00000000 341.00000000
367.00000000 246.00000000 2.00000000 340.00000000
263.00000000 53.00000000 0.00000000 340.00000000
322.00000000 379.00000000 2.00000000 336.00000000
252.00000000 112.00000000 1.00000000 336.00000000
226.00000000 241.00000000 1.00000000 331.00000000
582.00000000 552.00000000 1.00000000 318.00000000
369.00000000 245.00000000 1.00000000 316.00000000
677.00000000 379.00000000 1.00000000 307.00000000
251.00000000 55.00000000 1.00000000 304.00000000
558.00000000 428.00000000 0.00000000 301.00000000
313.00000000 62.00000000 1.00000000 299.00000000
323.00000000 374.00000000 1.00000000 299.00000000
510.00000000 302.00000000 2.00000000 298.00000000
675.00000000 222.00000000 0.00000000 297.00000000
674.00000000 224.00000000 1.00000000 295.00000000
226.00000000 379.00000000 1.00000000 290.00000000
676.00000000 302.00000000 2.00000000 282.00000000
524.00000000 349.00000000 0.00000000 278.00000000
583.00000000 551.00000000 0.00000000 275.00000000
347.00000000 79.00000000 0.00000000 268.00000000
673.00000000 226.00000000 1.00000000 268.00000000
394.00000000 72.00000000 1.00000000 266.00000000
558.00000000 578.00000000 1.00000000 261.00000000
675.00000000 380.00000000 1.00000000 256.00000000
509.00000000 298.00000000 1.00000000 246.00000000
637.00000000 573.00000000 1.00000000 244.00000000
581.00000000 552.00000000 1.00000000 239.00000000
324.00000000 374.00000000 1.00000000 235.00000000
374.00000000 476.00000000 1.00000000 235.00000000
368.00000000 376.00000000 2.00000000 235.00000000
675.00000000 299.00000000 1.00000000 235.00000000
704.00000000 331.00000000 0.00000000 234.00000000
227.00000000 241.00000000 1.00000000 233.00000000
316.00000000 248.00000000 4.00000000 231.00000000
490.00000000 239.00000000 1.00000000 230.00000000
558.00000000 348.00000000 0.00000000 229.00000000
312.00000000 62.00000000 1.00000000 227.00000000
251.00000000 111.00000000 1.00000000 224.00000000
482.00000000 353.00000000 0.00000000 224.00000000
404.00000000 83.00000000 1.00000000 223.00000000
482.00000000 433.00000000 0.00000000 222.00000000
733.00000000 330.00000000 0.00000000 222.00000000
395.00000000 53.00000000 0.00000000 221.00000000
654.00000000 245.00000000 1.00000000 221.00000000
558.00000000 428.00000000 1.00000000 220.00000000
620.00000000 244.00000000 1.00000000 220.00000000
227.00000000 378.00000000 1.00000000 219.00000000
524.00000000 267.00000000 0.00000000 215.00000000
558.00000000 578.00000000 0.00000000 213.00000000
263.00000000 124.00000000 1.00000000 211.00000000
263.00000000 141.00000000 1.00000000 209.00000000
449.00000000 238.00000000 1.00000000 208.00000000
369.00000000 373.00000000 1.00000000 208.00000000
508.00000000 387.00000000 1.00000000 205.00000000
263.00000000 70.00000000 0.00000000 204.00000000
455.00000000 434.00000000 0.00000000 204.00000000
374.00000000 475.00000000 0.00000000 203.00000000
325.00000000 280.00000000 0.00000000 201.00000000
325.00000000 280.00000000 1.00000000 200.00000000
369.00000000 244.00000000 0.00000000 200.00000000
263.00000000 53.00000000 1.00000000 199.00000000
369.00000000 372.00000000 1.00000000 199.00000000
340.00000000 77.00000000 1.00000000 195.00000000
704.00000000 416.00000000 1.00000000 194.00000000
620.00000000 243.00000000 0.00000000 191.00000000
403.00000000 84.00000000 0.00000000 191.00000000
677.00000000 378.00000000 0.00000000 189.00000000
705.00000000 352.00000000 0.00000000 189.00000000
482.00000000 353.00000000 1.00000000 187.00000000
575.00000000 210.00000000 1.00000000 186.00000000
654.00000000 243.00000000 0.00000000 185.00000000
653.00000000 350.00000000 0.00000000 183.00000000
637.00000000 572.00000000 0.00000000 183.00000000
733.00000000 351.00000000 0.00000000 181.00000000
340.00000000 77.00000000 0.00000000 180.00000000
482.00000000 433.00000000 1.00000000 179.00000000
263.00000000 45.00000000 0.00000000 179.00000000
524.00000000 431.00000000 0.00000000 179.00000000
528.00000000 198.00000000 0.00000000 177.00000000
490.00000000 239.00000000 0.00000000 176.00000000
347.00000000 62.00000000 0.00000000 176.00000000
539.00000000 281.00000000 1.00000000 174.00000000
703.00000000 414.00000000 0.00000000 172.00000000
582.00000000 164.00000000 5.00000000 172.00000000
557.00000000 268.00000000 0.00000000 168.00000000
330.00000000 559.00000000 0.00000000 167.00000000
473.00000000 257.00000000 0.00000000 164.00000000
449.00000000 236.00000000 0.00000000 164.00000000
702.00000000 280.00000000 0.00000000 163.00000000
404.00000000 68.00000000 0.00000000 163.00000000
263.00000000 140.00000000 0.00000000 160.00000000
369.00000000 371.00000000 0.00000000 160.00000000
324.00000000 373.00000000 0.00000000 160.00000000
731.00000000 280.00000000 0.00000000 158.00000000
395.00000000 86.00000000 0.00000000 158.00000000
395.00000000 61.00000000 0.00000000 157.00000000
313.00000000 41.00000000 0.00000000 157.00000000
226.00000000 241.00000000 0.00000000 156.00000000
277.00000000 102.00000000 0.00000000 156.00000000
323.00000000 251.00000000 0.00000000 155.00000000
573.00000000 241.00000000 0.00000000 155.00000000
574.00000000 210.00000000 0.00000000 155.00000000
572.00000000 280.00000000 0.00000000 155.00000000
375.00000000 463.00000000 0.00000000 152.00000000
253.00000000 35.00000000 0.00000000 152.00000000
630.00000000 350.00000000 0.00000000 150.00000000
305.00000000 124.00000000 0.00000000 149.00000000
253.00000000 70.00000000 0.00000000 149.00000000
509.00000000 385.00000000 0.00000000 147.00000000
