633.00000000 551.00000000 1.00000000 477.00000000
635.00000000 552.00000000 1.00000000 356.00000000
352.00000000 164.00000000 4.00000000 303.00000000
634.00000000 554.00000000 2.00000000 302.00000000
579.00000000 554.00000000 1.00000000 279.00000000
581.00000000 553.00000000 1.00000000 269.00000000
316.00000000 145.00000000 1.00000000 260.00000000
317.00000000 145.00000000 1.00000000 242.00000000
252.00000000 55.00000000 1.00000000 240.00000000
226.00000000 381.00000000 2.00000000 232.00000000
403.00000000 84.00000000 0.00000000 232.00000000
395.00000000 72.00000000 1.00000000 227.00000000
251.00000000 56.00000000 1.00000000 226.00000000
633.00000000 548.00000000 0.00000000 225.00000000
347.00000000 79.00000000 0.00000000 215.00000000
313.00000000 62.00000000 1.00000000 215.00000000
395.00000000 71.00000000 0.00000000 210.00000000
404.00000000 83.00000000 1.00000000 209.00000000
316.00000000 146.00000000 2.00000000 207.00000000
542.00000000 580.00000000 1.00000000 205.00000000
313.00000000 61.00000000 0.00000000 204.00000000
318.00000000 193.00000000 1.00000000 197.00000000
581.00000000 552.00000000 0.00000000 196.00000000
226.00000000 380.00000000 2.00000000 194.00000000
542.00000000 579.00000000 0.00000000 193.00000000
252.00000000 112.00000000 1.00000000 191.00000000
318.00000000 144.00000000 0.00000000 191.00000000
224.00000000 384.00000000 4.00000000 189.00000000
185.00000000 185.00000000 1.00000000 188.00000000
393.00000000 73.00000000 1.00000000 187.00000000
263.00000000 70.00000000 0.00000000 185.00000000
673.00000000 226.00000000 1.00000000 184.00000000
185.00000000 184.00000000 0.00000000 183.00000000
253.00000000 54.00000000 0.00000000 183.00000000
317.00000000 193.00000000 0.00000000 182.00000000
557.00000000 382.00000000 0.00000000 179.00000000
253.00000000 70.00000000 0.00000000 179.00000000
681.00000000 128.00000000 1.00000000 177.00000000
185.00000000 185.00000000 1.00000000 176.00000000
606.00000000 558.00000000 2.00000000 173.00000000
751.00000000 120.00000000 1.00000000 173.00000000
682.00000000 127.00000000 1.00000000 172.00000000
556.00000000 383.00000000 1.00000000 172.00000000
606.00000000 555.00000000 1.00000000 172.00000000
305.00000000 126.00000000 1.00000000 171.00000000
367.00000000 376.00000000 2.00000000 171.00000000
368.00000000 376.00000000 2.00000000 164.00000000
373.00000000 478.00000000 1.00000000 163.00000000
263.00000000 69.00000000 1.00000000 161.00000000
523.00000000 383.00000000 0.00000000 160.00000000
252.00000000 111.00000000 0.00000000 159.00000000
226.00000000 379.00000000 1.00000000 159.00000000
353.00000000 175.00000000 2.00000000 158.00000000
394.00000000 74.00000000 2.00000000 155.00000000
306.00000000 125.00000000 0.00000000 155.00000000
328.00000000 248.00000000 2.00000000 153.00000000
250.00000000 58.00000000 2.00000000 152.00000000
369.00000000 373.00000000 1.00000000 151.00000000
355.00000000 167.00000000 0.00000000 147.00000000
226.00000000 241.00000000 1.00000000 147.00000000
311.00000000 315.00000000 1.00000000 146.00000000
374.00000000 476.00000000 1.00000000 146.00000000
522.00000000 385.00000000 1.00000000 142.00000000
340.00000000 76.00000000 0.00000000 142.00000000
334.00000000 570.00000000 1.00000000 141.00000000
683.00000000 125.00000000 0.00000000 141.00000000
395.00000000 86.00000000 0.00000000 140.00000000
330.00000000 77.00000000 0.00000000 139.00000000
355.00000000 168.00000000 1.00000000 138.00000000
327.00000000 312.00000000 1.00000000 138.00000000
404.00000000 69.00000000 0.00000000 137.00000000
373.00000000 483.00000000 2.00000000 137.00000000
356.00000000 189.00000000 1.00000000 135.00000000
313.00000000 313.00000000 1.00000000 135.00000000
750.00000000 121.00000000 1.00000000 134.00000000
326.00000000 313.00000000 1.00000000 134.00000000
337.00000000 46.00000000 1.00000000 132.00000000
605.00000000 550.00000000 0.00000000 132.00000000
253.00000000 70.00000000 1.00000000 132.00000000
227.00000000 241.00000000 1.00000000 130.00000000
444.00000000 111.00000000 0.00000000 129.00000000
750.00000000 120.00000000 0.00000000 129.00000000
277.00000000 39.00000000 1.00000000 127.00000000
52.00000000 84.00000000 1.00000000 127.00000000
337.00000000 45.00000000 0.00000000 125.00000000
355.00000000 181.00000000 0.00000000 124.00000000
314.00000000 589.00000000 0.00000000 124.00000000
653.00000000 379.00000000 0.00000000 124.00000000
227.00000000 378.00000000 1.00000000 123.00000000
330.00000000 244.00000000 1.00000000 123.00000000
630.00000000 381.00000000 1.00000000 123.00000000
750.00000000 317.00000000 0.00000000 123.00000000
675.00000000 224.00000000 1.00000000 123.00000000
630.00000000 379.00000000 0.00000000 122.00000000
355.00000000 174.00000000 0.00000000 122.00000000
332.00000000 560.00000000 0.00000000 121.00000000
744.00000000 149.00000000 0.00000000 121.00000000
417.00000000 56.00000000 0.00000000 120.00000000
350.00000000 169.00000000 5.00000000 119.00000000
355.00000000 188.00000000 0.00000000 118.00000000
444.00000000 76.00000000 0.00000000 118.00000000
371.00000000 328.00000000 0.00000000 116.00000000
715.00000000 318.00000000 0.00000000 116.00000000
51.00000000 83.00000000 0.00000000 115.00000000
334.00000000 569.00000000 0.00000000 114.00000000
412.00000000 70.00000000 0.00000000 112.00000000
687.00000000 318.00000000 0.00000000 111.00000000
526.00000000 229.00000000 0.00000000 108.00000000
475.00000000 226.00000000 0.00000000 107.00000000
675.00000000 222.00000000 0.00000000 105.00000000
237.00000000 183.00000000 0.00000000 104.00000000
724.00000000 401.00000000 0.00000000 104.00000000
742.00000000 404.00000000 0.00000000 103.00000000
444.00000000 58.00000000 0.00000000 103.00000000
26.00000000 137.00000000 0.00000000 102.00000000
627.00000000 567.00000000 0.00000000 101.00000000
523.00000000 349.00000000 0.00000000 101.00000000
278.00000000 38.00000000 0.00000000 100.00000000
114.00000000 161.00000000 0.00000000 99.00000000
480.00000000 386.00000000 0.00000000 99.00000000
114.00000000 153.00000000 0.00000000 98.00000000
589.00000000 569.00000000 0.00000000 98.00000000
374.00000000 475.00000000 0.00000000 97.00000000
695.00000000 318.00000000 0.00000000 97.00000000
718.00000000 142.00000000 0.00000000 96.00000000
444.00000000 93.00000000 0.00000000 95.00000000
313.00000000 311.00000000 0.00000000 95.00000000
