634.00000000 552.00000000 1.00000000 742.00000000
635.00000000 553.00000000 1.00000000 638.00000000
368.00000000 246.00000000 2.00000000 618.00000000
226.00000000 381.00000000 2.00000000 604.00000000
226.00000000 244.00000000 2.00000000 568.00000000
634.00000000 554.00000000 2.00000000 551.00000000
226.00000000 243.00000000 2.00000000 548.00000000
367.00000000 246.00000000 1.00000000 533.00000000
324.00000000 376.00000000 2.00000000 516.00000000
224.00000000 384.00000000 4.00000000 510.00000000
367.00000000 246.00000000 2.00000000 487.00000000
226.00000000 380.00000000 2.00000000 482.00000000
226.00000000 241.00000000 1.00000000 457.00000000
368.00000000 374.00000000 2.00000000 455.00000000
322.00000000 379.00000000 2.00000000 454.00000000
395.00000000 71.00000000 0.00000000 454.00000000
395.00000000 72.00000000 1.00000000 449.00000000
253.00000000 54.00000000 0.00000000 436.00000000
636.00000000 553.00000000 0.00000000 434.00000000
369.00000000 245.00000000 1.00000000 429.00000000
369.00000000 373.00000000 1.00000000 403.00000000
253.00000000 55.00000000 1.00000000 401.00000000
323.00000000 374.00000000 1.00000000 401.00000000
253.00000000 111.00000000 0.00000000 394.00000000
226.00000000 379.00000000 1.00000000 389.00000000
262.00000000 124.00000000 2.00000000 385.00000000
313.00000000 61.00000000 0.00000000 385.00000000
509.00000000 298.00000000 1.00000000 378.00000000
263.00000000 53.00000000 0.00000000 368.00000000
582.00000000 552.00000000 1.00000000 368.00000000
263.00000000 124.00000000 1.00000000 367.00000000
558.00000000 428.00000000 0.00000000 365.00000000
558.00000000 578.00000000 1.00000000 363.00000000
510.00000000 300.00000000 2.00000000 353.00000000
582.00000000 552.00000000 0.00000000 337.00000000
252.00000000 112.00000000 1.00000000 337.00000000
675.00000000 299.00000000 1.00000000 334.00000000
373.00000000 479.00000000 1.00000000 333.00000000
524.00000000 349.00000000 0.00000000 332.00000000
374.00000000 476.00000000 1.00000000 331.00000000
369.00000000 372.00000000 1.00000000 330.00000000
394.00000000 72.00000000 1.00000000 324.00000000
579.00000000 554.00000000 1.00000000 323.00000000
313.00000000 62.00000000 1.00000000 322.00000000
637.00000000 573.00000000 1.00000000 318.00000000
558.00000000 348.00000000 0.00000000 318.00000000
251.00000000 55.00000000 1.00000000 317.00000000
324.00000000 374.00000000 1.00000000 314.00000000
227.00000000 241.00000000 1.00000000 308.00000000
156.00000000 244.00000000 4.00000000 298.00000000
277.00000000 103.00000000 1.00000000 297.00000000
677.00000000 378.00000000 1.00000000 295.00000000
449.00000000 237.00000000 1.00000000 295.00000000
227.00000000 378.00000000 1.00000000 295.00000000
226.00000000 390.00000000 5.00000000 289.00000000
489.00000000 239.00000000 1.00000000 289.00000000
654.00000000 244.00000000 1.00000000 285.00000000
558.00000000 578.00000000 0.00000000 281.00000000
369.00000000 244.00000000 0.00000000 277.00000000
487.00000000 240.00000000 1.00000000 269.00000000
704.00000000 330.00000000 0.00000000 265.00000000
620.00000000 243.00000000 1.00000000 263.00000000
704.00000000 415.00000000 1.00000000 258.00000000
509.00000000 386.00000000 1.00000000 255.00000000
374.00000000 475.00000000 0.00000000 255.00000000
263.00000000 70.00000000 0.00000000 254.00000000
482.00000000 353.00000000 0.00000000 253.00000000
654.00000000 243.00000000 0.00000000 252.00000000
348.00000000 79.00000000 0.00000000 252.00000000
263.00000000 123.00000000 1.00000000 252.00000000
575.00000000 210.00000000 1.00000000 251.00000000
482.00000000 433.00000000 0.00000000 251.00000000
509.00000000 385.00000000 0.00000000 250.00000000
620.00000000 243.00000000 0.00000000 248.00000000
674.00000000 224.00000000 1.00000000 247.00000000
675.00000000 222.00000000 0.00000000 245.00000000
473.00000000 251.00000000 0.00000000 245.00000000
277.00000000 102.00000000 0.00000000 243.00000000
490.00000000 238.00000000 0.00000000 242.00000000
395.00000000 53.00000000 0.00000000 241.00000000
573.00000000 242.00000000 1.00000000 239.00000000
369.00000000 371.00000000 0.00000000 239.00000000
482.00000000 353.00000000 1.00000000 238.00000000
677.00000000 378.00000000 0.00000000 236.00000000
449.00000000 236.00000000 0.00000000 235.00000000
703.00000000 414.00000000 0.00000000 234.00000000
524.00000000 267.00000000 0.00000000 233.00000000
574.00000000 210.00000000 0.00000000 233.00000000
448.00000000 239.00000000 1.00000000 232.00000000
533.00000000 349.00000000 0.00000000 232.00000000
558.00000000 428.00000000 1.00000000 230.00000000
324.00000000 252.00000000 1.00000000 230.00000000
557.00000000 578.00000000 1.00000000 229.00000000
733.00000000 330.00000000 0.00000000 229.00000000
480.00000000 387.00000000 1.00000000 228.00000000
455.00000000 434.00000000 0.00000000 226.00000000
578.00000000 583.00000000 1.00000000 224.00000000
277.00000000 41.00000000 1.00000000 222.00000000
637.00000000 572.00000000 0.00000000 221.00000000
226.00000000 241.00000000 0.00000000 218.00000000
540.00000000 240.00000000 0.00000000 216.00000000
574.00000000 241.00000000 0.00000000 213.00000000
375.00000000 463.00000000 0.00000000 212.00000000
323.00000000 251.00000000 0.00000000 209.00000000
527.00000000 181.00000000 0.00000000 209.00000000
324.00000000 374.00000000 0.00000000 208.00000000
647.00000000 255.00000000 0.00000000 205.00000000
416.00000000 57.00000000 0.00000000 202.00000000
653.00000000 350.00000000 0.00000000 197.00000000
312.00000000 147.00000000 0.00000000 196.00000000
653.00000000 379.00000000 0.00000000 196.00000000
395.00000000 61.00000000 0.00000000 196.00000000
404.00000000 80.00000000 0.00000000 195.00000000
227.00000000 377.00000000 0.00000000 194.00000000
263.00000000 121.00000000 0.00000000 192.00000000
325.00000000 280.00000000 0.00000000 191.00000000
473.00000000 258.00000000 0.00000000 187.00000000
613.00000000 254.00000000 0.00000000 187.00000000
705.00000000 352.00000000 0.00000000 187.00000000
431.00000000 249.00000000 0.00000000 186.00000000
734.00000000 351.00000000 0.00000000 184.00000000
639.00000000 255.00000000 0.00000000 183.00000000
523.00000000 333.00000000 0.00000000 183.00000000
688.00000000 318.00000000 0.00000000 181.00000000
480.00000000 386.00000000 0.00000000 181.00000000
558.00000000 333.00000000 0.00000000 181.00000000
556.00000000 183.00000000 0.00000000 179.00000000
