633.00000000 552.00000000 1.00000000 687.00000000
635.00000000 553.00000000 1.00000000 578.00000000
367.00000000 248.00000000 2.00000000 500.00000000
368.00000000 248.00000000 2.00000000 495.00000000
226.00000000 381.00000000 2.00000000 473.00000000
634.00000000 554.00000000 2.00000000 467.00000000
226.00000000 246.00000000 2.00000000 446.00000000
226.00000000 244.00000000 2.00000000 422.00000000
367.00000000 376.00000000 2.00000000 407.00000000
224.00000000 384.00000000 4.00000000 400.00000000
395.00000000 72.00000000 1.00000000 399.00000000
367.00000000 246.00000000 1.00000000 397.00000000
252.00000000 55.00000000 1.00000000 381.00000000
368.00000000 376.00000000 2.00000000 376.00000000
226.00000000 380.00000000 2.00000000 372.00000000
395.00000000 71.00000000 0.00000000 371.00000000
328.00000000 246.00000000 2.00000000 369.00000000
635.00000000 553.00000000 0.00000000 369.00000000
226.00000000 241.00000000 1.00000000 356.00000000
263.00000000 53.00000000 0.00000000 352.00000000
253.00000000 54.00000000 0.00000000 339.00000000
404.00000000 84.00000000 0.00000000 335.00000000
369.00000000 245.00000000 1.00000000 328.00000000
313.00000000 61.00000000 0.00000000 324.00000000
369.00000000 373.00000000 1.00000000 323.00000000
263.00000000 53.00000000 1.00000000 318.00000000
329.00000000 244.00000000 1.00000000 315.00000000
373.00000000 478.00000000 1.00000000 310.00000000
579.00000000 554.00000000 1.00000000 307.00000000
224.00000000 248.00000000 4.00000000 307.00000000
226.00000000 379.00000000 1.00000000 306.00000000
394.00000000 73.00000000 1.00000000 303.00000000
252.00000000 112.00000000 1.00000000 300.00000000
581.00000000 553.00000000 1.00000000 299.00000000
313.00000000 62.00000000 1.00000000 293.00000000
251.00000000 56.00000000 1.00000000 291.00000000
327.00000000 311.00000000 1.00000000 291.00000000
394.00000000 74.00000000 2.00000000 289.00000000
374.00000000 476.00000000 1.00000000 282.00000000
404.00000000 84.00000000 1.00000000 279.00000000
374.00000000 482.00000000 2.00000000 273.00000000
313.00000000 312.00000000 1.00000000 266.00000000
542.00000000 580.00000000 1.00000000 265.00000000
263.00000000 141.00000000 1.00000000 264.00000000
252.00000000 111.00000000 0.00000000 262.00000000
227.00000000 241.00000000 1.00000000 257.00000000
369.00000000 372.00000000 1.00000000 254.00000000
326.00000000 312.00000000 1.00000000 254.00000000
718.00000000 141.00000000 1.00000000 250.00000000
330.00000000 243.00000000 1.00000000 248.00000000
263.00000000 70.00000000 0.00000000 247.00000000
263.00000000 142.00000000 1.00000000 246.00000000
542.00000000 579.00000000 0.00000000 244.00000000
581.00000000 552.00000000 0.00000000 239.00000000
226.00000000 390.00000000 5.00000000 234.00000000
718.00000000 142.00000000 0.00000000 233.00000000
335.00000000 48.00000000 1.00000000 233.00000000
750.00000000 119.00000000 1.00000000 232.00000000
416.00000000 57.00000000 1.00000000 231.00000000
227.00000000 378.00000000 1.00000000 230.00000000
275.00000000 41.00000000 1.00000000 229.00000000
360.00000000 52.00000000 1.00000000 227.00000000
673.00000000 226.00000000 1.00000000 225.00000000
313.00000000 310.00000000 0.00000000 223.00000000
325.00000000 281.00000000 1.00000000 221.00000000
558.00000000 428.00000000 0.00000000 221.00000000
369.00000000 244.00000000 0.00000000 220.00000000
318.00000000 144.00000000 0.00000000 217.00000000
404.00000000 69.00000000 0.00000000 217.00000000
327.00000000 311.00000000 0.00000000 216.00000000
347.00000000 63.00000000 0.00000000 215.00000000
277.00000000 39.00000000 1.00000000 215.00000000
558.00000000 427.00000000 1.00000000 215.00000000
264.00000000 115.00000000 0.00000000 214.00000000
347.00000000 79.00000000 0.00000000 213.00000000
330.00000000 77.00000000 0.00000000 212.00000000
745.00000000 401.00000000 0.00000000 208.00000000
677.00000000 379.00000000 1.00000000 208.00000000
324.00000000 374.00000000 1.00000000 206.00000000
336.00000000 47.00000000 1.00000000 205.00000000
444.00000000 111.00000000 0.00000000 204.00000000
728.00000000 140.00000000 1.00000000 202.00000000
557.00000000 382.00000000 0.00000000 201.00000000
479.00000000 387.00000000 1.00000000 201.00000000
687.00000000 318.00000000 1.00000000 198.00000000
761.00000000 331.00000000 1.00000000 197.00000000
185.00000000 184.00000000 0.00000000 196.00000000
687.00000000 318.00000000 0.00000000 196.00000000
374.00000000 475.00000000 0.00000000 195.00000000
162.00000000 344.00000000 1.00000000 195.00000000
263.00000000 140.00000000 0.00000000 194.00000000
340.00000000 76.00000000 0.00000000 186.00000000
589.00000000 567.00000000 0.00000000 186.00000000
330.00000000 243.00000000 0.00000000 181.00000000
317.00000000 193.00000000 0.00000000 180.00000000
369.00000000 371.00000000 0.00000000 179.00000000
523.00000000 383.00000000 0.00000000 178.00000000
355.00000000 64.00000000 0.00000000 175.00000000
716.00000000 318.00000000 0.00000000 175.00000000
321.00000000 60.00000000 0.00000000 174.00000000
412.00000000 70.00000000 0.00000000 173.00000000
417.00000000 55.00000000 0.00000000 172.00000000
705.00000000 331.00000000 0.00000000 170.00000000
226.00000000 241.00000000 0.00000000 168.00000000
324.00000000 280.00000000 0.00000000 166.00000000
305.00000000 125.00000000 0.00000000 165.00000000
750.00000000 118.00000000 0.00000000 164.00000000
375.00000000 463.00000000 0.00000000 164.00000000
733.00000000 330.00000000 0.00000000 162.00000000
558.00000000 348.00000000 0.00000000 162.00000000
253.00000000 70.00000000 0.00000000 161.00000000
630.00000000 380.00000000 0.00000000 160.00000000
524.00000000 349.00000000 0.00000000 160.00000000
717.00000000 403.00000000 0.00000000 159.00000000
745.00000000 215.00000000 0.00000000 159.00000000
760.00000000 359.00000000 0.00000000 158.00000000
575.00000000 210.00000000 0.00000000 156.00000000
652.00000000 379.00000000 0.00000000 156.00000000
395.00000000 53.00000000 0.00000000 155.00000000
227.00000000 377.00000000 0.00000000 154.00000000
728.00000000 141.00000000 0.00000000 154.00000000
573.00000000 280.00000000 0.00000000 154.00000000
474.00000000 226.00000000 0.00000000 153.00000000
526.00000000 229.00000000 0.00000000 153.00000000
762.00000000 273.00000000 0.00000000 151.00000000
395.00000000 86.00000000 0.00000000 150.00000000
560.00000000 230.00000000 0.00000000 150.00000000
