177.00000000 21.00000000 0.00000000 606.00000000
177.00000000 21.00000000 1.00000000 463.00000000
752.00000000 150.00000000 1.00000000 443.00000000
753.00000000 149.00000000 0.00000000 391.00000000
714.00000000 118.00000000 0.00000000 377.00000000
833.00000000 46.00000000 1.00000000 363.00000000
832.00000000 46.00000000 1.00000000 352.00000000
515.00000000 325.00000000 0.00000000 347.00000000
618.00000000 147.00000000 0.00000000 347.00000000
515.00000000 325.00000000 1.00000000 339.00000000
838.00000000 58.00000000 1.00000000 330.00000000
594.00000000 420.00000000 0.00000000 328.00000000
176.00000000 21.00000000 1.00000000 327.00000000
162.00000000 43.00000000 1.00000000 324.00000000
752.00000000 151.00000000 1.00000000 322.00000000
594.00000000 421.00000000 1.00000000 320.00000000
767.00000000 376.00000000 1.00000000 314.00000000
606.00000000 306.00000000 1.00000000 311.00000000
603.00000000 436.00000000 0.00000000 310.00000000
768.00000000 374.00000000 1.00000000 309.00000000
613.00000000 453.00000000 0.00000000 306.00000000
626.00000000 475.00000000 0.00000000 302.00000000
110.00000000 96.00000000 2.00000000 300.00000000
650.00000000 518.00000000 1.00000000 299.00000000
770.00000000 378.00000000 2.00000000 295.00000000
108.00000000 96.00000000 4.00000000 290.00000000
717.00000000 125.00000000 0.00000000 289.00000000
632.00000000 487.00000000 0.00000000 288.00000000
439.00000000 304.00000000 1.00000000 287.00000000
586.00000000 408.00000000 0.00000000 285.00000000
714.00000000 118.00000000 1.00000000 284.00000000
768.00000000 374.00000000 0.00000000 283.00000000
845.00000000 142.00000000 0.00000000 280.00000000
632.00000000 488.00000000 1.00000000 279.00000000
374.00000000 429.00000000 0.00000000 277.00000000
284.00000000 101.00000000 0.00000000 275.00000000
650.00000000 518.00000000 0.00000000 272.00000000
618.00000000 464.00000000 0.00000000 269.00000000
608.00000000 444.00000000 0.00000000 269.00000000
101.00000000 322.00000000 5.00000000 269.00000000
838.00000000 59.00000000 1.00000000 268.00000000
162.00000000 43.00000000 0.00000000 266.00000000
438.00000000 304.00000000 1.00000000 264.00000000
605.00000000 305.00000000 0.00000000 263.00000000
668.00000000 556.00000000 1.00000000 261.00000000
802.00000000 168.00000000 0.00000000 260.00000000
613.00000000 454.00000000 1.00000000 260.00000000
591.00000000 414.00000000 0.00000000 259.00000000
67.00000000 79.00000000 2.00000000 259.00000000
603.00000000 436.00000000 1.00000000 258.00000000
153.00000000 55.00000000 1.00000000 258.00000000
439.00000000 303.00000000 0.00000000 257.00000000
641.00000000 503.00000000 1.00000000 251.00000000
159.00000000 43.00000000 1.00000000 249.00000000
275.00000000 115.00000000 0.00000000 249.00000000
717.00000000 127.00000000 1.00000000 248.00000000
507.00000000 282.00000000 1.00000000 248.00000000
909.00000000 171.00000000 1.00000000 247.00000000
667.00000000 557.00000000 1.00000000 245.00000000
374.00000000 148.00000000 0.00000000 245.00000000
815.00000000 24.00000000 0.00000000 244.00000000
641.00000000 502.00000000 0.00000000 241.00000000
108.00000000 320.00000000 4.00000000 240.00000000
649.00000000 519.00000000 1.00000000 237.00000000
275.00000000 116.00000000 1.00000000 234.00000000
112.00000000 98.00000000 2.00000000 233.00000000
722.00000000 356.00000000 1.00000000 233.00000000
248.00000000 152.00000000 1.00000000 230.00000000
207.00000000 120.00000000 0.00000000 229.00000000
832.00000000 45.00000000 0.00000000 227.00000000
120.00000000 178.00000000 2.00000000 227.00000000
769.00000000 379.00000000 2.00000000 226.00000000
626.00000000 476.00000000 1.00000000 223.00000000
270.00000000 123.00000000 0.00000000 223.00000000
838.00000000 57.00000000 0.00000000 223.00000000
845.00000000 142.00000000 1.00000000 223.00000000
605.00000000 306.00000000 1.00000000 222.00000000
610.00000000 345.00000000 2.00000000 222.00000000
926.00000000 95.00000000 1.00000000 222.00000000
682.00000000 137.00000000 1.00000000 222.00000000
612.00000000 180.00000000 2.00000000 220.00000000
612.00000000 342.00000000 2.00000000 219.00000000
722.00000000 355.00000000 0.00000000 217.00000000
497.00000000 53.00000000 0.00000000 216.00000000
154.00000000 54.00000000 0.00000000 216.00000000
782.00000000 76.00000000 1.00000000 215.00000000
828.00000000 178.00000000 0.00000000 215.00000000
814.00000000 277.00000000 0.00000000 214.00000000
458.00000000 174.00000000 2.00000000 214.00000000
827.00000000 16.00000000 0.00000000 212.00000000
120.00000000 156.00000000 0.00000000 212.00000000
496.00000000 41.00000000 0.00000000 212.00000000
120.00000000 176.00000000 1.00000000 211.00000000
438.00000000 304.00000000 2.00000000 210.00000000
838.00000000 412.00000000 2.00000000 210.00000000
834.00000000 540.00000000 1.00000000 210.00000000
801.00000000 185.00000000 0.00000000 209.00000000
486.00000000 282.00000000 1.00000000 209.00000000
802.00000000 206.00000000 0.00000000 209.00000000
374.00000000 149.00000000 1.00000000 208.00000000
121.00000000 176.00000000 1.00000000 208.00000000
618.00000000 147.00000000 1.00000000 208.00000000
207.00000000 121.00000000 1.00000000 208.00000000
927.00000000 182.00000000 1.00000000 207.00000000
612.00000000 178.00000000 1.00000000 206.00000000
453.00000000 439.00000000 0.00000000 206.00000000
668.00000000 555.00000000 0.00000000 200.00000000
353.00000000 469.00000000 0.00000000 200.00000000
852.00000000 369.00000000 0.00000000 196.00000000
834.00000000 540.00000000 0.00000000 195.00000000
683.00000000 135.00000000 0.00000000 194.00000000
331.00000000 504.00000000 0.00000000 188.00000000
801.00000000 222.00000000 0.00000000 187.00000000
855.00000000 432.00000000 0.00000000 187.00000000
837.00000000 399.00000000 0.00000000 187.00000000
844.00000000 109.00000000 0.00000000 184.00000000
807.00000000 263.00000000 0.00000000 182.00000000
925.00000000 94.00000000 0.00000000 182.00000000
31.00000000 487.00000000 0.00000000 179.00000000
488.00000000 325.00000000 0.00000000 178.00000000
731.00000000 463.00000000 0.00000000 178.00000000
685.00000000 581.00000000 0.00000000 177.00000000
147.00000000 124.00000000 0.00000000 176.00000000
455.00000000 429.00000000 0.00000000 176.00000000
741.00000000 244.00000000 0.00000000 174.00000000
67.00000000 177.00000000 0.00000000 173.00000000
768.00000000 391.00000000 0.00000000 171.00000000
