177.00000000 21.00000000 0.00000000 448.00000000
112.00000000 100.00000000 4.00000000 358.00000000
110.00000000 98.00000000 2.00000000 358.00000000
177.00000000 21.00000000 1.00000000 344.00000000
248.00000000 152.00000000 1.00000000 323.00000000
752.00000000 149.00000000 1.00000000 310.00000000
107.00000000 322.00000000 5.00000000 303.00000000
114.00000000 98.00000000 2.00000000 294.00000000
108.00000000 320.00000000 4.00000000 280.00000000
275.00000000 115.00000000 0.00000000 270.00000000
161.00000000 43.00000000 1.00000000 259.00000000
753.00000000 148.00000000 0.00000000 255.00000000
833.00000000 45.00000000 1.00000000 245.00000000
752.00000000 149.00000000 1.00000000 244.00000000
618.00000000 146.00000000 0.00000000 244.00000000
832.00000000 46.00000000 1.00000000 244.00000000
275.00000000 115.00000000 1.00000000 242.00000000
248.00000000 152.00000000 2.00000000 241.00000000
120.00000000 156.00000000 0.00000000 230.00000000
114.00000000 98.00000000 1.00000000 230.00000000
838.00000000 57.00000000 1.00000000 229.00000000
67.00000000 79.00000000 2.00000000 228.00000000
248.00000000 151.00000000 1.00000000 223.00000000
909.00000000 171.00000000 1.00000000 220.00000000
107.00000000 316.00000000 2.00000000 218.00000000
270.00000000 123.00000000 0.00000000 216.00000000
117.00000000 100.00000000 1.00000000 216.00000000
284.00000000 99.00000000 0.00000000 216.00000000
714.00000000 117.00000000 0.00000000 215.00000000
612.00000000 178.00000000 1.00000000 213.00000000
153.00000000 54.00000000 1.00000000 209.00000000
159.00000000 42.00000000 1.00000000 202.00000000
612.00000000 180.00000000 2.00000000 199.00000000
713.00000000 118.00000000 1.00000000 198.00000000
717.00000000 125.00000000 0.00000000 192.00000000
909.00000000 170.00000000 1.00000000 192.00000000
207.00000000 120.00000000 1.00000000 191.00000000
496.00000000 40.00000000 0.00000000 189.00000000
910.00000000 172.00000000 2.00000000 189.00000000
845.00000000 109.00000000 1.00000000 189.00000000
67.00000000 176.00000000 0.00000000 188.00000000
815.00000000 23.00000000 0.00000000 188.00000000
176.00000000 21.00000000 1.00000000 188.00000000
838.00000000 57.00000000 1.00000000 186.00000000
612.00000000 177.00000000 1.00000000 184.00000000
170.00000000 197.00000000 0.00000000 183.00000000
161.00000000 42.00000000 0.00000000 181.00000000
121.00000000 156.00000000 1.00000000 180.00000000
117.00000000 100.00000000 0.00000000 179.00000000
884.00000000 154.00000000 1.00000000 178.00000000
246.00000000 296.00000000 2.00000000 177.00000000
207.00000000 120.00000000 0.00000000 176.00000000
856.00000000 174.00000000 0.00000000 175.00000000
845.00000000 108.00000000 0.00000000 171.00000000
838.00000000 56.00000000 0.00000000 170.00000000
884.00000000 154.00000000 0.00000000 169.00000000
338.00000000 138.00000000 0.00000000 168.00000000
780.00000000 76.00000000 1.00000000 167.00000000
32.00000000 322.00000000 2.00000000 166.00000000
122.00000000 178.00000000 2.00000000 164.00000000
782.00000000 75.00000000 1.00000000 164.00000000
420.00000000 204.00000000 1.00000000 164.00000000
34.00000000 405.00000000 0.00000000 163.00000000
153.00000000 53.00000000 0.00000000 156.00000000
802.00000000 205.00000000 0.00000000 156.00000000
375.00000000 148.00000000 1.00000000 155.00000000
32.00000000 322.00000000 1.00000000 154.00000000
814.00000000 277.00000000 0.00000000 151.00000000
121.00000000 176.00000000 1.00000000 151.00000000
164.00000000 281.00000000 1.00000000 151.00000000
682.00000000 136.00000000 1.00000000 151.00000000
374.00000000 148.00000000 0.00000000 150.00000000
754.00000000 152.00000000 2.00000000 149.00000000
828.00000000 177.00000000 0.00000000 149.00000000
654.00000000 118.00000000 0.00000000 148.00000000
801.00000000 183.00000000 0.00000000 148.00000000
717.00000000 126.00000000 1.00000000 147.00000000
845.00000000 141.00000000 0.00000000 146.00000000
832.00000000 44.00000000 0.00000000 145.00000000
110.00000000 316.00000000 2.00000000 144.00000000
299.00000000 130.00000000 1.00000000 144.00000000
682.00000000 135.00000000 0.00000000 143.00000000
239.00000000 120.00000000 0.00000000 143.00000000
801.00000000 221.00000000 0.00000000 142.00000000
496.00000000 40.00000000 1.00000000 141.00000000
285.00000000 100.00000000 1.00000000 141.00000000
502.00000000 94.00000000 0.00000000 140.00000000
845.00000000 142.00000000 1.00000000 140.00000000
814.00000000 24.00000000 1.00000000 138.00000000
612.00000000 176.00000000 0.00000000 138.00000000
619.00000000 146.00000000 1.00000000 136.00000000
189.00000000 279.00000000 0.00000000 136.00000000
206.00000000 120.00000000 1.00000000 135.00000000
720.00000000 162.00000000 1.00000000 135.00000000
166.00000000 279.00000000 1.00000000 135.00000000
827.00000000 15.00000000 0.00000000 135.00000000
32.00000000 322.00000000 1.00000000 133.00000000
828.00000000 15.00000000 1.00000000 132.00000000
856.00000000 175.00000000 1.00000000 132.00000000
802.00000000 168.00000000 0.00000000 132.00000000
247.00000000 150.00000000 0.00000000 132.00000000
195.00000000 65.00000000 1.00000000 130.00000000
418.00000000 203.00000000 1.00000000 129.00000000
720.00000000 161.00000000 0.00000000 129.00000000
826.00000000 199.00000000 0.00000000 129.00000000
189.00000000 197.00000000 0.00000000 129.00000000
66.00000000 187.00000000 0.00000000 127.00000000
813.00000000 260.00000000 0.00000000 126.00000000
909.00000000 168.00000000 0.00000000 126.00000000
497.00000000 51.00000000 0.00000000 126.00000000
181.00000000 264.00000000 0.00000000 125.00000000
166.00000000 279.00000000 0.00000000 125.00000000
827.00000000 184.00000000 0.00000000 124.00000000
304.00000000 142.00000000 0.00000000 124.00000000
846.00000000 118.00000000 0.00000000 124.00000000
245.00000000 200.00000000 0.00000000 123.00000000
420.00000000 204.00000000 0.00000000 121.00000000
503.00000000 101.00000000 0.00000000 120.00000000
516.00000000 323.00000000 0.00000000 118.00000000
782.00000000 74.00000000 0.00000000 116.00000000
781.00000000 210.00000000 0.00000000 115.00000000
807.00000000 262.00000000 0.00000000 115.00000000
827.00000000 260.00000000 0.00000000 114.00000000
331.00000000 150.00000000 0.00000000 113.00000000
781.00000000 246.00000000 0.00000000 111.00000000
441.00000000 108.00000000 0.00000000 109.00000000
183.00000000 189.00000000 0.00000000 108.00000000
