176.00000000 19.00000000 0.00000000 771.00000000
177.00000000 20.00000000 1.00000000 511.00000000
753.00000000 148.00000000 1.00000000 500.00000000
753.00000000 147.00000000 0.00000000 475.00000000
108.00000000 96.00000000 4.00000000 457.00000000
110.00000000 96.00000000 2.00000000 437.00000000
714.00000000 115.00000000 0.00000000 415.00000000
275.00000000 113.00000000 0.00000000 401.00000000
275.00000000 114.00000000 1.00000000 395.00000000
618.00000000 145.00000000 0.00000000 391.00000000
161.00000000 41.00000000 1.00000000 387.00000000
833.00000000 44.00000000 1.00000000 380.00000000
101.00000000 322.00000000 5.00000000 374.00000000
752.00000000 149.00000000 1.00000000 369.00000000
374.00000000 147.00000000 0.00000000 362.00000000
832.00000000 45.00000000 1.00000000 354.00000000
65.00000000 76.00000000 2.00000000 351.00000000
515.00000000 323.00000000 0.00000000 349.00000000
284.00000000 98.00000000 0.00000000 342.00000000
108.00000000 316.00000000 4.00000000 340.00000000
717.00000000 124.00000000 0.00000000 335.00000000
112.00000000 96.00000000 2.00000000 333.00000000
714.00000000 117.00000000 1.00000000 332.00000000
802.00000000 204.00000000 0.00000000 326.00000000
248.00000000 150.00000000 1.00000000 324.00000000
247.00000000 149.00000000 1.00000000 322.00000000
515.00000000 324.00000000 1.00000000 319.00000000
161.00000000 41.00000000 0.00000000 319.00000000
838.00000000 56.00000000 1.00000000 318.00000000
107.00000000 313.00000000 2.00000000 307.00000000
802.00000000 166.00000000 0.00000000 307.00000000
159.00000000 41.00000000 1.00000000 305.00000000
815.00000000 21.00000000 0.00000000 304.00000000
153.00000000 53.00000000 1.00000000 302.00000000
926.00000000 93.00000000 1.00000000 289.00000000
120.00000000 154.00000000 0.00000000 281.00000000
120.00000000 178.00000000 2.00000000 280.00000000
924.00000000 93.00000000 1.00000000 277.00000000
610.00000000 313.00000000 2.00000000 273.00000000
247.00000000 149.00000000 0.00000000 272.00000000
270.00000000 121.00000000 0.00000000 265.00000000
782.00000000 74.00000000 1.00000000 263.00000000
374.00000000 147.00000000 1.00000000 263.00000000
120.00000000 175.00000000 1.00000000 262.00000000
153.00000000 53.00000000 0.00000000 262.00000000
845.00000000 140.00000000 0.00000000 261.00000000
121.00000000 174.00000000 1.00000000 261.00000000
782.00000000 74.00000000 1.00000000 258.00000000
717.00000000 125.00000000 1.00000000 253.00000000
832.00000000 43.00000000 0.00000000 252.00000000
801.00000000 183.00000000 0.00000000 249.00000000
909.00000000 169.00000000 1.00000000 248.00000000
496.00000000 38.00000000 0.00000000 246.00000000
248.00000000 150.00000000 2.00000000 245.00000000
768.00000000 372.00000000 1.00000000 244.00000000
654.00000000 118.00000000 0.00000000 244.00000000
801.00000000 219.00000000 0.00000000 242.00000000
838.00000000 55.00000000 0.00000000 240.00000000
845.00000000 141.00000000 1.00000000 240.00000000
682.00000000 135.00000000 1.00000000 240.00000000
767.00000000 373.00000000 1.00000000 239.00000000
768.00000000 371.00000000 0.00000000 238.00000000
844.00000000 107.00000000 0.00000000 235.00000000
654.00000000 152.00000000 0.00000000 234.00000000
285.00000000 99.00000000 1.00000000 234.00000000
884.00000000 152.00000000 0.00000000 233.00000000
612.00000000 176.00000000 1.00000000 232.00000000
497.00000000 50.00000000 0.00000000 232.00000000
828.00000000 176.00000000 0.00000000 232.00000000
114.00000000 97.00000000 1.00000000 228.00000000
754.00000000 150.00000000 2.00000000 227.00000000
116.00000000 98.00000000 1.00000000 227.00000000
814.00000000 275.00000000 0.00000000 227.00000000
826.00000000 198.00000000 0.00000000 226.00000000
741.00000000 473.00000000 1.00000000 226.00000000
612.00000000 342.00000000 2.00000000 223.00000000
120.00000000 173.00000000 0.00000000 223.00000000
67.00000000 176.00000000 0.00000000 223.00000000
32.00000000 485.00000000 0.00000000 222.00000000
612.00000000 178.00000000 2.00000000 221.00000000
207.00000000 118.00000000 0.00000000 221.00000000
68.00000000 78.00000000 2.00000000 220.00000000
619.00000000 146.00000000 1.00000000 217.00000000
770.00000000 376.00000000 2.00000000 217.00000000
741.00000000 472.00000000 0.00000000 215.00000000
612.00000000 176.00000000 1.00000000 214.00000000
815.00000000 22.00000000 1.00000000 214.00000000
827.00000000 14.00000000 0.00000000 213.00000000
909.00000000 168.00000000 1.00000000 212.00000000
852.00000000 366.00000000 0.00000000 210.00000000
426.00000000 176.00000000 0.00000000 210.00000000
683.00000000 134.00000000 0.00000000 208.00000000
845.00000000 108.00000000 1.00000000 207.00000000
514.00000000 323.00000000 1.00000000 206.00000000
274.00000000 113.00000000 1.00000000 205.00000000
439.00000000 302.00000000 1.00000000 205.00000000
827.00000000 221.00000000 0.00000000 204.00000000
32.00000000 486.00000000 1.00000000 201.00000000
702.00000000 101.00000000 0.00000000 200.00000000
121.00000000 155.00000000 1.00000000 198.00000000
164.00000000 280.00000000 1.00000000 197.00000000
926.00000000 92.00000000 0.00000000 197.00000000
338.00000000 137.00000000 0.00000000 197.00000000
801.00000000 145.00000000 0.00000000 196.00000000
207.00000000 119.00000000 1.00000000 193.00000000
438.00000000 302.00000000 1.00000000 193.00000000
439.00000000 301.00000000 0.00000000 192.00000000
884.00000000 153.00000000 1.00000000 191.00000000
783.00000000 513.00000000 1.00000000 191.00000000
834.00000000 539.00000000 1.00000000 190.00000000
837.00000000 398.00000000 0.00000000 189.00000000
117.00000000 98.00000000 0.00000000 187.00000000
587.00000000 405.00000000 0.00000000 186.00000000
692.00000000 426.00000000 0.00000000 185.00000000
625.00000000 473.00000000 0.00000000 185.00000000
826.00000000 236.00000000 0.00000000 185.00000000
331.00000000 149.00000000 0.00000000 181.00000000
612.00000000 175.00000000 0.00000000 181.00000000
828.00000000 183.00000000 0.00000000 180.00000000
835.00000000 224.00000000 0.00000000 176.00000000
834.00000000 538.00000000 0.00000000 173.00000000
782.00000000 74.00000000 0.00000000 172.00000000
799.00000000 263.00000000 0.00000000 171.00000000
799.00000000 330.00000000 0.00000000 171.00000000
147.00000000 113.00000000 0.00000000 170.00000000
751.00000000 199.00000000 0.00000000 169.00000000
613.00000000 452.00000000 0.00000000 168.00000000
