633.00000000 552.00000000 1.00000000 791.00000000
368.00000000 246.00000000 2.00000000 717.00000000
635.00000000 553.00000000 1.00000000 699.00000000
226.00000000 381.00000000 2.00000000 658.00000000
226.00000000 243.00000000 2.00000000 651.00000000
226.00000000 244.00000000 2.00000000 642.00000000
367.00000000 246.00000000 2.00000000 636.00000000
634.00000000 554.00000000 2.00000000 588.00000000
367.00000000 246.00000000 1.00000000 584.00000000
367.00000000 376.00000000 2.00000000 543.00000000
368.00000000 376.00000000 2.00000000 542.00000000
224.00000000 384.00000000 4.00000000 537.00000000
226.00000000 380.00000000 2.00000000 530.00000000
226.00000000 241.00000000 1.00000000 525.00000000
395.00000000 72.00000000 1.00000000 522.00000000
395.00000000 71.00000000 0.00000000 515.00000000
253.00000000 54.00000000 0.00000000 495.00000000
635.00000000 553.00000000 0.00000000 484.00000000
369.00000000 373.00000000 1.00000000 474.00000000
252.00000000 55.00000000 1.00000000 464.00000000
369.00000000 245.00000000 1.00000000 461.00000000
156.00000000 242.00000000 2.00000000 444.00000000
226.00000000 379.00000000 1.00000000 440.00000000
324.00000000 378.00000000 2.00000000 432.00000000
252.00000000 111.00000000 0.00000000 429.00000000
394.00000000 72.00000000 1.00000000 425.00000000
263.00000000 53.00000000 0.00000000 424.00000000
224.00000000 244.00000000 4.00000000 421.00000000
373.00000000 478.00000000 1.00000000 416.00000000
328.00000000 246.00000000 2.00000000 411.00000000
313.00000000 61.00000000 0.00000000 404.00000000
252.00000000 112.00000000 1.00000000 392.00000000
369.00000000 372.00000000 1.00000000 389.00000000
374.00000000 476.00000000 1.00000000 381.00000000
251.00000000 55.00000000 1.00000000 373.00000000
323.00000000 376.00000000 1.00000000 364.00000000
227.00000000 241.00000000 1.00000000 351.00000000
313.00000000 62.00000000 1.00000000 344.00000000
558.00000000 427.00000000 0.00000000 342.00000000
155.00000000 240.00000000 1.00000000 341.00000000
479.00000000 387.00000000 1.00000000 332.00000000
227.00000000 378.00000000 1.00000000 329.00000000
324.00000000 374.00000000 1.00000000 325.00000000
162.00000000 343.00000000 1.00000000 321.00000000
677.00000000 379.00000000 1.00000000 321.00000000
403.00000000 84.00000000 0.00000000 320.00000000
416.00000000 58.00000000 1.00000000 318.00000000
276.00000000 41.00000000 1.00000000 318.00000000
542.00000000 580.00000000 1.00000000 317.00000000
328.00000000 244.00000000 1.00000000 315.00000000
450.00000000 238.00000000 1.00000000 314.00000000
335.00000000 48.00000000 1.00000000 313.00000000
336.00000000 47.00000000 1.00000000 312.00000000
579.00000000 554.00000000 1.00000000 312.00000000
675.00000000 299.00000000 1.00000000 309.00000000
369.00000000 244.00000000 0.00000000 308.00000000
509.00000000 298.00000000 1.00000000 307.00000000
718.00000000 140.00000000 0.00000000 306.00000000
705.00000000 331.00000000 0.00000000 305.00000000
263.00000000 142.00000000 1.00000000 303.00000000
718.00000000 140.00000000 1.00000000 302.00000000
728.00000000 140.00000000 1.00000000 301.00000000
226.00000000 390.00000000 5.00000000 299.00000000
491.00000000 239.00000000 1.00000000 297.00000000
324.00000000 280.00000000 1.00000000 296.00000000
277.00000000 102.00000000 0.00000000 294.00000000
263.00000000 143.00000000 1.00000000 293.00000000
581.00000000 553.00000000 1.00000000 292.00000000
276.00000000 103.00000000 1.00000000 291.00000000
621.00000000 244.00000000 1.00000000 290.00000000
542.00000000 579.00000000 0.00000000 285.00000000
733.00000000 330.00000000 0.00000000 285.00000000
312.00000000 148.00000000 1.00000000 283.00000000
557.00000000 579.00000000 1.00000000 282.00000000
655.00000000 245.00000000 1.00000000 281.00000000
753.00000000 380.00000000 0.00000000 280.00000000
374.00000000 475.00000000 0.00000000 273.00000000
637.00000000 573.00000000 1.00000000 272.00000000
566.00000000 184.00000000 0.00000000 271.00000000
558.00000000 348.00000000 0.00000000 269.00000000
272.00000000 126.00000000 1.00000000 268.00000000
272.00000000 126.00000000 0.00000000 267.00000000
745.00000000 401.00000000 0.00000000 267.00000000
652.00000000 379.00000000 0.00000000 263.00000000
330.00000000 77.00000000 0.00000000 263.00000000
655.00000000 244.00000000 0.00000000 261.00000000
369.00000000 371.00000000 0.00000000 259.00000000
481.00000000 353.00000000 0.00000000 257.00000000
347.00000000 62.00000000 0.00000000 257.00000000
575.00000000 210.00000000 0.00000000 253.00000000
324.00000000 280.00000000 0.00000000 253.00000000
621.00000000 243.00000000 0.00000000 250.00000000
723.00000000 300.00000000 0.00000000 244.00000000
263.00000000 45.00000000 0.00000000 241.00000000
695.00000000 300.00000000 0.00000000 240.00000000
355.00000000 63.00000000 0.00000000 240.00000000
226.00000000 241.00000000 0.00000000 238.00000000
687.00000000 318.00000000 0.00000000 238.00000000
703.00000000 414.00000000 0.00000000 237.00000000
416.00000000 58.00000000 0.00000000 235.00000000
375.00000000 463.00000000 0.00000000 235.00000000
630.00000000 380.00000000 0.00000000 230.00000000
313.00000000 309.00000000 0.00000000 229.00000000
677.00000000 378.00000000 0.00000000 229.00000000
263.00000000 70.00000000 0.00000000 228.00000000
557.00000000 578.00000000 0.00000000 225.00000000
761.00000000 329.00000000 0.00000000 225.00000000
581.00000000 552.00000000 0.00000000 225.00000000
728.00000000 140.00000000 0.00000000 224.00000000
695.00000000 383.00000000 0.00000000 223.00000000
724.00000000 381.00000000 0.00000000 223.00000000
311.00000000 148.00000000 0.00000000 223.00000000
717.00000000 403.00000000 0.00000000 221.00000000
491.00000000 239.00000000 0.00000000 221.00000000
395.00000000 53.00000000 0.00000000 220.00000000
541.00000000 241.00000000 0.00000000 220.00000000
716.00000000 318.00000000 0.00000000 220.00000000
524.00000000 349.00000000 0.00000000 220.00000000
327.00000000 310.00000000 0.00000000 219.00000000
227.00000000 377.00000000 0.00000000 218.00000000
450.00000000 237.00000000 0.00000000 218.00000000
573.00000000 280.00000000 0.00000000 217.00000000
637.00000000 349.00000000 0.00000000 217.00000000
161.00000000 342.00000000 0.00000000 215.00000000
253.00000000 36.00000000 0.00000000 214.00000000
324.00000000 374.00000000 0.00000000 210.00000000
574.00000000 241.00000000 0.00000000 210.00000000
