176.00000000 19.00000000 0.00000000 616.00000000
439.00000000 302.00000000 1.00000000 489.00000000
96.00000000 441.00000000 5.00000000 467.00000000
438.00000000 302.00000000 1.00000000 457.00000000
177.00000000 19.00000000 1.00000000 445.00000000
439.00000000 301.00000000 0.00000000 430.00000000
753.00000000 148.00000000 1.00000000 425.00000000
753.00000000 147.00000000 0.00000000 397.00000000
96.00000000 444.00000000 4.00000000 397.00000000
438.00000000 302.00000000 2.00000000 359.00000000
487.00000000 281.00000000 1.00000000 355.00000000
752.00000000 148.00000000 1.00000000 329.00000000
516.00000000 322.00000000 0.00000000 328.00000000
96.00000000 441.00000000 2.00000000 325.00000000
853.00000000 366.00000000 1.00000000 322.00000000
618.00000000 144.00000000 0.00000000 320.00000000
486.00000000 280.00000000 1.00000000 318.00000000
515.00000000 323.00000000 1.00000000 317.00000000
837.00000000 410.00000000 1.00000000 309.00000000
853.00000000 366.00000000 0.00000000 308.00000000
838.00000000 410.00000000 2.00000000 305.00000000
768.00000000 371.00000000 0.00000000 300.00000000
161.00000000 41.00000000 1.00000000 292.00000000
487.00000000 281.00000000 0.00000000 290.00000000
98.00000000 438.00000000 2.00000000 290.00000000
815.00000000 21.00000000 0.00000000 290.00000000
442.00000000 319.00000000 1.00000000 281.00000000
837.00000000 396.00000000 0.00000000 278.00000000
714.00000000 115.00000000 0.00000000 273.00000000
614.00000000 338.00000000 2.00000000 273.00000000
717.00000000 123.00000000 0.00000000 273.00000000
832.00000000 43.00000000 1.00000000 271.00000000
768.00000000 371.00000000 1.00000000 268.00000000
612.00000000 336.00000000 1.00000000 267.00000000
442.00000000 318.00000000 0.00000000 266.00000000
456.00000000 156.00000000 4.00000000 265.00000000
834.00000000 538.00000000 0.00000000 265.00000000
606.00000000 304.00000000 0.00000000 263.00000000
839.00000000 56.00000000 1.00000000 261.00000000
235.00000000 370.00000000 0.00000000 258.00000000
235.00000000 371.00000000 1.00000000 256.00000000
200.00000000 434.00000000 0.00000000 255.00000000
98.00000000 436.00000000 1.00000000 254.00000000
232.00000000 386.00000000 0.00000000 252.00000000
833.00000000 43.00000000 1.00000000 252.00000000
435.00000000 302.00000000 2.00000000 249.00000000
832.00000000 544.00000000 2.00000000 249.00000000
161.00000000 41.00000000 0.00000000 245.00000000
284.00000000 98.00000000 0.00000000 244.00000000
838.00000000 397.00000000 1.00000000 244.00000000
460.00000000 172.00000000 2.00000000 244.00000000
606.00000000 303.00000000 1.00000000 242.00000000
613.00000000 339.00000000 2.00000000 240.00000000
33.00000000 509.00000000 0.00000000 239.00000000
613.00000000 336.00000000 1.00000000 235.00000000
33.00000000 485.00000000 0.00000000 233.00000000
803.00000000 166.00000000 0.00000000 233.00000000
714.00000000 116.00000000 1.00000000 233.00000000
838.00000000 56.00000000 1.00000000 229.00000000
815.00000000 22.00000000 1.00000000 228.00000000
99.00000000 435.00000000 1.00000000 227.00000000
926.00000000 92.00000000 1.00000000 225.00000000
67.00000000 76.00000000 2.00000000 225.00000000
663.00000000 487.00000000 0.00000000 224.00000000
717.00000000 124.00000000 1.00000000 223.00000000
159.00000000 41.00000000 1.00000000 223.00000000
814.00000000 275.00000000 0.00000000 220.00000000
834.00000000 538.00000000 1.00000000 219.00000000
276.00000000 113.00000000 0.00000000 219.00000000
120.00000000 176.00000000 2.00000000 218.00000000
374.00000000 146.00000000 0.00000000 218.00000000
497.00000000 50.00000000 0.00000000 218.00000000
153.00000000 53.00000000 1.00000000 217.00000000
587.00000000 404.00000000 0.00000000 217.00000000
173.00000000 403.00000000 0.00000000 216.00000000
924.00000000 91.00000000 1.00000000 214.00000000
455.00000000 280.00000000 1.00000000 214.00000000
507.00000000 280.00000000 1.00000000 212.00000000
909.00000000 169.00000000 1.00000000 209.00000000
824.00000000 396.00000000 0.00000000 206.00000000
470.00000000 280.00000000 1.00000000 206.00000000
612.00000000 178.00000000 2.00000000 205.00000000
348.00000000 396.00000000 0.00000000 202.00000000
134.00000000 269.00000000 0.00000000 201.00000000
803.00000000 203.00000000 0.00000000 200.00000000
234.00000000 371.00000000 1.00000000 199.00000000
153.00000000 52.00000000 0.00000000 199.00000000
619.00000000 145.00000000 1.00000000 197.00000000
120.00000000 175.00000000 1.00000000 197.00000000
201.00000000 434.00000000 1.00000000 195.00000000
832.00000000 540.00000000 1.00000000 194.00000000
496.00000000 38.00000000 0.00000000 193.00000000
663.00000000 488.00000000 1.00000000 193.00000000
591.00000000 411.00000000 0.00000000 193.00000000
838.00000000 55.00000000 0.00000000 192.00000000
602.00000000 433.00000000 0.00000000 191.00000000
374.00000000 146.00000000 1.00000000 191.00000000
275.00000000 113.00000000 1.00000000 189.00000000
33.00000000 510.00000000 1.00000000 189.00000000
799.00000000 330.00000000 0.00000000 188.00000000
434.00000000 510.00000000 0.00000000 188.00000000
827.00000000 14.00000000 0.00000000 187.00000000
181.00000000 394.00000000 0.00000000 187.00000000
846.00000000 140.00000000 1.00000000 186.00000000
837.00000000 408.00000000 1.00000000 185.00000000
173.00000000 404.00000000 1.00000000 184.00000000
846.00000000 140.00000000 0.00000000 183.00000000
435.00000000 526.00000000 0.00000000 182.00000000
102.00000000 493.00000000 0.00000000 181.00000000
174.00000000 395.00000000 0.00000000 180.00000000
828.00000000 176.00000000 0.00000000 180.00000000
737.00000000 398.00000000 0.00000000 179.00000000
207.00000000 117.00000000 0.00000000 178.00000000
801.00000000 182.00000000 0.00000000 177.00000000
722.00000000 352.00000000 0.00000000 176.00000000
98.00000000 434.00000000 0.00000000 175.00000000
768.00000000 377.00000000 0.00000000 172.00000000
77.00000000 461.00000000 0.00000000 171.00000000
135.00000000 289.00000000 0.00000000 165.00000000
89.00000000 461.00000000 0.00000000 165.00000000
613.00000000 335.00000000 0.00000000 165.00000000
120.00000000 154.00000000 0.00000000 165.00000000
751.00000000 198.00000000 0.00000000 164.00000000
683.00000000 132.00000000 0.00000000 164.00000000
473.00000000 277.00000000 0.00000000 163.00000000
613.00000000 451.00000000 0.00000000 162.00000000
594.00000000 418.00000000 0.00000000 161.00000000
