294.00000000 417.00000000 0.00000000 381.00000000
280.00000000 411.00000000 0.00000000 349.00000000
281.00000000 411.00000000 1.00000000 317.00000000
104.00000000 82.00000000 2.00000000 313.00000000
412.00000000 62.00000000 0.00000000 305.00000000
104.00000000 84.00000000 4.00000000 302.00000000
76.00000000 50.00000000 2.00000000 300.00000000
76.00000000 48.00000000 2.00000000 300.00000000
461.00000000 58.00000000 1.00000000 298.00000000
293.00000000 202.00000000 0.00000000 281.00000000
356.00000000 140.00000000 0.00000000 278.00000000
294.00000000 418.00000000 1.00000000 271.00000000
461.00000000 57.00000000 0.00000000 269.00000000
106.00000000 76.00000000 0.00000000 268.00000000
44.00000000 82.00000000 2.00000000 267.00000000
461.00000000 57.00000000 1.00000000 264.00000000
404.00000000 67.00000000 1.00000000 251.00000000
45.00000000 82.00000000 2.00000000 246.00000000
76.00000000 49.00000000 1.00000000 230.00000000
106.00000000 77.00000000 1.00000000 228.00000000
455.00000000 63.00000000 0.00000000 228.00000000
345.00000000 101.00000000 2.00000000 226.00000000
403.00000000 66.00000000 1.00000000 221.00000000
106.00000000 80.00000000 2.00000000 219.00000000
39.00000000 60.00000000 1.00000000 216.00000000
356.00000000 141.00000000 1.00000000 210.00000000
293.00000000 203.00000000 1.00000000 209.00000000
312.00000000 236.00000000 4.00000000 207.00000000
413.00000000 63.00000000 1.00000000 206.00000000
38.00000000 59.00000000 0.00000000 203.00000000
398.00000000 353.00000000 0.00000000 198.00000000
404.00000000 65.00000000 0.00000000 197.00000000
346.00000000 102.00000000 2.00000000 189.00000000
91.00000000 28.00000000 1.00000000 186.00000000
104.00000000 77.00000000 1.00000000 185.00000000
91.00000000 28.00000000 0.00000000 183.00000000
140.00000000 34.00000000 1.00000000 183.00000000
311.00000000 237.00000000 5.00000000 182.00000000
45.00000000 83.00000000 1.00000000 181.00000000
77.00000000 48.00000000 1.00000000 181.00000000
140.00000000 33.00000000 0.00000000 180.00000000
252.00000000 434.00000000 0.00000000 175.00000000
77.00000000 48.00000000 0.00000000 174.00000000
159.00000000 220.00000000 0.00000000 170.00000000
399.00000000 354.00000000 1.00000000 169.00000000
38.00000000 60.00000000 1.00000000 169.00000000
273.00000000 445.00000000 0.00000000 164.00000000
269.00000000 423.00000000 0.00000000 163.00000000
460.00000000 58.00000000 2.00000000 162.00000000
343.00000000 100.00000000 1.00000000 161.00000000
280.00000000 411.00000000 1.00000000 154.00000000
346.00000000 152.00000000 2.00000000 148.00000000
277.00000000 210.00000000 0.00000000 147.00000000
299.00000000 427.00000000 0.00000000 143.00000000
21.00000000 39.00000000 1.00000000 141.00000000
26.00000000 65.00000000 1.00000000 138.00000000
614.00000000 157.00000000 1.00000000 138.00000000
140.00000000 33.00000000 1.00000000 135.00000000
321.00000000 88.00000000 0.00000000 135.00000000
343.00000000 99.00000000 1.00000000 133.00000000
613.00000000 158.00000000 1.00000000 133.00000000
333.00000000 439.00000000 0.00000000 129.00000000
306.00000000 420.00000000 0.00000000 128.00000000
20.00000000 39.00000000 1.00000000 120.00000000
262.00000000 420.00000000 0.00000000 120.00000000
45.00000000 81.00000000 1.00000000 119.00000000
312.00000000 234.00000000 2.00000000 118.00000000
343.00000000 147.00000000 0.00000000 116.00000000
19.00000000 11.00000000 0.00000000 115.00000000
355.00000000 106.00000000 0.00000000 113.00000000
343.00000000 148.00000000 1.00000000 112.00000000
567.00000000 82.00000000 1.00000000 112.00000000
613.00000000 156.00000000 0.00000000 111.00000000
76.00000000 424.00000000 0.00000000 109.00000000
73.00000000 36.00000000 0.00000000 107.00000000
343.00000000 97.00000000 0.00000000 107.00000000
567.00000000 82.00000000 1.00000000 106.00000000
292.00000000 418.00000000 1.00000000 106.00000000
45.00000000 81.00000000 0.00000000 105.00000000
277.00000000 211.00000000 1.00000000 102.00000000
76.00000000 425.00000000 1.00000000 102.00000000
48.00000000 87.00000000 0.00000000 100.00000000
166.00000000 224.00000000 0.00000000 100.00000000
277.00000000 423.00000000 0.00000000 100.00000000
91.00000000 26.00000000 1.00000000 97.00000000
20.00000000 38.00000000 0.00000000 96.00000000
402.00000000 68.00000000 2.00000000 95.00000000
27.00000000 66.00000000 1.00000000 95.00000000
344.00000000 139.00000000 0.00000000 94.00000000
398.00000000 356.00000000 1.00000000 94.00000000
159.00000000 220.00000000 1.00000000 93.00000000
279.00000000 201.00000000 1.00000000 92.00000000
607.00000000 286.00000000 1.00000000 90.00000000
550.00000000 350.00000000 0.00000000 90.00000000
261.00000000 421.00000000 1.00000000 90.00000000
326.00000000 79.00000000 0.00000000 89.00000000
549.00000000 350.00000000 1.00000000 88.00000000
140.00000000 41.00000000 0.00000000 88.00000000
334.00000000 439.00000000 1.00000000 88.00000000
27.00000000 66.00000000 0.00000000 87.00000000
252.00000000 435.00000000 1.00000000 86.00000000
324.00000000 113.00000000 0.00000000 85.00000000
623.00000000 366.00000000 0.00000000 85.00000000
606.00000000 286.00000000 0.00000000 84.00000000
354.00000000 184.00000000 1.00000000 84.00000000
272.00000000 432.00000000 0.00000000 84.00000000
572.00000000 275.00000000 0.00000000 83.00000000
15.00000000 63.00000000 1.00000000 83.00000000
325.00000000 114.00000000 1.00000000 82.00000000
567.00000000 82.00000000 0.00000000 80.00000000
120.00000000 239.00000000 0.00000000 80.00000000
326.00000000 459.00000000 0.00000000 79.00000000
354.00000000 183.00000000 0.00000000 78.00000000
49.00000000 50.00000000 0.00000000 78.00000000
627.00000000 358.00000000 0.00000000 76.00000000
285.00000000 177.00000000 0.00000000 72.00000000
280.00000000 201.00000000 0.00000000 69.00000000
386.00000000 103.00000000 0.00000000 69.00000000
366.00000000 162.00000000 0.00000000 65.00000000
439.00000000 65.00000000 0.00000000 64.00000000
253.00000000 420.00000000 0.00000000 61.00000000
284.00000000 212.00000000 0.00000000 60.00000000
93.00000000 69.00000000 0.00000000 60.00000000
391.00000000 202.00000000 0.00000000 59.00000000
153.00000000 43.00000000 0.00000000 59.00000000
311.00000000 102.00000000 0.00000000 58.00000000
598.00000000 321.00000000 0.00000000 58.00000000
