575.00000000 147.00000000 1.00000000 385.00000000
293.00000000 201.00000000 0.00000000 374.00000000
613.00000000 156.00000000 1.00000000 354.00000000
575.00000000 147.00000000 1.00000000 341.00000000
612.00000000 156.00000000 1.00000000 330.00000000
355.00000000 140.00000000 0.00000000 316.00000000
461.00000000 57.00000000 1.00000000 315.00000000
293.00000000 202.00000000 1.00000000 313.00000000
613.00000000 156.00000000 0.00000000 303.00000000
574.00000000 150.00000000 2.00000000 291.00000000
280.00000000 411.00000000 1.00000000 268.00000000
461.00000000 58.00000000 1.00000000 261.00000000
539.00000000 131.00000000 1.00000000 259.00000000
291.00000000 419.00000000 1.00000000 255.00000000
540.00000000 130.00000000 0.00000000 244.00000000
279.00000000 411.00000000 0.00000000 225.00000000
460.00000000 58.00000000 2.00000000 222.00000000
576.00000000 146.00000000 0.00000000 215.00000000
356.00000000 140.00000000 1.00000000 214.00000000
290.00000000 419.00000000 0.00000000 210.00000000
277.00000000 210.00000000 0.00000000 198.00000000
461.00000000 57.00000000 0.00000000 197.00000000
343.00000000 147.00000000 1.00000000 190.00000000
342.00000000 147.00000000 0.00000000 187.00000000
606.00000000 285.00000000 1.00000000 182.00000000
566.00000000 82.00000000 1.00000000 177.00000000
606.00000000 284.00000000 0.00000000 174.00000000
277.00000000 420.00000000 0.00000000 170.00000000
75.00000000 424.00000000 1.00000000 169.00000000
565.00000000 82.00000000 1.00000000 165.00000000
277.00000000 210.00000000 1.00000000 162.00000000
270.00000000 431.00000000 1.00000000 160.00000000
252.00000000 433.00000000 0.00000000 160.00000000
346.00000000 152.00000000 2.00000000 157.00000000
73.00000000 432.00000000 2.00000000 154.00000000
571.00000000 149.00000000 2.00000000 152.00000000
492.00000000 185.00000000 1.00000000 152.00000000
412.00000000 62.00000000 0.00000000 152.00000000
610.00000000 158.00000000 2.00000000 149.00000000
75.00000000 424.00000000 0.00000000 146.00000000
291.00000000 420.00000000 1.00000000 146.00000000
26.00000000 65.00000000 1.00000000 143.00000000
251.00000000 420.00000000 1.00000000 141.00000000
345.00000000 152.00000000 2.00000000 140.00000000
566.00000000 82.00000000 2.00000000 138.00000000
74.00000000 425.00000000 1.00000000 138.00000000
280.00000000 218.00000000 2.00000000 137.00000000
270.00000000 431.00000000 1.00000000 136.00000000
538.00000000 131.00000000 1.00000000 134.00000000
267.00000000 422.00000000 0.00000000 134.00000000
74.00000000 428.00000000 2.00000000 133.00000000
272.00000000 444.00000000 0.00000000 132.00000000
566.00000000 81.00000000 0.00000000 130.00000000
606.00000000 285.00000000 1.00000000 126.00000000
404.00000000 66.00000000 1.00000000 124.00000000
270.00000000 430.00000000 0.00000000 122.00000000
250.00000000 420.00000000 2.00000000 121.00000000
492.00000000 183.00000000 1.00000000 120.00000000
27.00000000 66.00000000 1.00000000 117.00000000
565.00000000 82.00000000 2.00000000 116.00000000
271.00000000 401.00000000 1.00000000 115.00000000
252.00000000 419.00000000 1.00000000 114.00000000
343.00000000 148.00000000 1.00000000 112.00000000
159.00000000 219.00000000 0.00000000 112.00000000
608.00000000 181.00000000 0.00000000 110.00000000
413.00000000 63.00000000 1.00000000 109.00000000
101.00000000 71.00000000 0.00000000 108.00000000
403.00000000 66.00000000 1.00000000 103.00000000
292.00000000 202.00000000 1.00000000 102.00000000
492.00000000 182.00000000 0.00000000 100.00000000
277.00000000 212.00000000 1.00000000 97.00000000
271.00000000 400.00000000 0.00000000 97.00000000
355.00000000 106.00000000 0.00000000 96.00000000
572.00000000 275.00000000 0.00000000 95.00000000
159.00000000 220.00000000 1.00000000 92.00000000
572.00000000 245.00000000 1.00000000 91.00000000
355.00000000 106.00000000 1.00000000 90.00000000
568.00000000 248.00000000 4.00000000 89.00000000
104.00000000 80.00000000 4.00000000 88.00000000
404.00000000 65.00000000 0.00000000 88.00000000
83.00000000 78.00000000 0.00000000 85.00000000
564.00000000 320.00000000 1.00000000 85.00000000
38.00000000 58.00000000 0.00000000 84.00000000
550.00000000 350.00000000 1.00000000 83.00000000
608.00000000 183.00000000 1.00000000 83.00000000
277.00000000 201.00000000 0.00000000 82.00000000
252.00000000 433.00000000 1.00000000 80.00000000
58.00000000 33.00000000 1.00000000 78.00000000
11.00000000 464.00000000 0.00000000 78.00000000
84.00000000 341.00000000 0.00000000 77.00000000
253.00000000 419.00000000 0.00000000 76.00000000
564.00000000 320.00000000 0.00000000 76.00000000
58.00000000 33.00000000 0.00000000 75.00000000
572.00000000 245.00000000 0.00000000 73.00000000
282.00000000 218.00000000 0.00000000 73.00000000
19.00000000 10.00000000 0.00000000 72.00000000
94.00000000 463.00000000 0.00000000 72.00000000
572.00000000 275.00000000 1.00000000 72.00000000
342.00000000 100.00000000 1.00000000 71.00000000
95.00000000 463.00000000 1.00000000 70.00000000
299.00000000 424.00000000 0.00000000 69.00000000
539.00000000 322.00000000 0.00000000 68.00000000
624.00000000 229.00000000 0.00000000 66.00000000
572.00000000 171.00000000 0.00000000 66.00000000
39.00000000 60.00000000 1.00000000 66.00000000
135.00000000 465.00000000 0.00000000 66.00000000
27.00000000 66.00000000 0.00000000 65.00000000
92.00000000 433.00000000 0.00000000 64.00000000
333.00000000 439.00000000 0.00000000 63.00000000
543.00000000 283.00000000 0.00000000 61.00000000
421.00000000 316.00000000 0.00000000 60.00000000
627.00000000 357.00000000 0.00000000 59.00000000
354.00000000 182.00000000 0.00000000 59.00000000
321.00000000 87.00000000 0.00000000 59.00000000
444.00000000 228.00000000 0.00000000 59.00000000
262.00000000 438.00000000 0.00000000 58.00000000
555.00000000 207.00000000 0.00000000 57.00000000
441.00000000 254.00000000 5.00000000 57.00000000
347.00000000 154.00000000 0.00000000 57.00000000
596.00000000 135.00000000 0.00000000 56.00000000
569.00000000 227.00000000 0.00000000 55.00000000
166.00000000 219.00000000 0.00000000 55.00000000
439.00000000 322.00000000 0.00000000 55.00000000
532.00000000 300.00000000 0.00000000 54.00000000
588.00000000 147.00000000 0.00000000 53.00000000
492.00000000 170.00000000 0.00000000 51.00000000
391.00000000 363.00000000 0.00000000 49.00000000
