38.00000000 60.00000000 1.00000000 486.00000000
38.00000000 59.00000000 0.00000000 457.00000000
283.00000000 191.00000000 1.00000000 437.00000000
36.00000000 60.00000000 1.00000000 416.00000000
284.00000000 189.00000000 1.00000000 334.00000000
283.00000000 191.00000000 0.00000000 332.00000000
290.00000000 422.00000000 1.00000000 321.00000000
289.00000000 423.00000000 0.00000000 291.00000000
280.00000000 413.00000000 1.00000000 259.00000000
36.00000000 60.00000000 2.00000000 230.00000000
293.00000000 203.00000000 1.00000000 227.00000000
293.00000000 202.00000000 0.00000000 217.00000000
299.00000000 427.00000000 0.00000000 203.00000000
178.00000000 65.00000000 0.00000000 201.00000000
461.00000000 59.00000000 1.00000000 192.00000000
461.00000000 59.00000000 1.00000000 191.00000000
284.00000000 188.00000000 2.00000000 186.00000000
179.00000000 66.00000000 1.00000000 186.00000000
291.00000000 421.00000000 1.00000000 180.00000000
277.00000000 212.00000000 0.00000000 170.00000000
613.00000000 158.00000000 1.00000000 167.00000000
550.00000000 353.00000000 1.00000000 164.00000000
613.00000000 158.00000000 1.00000000 162.00000000
252.00000000 435.00000000 0.00000000 161.00000000
356.00000000 141.00000000 0.00000000 160.00000000
453.00000000 100.00000000 1.00000000 157.00000000
277.00000000 212.00000000 1.00000000 156.00000000
75.00000000 425.00000000 0.00000000 156.00000000
75.00000000 426.00000000 1.00000000 155.00000000
101.00000000 29.00000000 0.00000000 155.00000000
461.00000000 58.00000000 0.00000000 154.00000000
271.00000000 433.00000000 1.00000000 152.00000000
280.00000000 412.00000000 0.00000000 151.00000000
550.00000000 353.00000000 1.00000000 150.00000000
412.00000000 64.00000000 0.00000000 148.00000000
182.00000000 50.00000000 0.00000000 143.00000000
453.00000000 101.00000000 0.00000000 142.00000000
100.00000000 30.00000000 1.00000000 141.00000000
460.00000000 60.00000000 2.00000000 138.00000000
550.00000000 354.00000000 2.00000000 137.00000000
59.00000000 36.00000000 0.00000000 137.00000000
301.00000000 427.00000000 1.00000000 136.00000000
270.00000000 434.00000000 1.00000000 134.00000000
104.00000000 84.00000000 4.00000000 133.00000000
613.00000000 156.00000000 0.00000000 130.00000000
182.00000000 51.00000000 1.00000000 130.00000000
271.00000000 433.00000000 0.00000000 121.00000000
404.00000000 68.00000000 1.00000000 121.00000000
284.00000000 178.00000000 0.00000000 119.00000000
566.00000000 83.00000000 1.00000000 119.00000000
413.00000000 64.00000000 1.00000000 116.00000000
73.00000000 432.00000000 2.00000000 116.00000000
356.00000000 141.00000000 1.00000000 116.00000000
292.00000000 203.00000000 1.00000000 115.00000000
332.00000000 441.00000000 0.00000000 110.00000000
178.00000000 66.00000000 1.00000000 109.00000000
404.00000000 67.00000000 0.00000000 109.00000000
101.00000000 84.00000000 5.00000000 108.00000000
575.00000000 148.00000000 1.00000000 107.00000000
74.00000000 427.00000000 1.00000000 107.00000000
74.00000000 430.00000000 2.00000000 107.00000000
567.00000000 83.00000000 1.00000000 106.00000000
285.00000000 186.00000000 2.00000000 105.00000000
59.00000000 37.00000000 1.00000000 105.00000000
104.00000000 84.00000000 2.00000000 104.00000000
273.00000000 446.00000000 0.00000000 102.00000000
135.00000000 14.00000000 0.00000000 101.00000000
159.00000000 221.00000000 0.00000000 101.00000000
277.00000000 217.00000000 2.00000000 98.00000000
576.00000000 148.00000000 1.00000000 96.00000000
342.00000000 147.00000000 0.00000000 96.00000000
567.00000000 82.00000000 0.00000000 95.00000000
452.00000000 100.00000000 1.00000000 95.00000000
252.00000000 436.00000000 1.00000000 95.00000000
158.00000000 62.00000000 0.00000000 94.00000000
268.00000000 424.00000000 0.00000000 93.00000000
403.00000000 67.00000000 1.00000000 92.00000000
140.00000000 43.00000000 0.00000000 91.00000000
344.00000000 140.00000000 0.00000000 91.00000000
550.00000000 352.00000000 0.00000000 91.00000000
280.00000000 218.00000000 2.00000000 89.00000000
101.00000000 72.00000000 0.00000000 88.00000000
576.00000000 150.00000000 2.00000000 88.00000000
82.00000000 342.00000000 1.00000000 87.00000000
106.00000000 84.00000000 2.00000000 85.00000000
72.00000000 36.00000000 0.00000000 85.00000000
263.00000000 412.00000000 0.00000000 85.00000000
284.00000000 178.00000000 1.00000000 84.00000000
261.00000000 420.00000000 0.00000000 83.00000000
356.00000000 189.00000000 1.00000000 83.00000000
275.00000000 212.00000000 1.00000000 82.00000000
455.00000000 64.00000000 0.00000000 82.00000000
337.00000000 122.00000000 1.00000000 81.00000000
306.00000000 303.00000000 0.00000000 80.00000000
452.00000000 107.00000000 0.00000000 80.00000000
620.00000000 376.00000000 0.00000000 80.00000000
337.00000000 121.00000000 0.00000000 80.00000000
166.00000000 19.00000000 0.00000000 79.00000000
159.00000000 221.00000000 1.00000000 78.00000000
357.00000000 188.00000000 0.00000000 76.00000000
532.00000000 301.00000000 0.00000000 76.00000000
20.00000000 40.00000000 1.00000000 75.00000000
27.00000000 67.00000000 1.00000000 73.00000000
83.00000000 343.00000000 1.00000000 72.00000000
343.00000000 148.00000000 1.00000000 72.00000000
241.00000000 410.00000000 0.00000000 71.00000000
14.00000000 393.00000000 0.00000000 71.00000000
340.00000000 108.00000000 4.00000000 71.00000000
94.00000000 348.00000000 0.00000000 71.00000000
140.00000000 44.00000000 1.00000000 71.00000000
253.00000000 422.00000000 0.00000000 69.00000000
83.00000000 342.00000000 0.00000000 65.00000000
572.00000000 276.00000000 0.00000000 64.00000000
576.00000000 147.00000000 0.00000000 63.00000000
355.00000000 107.00000000 0.00000000 62.00000000
262.00000000 440.00000000 0.00000000 61.00000000
19.00000000 38.00000000 0.00000000 60.00000000
91.00000000 28.00000000 0.00000000 59.00000000
27.00000000 67.00000000 0.00000000 57.00000000
16.00000000 115.00000000 0.00000000 55.00000000
438.00000000 66.00000000 0.00000000 55.00000000
280.00000000 202.00000000 0.00000000 55.00000000
24.00000000 24.00000000 0.00000000 55.00000000
403.00000000 347.00000000 0.00000000 55.00000000
272.00000000 402.00000000 0.00000000 54.00000000
175.00000000 55.00000000 0.00000000 54.00000000
215.00000000 48.00000000 0.00000000 54.00000000
