613.00000000 156.00000000 1.00000000 436.00000000
613.00000000 156.00000000 1.00000000 407.00000000
613.00000000 156.00000000 0.00000000 396.00000000
461.00000000 56.00000000 1.00000000 394.00000000
462.00000000 57.00000000 1.00000000 370.00000000
277.00000000 210.00000000 0.00000000 355.00000000
75.00000000 424.00000000 1.00000000 328.00000000
75.00000000 424.00000000 0.00000000 322.00000000
342.00000000 147.00000000 0.00000000 320.00000000
38.00000000 59.00000000 1.00000000 309.00000000
566.00000000 81.00000000 1.00000000 309.00000000
460.00000000 58.00000000 2.00000000 307.00000000
38.00000000 58.00000000 0.00000000 295.00000000
461.00000000 57.00000000 0.00000000 290.00000000
277.00000000 210.00000000 1.00000000 286.00000000
343.00000000 147.00000000 1.00000000 285.00000000
290.00000000 419.00000000 1.00000000 275.00000000
74.00000000 425.00000000 1.00000000 268.00000000
606.00000000 284.00000000 0.00000000 267.00000000
575.00000000 147.00000000 1.00000000 267.00000000
565.00000000 82.00000000 1.00000000 262.00000000
73.00000000 432.00000000 2.00000000 259.00000000
566.00000000 81.00000000 0.00000000 256.00000000
290.00000000 419.00000000 0.00000000 253.00000000
606.00000000 285.00000000 1.00000000 249.00000000
576.00000000 146.00000000 1.00000000 243.00000000
278.00000000 411.00000000 0.00000000 241.00000000
253.00000000 419.00000000 1.00000000 240.00000000
74.00000000 428.00000000 2.00000000 235.00000000
251.00000000 420.00000000 1.00000000 234.00000000
492.00000000 185.00000000 1.00000000 231.00000000
572.00000000 275.00000000 0.00000000 221.00000000
492.00000000 183.00000000 1.00000000 215.00000000
355.00000000 140.00000000 0.00000000 214.00000000
566.00000000 82.00000000 2.00000000 210.00000000
82.00000000 78.00000000 0.00000000 208.00000000
159.00000000 220.00000000 0.00000000 208.00000000
574.00000000 150.00000000 2.00000000 205.00000000
101.00000000 79.00000000 2.00000000 204.00000000
292.00000000 201.00000000 0.00000000 200.00000000
253.00000000 419.00000000 0.00000000 200.00000000
343.00000000 99.00000000 1.00000000 198.00000000
279.00000000 411.00000000 1.00000000 194.00000000
267.00000000 423.00000000 0.00000000 190.00000000
104.00000000 80.00000000 4.00000000 189.00000000
252.00000000 420.00000000 2.00000000 189.00000000
344.00000000 150.00000000 2.00000000 188.00000000
300.00000000 424.00000000 0.00000000 188.00000000
38.00000000 59.00000000 1.00000000 184.00000000
576.00000000 145.00000000 0.00000000 182.00000000
345.00000000 152.00000000 2.00000000 177.00000000
280.00000000 217.00000000 2.00000000 177.00000000
412.00000000 62.00000000 0.00000000 177.00000000
610.00000000 158.00000000 2.00000000 176.00000000
342.00000000 98.00000000 0.00000000 174.00000000
105.00000000 76.00000000 0.00000000 170.00000000
492.00000000 182.00000000 0.00000000 170.00000000
355.00000000 106.00000000 0.00000000 167.00000000
572.00000000 275.00000000 1.00000000 166.00000000
606.00000000 285.00000000 1.00000000 166.00000000
342.00000000 147.00000000 1.00000000 164.00000000
342.00000000 100.00000000 1.00000000 164.00000000
104.00000000 80.00000000 2.00000000 163.00000000
277.00000000 210.00000000 1.00000000 163.00000000
539.00000000 322.00000000 0.00000000 159.00000000
455.00000000 62.00000000 0.00000000 154.00000000
440.00000000 248.00000000 4.00000000 153.00000000
289.00000000 420.00000000 1.00000000 148.00000000
550.00000000 350.00000000 1.00000000 147.00000000
293.00000000 202.00000000 1.00000000 147.00000000
271.00000000 430.00000000 1.00000000 147.00000000
94.00000000 463.00000000 0.00000000 147.00000000
569.00000000 227.00000000 0.00000000 144.00000000
550.00000000 350.00000000 1.00000000 143.00000000
404.00000000 66.00000000 1.00000000 143.00000000
10.00000000 464.00000000 0.00000000 143.00000000
355.00000000 106.00000000 1.00000000 141.00000000
301.00000000 424.00000000 1.00000000 140.00000000
421.00000000 316.00000000 0.00000000 136.00000000
413.00000000 62.00000000 1.00000000 134.00000000
571.00000000 246.00000000 1.00000000 132.00000000
159.00000000 220.00000000 1.00000000 132.00000000
15.00000000 392.00000000 0.00000000 131.00000000
105.00000000 77.00000000 1.00000000 131.00000000
564.00000000 320.00000000 1.00000000 130.00000000
104.00000000 77.00000000 1.00000000 129.00000000
532.00000000 300.00000000 0.00000000 129.00000000
354.00000000 182.00000000 0.00000000 126.00000000
572.00000000 245.00000000 1.00000000 126.00000000
19.00000000 10.00000000 0.00000000 124.00000000
355.00000000 140.00000000 1.00000000 124.00000000
19.00000000 37.00000000 0.00000000 123.00000000
95.00000000 463.00000000 1.00000000 122.00000000
270.00000000 430.00000000 0.00000000 120.00000000
539.00000000 323.00000000 1.00000000 120.00000000
564.00000000 319.00000000 0.00000000 119.00000000
444.00000000 229.00000000 0.00000000 118.00000000
337.00000000 193.00000000 0.00000000 117.00000000
76.00000000 47.00000000 0.00000000 116.00000000
608.00000000 181.00000000 0.00000000 114.00000000
20.00000000 38.00000000 1.00000000 114.00000000
608.00000000 182.00000000 1.00000000 113.00000000
27.00000000 65.00000000 1.00000000 112.00000000
404.00000000 65.00000000 0.00000000 112.00000000
59.00000000 35.00000000 0.00000000 109.00000000
623.00000000 366.00000000 0.00000000 108.00000000
435.00000000 254.00000000 5.00000000 107.00000000
281.00000000 429.00000000 0.00000000 107.00000000
579.00000000 276.00000000 0.00000000 107.00000000
598.00000000 320.00000000 0.00000000 106.00000000
572.00000000 171.00000000 0.00000000 101.00000000
572.00000000 244.00000000 0.00000000 101.00000000
28.00000000 459.00000000 0.00000000 99.00000000
27.00000000 65.00000000 0.00000000 99.00000000
468.00000000 76.00000000 0.00000000 96.00000000
44.00000000 80.00000000 0.00000000 95.00000000
73.00000000 34.00000000 0.00000000 95.00000000
426.00000000 333.00000000 0.00000000 95.00000000
597.00000000 282.00000000 0.00000000 92.00000000
625.00000000 229.00000000 0.00000000 92.00000000
347.00000000 154.00000000 0.00000000 92.00000000
135.00000000 465.00000000 0.00000000 92.00000000
277.00000000 200.00000000 0.00000000 90.00000000
166.00000000 224.00000000 0.00000000 85.00000000
597.00000000 135.00000000 0.00000000 84.00000000
16.00000000 62.00000000 0.00000000 83.00000000
543.00000000 283.00000000 0.00000000 82.00000000
