613.00000000 157.00000000 1.00000000 448.00000000
613.00000000 156.00000000 0.00000000 417.00000000
462.00000000 57.00000000 1.00000000 414.00000000
612.00000000 156.00000000 1.00000000 413.00000000
461.00000000 56.00000000 1.00000000 400.00000000
277.00000000 210.00000000 0.00000000 383.00000000
342.00000000 147.00000000 0.00000000 353.00000000
38.00000000 60.00000000 1.00000000 344.00000000
566.00000000 82.00000000 1.00000000 340.00000000
461.00000000 57.00000000 0.00000000 333.00000000
76.00000000 424.00000000 1.00000000 330.00000000
460.00000000 58.00000000 2.00000000 314.00000000
75.00000000 423.00000000 0.00000000 313.00000000
278.00000000 411.00000000 0.00000000 307.00000000
343.00000000 147.00000000 1.00000000 304.00000000
277.00000000 210.00000000 1.00000000 303.00000000
565.00000000 82.00000000 1.00000000 297.00000000
566.00000000 81.00000000 0.00000000 297.00000000
38.00000000 59.00000000 0.00000000 291.00000000
290.00000000 419.00000000 1.00000000 290.00000000
605.00000000 284.00000000 0.00000000 281.00000000
492.00000000 185.00000000 1.00000000 278.00000000
575.00000000 147.00000000 1.00000000 275.00000000
606.00000000 285.00000000 1.00000000 272.00000000
74.00000000 425.00000000 1.00000000 265.00000000
253.00000000 419.00000000 1.00000000 265.00000000
289.00000000 419.00000000 0.00000000 258.00000000
492.00000000 183.00000000 1.00000000 255.00000000
279.00000000 411.00000000 1.00000000 250.00000000
251.00000000 420.00000000 1.00000000 249.00000000
576.00000000 146.00000000 1.00000000 245.00000000
73.00000000 432.00000000 2.00000000 242.00000000
253.00000000 419.00000000 0.00000000 234.00000000
566.00000000 82.00000000 2.00000000 231.00000000
74.00000000 428.00000000 2.00000000 225.00000000
574.00000000 150.00000000 2.00000000 218.00000000
159.00000000 220.00000000 0.00000000 214.00000000
572.00000000 275.00000000 0.00000000 211.00000000
492.00000000 182.00000000 0.00000000 210.00000000
292.00000000 202.00000000 0.00000000 209.00000000
38.00000000 59.00000000 1.00000000 206.00000000
101.00000000 79.00000000 2.00000000 201.00000000
252.00000000 420.00000000 2.00000000 201.00000000
299.00000000 424.00000000 0.00000000 197.00000000
104.00000000 80.00000000 4.00000000 190.00000000
343.00000000 99.00000000 1.00000000 189.00000000
610.00000000 158.00000000 2.00000000 189.00000000
412.00000000 62.00000000 0.00000000 189.00000000
82.00000000 78.00000000 0.00000000 188.00000000
576.00000000 145.00000000 0.00000000 186.00000000
344.00000000 150.00000000 2.00000000 185.00000000
101.00000000 71.00000000 0.00000000 183.00000000
267.00000000 423.00000000 0.00000000 180.00000000
565.00000000 82.00000000 2.00000000 179.00000000
606.00000000 285.00000000 1.00000000 178.00000000
494.00000000 186.00000000 2.00000000 176.00000000
280.00000000 217.00000000 2.00000000 175.00000000
342.00000000 100.00000000 1.00000000 174.00000000
271.00000000 431.00000000 1.00000000 173.00000000
277.00000000 210.00000000 1.00000000 171.00000000
342.00000000 147.00000000 1.00000000 170.00000000
293.00000000 202.00000000 1.00000000 163.00000000
355.00000000 140.00000000 0.00000000 163.00000000
10.00000000 464.00000000 0.00000000 162.00000000
539.00000000 322.00000000 0.00000000 159.00000000
550.00000000 350.00000000 1.00000000 159.00000000
572.00000000 275.00000000 1.00000000 158.00000000
440.00000000 252.00000000 4.00000000 158.00000000
289.00000000 420.00000000 1.00000000 156.00000000
455.00000000 62.00000000 0.00000000 155.00000000
271.00000000 430.00000000 0.00000000 154.00000000
301.00000000 424.00000000 1.00000000 153.00000000
355.00000000 106.00000000 0.00000000 153.00000000
623.00000000 366.00000000 0.00000000 152.00000000
550.00000000 350.00000000 1.00000000 151.00000000
18.00000000 10.00000000 0.00000000 150.00000000
94.00000000 463.00000000 0.00000000 148.00000000
342.00000000 98.00000000 0.00000000 148.00000000
564.00000000 319.00000000 0.00000000 145.00000000
564.00000000 320.00000000 1.00000000 144.00000000
404.00000000 66.00000000 1.00000000 144.00000000
15.00000000 392.00000000 0.00000000 143.00000000
569.00000000 228.00000000 0.00000000 140.00000000
403.00000000 66.00000000 1.00000000 139.00000000
135.00000000 465.00000000 0.00000000 138.00000000
532.00000000 301.00000000 0.00000000 137.00000000
421.00000000 316.00000000 0.00000000 135.00000000
355.00000000 106.00000000 1.00000000 135.00000000
413.00000000 63.00000000 1.00000000 132.00000000
571.00000000 246.00000000 1.00000000 131.00000000
95.00000000 463.00000000 1.00000000 130.00000000
572.00000000 245.00000000 1.00000000 130.00000000
542.00000000 135.00000000 1.00000000 126.00000000
539.00000000 322.00000000 1.00000000 123.00000000
608.00000000 181.00000000 0.00000000 120.00000000
19.00000000 37.00000000 0.00000000 119.00000000
159.00000000 220.00000000 1.00000000 117.00000000
401.00000000 343.00000000 0.00000000 117.00000000
76.00000000 47.00000000 0.00000000 116.00000000
608.00000000 183.00000000 1.00000000 115.00000000
337.00000000 193.00000000 0.00000000 115.00000000
623.00000000 367.00000000 1.00000000 112.00000000
59.00000000 35.00000000 0.00000000 111.00000000
598.00000000 321.00000000 0.00000000 111.00000000
572.00000000 244.00000000 0.00000000 109.00000000
20.00000000 38.00000000 1.00000000 109.00000000
426.00000000 333.00000000 0.00000000 108.00000000
166.00000000 224.00000000 0.00000000 108.00000000
444.00000000 228.00000000 0.00000000 108.00000000
435.00000000 254.00000000 5.00000000 107.00000000
105.00000000 77.00000000 1.00000000 107.00000000
468.00000000 76.00000000 0.00000000 107.00000000
28.00000000 461.00000000 0.00000000 106.00000000
332.00000000 439.00000000 0.00000000 106.00000000
404.00000000 65.00000000 0.00000000 105.00000000
73.00000000 35.00000000 0.00000000 104.00000000
572.00000000 171.00000000 0.00000000 103.00000000
597.00000000 282.00000000 0.00000000 103.00000000
354.00000000 182.00000000 0.00000000 102.00000000
282.00000000 219.00000000 0.00000000 101.00000000
277.00000000 200.00000000 0.00000000 100.00000000
331.00000000 188.00000000 0.00000000 100.00000000
44.00000000 80.00000000 0.00000000 99.00000000
347.00000000 154.00000000 0.00000000 98.00000000
579.00000000 277.00000000 0.00000000 97.00000000
597.00000000 135.00000000 0.00000000 95.00000000
542.00000000 283.00000000 0.00000000 95.00000000
