282.00000000 444.00000000 0.00000000 608.00000000
376.00000000 418.00000000 0.00000000 595.00000000
543.00000000 313.00000000 0.00000000 494.00000000
428.00000000 258.00000000 1.00000000 438.00000000
413.00000000 325.00000000 0.00000000 437.00000000
429.00000000 258.00000000 0.00000000 422.00000000
543.00000000 314.00000000 1.00000000 418.00000000
427.00000000 258.00000000 1.00000000 387.00000000
387.00000000 417.00000000 0.00000000 360.00000000
358.00000000 444.00000000 0.00000000 359.00000000
366.00000000 209.00000000 1.00000000 350.00000000
376.00000000 419.00000000 1.00000000 343.00000000
366.00000000 207.00000000 0.00000000 338.00000000
282.00000000 445.00000000 1.00000000 331.00000000
95.00000000 266.00000000 1.00000000 326.00000000
246.00000000 428.00000000 0.00000000 319.00000000
308.00000000 413.00000000 1.00000000 319.00000000
418.00000000 317.00000000 0.00000000 317.00000000
96.00000000 265.00000000 0.00000000 311.00000000
152.00000000 201.00000000 0.00000000 308.00000000
418.00000000 316.00000000 1.00000000 307.00000000
101.00000000 319.00000000 1.00000000 302.00000000
414.00000000 326.00000000 1.00000000 300.00000000
361.00000000 452.00000000 0.00000000 292.00000000
380.00000000 236.00000000 1.00000000 288.00000000
344.00000000 415.00000000 0.00000000 285.00000000
344.00000000 414.00000000 1.00000000 285.00000000
52.00000000 287.00000000 1.00000000 284.00000000
550.00000000 296.00000000 2.00000000 281.00000000
345.00000000 334.00000000 0.00000000 280.00000000
311.00000000 197.00000000 0.00000000 279.00000000
381.00000000 237.00000000 1.00000000 276.00000000
307.00000000 414.00000000 0.00000000 272.00000000
263.00000000 417.00000000 0.00000000 269.00000000
100.00000000 320.00000000 2.00000000 263.00000000
111.00000000 257.00000000 0.00000000 260.00000000
21.00000000 319.00000000 1.00000000 253.00000000
299.00000000 404.00000000 0.00000000 252.00000000
353.00000000 287.00000000 1.00000000 251.00000000
52.00000000 288.00000000 2.00000000 250.00000000
52.00000000 285.00000000 1.00000000 249.00000000
246.00000000 320.00000000 0.00000000 246.00000000
429.00000000 237.00000000 0.00000000 244.00000000
364.00000000 435.00000000 0.00000000 241.00000000
245.00000000 320.00000000 1.00000000 240.00000000
605.00000000 299.00000000 0.00000000 237.00000000
103.00000000 320.00000000 1.00000000 235.00000000
103.00000000 227.00000000 0.00000000 235.00000000
550.00000000 295.00000000 1.00000000 228.00000000
185.00000000 210.00000000 0.00000000 227.00000000
369.00000000 444.00000000 0.00000000 226.00000000
358.00000000 444.00000000 1.00000000 224.00000000
308.00000000 414.00000000 1.00000000 224.00000000
441.00000000 295.00000000 0.00000000 221.00000000
93.00000000 265.00000000 1.00000000 220.00000000
387.00000000 418.00000000 1.00000000 220.00000000
98.00000000 253.00000000 1.00000000 217.00000000
380.00000000 236.00000000 2.00000000 215.00000000
21.00000000 319.00000000 1.00000000 214.00000000
426.00000000 260.00000000 2.00000000 213.00000000
380.00000000 382.00000000 0.00000000 213.00000000
284.00000000 407.00000000 1.00000000 211.00000000
343.00000000 414.00000000 1.00000000 210.00000000
14.00000000 333.00000000 0.00000000 210.00000000
48.00000000 327.00000000 0.00000000 210.00000000
246.00000000 428.00000000 1.00000000 209.00000000
352.00000000 287.00000000 1.00000000 207.00000000
522.00000000 315.00000000 1.00000000 204.00000000
244.00000000 446.00000000 0.00000000 200.00000000
365.00000000 217.00000000 0.00000000 199.00000000
376.00000000 457.00000000 0.00000000 195.00000000
346.00000000 335.00000000 1.00000000 194.00000000
111.00000000 258.00000000 1.00000000 193.00000000
386.00000000 259.00000000 0.00000000 192.00000000
380.00000000 382.00000000 1.00000000 191.00000000
244.00000000 458.00000000 0.00000000 190.00000000
53.00000000 284.00000000 0.00000000 186.00000000
522.00000000 313.00000000 0.00000000 185.00000000
534.00000000 241.00000000 0.00000000 183.00000000
350.00000000 403.00000000 0.00000000 183.00000000
284.00000000 407.00000000 1.00000000 182.00000000
50.00000000 288.00000000 2.00000000 181.00000000
349.00000000 251.00000000 0.00000000 181.00000000
379.00000000 403.00000000 0.00000000 179.00000000
31.00000000 333.00000000 0.00000000 179.00000000
151.00000000 201.00000000 1.00000000 173.00000000
282.00000000 445.00000000 1.00000000 172.00000000
418.00000000 308.00000000 0.00000000 172.00000000
548.00000000 294.00000000 2.00000000 171.00000000
30.00000000 334.00000000 1.00000000 171.00000000
98.00000000 253.00000000 1.00000000 171.00000000
316.00000000 404.00000000 0.00000000 170.00000000
312.00000000 198.00000000 1.00000000 170.00000000
244.00000000 447.00000000 1.00000000 170.00000000
246.00000000 438.00000000 0.00000000 169.00000000
366.00000000 209.00000000 1.00000000 168.00000000
553.00000000 294.00000000 0.00000000 168.00000000
286.00000000 166.00000000 1.00000000 164.00000000
379.00000000 287.00000000 1.00000000 164.00000000
352.00000000 286.00000000 0.00000000 162.00000000
364.00000000 328.00000000 2.00000000 162.00000000
172.00000000 218.00000000 0.00000000 162.00000000
306.00000000 403.00000000 0.00000000 161.00000000
349.00000000 251.00000000 1.00000000 160.00000000
22.00000000 267.00000000 0.00000000 156.00000000
453.00000000 296.00000000 0.00000000 156.00000000
286.00000000 166.00000000 0.00000000 154.00000000
379.00000000 381.00000000 1.00000000 154.00000000
417.00000000 315.00000000 1.00000000 153.00000000
346.00000000 416.00000000 2.00000000 152.00000000
371.00000000 224.00000000 0.00000000 151.00000000
103.00000000 321.00000000 0.00000000 150.00000000
173.00000000 240.00000000 0.00000000 149.00000000
456.00000000 288.00000000 0.00000000 148.00000000
45.00000000 255.00000000 0.00000000 147.00000000
379.00000000 287.00000000 0.00000000 147.00000000
96.00000000 319.00000000 2.00000000 146.00000000
38.00000000 245.00000000 0.00000000 146.00000000
255.00000000 302.00000000 0.00000000 145.00000000
476.00000000 388.00000000 0.00000000 145.00000000
360.00000000 370.00000000 0.00000000 144.00000000
370.00000000 166.00000000 0.00000000 144.00000000
380.00000000 382.00000000 2.00000000 142.00000000
379.00000000 237.00000000 2.00000000 134.00000000
312.00000000 184.00000000 4.00000000 130.00000000
376.00000000 236.00000000 4.00000000 99.00000000
96.00000000 260.00000000 5.00000000 87.00000000
