376.00000000 419.00000000 0.00000000 638.00000000
414.00000000 325.00000000 0.00000000 631.00000000
282.00000000 444.00000000 0.00000000 555.00000000
414.00000000 326.00000000 1.00000000 461.00000000
428.00000000 258.00000000 1.00000000 438.00000000
429.00000000 258.00000000 0.00000000 433.00000000
453.00000000 296.00000000 0.00000000 428.00000000
543.00000000 313.00000000 0.00000000 414.00000000
376.00000000 420.00000000 1.00000000 411.00000000
427.00000000 258.00000000 1.00000000 406.00000000
387.00000000 417.00000000 0.00000000 402.00000000
152.00000000 201.00000000 0.00000000 398.00000000
344.00000000 415.00000000 0.00000000 393.00000000
308.00000000 414.00000000 1.00000000 387.00000000
550.00000000 296.00000000 2.00000000 349.00000000
308.00000000 414.00000000 0.00000000 349.00000000
344.00000000 415.00000000 1.00000000 348.00000000
544.00000000 315.00000000 1.00000000 344.00000000
246.00000000 428.00000000 0.00000000 341.00000000
48.00000000 327.00000000 0.00000000 334.00000000
312.00000000 197.00000000 0.00000000 333.00000000
358.00000000 444.00000000 0.00000000 330.00000000
52.00000000 287.00000000 1.00000000 329.00000000
419.00000000 317.00000000 0.00000000 312.00000000
367.00000000 209.00000000 1.00000000 310.00000000
95.00000000 265.00000000 1.00000000 309.00000000
96.00000000 265.00000000 0.00000000 306.00000000
53.00000000 285.00000000 1.00000000 305.00000000
299.00000000 404.00000000 0.00000000 305.00000000
283.00000000 408.00000000 1.00000000 298.00000000
454.00000000 296.00000000 1.00000000 294.00000000
282.00000000 408.00000000 1.00000000 290.00000000
282.00000000 445.00000000 1.00000000 287.00000000
550.00000000 295.00000000 1.00000000 283.00000000
346.00000000 335.00000000 0.00000000 279.00000000
52.00000000 288.00000000 2.00000000 278.00000000
350.00000000 404.00000000 0.00000000 275.00000000
308.00000000 414.00000000 1.00000000 271.00000000
246.00000000 320.00000000 0.00000000 263.00000000
111.00000000 257.00000000 0.00000000 261.00000000
21.00000000 319.00000000 1.00000000 259.00000000
245.00000000 320.00000000 1.00000000 255.00000000
53.00000000 284.00000000 0.00000000 248.00000000
426.00000000 260.00000000 2.00000000 248.00000000
101.00000000 319.00000000 1.00000000 247.00000000
282.00000000 409.00000000 0.00000000 245.00000000
98.00000000 253.00000000 1.00000000 244.00000000
387.00000000 418.00000000 1.00000000 241.00000000
244.00000000 458.00000000 0.00000000 240.00000000
312.00000000 198.00000000 1.00000000 238.00000000
380.00000000 237.00000000 1.00000000 237.00000000
48.00000000 328.00000000 1.00000000 237.00000000
14.00000000 333.00000000 0.00000000 236.00000000
366.00000000 210.00000000 0.00000000 236.00000000
151.00000000 201.00000000 1.00000000 234.00000000
21.00000000 319.00000000 1.00000000 234.00000000
185.00000000 210.00000000 0.00000000 234.00000000
103.00000000 277.00000000 0.00000000 233.00000000
381.00000000 237.00000000 1.00000000 232.00000000
373.00000000 409.00000000 0.00000000 228.00000000
103.00000000 227.00000000 0.00000000 226.00000000
361.00000000 452.00000000 0.00000000 224.00000000
522.00000000 313.00000000 0.00000000 222.00000000
548.00000000 294.00000000 2.00000000 222.00000000
306.00000000 404.00000000 0.00000000 220.00000000
364.00000000 435.00000000 0.00000000 219.00000000
316.00000000 404.00000000 0.00000000 218.00000000
353.00000000 288.00000000 1.00000000 212.00000000
100.00000000 320.00000000 2.00000000 210.00000000
606.00000000 300.00000000 0.00000000 209.00000000
373.00000000 409.00000000 1.00000000 209.00000000
103.00000000 320.00000000 1.00000000 209.00000000
343.00000000 415.00000000 1.00000000 208.00000000
263.00000000 417.00000000 0.00000000 208.00000000
441.00000000 295.00000000 0.00000000 206.00000000
379.00000000 404.00000000 0.00000000 206.00000000
93.00000000 265.00000000 1.00000000 206.00000000
380.00000000 382.00000000 0.00000000 204.00000000
369.00000000 444.00000000 0.00000000 203.00000000
429.00000000 238.00000000 0.00000000 199.00000000
380.00000000 238.00000000 2.00000000 199.00000000
46.00000000 328.00000000 1.00000000 197.00000000
246.00000000 438.00000000 0.00000000 196.00000000
376.00000000 458.00000000 0.00000000 192.00000000
50.00000000 288.00000000 2.00000000 192.00000000
522.00000000 314.00000000 1.00000000 190.00000000
419.00000000 317.00000000 1.00000000 189.00000000
358.00000000 445.00000000 1.00000000 188.00000000
375.00000000 210.00000000 0.00000000 187.00000000
346.00000000 335.00000000 1.00000000 187.00000000
553.00000000 294.00000000 0.00000000 186.00000000
149.00000000 231.00000000 0.00000000 186.00000000
99.00000000 254.00000000 1.00000000 184.00000000
246.00000000 428.00000000 1.00000000 183.00000000
286.00000000 166.00000000 1.00000000 181.00000000
350.00000000 251.00000000 0.00000000 181.00000000
380.00000000 382.00000000 1.00000000 180.00000000
350.00000000 404.00000000 1.00000000 179.00000000
111.00000000 258.00000000 1.00000000 175.00000000
387.00000000 404.00000000 0.00000000 173.00000000
284.00000000 408.00000000 2.00000000 172.00000000
318.00000000 241.00000000 0.00000000 171.00000000
28.00000000 334.00000000 0.00000000 169.00000000
352.00000000 288.00000000 1.00000000 169.00000000
534.00000000 241.00000000 0.00000000 168.00000000
456.00000000 288.00000000 0.00000000 168.00000000
432.00000000 375.00000000 0.00000000 168.00000000
376.00000000 420.00000000 1.00000000 167.00000000
414.00000000 326.00000000 1.00000000 167.00000000
20.00000000 328.00000000 0.00000000 167.00000000
46.00000000 328.00000000 2.00000000 167.00000000
287.00000000 166.00000000 0.00000000 165.00000000
235.00000000 240.00000000 0.00000000 163.00000000
370.00000000 166.00000000 0.00000000 163.00000000
309.00000000 376.00000000 0.00000000 163.00000000
366.00000000 209.00000000 1.00000000 161.00000000
21.00000000 318.00000000 0.00000000 161.00000000
38.00000000 245.00000000 0.00000000 160.00000000
169.00000000 323.00000000 0.00000000 160.00000000
245.00000000 446.00000000 0.00000000 160.00000000
268.00000000 157.00000000 0.00000000 159.00000000
98.00000000 254.00000000 2.00000000 151.00000000
379.00000000 237.00000000 2.00000000 143.00000000
312.00000000 184.00000000 4.00000000 132.00000000
313.00000000 181.00000000 2.00000000 125.00000000
548.00000000 296.00000000 4.00000000 118.00000000
418.00000000 305.00000000 5.00000000 88.00000000
