282.00000000 444.00000000 0.00000000 639.00000000
543.00000000 313.00000000 0.00000000 504.00000000
543.00000000 314.00000000 1.00000000 436.00000000
366.00000000 208.00000000 1.00000000 420.00000000
366.00000000 207.00000000 0.00000000 416.00000000
428.00000000 258.00000000 1.00000000 404.00000000
101.00000000 319.00000000 1.00000000 369.00000000
428.00000000 258.00000000 0.00000000 367.00000000
282.00000000 444.00000000 1.00000000 357.00000000
375.00000000 417.00000000 0.00000000 351.00000000
103.00000000 319.00000000 1.00000000 350.00000000
353.00000000 286.00000000 1.00000000 346.00000000
427.00000000 258.00000000 1.00000000 332.00000000
381.00000000 237.00000000 1.00000000 326.00000000
380.00000000 236.00000000 1.00000000 312.00000000
365.00000000 216.00000000 0.00000000 311.00000000
100.00000000 320.00000000 2.00000000 308.00000000
246.00000000 320.00000000 0.00000000 302.00000000
387.00000000 417.00000000 0.00000000 295.00000000
263.00000000 417.00000000 0.00000000 292.00000000
52.00000000 288.00000000 2.00000000 288.00000000
52.00000000 285.00000000 1.00000000 287.00000000
380.00000000 382.00000000 0.00000000 283.00000000
50.00000000 288.00000000 2.00000000 281.00000000
152.00000000 201.00000000 0.00000000 279.00000000
367.00000000 415.00000000 0.00000000 278.00000000
368.00000000 444.00000000 0.00000000 278.00000000
41.00000000 231.00000000 0.00000000 274.00000000
186.00000000 210.00000000 0.00000000 272.00000000
441.00000000 295.00000000 0.00000000 272.00000000
509.00000000 263.00000000 1.00000000 272.00000000
246.00000000 427.00000000 0.00000000 270.00000000
101.00000000 219.00000000 0.00000000 267.00000000
386.00000000 258.00000000 0.00000000 266.00000000
429.00000000 377.00000000 1.00000000 265.00000000
418.00000000 316.00000000 1.00000000 263.00000000
418.00000000 316.00000000 0.00000000 262.00000000
245.00000000 320.00000000 1.00000000 260.00000000
352.00000000 285.00000000 1.00000000 257.00000000
53.00000000 284.00000000 1.00000000 252.00000000
111.00000000 257.00000000 0.00000000 248.00000000
103.00000000 226.00000000 0.00000000 244.00000000
40.00000000 232.00000000 1.00000000 240.00000000
380.00000000 380.00000000 2.00000000 238.00000000
380.00000000 236.00000000 2.00000000 237.00000000
278.00000000 430.00000000 1.00000000 236.00000000
21.00000000 318.00000000 1.00000000 235.00000000
379.00000000 287.00000000 1.00000000 233.00000000
84.00000000 226.00000000 2.00000000 228.00000000
352.00000000 284.00000000 0.00000000 226.00000000
113.00000000 228.00000000 0.00000000 226.00000000
244.00000000 446.00000000 0.00000000 226.00000000
379.00000000 287.00000000 0.00000000 225.00000000
380.00000000 382.00000000 1.00000000 220.00000000
414.00000000 325.00000000 0.00000000 219.00000000
366.00000000 209.00000000 1.00000000 218.00000000
379.00000000 381.00000000 1.00000000 213.00000000
97.00000000 253.00000000 1.00000000 213.00000000
550.00000000 294.00000000 2.00000000 212.00000000
103.00000000 319.00000000 0.00000000 207.00000000
521.00000000 313.00000000 0.00000000 207.00000000
417.00000000 315.00000000 1.00000000 206.00000000
306.00000000 420.00000000 0.00000000 206.00000000
430.00000000 237.00000000 0.00000000 202.00000000
387.00000000 417.00000000 1.00000000 201.00000000
451.00000000 295.00000000 1.00000000 200.00000000
534.00000000 241.00000000 0.00000000 199.00000000
307.00000000 411.00000000 0.00000000 197.00000000
476.00000000 383.00000000 0.00000000 196.00000000
510.00000000 263.00000000 1.00000000 195.00000000
430.00000000 378.00000000 1.00000000 194.00000000
430.00000000 378.00000000 2.00000000 194.00000000
379.00000000 379.00000000 2.00000000 190.00000000
391.00000000 309.00000000 0.00000000 190.00000000
86.00000000 226.00000000 1.00000000 189.00000000
111.00000000 258.00000000 1.00000000 189.00000000
277.00000000 431.00000000 1.00000000 188.00000000
23.00000000 297.00000000 0.00000000 188.00000000
308.00000000 412.00000000 1.00000000 188.00000000
53.00000000 283.00000000 0.00000000 187.00000000
64.00000000 264.00000000 0.00000000 187.00000000
309.00000000 375.00000000 0.00000000 187.00000000
186.00000000 210.00000000 1.00000000 185.00000000
277.00000000 429.00000000 0.00000000 185.00000000
358.00000000 444.00000000 0.00000000 184.00000000
21.00000000 318.00000000 1.00000000 182.00000000
140.00000000 195.00000000 0.00000000 182.00000000
97.00000000 266.00000000 1.00000000 182.00000000
392.00000000 309.00000000 1.00000000 181.00000000
125.00000000 224.00000000 0.00000000 181.00000000
450.00000000 295.00000000 0.00000000 181.00000000
286.00000000 166.00000000 1.00000000 177.00000000
376.00000000 444.00000000 1.00000000 176.00000000
550.00000000 294.00000000 1.00000000 176.00000000
97.00000000 265.00000000 0.00000000 175.00000000
382.00000000 236.00000000 0.00000000 174.00000000
95.00000000 233.00000000 0.00000000 174.00000000
386.00000000 266.00000000 0.00000000 174.00000000
31.00000000 333.00000000 0.00000000 174.00000000
364.00000000 434.00000000 0.00000000 174.00000000
377.00000000 444.00000000 0.00000000 174.00000000
492.00000000 313.00000000 0.00000000 173.00000000
31.00000000 333.00000000 1.00000000 173.00000000
448.00000000 388.00000000 1.00000000 173.00000000
455.00000000 240.00000000 0.00000000 172.00000000
246.00000000 428.00000000 1.00000000 172.00000000
522.00000000 314.00000000 1.00000000 171.00000000
377.00000000 445.00000000 1.00000000 170.00000000
430.00000000 237.00000000 1.00000000 170.00000000
113.00000000 228.00000000 1.00000000 170.00000000
508.00000000 264.00000000 2.00000000 169.00000000
553.00000000 294.00000000 0.00000000 165.00000000
346.00000000 335.00000000 0.00000000 164.00000000
370.00000000 166.00000000 0.00000000 163.00000000
286.00000000 166.00000000 0.00000000 162.00000000
100.00000000 260.00000000 4.00000000 161.00000000
311.00000000 197.00000000 0.00000000 159.00000000
482.00000000 359.00000000 0.00000000 156.00000000
96.00000000 319.00000000 2.00000000 155.00000000
163.00000000 220.00000000 0.00000000 154.00000000
267.00000000 241.00000000 0.00000000 153.00000000
347.00000000 199.00000000 0.00000000 153.00000000
350.00000000 250.00000000 0.00000000 152.00000000
275.00000000 417.00000000 0.00000000 151.00000000
84.00000000 223.00000000 2.00000000 150.00000000
312.00000000 184.00000000 4.00000000 135.00000000
96.00000000 260.00000000 5.00000000 110.00000000
