544.00000000 315.00000000 1.00000000 506.00000000
414.00000000 325.00000000 0.00000000 504.00000000
376.00000000 420.00000000 0.00000000 500.00000000
543.00000000 313.00000000 0.00000000 486.00000000
152.00000000 202.00000000 0.00000000 462.00000000
246.00000000 428.00000000 0.00000000 433.00000000
376.00000000 420.00000000 1.00000000 429.00000000
429.00000000 258.00000000 0.00000000 424.00000000
550.00000000 296.00000000 2.00000000 415.00000000
428.00000000 258.00000000 1.00000000 395.00000000
387.00000000 417.00000000 0.00000000 391.00000000
312.00000000 197.00000000 0.00000000 384.00000000
414.00000000 326.00000000 1.00000000 376.00000000
358.00000000 444.00000000 0.00000000 375.00000000
454.00000000 296.00000000 0.00000000 372.00000000
151.00000000 202.00000000 1.00000000 368.00000000
427.00000000 258.00000000 1.00000000 367.00000000
282.00000000 408.00000000 1.00000000 350.00000000
48.00000000 328.00000000 0.00000000 350.00000000
606.00000000 301.00000000 0.00000000 350.00000000
52.00000000 287.00000000 1.00000000 348.00000000
548.00000000 296.00000000 2.00000000 341.00000000
344.00000000 415.00000000 0.00000000 337.00000000
48.00000000 328.00000000 1.00000000 329.00000000
308.00000000 414.00000000 1.00000000 328.00000000
282.00000000 445.00000000 0.00000000 324.00000000
606.00000000 301.00000000 1.00000000 321.00000000
53.00000000 285.00000000 1.00000000 318.00000000
419.00000000 317.00000000 1.00000000 317.00000000
550.00000000 295.00000000 1.00000000 297.00000000
308.00000000 414.00000000 0.00000000 297.00000000
419.00000000 317.00000000 0.00000000 291.00000000
169.00000000 324.00000000 0.00000000 282.00000000
52.00000000 288.00000000 2.00000000 278.00000000
344.00000000 416.00000000 1.00000000 274.00000000
282.00000000 410.00000000 2.00000000 273.00000000
46.00000000 328.00000000 1.00000000 270.00000000
21.00000000 319.00000000 1.00000000 267.00000000
111.00000000 258.00000000 0.00000000 256.00000000
312.00000000 198.00000000 1.00000000 254.00000000
185.00000000 210.00000000 0.00000000 253.00000000
398.00000000 405.00000000 0.00000000 253.00000000
418.00000000 315.00000000 1.00000000 252.00000000
20.00000000 329.00000000 0.00000000 250.00000000
53.00000000 284.00000000 0.00000000 250.00000000
376.00000000 421.00000000 1.00000000 248.00000000
21.00000000 319.00000000 1.00000000 245.00000000
455.00000000 297.00000000 1.00000000 242.00000000
426.00000000 260.00000000 2.00000000 241.00000000
456.00000000 287.00000000 0.00000000 240.00000000
46.00000000 328.00000000 2.00000000 239.00000000
388.00000000 418.00000000 1.00000000 237.00000000
359.00000000 445.00000000 1.00000000 231.00000000
282.00000000 428.00000000 1.00000000 226.00000000
98.00000000 253.00000000 1.00000000 225.00000000
288.00000000 341.00000000 0.00000000 225.00000000
306.00000000 420.00000000 0.00000000 224.00000000
283.00000000 428.00000000 1.00000000 221.00000000
283.00000000 408.00000000 1.00000000 218.00000000
553.00000000 294.00000000 0.00000000 215.00000000
465.00000000 248.00000000 0.00000000 213.00000000
318.00000000 241.00000000 0.00000000 213.00000000
550.00000000 303.00000000 1.00000000 210.00000000
274.00000000 446.00000000 0.00000000 208.00000000
265.00000000 241.00000000 0.00000000 208.00000000
361.00000000 453.00000000 0.00000000 205.00000000
247.00000000 428.00000000 1.00000000 204.00000000
548.00000000 296.00000000 4.00000000 203.00000000
522.00000000 313.00000000 0.00000000 202.00000000
174.00000000 241.00000000 0.00000000 201.00000000
286.00000000 166.00000000 1.00000000 198.00000000
346.00000000 335.00000000 0.00000000 197.00000000
169.00000000 324.00000000 1.00000000 196.00000000
375.00000000 211.00000000 0.00000000 193.00000000
456.00000000 287.00000000 1.00000000 190.00000000
85.00000000 224.00000000 0.00000000 189.00000000
287.00000000 166.00000000 0.00000000 188.00000000
273.00000000 357.00000000 0.00000000 188.00000000
111.00000000 258.00000000 1.00000000 188.00000000
282.00000000 410.00000000 2.00000000 188.00000000
287.00000000 318.00000000 0.00000000 188.00000000
367.00000000 209.00000000 1.00000000 187.00000000
99.00000000 254.00000000 1.00000000 185.00000000
101.00000000 319.00000000 1.00000000 184.00000000
263.00000000 417.00000000 0.00000000 181.00000000
350.00000000 251.00000000 0.00000000 181.00000000
21.00000000 318.00000000 0.00000000 178.00000000
172.00000000 218.00000000 0.00000000 177.00000000
349.00000000 252.00000000 1.00000000 176.00000000
172.00000000 219.00000000 1.00000000 175.00000000
50.00000000 288.00000000 2.00000000 174.00000000
245.00000000 320.00000000 1.00000000 174.00000000
401.00000000 243.00000000 0.00000000 173.00000000
245.00000000 320.00000000 0.00000000 172.00000000
103.00000000 321.00000000 1.00000000 172.00000000
273.00000000 190.00000000 0.00000000 171.00000000
269.00000000 158.00000000 1.00000000 170.00000000
56.00000000 135.00000000 0.00000000 169.00000000
544.00000000 315.00000000 1.00000000 169.00000000
20.00000000 329.00000000 1.00000000 168.00000000
550.00000000 302.00000000 0.00000000 168.00000000
301.00000000 240.00000000 0.00000000 167.00000000
351.00000000 458.00000000 0.00000000 167.00000000
13.00000000 334.00000000 0.00000000 166.00000000
308.00000000 415.00000000 1.00000000 165.00000000
493.00000000 313.00000000 0.00000000 164.00000000
268.00000000 157.00000000 0.00000000 164.00000000
418.00000000 314.00000000 2.00000000 164.00000000
95.00000000 266.00000000 0.00000000 163.00000000
534.00000000 241.00000000 0.00000000 162.00000000
311.00000000 199.00000000 1.00000000 161.00000000
370.00000000 166.00000000 0.00000000 161.00000000
285.00000000 166.00000000 1.00000000 161.00000000
366.00000000 209.00000000 1.00000000 160.00000000
100.00000000 320.00000000 2.00000000 158.00000000
246.00000000 438.00000000 0.00000000 157.00000000
45.00000000 328.00000000 2.00000000 155.00000000
508.00000000 214.00000000 0.00000000 155.00000000
432.00000000 374.00000000 0.00000000 150.00000000
98.00000000 254.00000000 2.00000000 149.00000000
267.00000000 179.00000000 0.00000000 148.00000000
309.00000000 376.00000000 0.00000000 148.00000000
350.00000000 218.00000000 0.00000000 147.00000000
240.00000000 453.00000000 0.00000000 146.00000000
315.00000000 168.00000000 0.00000000 145.00000000
180.00000000 204.00000000 4.00000000 132.00000000
543.00000000 299.00000000 5.00000000 123.00000000
