543.00000000 313.00000000 0.00000000 581.00000000
282.00000000 444.00000000 0.00000000 559.00000000
543.00000000 314.00000000 1.00000000 517.00000000
366.00000000 208.00000000 1.00000000 460.00000000
366.00000000 207.00000000 0.00000000 448.00000000
365.00000000 216.00000000 0.00000000 398.00000000
352.00000000 286.00000000 1.00000000 380.00000000
428.00000000 258.00000000 0.00000000 352.00000000
428.00000000 258.00000000 1.00000000 350.00000000
101.00000000 319.00000000 1.00000000 348.00000000
103.00000000 320.00000000 1.00000000 345.00000000
478.00000000 311.00000000 0.00000000 340.00000000
282.00000000 445.00000000 1.00000000 339.00000000
357.00000000 444.00000000 0.00000000 334.00000000
429.00000000 377.00000000 1.00000000 334.00000000
185.00000000 210.00000000 0.00000000 333.00000000
521.00000000 313.00000000 0.00000000 328.00000000
418.00000000 316.00000000 1.00000000 322.00000000
379.00000000 382.00000000 0.00000000 308.00000000
102.00000000 219.00000000 0.00000000 302.00000000
368.00000000 444.00000000 0.00000000 298.00000000
521.00000000 314.00000000 1.00000000 296.00000000
352.00000000 284.00000000 0.00000000 294.00000000
418.00000000 316.00000000 0.00000000 288.00000000
263.00000000 417.00000000 0.00000000 288.00000000
100.00000000 320.00000000 2.00000000 283.00000000
375.00000000 417.00000000 0.00000000 283.00000000
381.00000000 237.00000000 1.00000000 265.00000000
50.00000000 288.00000000 2.00000000 264.00000000
367.00000000 415.00000000 0.00000000 264.00000000
380.00000000 236.00000000 1.00000000 262.00000000
379.00000000 286.00000000 0.00000000 259.00000000
427.00000000 258.00000000 1.00000000 259.00000000
246.00000000 320.00000000 0.00000000 258.00000000
23.00000000 296.00000000 0.00000000 257.00000000
244.00000000 446.00000000 0.00000000 257.00000000
449.00000000 295.00000000 0.00000000 250.00000000
113.00000000 228.00000000 0.00000000 250.00000000
379.00000000 287.00000000 1.00000000 249.00000000
441.00000000 295.00000000 0.00000000 248.00000000
277.00000000 431.00000000 1.00000000 243.00000000
417.00000000 315.00000000 1.00000000 243.00000000
52.00000000 288.00000000 2.00000000 240.00000000
152.00000000 201.00000000 0.00000000 239.00000000
352.00000000 285.00000000 1.00000000 235.00000000
52.00000000 285.00000000 1.00000000 235.00000000
112.00000000 262.00000000 1.00000000 233.00000000
430.00000000 378.00000000 2.00000000 233.00000000
40.00000000 232.00000000 0.00000000 233.00000000
366.00000000 209.00000000 1.00000000 232.00000000
430.00000000 379.00000000 1.00000000 231.00000000
379.00000000 382.00000000 1.00000000 230.00000000
186.00000000 210.00000000 1.00000000 228.00000000
451.00000000 295.00000000 1.00000000 223.00000000
245.00000000 320.00000000 1.00000000 221.00000000
103.00000000 320.00000000 0.00000000 221.00000000
96.00000000 234.00000000 0.00000000 217.00000000
100.00000000 260.00000000 4.00000000 216.00000000
112.00000000 261.00000000 0.00000000 215.00000000
246.00000000 427.00000000 0.00000000 215.00000000
386.00000000 417.00000000 0.00000000 212.00000000
380.00000000 236.00000000 2.00000000 210.00000000
476.00000000 380.00000000 0.00000000 209.00000000
40.00000000 232.00000000 1.00000000 208.00000000
53.00000000 284.00000000 1.00000000 207.00000000
413.00000000 325.00000000 0.00000000 207.00000000
391.00000000 309.00000000 0.00000000 203.00000000
358.00000000 444.00000000 1.00000000 200.00000000
492.00000000 313.00000000 0.00000000 200.00000000
103.00000000 226.00000000 0.00000000 198.00000000
84.00000000 226.00000000 2.00000000 197.00000000
379.00000000 381.00000000 1.00000000 197.00000000
139.00000000 195.00000000 0.00000000 197.00000000
347.00000000 199.00000000 0.00000000 196.00000000
386.00000000 258.00000000 0.00000000 195.00000000
377.00000000 454.00000000 1.00000000 195.00000000
382.00000000 236.00000000 0.00000000 192.00000000
277.00000000 431.00000000 1.00000000 192.00000000
95.00000000 234.00000000 1.00000000 192.00000000
97.00000000 253.00000000 1.00000000 189.00000000
113.00000000 228.00000000 1.00000000 188.00000000
243.00000000 448.00000000 1.00000000 188.00000000
451.00000000 295.00000000 1.00000000 188.00000000
360.00000000 452.00000000 0.00000000 187.00000000
550.00000000 294.00000000 2.00000000 187.00000000
448.00000000 388.00000000 1.00000000 187.00000000
455.00000000 240.00000000 0.00000000 186.00000000
163.00000000 220.00000000 0.00000000 184.00000000
21.00000000 318.00000000 1.00000000 184.00000000
277.00000000 431.00000000 0.00000000 183.00000000
511.00000000 263.00000000 0.00000000 183.00000000
367.00000000 416.00000000 1.00000000 182.00000000
166.00000000 212.00000000 0.00000000 182.00000000
509.00000000 263.00000000 1.00000000 179.00000000
520.00000000 313.00000000 1.00000000 179.00000000
98.00000000 265.00000000 0.00000000 178.00000000
533.00000000 241.00000000 0.00000000 178.00000000
391.00000000 310.00000000 1.00000000 177.00000000
364.00000000 434.00000000 0.00000000 177.00000000
21.00000000 318.00000000 1.00000000 173.00000000
617.00000000 294.00000000 0.00000000 172.00000000
476.00000000 380.00000000 1.00000000 169.00000000
299.00000000 393.00000000 0.00000000 169.00000000
64.00000000 264.00000000 0.00000000 169.00000000
387.00000000 417.00000000 1.00000000 167.00000000
376.00000000 454.00000000 0.00000000 166.00000000
430.00000000 237.00000000 0.00000000 165.00000000
244.00000000 447.00000000 1.00000000 165.00000000
48.00000000 267.00000000 0.00000000 161.00000000
510.00000000 263.00000000 1.00000000 160.00000000
482.00000000 359.00000000 0.00000000 159.00000000
466.00000000 295.00000000 0.00000000 159.00000000
98.00000000 266.00000000 1.00000000 158.00000000
53.00000000 283.00000000 0.00000000 158.00000000
311.00000000 197.00000000 0.00000000 155.00000000
552.00000000 294.00000000 0.00000000 154.00000000
36.00000000 254.00000000 0.00000000 153.00000000
307.00000000 411.00000000 0.00000000 152.00000000
449.00000000 386.00000000 0.00000000 147.00000000
313.00000000 181.00000000 2.00000000 145.00000000
84.00000000 223.00000000 2.00000000 145.00000000
286.00000000 166.00000000 0.00000000 142.00000000
312.00000000 184.00000000 4.00000000 141.00000000
110.00000000 262.00000000 2.00000000 138.00000000
96.00000000 319.00000000 2.00000000 137.00000000
96.00000000 265.00000000 5.00000000 134.00000000
378.00000000 382.00000000 2.00000000 130.00000000
