304.00000000 112.00000000 4.00000000 860.00000000
308.00000000 115.00000000 2.00000000 845.00000000
305.00000000 107.00000000 5.00000000 764.00000000
310.00000000 116.00000000 2.00000000 702.00000000
680.00000000 276.00000000 4.00000000 600.00000000
160.00000000 200.00000000 2.00000000 590.00000000
161.00000000 200.00000000 2.00000000 562.00000000
372.00000000 113.00000000 0.00000000 526.00000000
722.00000000 388.00000000 2.00000000 517.00000000
681.00000000 277.00000000 2.00000000 501.00000000
721.00000000 390.00000000 2.00000000 496.00000000
721.00000000 387.00000000 1.00000000 488.00000000
309.00000000 117.00000000 1.00000000 437.00000000
388.00000000 16.00000000 0.00000000 432.00000000
728.00000000 424.00000000 2.00000000 420.00000000
728.00000000 422.00000000 1.00000000 415.00000000
721.00000000 385.00000000 1.00000000 412.00000000
142.00000000 34.00000000 2.00000000 398.00000000
372.00000000 113.00000000 1.00000000 398.00000000
142.00000000 33.00000000 1.00000000 388.00000000
672.00000000 188.00000000 2.00000000 386.00000000
159.00000000 197.00000000 1.00000000 365.00000000
671.00000000 186.00000000 1.00000000 364.00000000
680.00000000 278.00000000 2.00000000 345.00000000
729.00000000 423.00000000 1.00000000 338.00000000
673.00000000 185.00000000 1.00000000 321.00000000
721.00000000 384.00000000 0.00000000 320.00000000
427.00000000 89.00000000 1.00000000 308.00000000
407.00000000 43.00000000 0.00000000 303.00000000
686.00000000 136.00000000 2.00000000 303.00000000
400.00000000 87.00000000 0.00000000 300.00000000
389.00000000 17.00000000 1.00000000 298.00000000
409.00000000 109.00000000 0.00000000 284.00000000
685.00000000 142.00000000 1.00000000 281.00000000
420.00000000 48.00000000 1.00000000 278.00000000
310.00000000 118.00000000 1.00000000 275.00000000
617.00000000 584.00000000 1.00000000 274.00000000
427.00000000 90.00000000 1.00000000 271.00000000
729.00000000 423.00000000 0.00000000 265.00000000
143.00000000 34.00000000 1.00000000 261.00000000
159.00000000 214.00000000 0.00000000 246.00000000
617.00000000 584.00000000 0.00000000 238.00000000
685.00000000 140.00000000 1.00000000 238.00000000
323.00000000 588.00000000 0.00000000 236.00000000
680.00000000 275.00000000 1.00000000 234.00000000
401.00000000 87.00000000 1.00000000 233.00000000
673.00000000 183.00000000 0.00000000 229.00000000
685.00000000 142.00000000 0.00000000 227.00000000
427.00000000 90.00000000 0.00000000 226.00000000
420.00000000 48.00000000 1.00000000 211.00000000
635.00000000 183.00000000 1.00000000 208.00000000
159.00000000 214.00000000 1.00000000 200.00000000
255.00000000 62.00000000 1.00000000 196.00000000
426.00000000 65.00000000 1.00000000 196.00000000
634.00000000 183.00000000 1.00000000 193.00000000
407.00000000 44.00000000 1.00000000 190.00000000
784.00000000 396.00000000 0.00000000 187.00000000
366.00000000 291.00000000 1.00000000 186.00000000
461.00000000 118.00000000 1.00000000 184.00000000
634.00000000 182.00000000 0.00000000 181.00000000
780.00000000 401.00000000 1.00000000 180.00000000
409.00000000 109.00000000 1.00000000 177.00000000
160.00000000 196.00000000 1.00000000 173.00000000
128.00000000 103.00000000 1.00000000 170.00000000
332.00000000 33.00000000 0.00000000 167.00000000
257.00000000 62.00000000 1.00000000 167.00000000
165.00000000 486.00000000 1.00000000 164.00000000
310.00000000 118.00000000 0.00000000 163.00000000
681.00000000 271.00000000 1.00000000 160.00000000
366.00000000 291.00000000 0.00000000 158.00000000
233.00000000 32.00000000 1.00000000 155.00000000
342.00000000 33.00000000 0.00000000 155.00000000
462.00000000 119.00000000 1.00000000 153.00000000
143.00000000 35.00000000 0.00000000 152.00000000
426.00000000 65.00000000 0.00000000 152.00000000
372.00000000 232.00000000 1.00000000 150.00000000
340.00000000 551.00000000 1.00000000 147.00000000
529.00000000 186.00000000 1.00000000 147.00000000
234.00000000 33.00000000 1.00000000 144.00000000
343.00000000 86.00000000 0.00000000 143.00000000
240.00000000 85.00000000 1.00000000 142.00000000
710.00000000 341.00000000 1.00000000 142.00000000
405.00000000 240.00000000 0.00000000 140.00000000
467.00000000 134.00000000 1.00000000 139.00000000
765.00000000 448.00000000 0.00000000 136.00000000
86.00000000 152.00000000 0.00000000 135.00000000
677.00000000 235.00000000 1.00000000 132.00000000
258.00000000 61.00000000 0.00000000 132.00000000
340.00000000 550.00000000 0.00000000 131.00000000
131.00000000 102.00000000 1.00000000 129.00000000
601.00000000 571.00000000 0.00000000 128.00000000
420.00000000 48.00000000 0.00000000 126.00000000
349.00000000 21.00000000 0.00000000 126.00000000
685.00000000 117.00000000 0.00000000 125.00000000
681.00000000 270.00000000 0.00000000 125.00000000
264.00000000 534.00000000 0.00000000 124.00000000
241.00000000 84.00000000 0.00000000 120.00000000
371.00000000 232.00000000 0.00000000 118.00000000
48.00000000 206.00000000 0.00000000 118.00000000
41.00000000 61.00000000 0.00000000 110.00000000
287.00000000 487.00000000 0.00000000 110.00000000
462.00000000 119.00000000 0.00000000 109.00000000
364.00000000 40.00000000 0.00000000 108.00000000
761.00000000 88.00000000 0.00000000 108.00000000
680.00000000 284.00000000 0.00000000 105.00000000
529.00000000 185.00000000 0.00000000 101.00000000
413.00000000 262.00000000 0.00000000 100.00000000
312.00000000 142.00000000 0.00000000 100.00000000
98.00000000 142.00000000 0.00000000 99.00000000
161.00000000 195.00000000 0.00000000 99.00000000
468.00000000 135.00000000 0.00000000 98.00000000
408.00000000 138.00000000 0.00000000 97.00000000
53.00000000 555.00000000 0.00000000 96.00000000
710.00000000 342.00000000 0.00000000 95.00000000
326.00000000 77.00000000 0.00000000 95.00000000
219.00000000 113.00000000 0.00000000 93.00000000
370.00000000 241.00000000 0.00000000 93.00000000
649.00000000 140.00000000 0.00000000 92.00000000
417.00000000 210.00000000 0.00000000 91.00000000
681.00000000 279.00000000 0.00000000 91.00000000
368.00000000 157.00000000 0.00000000 90.00000000
59.00000000 64.00000000 0.00000000 90.00000000
677.00000000 235.00000000 0.00000000 89.00000000
369.00000000 281.00000000 0.00000000 89.00000000
564.00000000 192.00000000 0.00000000 89.00000000
309.00000000 106.00000000 0.00000000 89.00000000
234.00000000 34.00000000 0.00000000 88.00000000
