304.00000000 112.00000000 4.00000000 880.00000000
308.00000000 115.00000000 2.00000000 862.00000000
305.00000000 107.00000000 5.00000000 773.00000000
310.00000000 116.00000000 2.00000000 716.00000000
160.00000000 198.00000000 2.00000000 693.00000000
680.00000000 276.00000000 4.00000000 592.00000000
158.00000000 200.00000000 2.00000000 566.00000000
372.00000000 113.00000000 0.00000000 551.00000000
722.00000000 390.00000000 2.00000000 527.00000000
721.00000000 390.00000000 2.00000000 512.00000000
159.00000000 197.00000000 1.00000000 501.00000000
681.00000000 277.00000000 2.00000000 494.00000000
721.00000000 387.00000000 1.00000000 494.00000000
388.00000000 16.00000000 0.00000000 471.00000000
142.00000000 34.00000000 2.00000000 448.00000000
309.00000000 115.00000000 1.00000000 444.00000000
142.00000000 33.00000000 1.00000000 435.00000000
721.00000000 385.00000000 1.00000000 423.00000000
728.00000000 424.00000000 2.00000000 414.00000000
372.00000000 113.00000000 1.00000000 410.00000000
728.00000000 422.00000000 1.00000000 402.00000000
672.00000000 188.00000000 2.00000000 397.00000000
671.00000000 186.00000000 1.00000000 373.00000000
680.00000000 278.00000000 2.00000000 349.00000000
673.00000000 185.00000000 1.00000000 340.00000000
721.00000000 384.00000000 0.00000000 334.00000000
407.00000000 43.00000000 0.00000000 329.00000000
729.00000000 423.00000000 1.00000000 326.00000000
389.00000000 17.00000000 1.00000000 318.00000000
400.00000000 87.00000000 0.00000000 317.00000000
427.00000000 89.00000000 1.00000000 302.00000000
427.00000000 90.00000000 1.00000000 301.00000000
409.00000000 109.00000000 0.00000000 298.00000000
420.00000000 49.00000000 1.00000000 293.00000000
686.00000000 136.00000000 2.00000000 287.00000000
685.00000000 142.00000000 1.00000000 286.00000000
143.00000000 34.00000000 1.00000000 279.00000000
310.00000000 118.00000000 1.00000000 275.00000000
729.00000000 423.00000000 0.00000000 264.00000000
673.00000000 183.00000000 0.00000000 258.00000000
427.00000000 90.00000000 0.00000000 258.00000000
160.00000000 196.00000000 1.00000000 250.00000000
159.00000000 214.00000000 0.00000000 250.00000000
401.00000000 87.00000000 1.00000000 246.00000000
617.00000000 584.00000000 1.00000000 244.00000000
680.00000000 277.00000000 1.00000000 241.00000000
685.00000000 142.00000000 0.00000000 238.00000000
685.00000000 140.00000000 1.00000000 229.00000000
366.00000000 291.00000000 1.00000000 227.00000000
634.00000000 183.00000000 1.00000000 224.00000000
420.00000000 49.00000000 1.00000000 210.00000000
617.00000000 584.00000000 0.00000000 208.00000000
780.00000000 401.00000000 1.00000000 208.00000000
407.00000000 44.00000000 1.00000000 205.00000000
634.00000000 182.00000000 0.00000000 202.00000000
633.00000000 183.00000000 1.00000000 202.00000000
426.00000000 65.00000000 1.00000000 201.00000000
779.00000000 400.00000000 0.00000000 198.00000000
159.00000000 214.00000000 1.00000000 194.00000000
130.00000000 103.00000000 1.00000000 194.00000000
342.00000000 33.00000000 0.00000000 193.00000000
255.00000000 62.00000000 1.00000000 191.00000000
323.00000000 589.00000000 0.00000000 188.00000000
461.00000000 118.00000000 1.00000000 184.00000000
366.00000000 291.00000000 0.00000000 180.00000000
332.00000000 33.00000000 0.00000000 175.00000000
409.00000000 109.00000000 1.00000000 175.00000000
526.00000000 212.00000000 1.00000000 172.00000000
372.00000000 232.00000000 1.00000000 168.00000000
710.00000000 341.00000000 1.00000000 165.00000000
310.00000000 118.00000000 0.00000000 163.00000000
709.00000000 342.00000000 1.00000000 161.00000000
462.00000000 119.00000000 1.00000000 159.00000000
467.00000000 134.00000000 1.00000000 158.00000000
257.00000000 62.00000000 1.00000000 155.00000000
343.00000000 86.00000000 0.00000000 154.00000000
240.00000000 85.00000000 1.00000000 153.00000000
765.00000000 447.00000000 0.00000000 153.00000000
681.00000000 271.00000000 1.00000000 153.00000000
131.00000000 102.00000000 1.00000000 148.00000000
143.00000000 35.00000000 0.00000000 148.00000000
426.00000000 65.00000000 0.00000000 145.00000000
234.00000000 33.00000000 1.00000000 142.00000000
350.00000000 511.00000000 1.00000000 136.00000000
529.00000000 186.00000000 1.00000000 134.00000000
677.00000000 235.00000000 1.00000000 133.00000000
86.00000000 152.00000000 0.00000000 131.00000000
371.00000000 232.00000000 0.00000000 131.00000000
349.00000000 21.00000000 0.00000000 130.00000000
241.00000000 84.00000000 0.00000000 127.00000000
219.00000000 113.00000000 0.00000000 126.00000000
98.00000000 142.00000000 0.00000000 125.00000000
681.00000000 270.00000000 0.00000000 124.00000000
379.00000000 573.00000000 0.00000000 123.00000000
48.00000000 206.00000000 0.00000000 120.00000000
258.00000000 61.00000000 0.00000000 119.00000000
160.00000000 195.00000000 0.00000000 118.00000000
420.00000000 48.00000000 0.00000000 117.00000000
685.00000000 118.00000000 0.00000000 115.00000000
405.00000000 240.00000000 0.00000000 113.00000000
41.00000000 61.00000000 0.00000000 113.00000000
601.00000000 572.00000000 0.00000000 113.00000000
467.00000000 133.00000000 0.00000000 113.00000000
461.00000000 118.00000000 0.00000000 111.00000000
710.00000000 342.00000000 0.00000000 108.00000000
287.00000000 487.00000000 0.00000000 107.00000000
364.00000000 40.00000000 0.00000000 105.00000000
649.00000000 140.00000000 0.00000000 104.00000000
564.00000000 192.00000000 0.00000000 102.00000000
760.00000000 88.00000000 0.00000000 101.00000000
681.00000000 279.00000000 0.00000000 99.00000000
265.00000000 162.00000000 0.00000000 97.00000000
631.00000000 576.00000000 0.00000000 95.00000000
326.00000000 77.00000000 0.00000000 95.00000000
680.00000000 285.00000000 0.00000000 94.00000000
607.00000000 416.00000000 0.00000000 93.00000000
53.00000000 555.00000000 0.00000000 93.00000000
408.00000000 138.00000000 0.00000000 91.00000000
369.00000000 240.00000000 0.00000000 91.00000000
468.00000000 309.00000000 0.00000000 91.00000000
30.00000000 180.00000000 0.00000000 91.00000000
370.00000000 252.00000000 0.00000000 91.00000000
365.00000000 570.00000000 0.00000000 89.00000000
144.00000000 50.00000000 0.00000000 89.00000000
417.00000000 210.00000000 0.00000000 88.00000000
309.00000000 106.00000000 0.00000000 88.00000000
677.00000000 235.00000000 0.00000000 88.00000000
