308.00000000 115.00000000 2.00000000 898.00000000
304.00000000 112.00000000 4.00000000 890.00000000
310.00000000 116.00000000 2.00000000 747.00000000
305.00000000 107.00000000 5.00000000 742.00000000
160.00000000 198.00000000 2.00000000 677.00000000
158.00000000 197.00000000 2.00000000 566.00000000
680.00000000 276.00000000 4.00000000 536.00000000
159.00000000 196.00000000 1.00000000 509.00000000
372.00000000 113.00000000 0.00000000 507.00000000
722.00000000 388.00000000 2.00000000 498.00000000
721.00000000 390.00000000 2.00000000 483.00000000
388.00000000 16.00000000 0.00000000 473.00000000
142.00000000 34.00000000 2.00000000 472.00000000
721.00000000 387.00000000 1.00000000 468.00000000
309.00000000 115.00000000 1.00000000 460.00000000
142.00000000 33.00000000 1.00000000 450.00000000
681.00000000 277.00000000 2.00000000 445.00000000
224.00000000 535.00000000 0.00000000 432.00000000
721.00000000 385.00000000 1.00000000 408.00000000
672.00000000 188.00000000 2.00000000 386.00000000
728.00000000 424.00000000 2.00000000 384.00000000
372.00000000 113.00000000 1.00000000 383.00000000
728.00000000 422.00000000 1.00000000 366.00000000
671.00000000 186.00000000 1.00000000 359.00000000
224.00000000 536.00000000 1.00000000 354.00000000
721.00000000 384.00000000 0.00000000 325.00000000
389.00000000 17.00000000 1.00000000 321.00000000
672.00000000 185.00000000 1.00000000 321.00000000
680.00000000 278.00000000 2.00000000 306.00000000
144.00000000 34.00000000 1.00000000 303.00000000
400.00000000 87.00000000 0.00000000 300.00000000
729.00000000 423.00000000 1.00000000 299.00000000
160.00000000 196.00000000 1.00000000 298.00000000
685.00000000 142.00000000 1.00000000 275.00000000
310.00000000 118.00000000 1.00000000 274.00000000
686.00000000 138.00000000 2.00000000 274.00000000
407.00000000 43.00000000 0.00000000 273.00000000
409.00000000 109.00000000 0.00000000 258.00000000
427.00000000 89.00000000 1.00000000 251.00000000
159.00000000 214.00000000 0.00000000 250.00000000
427.00000000 90.00000000 1.00000000 250.00000000
420.00000000 49.00000000 1.00000000 244.00000000
729.00000000 423.00000000 0.00000000 241.00000000
634.00000000 183.00000000 1.00000000 236.00000000
685.00000000 142.00000000 0.00000000 230.00000000
685.00000000 140.00000000 1.00000000 230.00000000
401.00000000 87.00000000 1.00000000 222.00000000
673.00000000 183.00000000 0.00000000 220.00000000
164.00000000 472.00000000 1.00000000 219.00000000
427.00000000 90.00000000 0.00000000 218.00000000
633.00000000 183.00000000 1.00000000 214.00000000
634.00000000 182.00000000 0.00000000 212.00000000
617.00000000 584.00000000 1.00000000 211.00000000
366.00000000 291.00000000 1.00000000 210.00000000
680.00000000 277.00000000 1.00000000 210.00000000
426.00000000 65.00000000 1.00000000 193.00000000
461.00000000 118.00000000 1.00000000 188.00000000
132.00000000 205.00000000 1.00000000 184.00000000
765.00000000 447.00000000 0.00000000 184.00000000
526.00000000 212.00000000 1.00000000 180.00000000
420.00000000 49.00000000 1.00000000 179.00000000
159.00000000 214.00000000 1.00000000 179.00000000
784.00000000 396.00000000 0.00000000 178.00000000
130.00000000 103.00000000 1.00000000 178.00000000
372.00000000 232.00000000 1.00000000 173.00000000
780.00000000 401.00000000 1.00000000 167.00000000
617.00000000 584.00000000 0.00000000 166.00000000
164.00000000 471.00000000 1.00000000 166.00000000
462.00000000 119.00000000 1.00000000 164.00000000
407.00000000 44.00000000 1.00000000 164.00000000
323.00000000 589.00000000 0.00000000 164.00000000
366.00000000 291.00000000 0.00000000 161.00000000
342.00000000 33.00000000 0.00000000 160.00000000
467.00000000 134.00000000 1.00000000 159.00000000
310.00000000 118.00000000 0.00000000 157.00000000
331.00000000 33.00000000 0.00000000 154.00000000
710.00000000 342.00000000 1.00000000 154.00000000
409.00000000 109.00000000 1.00000000 153.00000000
371.00000000 232.00000000 0.00000000 150.00000000
681.00000000 271.00000000 1.00000000 150.00000000
131.00000000 103.00000000 1.00000000 148.00000000
144.00000000 33.00000000 0.00000000 148.00000000
764.00000000 448.00000000 1.00000000 146.00000000
161.00000000 195.00000000 0.00000000 145.00000000
97.00000000 142.00000000 1.00000000 141.00000000
426.00000000 65.00000000 0.00000000 140.00000000
681.00000000 270.00000000 0.00000000 139.00000000
257.00000000 62.00000000 1.00000000 137.00000000
86.00000000 152.00000000 0.00000000 136.00000000
607.00000000 417.00000000 1.00000000 136.00000000
379.00000000 573.00000000 0.00000000 133.00000000
343.00000000 86.00000000 0.00000000 124.00000000
98.00000000 142.00000000 0.00000000 124.00000000
462.00000000 119.00000000 0.00000000 120.00000000
219.00000000 113.00000000 0.00000000 119.00000000
468.00000000 135.00000000 0.00000000 119.00000000
349.00000000 21.00000000 0.00000000 118.00000000
607.00000000 417.00000000 0.00000000 111.00000000
258.00000000 61.00000000 0.00000000 106.00000000
241.00000000 84.00000000 0.00000000 106.00000000
420.00000000 48.00000000 0.00000000 106.00000000
710.00000000 342.00000000 0.00000000 106.00000000
48.00000000 206.00000000 0.00000000 103.00000000
685.00000000 117.00000000 0.00000000 103.00000000
405.00000000 239.00000000 0.00000000 102.00000000
370.00000000 252.00000000 0.00000000 100.00000000
649.00000000 140.00000000 0.00000000 99.00000000
771.00000000 403.00000000 0.00000000 97.00000000
601.00000000 571.00000000 0.00000000 97.00000000
53.00000000 554.00000000 0.00000000 97.00000000
41.00000000 61.00000000 0.00000000 96.00000000
364.00000000 40.00000000 0.00000000 94.00000000
311.00000000 193.00000000 0.00000000 93.00000000
761.00000000 88.00000000 0.00000000 91.00000000
467.00000000 309.00000000 0.00000000 87.00000000
651.00000000 446.00000000 0.00000000 86.00000000
731.00000000 485.00000000 0.00000000 86.00000000
243.00000000 386.00000000 0.00000000 86.00000000
414.00000000 262.00000000 0.00000000 86.00000000
131.00000000 102.00000000 0.00000000 85.00000000
308.00000000 105.00000000 0.00000000 85.00000000
337.00000000 24.00000000 0.00000000 85.00000000
408.00000000 138.00000000 0.00000000 84.00000000
326.00000000 77.00000000 0.00000000 84.00000000
744.00000000 473.00000000 0.00000000 83.00000000
30.00000000 179.00000000 0.00000000 83.00000000
712.00000000 324.00000000 0.00000000 83.00000000
