304.00000000 112.00000000 4.00000000 722.00000000
308.00000000 113.00000000 2.00000000 707.00000000
305.00000000 107.00000000 5.00000000 605.00000000
310.00000000 114.00000000 2.00000000 565.00000000
142.00000000 33.00000000 1.00000000 460.00000000
142.00000000 34.00000000 2.00000000 433.00000000
680.00000000 276.00000000 4.00000000 385.00000000
722.00000000 388.00000000 2.00000000 353.00000000
681.00000000 277.00000000 2.00000000 335.00000000
728.00000000 424.00000000 2.00000000 334.00000000
721.00000000 390.00000000 2.00000000 333.00000000
721.00000000 387.00000000 1.00000000 331.00000000
145.00000000 32.00000000 1.00000000 328.00000000
309.00000000 115.00000000 1.00000000 319.00000000
729.00000000 421.00000000 2.00000000 307.00000000
728.00000000 422.00000000 1.00000000 304.00000000
160.00000000 200.00000000 2.00000000 295.00000000
721.00000000 385.00000000 1.00000000 290.00000000
372.00000000 113.00000000 0.00000000 278.00000000
672.00000000 188.00000000 2.00000000 264.00000000
682.00000000 278.00000000 2.00000000 252.00000000
389.00000000 16.00000000 0.00000000 250.00000000
671.00000000 186.00000000 1.00000000 249.00000000
729.00000000 423.00000000 1.00000000 243.00000000
311.00000000 117.00000000 1.00000000 227.00000000
721.00000000 384.00000000 0.00000000 227.00000000
372.00000000 113.00000000 1.00000000 226.00000000
673.00000000 185.00000000 1.00000000 223.00000000
412.00000000 251.00000000 1.00000000 217.00000000
179.00000000 197.00000000 1.00000000 206.00000000
180.00000000 198.00000000 1.00000000 204.00000000
400.00000000 86.00000000 0.00000000 199.00000000
427.00000000 89.00000000 1.00000000 197.00000000
407.00000000 43.00000000 0.00000000 196.00000000
428.00000000 90.00000000 1.00000000 195.00000000
685.00000000 142.00000000 1.00000000 195.00000000
204.00000000 426.00000000 2.00000000 194.00000000
389.00000000 17.00000000 1.00000000 191.00000000
729.00000000 423.00000000 0.00000000 185.00000000
681.00000000 277.00000000 1.00000000 184.00000000
145.00000000 32.00000000 0.00000000 179.00000000
409.00000000 109.00000000 0.00000000 176.00000000
401.00000000 87.00000000 1.00000000 171.00000000
205.00000000 425.00000000 1.00000000 170.00000000
685.00000000 140.00000000 1.00000000 167.00000000
420.00000000 48.00000000 1.00000000 166.00000000
309.00000000 107.00000000 1.00000000 163.00000000
685.00000000 142.00000000 0.00000000 162.00000000
366.00000000 291.00000000 1.00000000 161.00000000
617.00000000 584.00000000 1.00000000 160.00000000
427.00000000 89.00000000 0.00000000 159.00000000
412.00000000 251.00000000 0.00000000 159.00000000
98.00000000 142.00000000 0.00000000 158.00000000
411.00000000 251.00000000 1.00000000 158.00000000
673.00000000 183.00000000 0.00000000 157.00000000
161.00000000 200.00000000 1.00000000 157.00000000
98.00000000 142.00000000 1.00000000 153.00000000
340.00000000 552.00000000 1.00000000 152.00000000
311.00000000 117.00000000 0.00000000 138.00000000
255.00000000 62.00000000 1.00000000 136.00000000
427.00000000 65.00000000 1.00000000 131.00000000
342.00000000 33.00000000 0.00000000 130.00000000
461.00000000 117.00000000 1.00000000 130.00000000
420.00000000 48.00000000 1.00000000 130.00000000
779.00000000 400.00000000 0.00000000 130.00000000
467.00000000 134.00000000 1.00000000 128.00000000
682.00000000 278.00000000 1.00000000 127.00000000
618.00000000 584.00000000 0.00000000 126.00000000
370.00000000 562.00000000 0.00000000 125.00000000
159.00000000 214.00000000 0.00000000 124.00000000
324.00000000 589.00000000 0.00000000 123.00000000
366.00000000 290.00000000 0.00000000 121.00000000
340.00000000 551.00000000 1.00000000 121.00000000
407.00000000 44.00000000 1.00000000 120.00000000
159.00000000 214.00000000 1.00000000 120.00000000
206.00000000 425.00000000 1.00000000 117.00000000
332.00000000 33.00000000 0.00000000 116.00000000
170.00000000 19.00000000 1.00000000 116.00000000
132.00000000 103.00000000 1.00000000 115.00000000
780.00000000 401.00000000 1.00000000 112.00000000
530.00000000 194.00000000 1.00000000 112.00000000
634.00000000 183.00000000 1.00000000 111.00000000
180.00000000 197.00000000 0.00000000 111.00000000
462.00000000 119.00000000 1.00000000 110.00000000
765.00000000 448.00000000 1.00000000 109.00000000
765.00000000 447.00000000 0.00000000 109.00000000
257.00000000 62.00000000 1.00000000 106.00000000
471.00000000 196.00000000 0.00000000 105.00000000
681.00000000 270.00000000 0.00000000 105.00000000
84.00000000 156.00000000 0.00000000 105.00000000
634.00000000 182.00000000 0.00000000 104.00000000
132.00000000 101.00000000 0.00000000 103.00000000
379.00000000 573.00000000 0.00000000 102.00000000
460.00000000 181.00000000 0.00000000 101.00000000
427.00000000 65.00000000 0.00000000 97.00000000
195.00000000 231.00000000 0.00000000 95.00000000
313.00000000 142.00000000 0.00000000 94.00000000
59.00000000 64.00000000 0.00000000 94.00000000
467.00000000 133.00000000 0.00000000 93.00000000
308.00000000 103.00000000 0.00000000 93.00000000
682.00000000 278.00000000 0.00000000 92.00000000
219.00000000 113.00000000 0.00000000 91.00000000
340.00000000 550.00000000 0.00000000 89.00000000
176.00000000 105.00000000 0.00000000 88.00000000
462.00000000 119.00000000 0.00000000 86.00000000
726.00000000 498.00000000 0.00000000 82.00000000
241.00000000 84.00000000 0.00000000 82.00000000
530.00000000 194.00000000 0.00000000 80.00000000
258.00000000 62.00000000 0.00000000 79.00000000
405.00000000 240.00000000 0.00000000 78.00000000
169.00000000 18.00000000 0.00000000 78.00000000
420.00000000 48.00000000 0.00000000 77.00000000
41.00000000 62.00000000 0.00000000 76.00000000
49.00000000 205.00000000 0.00000000 74.00000000
343.00000000 86.00000000 0.00000000 73.00000000
771.00000000 403.00000000 0.00000000 73.00000000
404.00000000 518.00000000 0.00000000 72.00000000
134.00000000 210.00000000 0.00000000 72.00000000
649.00000000 140.00000000 0.00000000 72.00000000
277.00000000 79.00000000 0.00000000 71.00000000
601.00000000 572.00000000 0.00000000 71.00000000
268.00000000 81.00000000 0.00000000 71.00000000
369.00000000 252.00000000 0.00000000 70.00000000
65.00000000 62.00000000 0.00000000 70.00000000
53.00000000 554.00000000 0.00000000 69.00000000
535.00000000 173.00000000 0.00000000 69.00000000
712.00000000 335.00000000 0.00000000 68.00000000
