308.00000000 115.00000000 2.00000000 923.00000000
304.00000000 112.00000000 4.00000000 892.00000000
310.00000000 116.00000000 2.00000000 758.00000000
305.00000000 107.00000000 5.00000000 704.00000000
372.00000000 113.00000000 0.00000000 505.00000000
724.00000000 396.00000000 4.00000000 500.00000000
722.00000000 390.00000000 2.00000000 482.00000000
309.00000000 115.00000000 1.00000000 474.00000000
721.00000000 390.00000000 2.00000000 463.00000000
158.00000000 198.00000000 2.00000000 463.00000000
721.00000000 387.00000000 1.00000000 459.00000000
673.00000000 189.00000000 2.00000000 405.00000000
721.00000000 385.00000000 1.00000000 392.00000000
158.00000000 196.00000000 1.00000000 391.00000000
678.00000000 277.00000000 2.00000000 387.00000000
388.00000000 16.00000000 0.00000000 386.00000000
672.00000000 188.00000000 2.00000000 366.00000000
372.00000000 113.00000000 1.00000000 366.00000000
671.00000000 186.00000000 1.00000000 335.00000000
721.00000000 384.00000000 0.00000000 303.00000000
672.00000000 185.00000000 1.00000000 302.00000000
634.00000000 183.00000000 1.00000000 288.00000000
633.00000000 183.00000000 1.00000000 286.00000000
310.00000000 117.00000000 1.00000000 284.00000000
389.00000000 17.00000000 1.00000000 283.00000000
142.00000000 32.00000000 2.00000000 282.00000000
686.00000000 138.00000000 2.00000000 256.00000000
685.00000000 142.00000000 1.00000000 254.00000000
142.00000000 33.00000000 1.00000000 251.00000000
680.00000000 276.00000000 2.00000000 249.00000000
634.00000000 186.00000000 2.00000000 241.00000000
407.00000000 43.00000000 0.00000000 239.00000000
159.00000000 196.00000000 1.00000000 238.00000000
409.00000000 109.00000000 0.00000000 234.00000000
764.00000000 447.00000000 0.00000000 223.00000000
634.00000000 182.00000000 0.00000000 222.00000000
728.00000000 422.00000000 1.00000000 221.00000000
672.00000000 183.00000000 0.00000000 219.00000000
401.00000000 87.00000000 0.00000000 218.00000000
685.00000000 142.00000000 0.00000000 216.00000000
685.00000000 140.00000000 1.00000000 212.00000000
143.00000000 35.00000000 1.00000000 209.00000000
159.00000000 214.00000000 0.00000000 205.00000000
426.00000000 65.00000000 1.00000000 204.00000000
729.00000000 423.00000000 1.00000000 197.00000000
420.00000000 49.00000000 1.00000000 197.00000000
427.00000000 89.00000000 1.00000000 193.00000000
425.00000000 65.00000000 1.00000000 189.00000000
461.00000000 118.00000000 1.00000000 188.00000000
729.00000000 422.00000000 0.00000000 186.00000000
617.00000000 584.00000000 1.00000000 183.00000000
764.00000000 448.00000000 1.00000000 176.00000000
218.00000000 532.00000000 1.00000000 173.00000000
417.00000000 212.00000000 1.00000000 173.00000000
428.00000000 90.00000000 1.00000000 168.00000000
310.00000000 118.00000000 0.00000000 166.00000000
784.00000000 396.00000000 0.00000000 166.00000000
401.00000000 87.00000000 1.00000000 166.00000000
219.00000000 531.00000000 0.00000000 163.00000000
680.00000000 272.00000000 1.00000000 160.00000000
367.00000000 155.00000000 1.00000000 158.00000000
462.00000000 119.00000000 1.00000000 157.00000000
407.00000000 44.00000000 1.00000000 156.00000000
681.00000000 271.00000000 1.00000000 152.00000000
427.00000000 65.00000000 0.00000000 151.00000000
159.00000000 213.00000000 1.00000000 151.00000000
781.00000000 399.00000000 1.00000000 146.00000000
607.00000000 417.00000000 1.00000000 146.00000000
675.00000000 234.00000000 1.00000000 146.00000000
143.00000000 35.00000000 0.00000000 143.00000000
409.00000000 109.00000000 1.00000000 142.00000000
342.00000000 33.00000000 0.00000000 142.00000000
617.00000000 584.00000000 0.00000000 141.00000000
420.00000000 49.00000000 1.00000000 138.00000000
681.00000000 270.00000000 0.00000000 137.00000000
427.00000000 90.00000000 0.00000000 136.00000000
370.00000000 562.00000000 0.00000000 133.00000000
468.00000000 135.00000000 1.00000000 132.00000000
379.00000000 573.00000000 0.00000000 131.00000000
332.00000000 33.00000000 0.00000000 126.00000000
159.00000000 195.00000000 0.00000000 126.00000000
418.00000000 211.00000000 1.00000000 125.00000000
126.00000000 120.00000000 1.00000000 124.00000000
782.00000000 576.00000000 1.00000000 119.00000000
770.00000000 434.00000000 1.00000000 118.00000000
369.00000000 563.00000000 1.00000000 118.00000000
468.00000000 135.00000000 0.00000000 115.00000000
101.00000000 140.00000000 1.00000000 113.00000000
462.00000000 118.00000000 0.00000000 111.00000000
343.00000000 86.00000000 0.00000000 111.00000000
770.00000000 434.00000000 0.00000000 110.00000000
686.00000000 130.00000000 1.00000000 109.00000000
416.00000000 217.00000000 0.00000000 107.00000000
685.00000000 118.00000000 0.00000000 107.00000000
607.00000000 417.00000000 0.00000000 106.00000000
349.00000000 21.00000000 0.00000000 106.00000000
364.00000000 40.00000000 0.00000000 104.00000000
649.00000000 140.00000000 0.00000000 103.00000000
417.00000000 210.00000000 0.00000000 99.00000000
323.00000000 589.00000000 0.00000000 98.00000000
369.00000000 157.00000000 0.00000000 97.00000000
86.00000000 152.00000000 0.00000000 94.00000000
337.00000000 24.00000000 0.00000000 92.00000000
125.00000000 119.00000000 0.00000000 92.00000000
308.00000000 105.00000000 0.00000000 88.00000000
363.00000000 119.00000000 0.00000000 86.00000000
760.00000000 88.00000000 0.00000000 85.00000000
248.00000000 107.00000000 0.00000000 85.00000000
55.00000000 560.00000000 0.00000000 84.00000000
219.00000000 113.00000000 0.00000000 83.00000000
771.00000000 403.00000000 0.00000000 82.00000000
515.00000000 562.00000000 0.00000000 82.00000000
671.00000000 142.00000000 0.00000000 81.00000000
779.00000000 251.00000000 0.00000000 80.00000000
311.00000000 192.00000000 0.00000000 79.00000000
465.00000000 178.00000000 0.00000000 78.00000000
678.00000000 289.00000000 0.00000000 78.00000000
744.00000000 473.00000000 0.00000000 78.00000000
444.00000000 200.00000000 0.00000000 77.00000000
779.00000000 21.00000000 0.00000000 76.00000000
241.00000000 84.00000000 0.00000000 76.00000000
782.00000000 576.00000000 0.00000000 76.00000000
540.00000000 180.00000000 0.00000000 75.00000000
420.00000000 48.00000000 0.00000000 75.00000000
101.00000000 140.00000000 0.00000000 75.00000000
601.00000000 571.00000000 0.00000000 75.00000000
258.00000000 61.00000000 0.00000000 74.00000000
