782.00000000 114.00000000 0.00000000 285.00000000
716.00000000 189.00000000 1.00000000 233.00000000
697.00000000 48.00000000 0.00000000 226.00000000
717.00000000 188.00000000 0.00000000 220.00000000
420.00000000 135.00000000 0.00000000 209.00000000
681.00000000 147.00000000 0.00000000 200.00000000
682.00000000 154.00000000 1.00000000 198.00000000
571.00000000 211.00000000 0.00000000 187.00000000
717.00000000 189.00000000 1.00000000 182.00000000
863.00000000 61.00000000 0.00000000 176.00000000
754.00000000 132.00000000 0.00000000 175.00000000
681.00000000 154.00000000 0.00000000 173.00000000
420.00000000 136.00000000 1.00000000 157.00000000
683.00000000 154.00000000 1.00000000 154.00000000
697.00000000 48.00000000 1.00000000 149.00000000
43.00000000 131.00000000 0.00000000 149.00000000
701.00000000 130.00000000 1.00000000 147.00000000
43.00000000 132.00000000 1.00000000 147.00000000
571.00000000 212.00000000 1.00000000 144.00000000
431.00000000 176.00000000 1.00000000 140.00000000
115.00000000 65.00000000 1.00000000 139.00000000
423.00000000 157.00000000 1.00000000 135.00000000
700.00000000 130.00000000 1.00000000 135.00000000
431.00000000 175.00000000 1.00000000 135.00000000
731.00000000 147.00000000 0.00000000 132.00000000
181.00000000 107.00000000 5.00000000 129.00000000
784.00000000 121.00000000 1.00000000 126.00000000
184.00000000 108.00000000 4.00000000 126.00000000
444.00000000 347.00000000 2.00000000 123.00000000
184.00000000 42.00000000 2.00000000 122.00000000
431.00000000 353.00000000 0.00000000 119.00000000
309.00000000 174.00000000 0.00000000 117.00000000
611.00000000 200.00000000 0.00000000 117.00000000
611.00000000 201.00000000 1.00000000 115.00000000
185.00000000 46.00000000 0.00000000 115.00000000
756.00000000 138.00000000 1.00000000 114.00000000
197.00000000 122.00000000 0.00000000 113.00000000
428.00000000 569.00000000 0.00000000 113.00000000
431.00000000 353.00000000 1.00000000 113.00000000
55.00000000 134.00000000 0.00000000 113.00000000
432.00000000 354.00000000 2.00000000 112.00000000
422.00000000 156.00000000 1.00000000 112.00000000
204.00000000 103.00000000 0.00000000 111.00000000
420.00000000 135.00000000 1.00000000 111.00000000
412.00000000 132.00000000 4.00000000 109.00000000
755.00000000 139.00000000 1.00000000 109.00000000
782.00000000 114.00000000 1.00000000 109.00000000
430.00000000 176.00000000 2.00000000 108.00000000
115.00000000 65.00000000 0.00000000 108.00000000
309.00000000 175.00000000 1.00000000 108.00000000
181.00000000 42.00000000 2.00000000 107.00000000
786.00000000 122.00000000 2.00000000 106.00000000
863.00000000 61.00000000 1.00000000 106.00000000
697.00000000 154.00000000 0.00000000 106.00000000
205.00000000 77.00000000 0.00000000 105.00000000
309.00000000 176.00000000 1.00000000 105.00000000
434.00000000 552.00000000 0.00000000 104.00000000
190.00000000 111.00000000 0.00000000 103.00000000
184.00000000 47.00000000 1.00000000 102.00000000
444.00000000 596.00000000 0.00000000 102.00000000
188.00000000 166.00000000 0.00000000 101.00000000
23.00000000 128.00000000 1.00000000 101.00000000
716.00000000 190.00000000 2.00000000 98.00000000
733.00000000 153.00000000 1.00000000 98.00000000
500.00000000 229.00000000 0.00000000 96.00000000
733.00000000 153.00000000 0.00000000 95.00000000
698.00000000 154.00000000 1.00000000 95.00000000
186.00000000 104.00000000 2.00000000 94.00000000
318.00000000 429.00000000 0.00000000 94.00000000
135.00000000 153.00000000 1.00000000 93.00000000
428.00000000 570.00000000 1.00000000 92.00000000
610.00000000 202.00000000 1.00000000 91.00000000
410.00000000 123.00000000 0.00000000 91.00000000
444.00000000 190.00000000 0.00000000 91.00000000
113.00000000 65.00000000 1.00000000 91.00000000
684.00000000 154.00000000 2.00000000 90.00000000
422.00000000 157.00000000 0.00000000 89.00000000
412.00000000 127.00000000 2.00000000 89.00000000
702.00000000 130.00000000 2.00000000 89.00000000
430.00000000 175.00000000 0.00000000 88.00000000
700.00000000 130.00000000 0.00000000 88.00000000
411.00000000 124.00000000 1.00000000 88.00000000
445.00000000 596.00000000 1.00000000 87.00000000
335.00000000 207.00000000 0.00000000 87.00000000
434.00000000 552.00000000 1.00000000 86.00000000
412.00000000 126.00000000 2.00000000 86.00000000
783.00000000 121.00000000 0.00000000 85.00000000
72.00000000 144.00000000 0.00000000 85.00000000
318.00000000 430.00000000 1.00000000 83.00000000
735.00000000 152.00000000 1.00000000 83.00000000
450.00000000 198.00000000 0.00000000 83.00000000
698.00000000 552.00000000 1.00000000 82.00000000
755.00000000 139.00000000 0.00000000 82.00000000
698.00000000 154.00000000 1.00000000 82.00000000
188.00000000 128.00000000 0.00000000 82.00000000
335.00000000 208.00000000 1.00000000 81.00000000
24.00000000 127.00000000 0.00000000 78.00000000
507.00000000 231.00000000 0.00000000 78.00000000
197.00000000 122.00000000 1.00000000 78.00000000
183.00000000 80.00000000 0.00000000 77.00000000
205.00000000 78.00000000 1.00000000 77.00000000
158.00000000 155.00000000 0.00000000 76.00000000
487.00000000 218.00000000 1.00000000 76.00000000
449.00000000 577.00000000 0.00000000 75.00000000
422.00000000 586.00000000 1.00000000 75.00000000
707.00000000 572.00000000 0.00000000 73.00000000
468.00000000 207.00000000 1.00000000 72.00000000
450.00000000 578.00000000 1.00000000 72.00000000
444.00000000 190.00000000 1.00000000 70.00000000
898.00000000 243.00000000 0.00000000 69.00000000
897.00000000 252.00000000 0.00000000 69.00000000
783.00000000 170.00000000 0.00000000 66.00000000
432.00000000 339.00000000 0.00000000 65.00000000
320.00000000 439.00000000 0.00000000 65.00000000
438.00000000 542.00000000 0.00000000 64.00000000
135.00000000 152.00000000 0.00000000 61.00000000
200.00000000 69.00000000 0.00000000 61.00000000
668.00000000 158.00000000 0.00000000 61.00000000
755.00000000 182.00000000 0.00000000 60.00000000
487.00000000 493.00000000 0.00000000 60.00000000
688.00000000 574.00000000 0.00000000 60.00000000
552.00000000 477.00000000 0.00000000 60.00000000
504.00000000 490.00000000 0.00000000 59.00000000
593.00000000 458.00000000 0.00000000 59.00000000
629.00000000 472.00000000 0.00000000 59.00000000
634.00000000 198.00000000 0.00000000 58.00000000
487.00000000 217.00000000 0.00000000 58.00000000
