864.00000000 61.00000000 0.00000000 511.00000000
782.00000000 114.00000000 0.00000000 374.00000000
42.00000000 131.00000000 0.00000000 303.00000000
181.00000000 107.00000000 5.00000000 295.00000000
864.00000000 61.00000000 1.00000000 293.00000000
682.00000000 154.00000000 1.00000000 282.00000000
420.00000000 135.00000000 0.00000000 280.00000000
681.00000000 154.00000000 0.00000000 275.00000000
431.00000000 175.00000000 1.00000000 274.00000000
431.00000000 176.00000000 1.00000000 261.00000000
363.00000000 390.00000000 1.00000000 254.00000000
43.00000000 131.00000000 1.00000000 251.00000000
184.00000000 108.00000000 4.00000000 251.00000000
423.00000000 157.00000000 1.00000000 251.00000000
179.00000000 292.00000000 0.00000000 234.00000000
362.00000000 390.00000000 2.00000000 231.00000000
318.00000000 429.00000000 0.00000000 230.00000000
784.00000000 121.00000000 1.00000000 229.00000000
681.00000000 147.00000000 0.00000000 228.00000000
430.00000000 176.00000000 2.00000000 227.00000000
783.00000000 170.00000000 0.00000000 225.00000000
316.00000000 446.00000000 1.00000000 219.00000000
364.00000000 390.00000000 1.00000000 217.00000000
72.00000000 342.00000000 0.00000000 215.00000000
376.00000000 314.00000000 0.00000000 211.00000000
783.00000000 121.00000000 0.00000000 211.00000000
783.00000000 122.00000000 1.00000000 208.00000000
571.00000000 211.00000000 0.00000000 207.00000000
733.00000000 153.00000000 0.00000000 205.00000000
421.00000000 135.00000000 1.00000000 203.00000000
182.00000000 42.00000000 2.00000000 200.00000000
359.00000000 393.00000000 2.00000000 199.00000000
683.00000000 154.00000000 1.00000000 199.00000000
220.00000000 311.00000000 0.00000000 199.00000000
376.00000000 315.00000000 1.00000000 198.00000000
428.00000000 568.00000000 0.00000000 197.00000000
159.00000000 155.00000000 0.00000000 195.00000000
925.00000000 21.00000000 0.00000000 195.00000000
430.00000000 174.00000000 0.00000000 195.00000000
422.00000000 157.00000000 0.00000000 194.00000000
755.00000000 132.00000000 0.00000000 193.00000000
23.00000000 127.00000000 0.00000000 193.00000000
72.00000000 343.00000000 1.00000000 193.00000000
317.00000000 447.00000000 1.00000000 191.00000000
496.00000000 224.00000000 0.00000000 188.00000000
312.00000000 330.00000000 2.00000000 188.00000000
422.00000000 156.00000000 1.00000000 187.00000000
183.00000000 104.00000000 2.00000000 187.00000000
309.00000000 174.00000000 0.00000000 186.00000000
347.00000000 326.00000000 1.00000000 186.00000000
313.00000000 330.00000000 1.00000000 183.00000000
318.00000000 430.00000000 1.00000000 182.00000000
23.00000000 128.00000000 1.00000000 182.00000000
186.00000000 106.00000000 2.00000000 181.00000000
444.00000000 596.00000000 0.00000000 181.00000000
222.00000000 359.00000000 0.00000000 181.00000000
786.00000000 122.00000000 2.00000000 178.00000000
926.00000000 21.00000000 1.00000000 175.00000000
347.00000000 312.00000000 0.00000000 175.00000000
428.00000000 569.00000000 1.00000000 175.00000000
350.00000000 326.00000000 2.00000000 174.00000000
734.00000000 153.00000000 1.00000000 174.00000000
449.00000000 577.00000000 0.00000000 172.00000000
181.00000000 42.00000000 2.00000000 171.00000000
783.00000000 170.00000000 1.00000000 170.00000000
571.00000000 212.00000000 1.00000000 170.00000000
186.00000000 106.00000000 1.00000000 170.00000000
376.00000000 640.00000000 0.00000000 167.00000000
313.00000000 330.00000000 0.00000000 166.00000000
423.00000000 586.00000000 1.00000000 165.00000000
668.00000000 164.00000000 0.00000000 165.00000000
756.00000000 139.00000000 1.00000000 165.00000000
309.00000000 175.00000000 1.00000000 165.00000000
312.00000000 329.00000000 1.00000000 164.00000000
450.00000000 577.00000000 1.00000000 163.00000000
669.00000000 164.00000000 1.00000000 163.00000000
316.00000000 446.00000000 2.00000000 162.00000000
548.00000000 640.00000000 0.00000000 160.00000000
346.00000000 312.00000000 1.00000000 159.00000000
452.00000000 456.00000000 4.00000000 157.00000000
184.00000000 46.00000000 0.00000000 156.00000000
452.00000000 424.00000000 0.00000000 156.00000000
422.00000000 586.00000000 0.00000000 155.00000000
470.00000000 207.00000000 1.00000000 153.00000000
428.00000000 569.00000000 1.00000000 153.00000000
347.00000000 335.00000000 0.00000000 153.00000000
188.00000000 166.00000000 0.00000000 152.00000000
697.00000000 154.00000000 0.00000000 152.00000000
731.00000000 147.00000000 0.00000000 148.00000000
220.00000000 311.00000000 1.00000000 148.00000000
311.00000000 330.00000000 2.00000000 147.00000000
422.00000000 586.00000000 1.00000000 147.00000000
496.00000000 224.00000000 1.00000000 146.00000000
410.00000000 123.00000000 0.00000000 146.00000000
756.00000000 138.00000000 1.00000000 146.00000000
755.00000000 139.00000000 0.00000000 144.00000000
444.00000000 190.00000000 0.00000000 144.00000000
408.00000000 629.00000000 0.00000000 144.00000000
659.00000000 173.00000000 0.00000000 144.00000000
697.00000000 136.00000000 0.00000000 144.00000000
507.00000000 231.00000000 0.00000000 144.00000000
439.00000000 617.00000000 1.00000000 143.00000000
309.00000000 176.00000000 1.00000000 143.00000000
181.00000000 340.00000000 0.00000000 143.00000000
113.00000000 65.00000000 1.00000000 143.00000000
347.00000000 335.00000000 1.00000000 142.00000000
701.00000000 130.00000000 1.00000000 142.00000000
370.00000000 131.00000000 1.00000000 141.00000000
505.00000000 489.00000000 0.00000000 141.00000000
116.00000000 147.00000000 1.00000000 140.00000000
189.00000000 207.00000000 0.00000000 140.00000000
755.00000000 182.00000000 0.00000000 138.00000000
24.00000000 119.00000000 0.00000000 138.00000000
114.00000000 147.00000000 1.00000000 138.00000000
395.00000000 594.00000000 0.00000000 137.00000000
434.00000000 552.00000000 0.00000000 135.00000000
316.00000000 343.00000000 0.00000000 135.00000000
383.00000000 396.00000000 0.00000000 134.00000000
956.00000000 12.00000000 0.00000000 133.00000000
487.00000000 492.00000000 0.00000000 131.00000000
383.00000000 567.00000000 0.00000000 130.00000000
301.00000000 298.00000000 0.00000000 128.00000000
490.00000000 641.00000000 0.00000000 127.00000000
72.00000000 144.00000000 0.00000000 127.00000000
364.00000000 388.00000000 0.00000000 127.00000000
571.00000000 490.00000000 0.00000000 125.00000000
488.00000000 485.00000000 0.00000000 121.00000000
