864.00000000 61.00000000 0.00000000 503.00000000
179.00000000 292.00000000 0.00000000 445.00000000
925.00000000 21.00000000 0.00000000 416.00000000
72.00000000 342.00000000 0.00000000 375.00000000
316.00000000 446.00000000 1.00000000 357.00000000
363.00000000 390.00000000 1.00000000 348.00000000
175.00000000 107.00000000 5.00000000 341.00000000
42.00000000 130.00000000 0.00000000 332.00000000
72.00000000 343.00000000 1.00000000 330.00000000
219.00000000 311.00000000 0.00000000 328.00000000
362.00000000 390.00000000 2.00000000 327.00000000
316.00000000 446.00000000 2.00000000 324.00000000
926.00000000 21.00000000 1.00000000 319.00000000
347.00000000 326.00000000 1.00000000 315.00000000
376.00000000 313.00000000 0.00000000 311.00000000
23.00000000 119.00000000 0.00000000 301.00000000
376.00000000 315.00000000 1.00000000 297.00000000
317.00000000 446.00000000 1.00000000 294.00000000
783.00000000 170.00000000 0.00000000 291.00000000
23.00000000 127.00000000 0.00000000 289.00000000
429.00000000 175.00000000 1.00000000 288.00000000
864.00000000 61.00000000 1.00000000 285.00000000
176.00000000 104.00000000 4.00000000 279.00000000
364.00000000 390.00000000 1.00000000 274.00000000
181.00000000 340.00000000 0.00000000 273.00000000
430.00000000 176.00000000 1.00000000 271.00000000
359.00000000 390.00000000 2.00000000 270.00000000
783.00000000 121.00000000 0.00000000 268.00000000
189.00000000 207.00000000 0.00000000 267.00000000
43.00000000 131.00000000 1.00000000 265.00000000
318.00000000 429.00000000 0.00000000 263.00000000
350.00000000 326.00000000 2.00000000 258.00000000
313.00000000 330.00000000 1.00000000 257.00000000
784.00000000 121.00000000 1.00000000 257.00000000
312.00000000 329.00000000 1.00000000 252.00000000
23.00000000 119.00000000 1.00000000 250.00000000
222.00000000 359.00000000 0.00000000 249.00000000
312.00000000 330.00000000 2.00000000 245.00000000
376.00000000 640.00000000 0.00000000 240.00000000
682.00000000 154.00000000 0.00000000 238.00000000
956.00000000 11.00000000 0.00000000 237.00000000
316.00000000 444.00000000 2.00000000 236.00000000
181.00000000 340.00000000 1.00000000 233.00000000
430.00000000 174.00000000 0.00000000 231.00000000
783.00000000 170.00000000 1.00000000 229.00000000
668.00000000 164.00000000 0.00000000 228.00000000
222.00000000 359.00000000 1.00000000 227.00000000
317.00000000 431.00000000 1.00000000 226.00000000
220.00000000 311.00000000 1.00000000 226.00000000
682.00000000 154.00000000 1.00000000 224.00000000
346.00000000 312.00000000 1.00000000 224.00000000
430.00000000 176.00000000 2.00000000 222.00000000
586.00000000 224.00000000 0.00000000 221.00000000
784.00000000 121.00000000 1.00000000 219.00000000
311.00000000 278.00000000 1.00000000 217.00000000
346.00000000 311.00000000 0.00000000 215.00000000
180.00000000 292.00000000 1.00000000 215.00000000
311.00000000 330.00000000 2.00000000 215.00000000
428.00000000 568.00000000 0.00000000 213.00000000
928.00000000 31.00000000 1.00000000 211.00000000
317.00000000 446.00000000 0.00000000 209.00000000
23.00000000 128.00000000 1.00000000 209.00000000
927.00000000 31.00000000 1.00000000 208.00000000
313.00000000 329.00000000 0.00000000 206.00000000
423.00000000 157.00000000 1.00000000 205.00000000
408.00000000 628.00000000 0.00000000 203.00000000
378.00000000 130.00000000 0.00000000 201.00000000
347.00000000 335.00000000 0.00000000 197.00000000
422.00000000 157.00000000 0.00000000 197.00000000
669.00000000 164.00000000 1.00000000 196.00000000
428.00000000 568.00000000 1.00000000 196.00000000
423.00000000 586.00000000 1.00000000 195.00000000
348.00000000 327.00000000 1.00000000 195.00000000
122.00000000 348.00000000 1.00000000 194.00000000
422.00000000 586.00000000 0.00000000 192.00000000
311.00000000 280.00000000 1.00000000 191.00000000
496.00000000 224.00000000 0.00000000 191.00000000
356.00000000 396.00000000 4.00000000 190.00000000
383.00000000 395.00000000 0.00000000 190.00000000
449.00000000 576.00000000 0.00000000 190.00000000
214.00000000 214.00000000 0.00000000 189.00000000
658.00000000 173.00000000 0.00000000 188.00000000
548.00000000 640.00000000 0.00000000 187.00000000
452.00000000 424.00000000 0.00000000 186.00000000
865.00000000 70.00000000 1.00000000 185.00000000
250.00000000 240.00000000 1.00000000 185.00000000
144.00000000 198.00000000 2.00000000 185.00000000
586.00000000 225.00000000 1.00000000 183.00000000
169.00000000 67.00000000 2.00000000 183.00000000
395.00000000 594.00000000 0.00000000 182.00000000
930.00000000 32.00000000 2.00000000 182.00000000
367.00000000 257.00000000 1.00000000 181.00000000
448.00000000 198.00000000 2.00000000 181.00000000
717.00000000 281.00000000 0.00000000 181.00000000
661.00000000 261.00000000 1.00000000 181.00000000
160.00000000 200.00000000 0.00000000 180.00000000
450.00000000 577.00000000 1.00000000 179.00000000
291.00000000 292.00000000 0.00000000 174.00000000
820.00000000 33.00000000 0.00000000 173.00000000
132.00000000 444.00000000 0.00000000 173.00000000
121.00000000 347.00000000 1.00000000 173.00000000
733.00000000 153.00000000 0.00000000 172.00000000
222.00000000 359.00000000 1.00000000 172.00000000
301.00000000 298.00000000 0.00000000 172.00000000
469.00000000 209.00000000 1.00000000 170.00000000
367.00000000 257.00000000 1.00000000 170.00000000
755.00000000 181.00000000 0.00000000 170.00000000
146.00000000 137.00000000 0.00000000 169.00000000
818.00000000 91.00000000 0.00000000 167.00000000
448.00000000 197.00000000 1.00000000 166.00000000
697.00000000 183.00000000 1.00000000 165.00000000
649.00000000 181.00000000 0.00000000 162.00000000
782.00000000 114.00000000 0.00000000 158.00000000
439.00000000 616.00000000 0.00000000 157.00000000
383.00000000 566.00000000 0.00000000 155.00000000
487.00000000 492.00000000 0.00000000 154.00000000
72.00000000 144.00000000 0.00000000 154.00000000
316.00000000 343.00000000 0.00000000 154.00000000
444.00000000 595.00000000 0.00000000 154.00000000
140.00000000 551.00000000 0.00000000 153.00000000
490.00000000 641.00000000 0.00000000 151.00000000
505.00000000 489.00000000 0.00000000 150.00000000
755.00000000 139.00000000 0.00000000 149.00000000
348.00000000 325.00000000 0.00000000 147.00000000
416.00000000 605.00000000 0.00000000 146.00000000
225.00000000 294.00000000 0.00000000 146.00000000
250.00000000 240.00000000 0.00000000 145.00000000
