782.00000000 114.00000000 0.00000000 342.00000000
862.00000000 62.00000000 0.00000000 277.00000000
420.00000000 135.00000000 0.00000000 233.00000000
681.00000000 154.00000000 1.00000000 228.00000000
680.00000000 147.00000000 0.00000000 227.00000000
42.00000000 132.00000000 1.00000000 215.00000000
570.00000000 211.00000000 0.00000000 209.00000000
753.00000000 132.00000000 0.00000000 208.00000000
430.00000000 176.00000000 1.00000000 207.00000000
42.00000000 132.00000000 0.00000000 206.00000000
695.00000000 48.00000000 0.00000000 206.00000000
680.00000000 154.00000000 0.00000000 197.00000000
429.00000000 175.00000000 1.00000000 195.00000000
420.00000000 136.00000000 1.00000000 194.00000000
181.00000000 107.00000000 5.00000000 190.00000000
158.00000000 155.00000000 0.00000000 180.00000000
863.00000000 62.00000000 1.00000000 179.00000000
681.00000000 154.00000000 1.00000000 175.00000000
184.00000000 108.00000000 4.00000000 173.00000000
422.00000000 157.00000000 1.00000000 172.00000000
182.00000000 42.00000000 2.00000000 171.00000000
183.00000000 45.00000000 0.00000000 170.00000000
783.00000000 121.00000000 1.00000000 170.00000000
700.00000000 130.00000000 1.00000000 164.00000000
183.00000000 46.00000000 1.00000000 157.00000000
427.00000000 569.00000000 0.00000000 154.00000000
204.00000000 79.00000000 0.00000000 153.00000000
113.00000000 65.00000000 1.00000000 152.00000000
570.00000000 212.00000000 1.00000000 152.00000000
700.00000000 131.00000000 1.00000000 149.00000000
430.00000000 176.00000000 2.00000000 149.00000000
731.00000000 147.00000000 0.00000000 143.00000000
422.00000000 156.00000000 1.00000000 142.00000000
181.00000000 42.00000000 2.00000000 141.00000000
317.00000000 430.00000000 0.00000000 138.00000000
782.00000000 122.00000000 1.00000000 138.00000000
422.00000000 157.00000000 0.00000000 138.00000000
308.00000000 174.00000000 0.00000000 136.00000000
185.00000000 106.00000000 1.00000000 133.00000000
696.00000000 48.00000000 1.00000000 133.00000000
732.00000000 153.00000000 0.00000000 130.00000000
430.00000000 175.00000000 0.00000000 130.00000000
755.00000000 139.00000000 1.00000000 129.00000000
183.00000000 104.00000000 2.00000000 128.00000000
420.00000000 135.00000000 1.00000000 127.00000000
188.00000000 166.00000000 0.00000000 127.00000000
786.00000000 122.00000000 2.00000000 126.00000000
308.00000000 175.00000000 1.00000000 126.00000000
449.00000000 577.00000000 0.00000000 125.00000000
186.00000000 105.00000000 1.00000000 125.00000000
422.00000000 587.00000000 1.00000000 125.00000000
186.00000000 106.00000000 2.00000000 125.00000000
317.00000000 430.00000000 1.00000000 125.00000000
756.00000000 138.00000000 1.00000000 122.00000000
449.00000000 578.00000000 1.00000000 122.00000000
697.00000000 154.00000000 0.00000000 120.00000000
433.00000000 552.00000000 0.00000000 120.00000000
308.00000000 176.00000000 1.00000000 117.00000000
506.00000000 232.00000000 0.00000000 117.00000000
412.00000000 132.00000000 4.00000000 115.00000000
611.00000000 200.00000000 0.00000000 115.00000000
782.00000000 121.00000000 0.00000000 114.00000000
733.00000000 153.00000000 1.00000000 114.00000000
442.00000000 190.00000000 0.00000000 114.00000000
111.00000000 65.00000000 1.00000000 112.00000000
611.00000000 201.00000000 1.00000000 111.00000000
422.00000000 586.00000000 1.00000000 110.00000000
782.00000000 170.00000000 0.00000000 110.00000000
428.00000000 569.00000000 1.00000000 109.00000000
697.00000000 154.00000000 1.00000000 109.00000000
182.00000000 45.00000000 1.00000000 109.00000000
449.00000000 198.00000000 0.00000000 109.00000000
422.00000000 586.00000000 0.00000000 107.00000000
22.00000000 120.00000000 0.00000000 107.00000000
444.00000000 596.00000000 0.00000000 106.00000000
444.00000000 597.00000000 1.00000000 106.00000000
410.00000000 124.00000000 1.00000000 104.00000000
114.00000000 65.00000000 0.00000000 104.00000000
500.00000000 229.00000000 0.00000000 103.00000000
755.00000000 139.00000000 0.00000000 102.00000000
444.00000000 350.00000000 2.00000000 102.00000000
362.00000000 390.00000000 1.00000000 102.00000000
439.00000000 617.00000000 1.00000000 101.00000000
204.00000000 79.00000000 1.00000000 101.00000000
782.00000000 170.00000000 1.00000000 100.00000000
195.00000000 123.00000000 0.00000000 100.00000000
733.00000000 154.00000000 1.00000000 99.00000000
698.00000000 552.00000000 1.00000000 99.00000000
896.00000000 242.00000000 2.00000000 99.00000000
469.00000000 207.00000000 1.00000000 99.00000000
135.00000000 153.00000000 0.00000000 99.00000000
410.00000000 123.00000000 0.00000000 98.00000000
449.00000000 199.00000000 1.00000000 96.00000000
308.00000000 178.00000000 2.00000000 95.00000000
446.00000000 196.00000000 2.00000000 95.00000000
897.00000000 244.00000000 1.00000000 94.00000000
700.00000000 130.00000000 0.00000000 94.00000000
754.00000000 182.00000000 0.00000000 94.00000000
187.00000000 106.00000000 0.00000000 94.00000000
202.00000000 103.00000000 0.00000000 93.00000000
487.00000000 485.00000000 0.00000000 93.00000000
410.00000000 126.00000000 2.00000000 92.00000000
434.00000000 552.00000000 1.00000000 92.00000000
22.00000000 128.00000000 0.00000000 92.00000000
22.00000000 128.00000000 1.00000000 91.00000000
363.00000000 389.00000000 1.00000000 91.00000000
412.00000000 130.00000000 2.00000000 90.00000000
897.00000000 243.00000000 0.00000000 87.00000000
699.00000000 185.00000000 0.00000000 87.00000000
707.00000000 572.00000000 0.00000000 87.00000000
570.00000000 490.00000000 0.00000000 86.00000000
537.00000000 490.00000000 0.00000000 86.00000000
588.00000000 493.00000000 0.00000000 85.00000000
487.00000000 493.00000000 0.00000000 85.00000000
182.00000000 82.00000000 0.00000000 83.00000000
552.00000000 477.00000000 0.00000000 83.00000000
695.00000000 550.00000000 0.00000000 83.00000000
451.00000000 424.00000000 0.00000000 82.00000000
186.00000000 130.00000000 0.00000000 82.00000000
896.00000000 252.00000000 0.00000000 80.00000000
504.00000000 490.00000000 0.00000000 80.00000000
593.00000000 458.00000000 0.00000000 80.00000000
679.00000000 564.00000000 0.00000000 80.00000000
601.00000000 480.00000000 0.00000000 80.00000000
564.00000000 552.00000000 0.00000000 79.00000000
335.00000000 207.00000000 0.00000000 79.00000000
318.00000000 439.00000000 0.00000000 78.00000000
