782.00000000 114.00000000 0.00000000 325.00000000
864.00000000 61.00000000 0.00000000 308.00000000
175.00000000 101.00000000 5.00000000 247.00000000
420.00000000 135.00000000 0.00000000 237.00000000
682.00000000 154.00000000 1.00000000 224.00000000
681.00000000 147.00000000 0.00000000 224.00000000
697.00000000 48.00000000 0.00000000 220.00000000
571.00000000 211.00000000 0.00000000 219.00000000
755.00000000 132.00000000 0.00000000 213.00000000
176.00000000 100.00000000 4.00000000 204.00000000
39.00000000 130.00000000 0.00000000 199.00000000
864.00000000 61.00000000 1.00000000 192.00000000
704.00000000 181.00000000 1.00000000 192.00000000
704.00000000 181.00000000 1.00000000 190.00000000
682.00000000 153.00000000 0.00000000 186.00000000
421.00000000 135.00000000 1.00000000 182.00000000
431.00000000 175.00000000 1.00000000 175.00000000
423.00000000 157.00000000 1.00000000 175.00000000
706.00000000 182.00000000 2.00000000 174.00000000
683.00000000 154.00000000 1.00000000 168.00000000
571.00000000 212.00000000 1.00000000 164.00000000
431.00000000 175.00000000 1.00000000 162.00000000
784.00000000 121.00000000 1.00000000 159.00000000
701.00000000 130.00000000 1.00000000 156.00000000
701.00000000 130.00000000 1.00000000 156.00000000
40.00000000 131.00000000 1.00000000 156.00000000
114.00000000 65.00000000 1.00000000 155.00000000
309.00000000 174.00000000 0.00000000 154.00000000
318.00000000 429.00000000 0.00000000 152.00000000
731.00000000 147.00000000 0.00000000 149.00000000
697.00000000 48.00000000 1.00000000 147.00000000
309.00000000 175.00000000 1.00000000 146.00000000
428.00000000 569.00000000 0.00000000 144.00000000
733.00000000 153.00000000 0.00000000 143.00000000
430.00000000 176.00000000 2.00000000 137.00000000
175.00000000 98.00000000 2.00000000 136.00000000
309.00000000 176.00000000 1.00000000 135.00000000
422.00000000 156.00000000 1.00000000 134.00000000
784.00000000 121.00000000 1.00000000 134.00000000
734.00000000 153.00000000 1.00000000 133.00000000
612.00000000 200.00000000 0.00000000 131.00000000
318.00000000 430.00000000 1.00000000 131.00000000
423.00000000 156.00000000 0.00000000 129.00000000
704.00000000 181.00000000 0.00000000 127.00000000
444.00000000 596.00000000 0.00000000 126.00000000
420.00000000 135.00000000 1.00000000 125.00000000
756.00000000 138.00000000 1.00000000 124.00000000
786.00000000 122.00000000 2.00000000 124.00000000
159.00000000 155.00000000 0.00000000 124.00000000
115.00000000 65.00000000 0.00000000 123.00000000
697.00000000 154.00000000 0.00000000 122.00000000
612.00000000 201.00000000 1.00000000 122.00000000
412.00000000 132.00000000 4.00000000 122.00000000
756.00000000 139.00000000 1.00000000 121.00000000
410.00000000 123.00000000 0.00000000 115.00000000
445.00000000 596.00000000 1.00000000 115.00000000
735.00000000 152.00000000 1.00000000 113.00000000
434.00000000 551.00000000 0.00000000 113.00000000
24.00000000 127.00000000 0.00000000 112.00000000
449.00000000 576.00000000 0.00000000 112.00000000
310.00000000 178.00000000 2.00000000 112.00000000
428.00000000 569.00000000 1.00000000 112.00000000
450.00000000 577.00000000 1.00000000 110.00000000
444.00000000 190.00000000 0.00000000 110.00000000
707.00000000 183.00000000 2.00000000 109.00000000
783.00000000 121.00000000 0.00000000 109.00000000
363.00000000 390.00000000 1.00000000 108.00000000
507.00000000 231.00000000 0.00000000 108.00000000
113.00000000 63.00000000 1.00000000 108.00000000
610.00000000 202.00000000 1.00000000 106.00000000
698.00000000 154.00000000 1.00000000 106.00000000
411.00000000 124.00000000 1.00000000 106.00000000
440.00000000 617.00000000 1.00000000 105.00000000
444.00000000 350.00000000 2.00000000 104.00000000
684.00000000 154.00000000 2.00000000 104.00000000
496.00000000 224.00000000 0.00000000 104.00000000
434.00000000 552.00000000 1.00000000 104.00000000
423.00000000 586.00000000 1.00000000 103.00000000
412.00000000 127.00000000 2.00000000 102.00000000
783.00000000 170.00000000 0.00000000 102.00000000
188.00000000 166.00000000 0.00000000 101.00000000
470.00000000 207.00000000 1.00000000 101.00000000
178.00000000 98.00000000 2.00000000 101.00000000
412.00000000 126.00000000 2.00000000 101.00000000
431.00000000 174.00000000 0.00000000 100.00000000
364.00000000 390.00000000 1.00000000 100.00000000
701.00000000 130.00000000 0.00000000 99.00000000
898.00000000 242.00000000 2.00000000 98.00000000
755.00000000 138.00000000 0.00000000 97.00000000
700.00000000 552.00000000 1.00000000 96.00000000
670.00000000 164.00000000 1.00000000 96.00000000
708.00000000 572.00000000 0.00000000 96.00000000
431.00000000 353.00000000 0.00000000 95.00000000
127.00000000 148.00000000 1.00000000 95.00000000
571.00000000 489.00000000 0.00000000 95.00000000
422.00000000 586.00000000 1.00000000 95.00000000
553.00000000 476.00000000 0.00000000 95.00000000
422.00000000 586.00000000 0.00000000 95.00000000
24.00000000 128.00000000 1.00000000 95.00000000
450.00000000 198.00000000 0.00000000 94.00000000
505.00000000 489.00000000 0.00000000 93.00000000
199.00000000 72.00000000 0.00000000 92.00000000
783.00000000 169.00000000 1.00000000 91.00000000
898.00000000 252.00000000 1.00000000 91.00000000
887.00000000 69.00000000 1.00000000 90.00000000
898.00000000 252.00000000 0.00000000 89.00000000
593.00000000 458.00000000 0.00000000 88.00000000
127.00000000 147.00000000 0.00000000 88.00000000
487.00000000 492.00000000 0.00000000 87.00000000
538.00000000 489.00000000 0.00000000 87.00000000
488.00000000 484.00000000 0.00000000 86.00000000
364.00000000 388.00000000 0.00000000 85.00000000
320.00000000 439.00000000 0.00000000 85.00000000
898.00000000 243.00000000 0.00000000 85.00000000
577.00000000 456.00000000 0.00000000 84.00000000
186.00000000 62.00000000 0.00000000 83.00000000
755.00000000 181.00000000 0.00000000 81.00000000
589.00000000 492.00000000 0.00000000 81.00000000
22.00000000 120.00000000 0.00000000 80.00000000
160.00000000 54.00000000 0.00000000 80.00000000
668.00000000 158.00000000 0.00000000 80.00000000
555.00000000 493.00000000 0.00000000 78.00000000
470.00000000 205.00000000 0.00000000 78.00000000
680.00000000 563.00000000 0.00000000 77.00000000
669.00000000 164.00000000 0.00000000 77.00000000
581.00000000 468.00000000 0.00000000 77.00000000
596.00000000 465.00000000 0.00000000 77.00000000
