925.00000000 21.00000000 0.00000000 482.00000000
179.00000000 292.00000000 0.00000000 461.00000000
72.00000000 342.00000000 0.00000000 428.00000000
316.00000000 445.00000000 1.00000000 383.00000000
219.00000000 311.00000000 0.00000000 382.00000000
72.00000000 343.00000000 1.00000000 378.00000000
317.00000000 446.00000000 1.00000000 349.00000000
347.00000000 326.00000000 1.00000000 343.00000000
316.00000000 446.00000000 2.00000000 341.00000000
926.00000000 21.00000000 1.00000000 338.00000000
362.00000000 390.00000000 1.00000000 338.00000000
360.00000000 392.00000000 2.00000000 324.00000000
376.00000000 314.00000000 0.00000000 322.00000000
189.00000000 207.00000000 0.00000000 307.00000000
181.00000000 340.00000000 0.00000000 307.00000000
864.00000000 62.00000000 0.00000000 304.00000000
376.00000000 315.00000000 1.00000000 292.00000000
222.00000000 359.00000000 0.00000000 292.00000000
23.00000000 128.00000000 0.00000000 285.00000000
23.00000000 119.00000000 0.00000000 283.00000000
359.00000000 393.00000000 2.00000000 280.00000000
169.00000000 107.00000000 5.00000000 276.00000000
363.00000000 391.00000000 1.00000000 275.00000000
348.00000000 328.00000000 2.00000000 274.00000000
172.00000000 108.00000000 4.00000000 272.00000000
316.00000000 446.00000000 0.00000000 271.00000000
928.00000000 31.00000000 1.00000000 270.00000000
311.00000000 329.00000000 1.00000000 269.00000000
783.00000000 170.00000000 0.00000000 267.00000000
313.00000000 331.00000000 1.00000000 265.00000000
345.00000000 312.00000000 0.00000000 264.00000000
927.00000000 32.00000000 1.00000000 264.00000000
312.00000000 330.00000000 2.00000000 261.00000000
316.00000000 444.00000000 2.00000000 258.00000000
956.00000000 12.00000000 0.00000000 255.00000000
181.00000000 340.00000000 1.00000000 251.00000000
348.00000000 327.00000000 1.00000000 251.00000000
311.00000000 280.00000000 1.00000000 243.00000000
222.00000000 360.00000000 1.00000000 242.00000000
376.00000000 640.00000000 0.00000000 238.00000000
586.00000000 224.00000000 0.00000000 238.00000000
444.00000000 380.00000000 4.00000000 238.00000000
180.00000000 292.00000000 1.00000000 236.00000000
346.00000000 312.00000000 1.00000000 235.00000000
220.00000000 311.00000000 1.00000000 232.00000000
311.00000000 330.00000000 2.00000000 232.00000000
144.00000000 198.00000000 2.00000000 225.00000000
23.00000000 120.00000000 1.00000000 224.00000000
313.00000000 330.00000000 0.00000000 219.00000000
160.00000000 200.00000000 0.00000000 217.00000000
311.00000000 280.00000000 1.00000000 217.00000000
930.00000000 32.00000000 2.00000000 214.00000000
317.00000000 431.00000000 1.00000000 213.00000000
783.00000000 121.00000000 0.00000000 211.00000000
783.00000000 170.00000000 1.00000000 210.00000000
214.00000000 214.00000000 0.00000000 206.00000000
717.00000000 282.00000000 0.00000000 204.00000000
316.00000000 356.00000000 2.00000000 202.00000000
661.00000000 261.00000000 1.00000000 201.00000000
367.00000000 257.00000000 1.00000000 201.00000000
316.00000000 356.00000000 2.00000000 199.00000000
395.00000000 594.00000000 0.00000000 199.00000000
318.00000000 430.00000000 0.00000000 198.00000000
548.00000000 640.00000000 0.00000000 198.00000000
291.00000000 293.00000000 0.00000000 198.00000000
784.00000000 122.00000000 1.00000000 195.00000000
367.00000000 257.00000000 1.00000000 193.00000000
496.00000000 224.00000000 0.00000000 192.00000000
222.00000000 359.00000000 1.00000000 190.00000000
23.00000000 128.00000000 1.00000000 190.00000000
865.00000000 71.00000000 1.00000000 190.00000000
122.00000000 348.00000000 1.00000000 186.00000000
145.00000000 196.00000000 1.00000000 186.00000000
586.00000000 225.00000000 1.00000000 185.00000000
348.00000000 325.00000000 0.00000000 185.00000000
865.00000000 70.00000000 1.00000000 184.00000000
298.00000000 588.00000000 0.00000000 182.00000000
383.00000000 395.00000000 0.00000000 182.00000000
408.00000000 629.00000000 0.00000000 181.00000000
696.00000000 186.00000000 2.00000000 181.00000000
820.00000000 33.00000000 0.00000000 181.00000000
250.00000000 241.00000000 1.00000000 179.00000000
669.00000000 164.00000000 0.00000000 179.00000000
301.00000000 298.00000000 0.00000000 178.00000000
694.00000000 185.00000000 1.00000000 178.00000000
120.00000000 347.00000000 1.00000000 176.00000000
928.00000000 30.00000000 0.00000000 175.00000000
429.00000000 176.00000000 1.00000000 174.00000000
864.00000000 62.00000000 1.00000000 174.00000000
112.00000000 163.00000000 0.00000000 173.00000000
430.00000000 176.00000000 1.00000000 170.00000000
818.00000000 91.00000000 0.00000000 168.00000000
408.00000000 629.00000000 1.00000000 167.00000000
347.00000000 335.00000000 0.00000000 166.00000000
196.00000000 349.00000000 1.00000000 165.00000000
864.00000000 70.00000000 0.00000000 163.00000000
140.00000000 551.00000000 0.00000000 163.00000000
363.00000000 391.00000000 0.00000000 162.00000000
146.00000000 195.00000000 1.00000000 161.00000000
112.00000000 163.00000000 1.00000000 161.00000000
661.00000000 262.00000000 1.00000000 161.00000000
222.00000000 323.00000000 1.00000000 158.00000000
395.00000000 595.00000000 1.00000000 157.00000000
130.00000000 207.00000000 0.00000000 156.00000000
383.00000000 567.00000000 0.00000000 155.00000000
682.00000000 154.00000000 0.00000000 154.00000000
196.00000000 349.00000000 1.00000000 153.00000000
378.00000000 130.00000000 0.00000000 151.00000000
490.00000000 641.00000000 0.00000000 149.00000000
755.00000000 182.00000000 0.00000000 147.00000000
430.00000000 175.00000000 0.00000000 146.00000000
70.00000000 308.00000000 0.00000000 145.00000000
24.00000000 135.00000000 0.00000000 145.00000000
422.00000000 587.00000000 0.00000000 144.00000000
250.00000000 240.00000000 0.00000000 143.00000000
878.00000000 128.00000000 0.00000000 141.00000000
41.00000000 130.00000000 0.00000000 141.00000000
132.00000000 445.00000000 0.00000000 140.00000000
310.00000000 280.00000000 0.00000000 140.00000000
72.00000000 144.00000000 0.00000000 139.00000000
733.00000000 293.00000000 0.00000000 137.00000000
416.00000000 605.00000000 0.00000000 136.00000000
113.00000000 200.00000000 0.00000000 136.00000000
452.00000000 424.00000000 0.00000000 135.00000000
149.00000000 276.00000000 0.00000000 135.00000000
74.00000000 193.00000000 0.00000000 134.00000000
649.00000000 181.00000000 0.00000000 133.00000000
