567.00000000 750.00000000 0.00000000 637.00000000
568.00000000 733.00000000 0.00000000 623.00000000
760.00000000 401.00000000 0.00000000 599.00000000
930.00000000 206.00000000 2.00000000 573.00000000
760.00000000 402.00000000 1.00000000 529.00000000
806.00000000 387.00000000 1.00000000 476.00000000
569.00000000 715.00000000 0.00000000 476.00000000
930.00000000 206.00000000 2.00000000 441.00000000
569.00000000 733.00000000 1.00000000 440.00000000
930.00000000 203.00000000 1.00000000 438.00000000
806.00000000 388.00000000 0.00000000 431.00000000
605.00000000 567.00000000 0.00000000 419.00000000
849.00000000 755.00000000 0.00000000 416.00000000
975.00000000 268.00000000 1.00000000 411.00000000
1038.00000000 111.00000000 0.00000000 410.00000000
1043.00000000 755.00000000 1.00000000 406.00000000
455.00000000 237.00000000 2.00000000 402.00000000
1042.00000000 758.00000000 2.00000000 395.00000000
906.00000000 349.00000000 1.00000000 391.00000000
759.00000000 401.00000000 1.00000000 391.00000000
659.00000000 593.00000000 2.00000000 388.00000000
568.00000000 750.00000000 1.00000000 388.00000000
660.00000000 594.00000000 2.00000000 378.00000000
724.00000000 302.00000000 2.00000000 378.00000000
972.00000000 271.00000000 1.00000000 377.00000000
731.00000000 386.00000000 1.00000000 375.00000000
783.00000000 90.00000000 1.00000000 373.00000000
671.00000000 303.00000000 0.00000000 371.00000000
1052.00000000 743.00000000 0.00000000 369.00000000
840.00000000 425.00000000 0.00000000 368.00000000
849.00000000 756.00000000 1.00000000 367.00000000
249.00000000 455.00000000 0.00000000 360.00000000
814.00000000 326.00000000 2.00000000 354.00000000
783.00000000 89.00000000 1.00000000 349.00000000
906.00000000 349.00000000 1.00000000 347.00000000
869.00000000 176.00000000 0.00000000 345.00000000
803.00000000 408.00000000 0.00000000 344.00000000
1097.00000000 574.00000000 1.00000000 340.00000000
606.00000000 568.00000000 1.00000000 336.00000000
712.00000000 485.00000000 1.00000000 335.00000000
168.00000000 526.00000000 0.00000000 334.00000000
1048.00000000 140.00000000 4.00000000 334.00000000
717.00000000 401.00000000 1.00000000 333.00000000
1062.00000000 731.00000000 0.00000000 333.00000000
713.00000000 485.00000000 1.00000000 332.00000000
974.00000000 272.00000000 2.00000000 330.00000000
839.00000000 425.00000000 1.00000000 329.00000000
567.00000000 767.00000000 0.00000000 327.00000000
473.00000000 651.00000000 1.00000000 325.00000000
828.00000000 223.00000000 1.00000000 325.00000000
456.00000000 236.00000000 4.00000000 324.00000000
782.00000000 320.00000000 0.00000000 321.00000000
383.00000000 68.00000000 0.00000000 321.00000000
569.00000000 716.00000000 1.00000000 319.00000000
258.00000000 462.00000000 0.00000000 319.00000000
856.00000000 389.00000000 1.00000000 318.00000000
441.00000000 735.00000000 5.00000000 317.00000000
680.00000000 252.00000000 0.00000000 316.00000000
693.00000000 317.00000000 1.00000000 315.00000000
676.00000000 267.00000000 0.00000000 314.00000000
374.00000000 499.00000000 1.00000000 313.00000000
817.00000000 381.00000000 1.00000000 311.00000000
1043.00000000 754.00000000 1.00000000 310.00000000
970.00000000 251.00000000 1.00000000 309.00000000
232.00000000 443.00000000 0.00000000 309.00000000
848.00000000 400.00000000 1.00000000 309.00000000
847.00000000 398.00000000 0.00000000 308.00000000
679.00000000 252.00000000 1.00000000 308.00000000
861.00000000 185.00000000 0.00000000 305.00000000
881.00000000 366.00000000 1.00000000 304.00000000
692.00000000 564.00000000 2.00000000 303.00000000
672.00000000 303.00000000 1.00000000 302.00000000
660.00000000 592.00000000 1.00000000 299.00000000
213.00000000 538.00000000 0.00000000 298.00000000
389.00000000 465.00000000 1.00000000 298.00000000
1062.00000000 732.00000000 1.00000000 298.00000000
1148.00000000 315.00000000 1.00000000 297.00000000
1093.00000000 561.00000000 1.00000000 296.00000000
890.00000000 264.00000000 1.00000000 295.00000000
717.00000000 401.00000000 1.00000000 295.00000000
842.00000000 383.00000000 1.00000000 293.00000000
237.00000000 124.00000000 1.00000000 293.00000000
855.00000000 388.00000000 0.00000000 293.00000000
781.00000000 320.00000000 1.00000000 293.00000000
975.00000000 267.00000000 0.00000000 291.00000000
717.00000000 400.00000000 0.00000000 290.00000000
729.00000000 219.00000000 1.00000000 290.00000000
782.00000000 370.00000000 1.00000000 289.00000000
814.00000000 326.00000000 1.00000000 289.00000000
475.00000000 652.00000000 1.00000000 289.00000000
674.00000000 340.00000000 2.00000000 287.00000000
854.00000000 430.00000000 0.00000000 287.00000000
376.00000000 500.00000000 2.00000000 286.00000000
713.00000000 483.00000000 0.00000000 280.00000000
828.00000000 222.00000000 0.00000000 278.00000000
672.00000000 324.00000000 0.00000000 271.00000000
685.00000000 751.00000000 0.00000000 270.00000000
767.00000000 373.00000000 0.00000000 264.00000000
1093.00000000 561.00000000 0.00000000 262.00000000
878.00000000 449.00000000 0.00000000 262.00000000
678.00000000 751.00000000 0.00000000 260.00000000
675.00000000 339.00000000 0.00000000 253.00000000
844.00000000 312.00000000 0.00000000 252.00000000
743.00000000 200.00000000 0.00000000 252.00000000
322.00000000 335.00000000 0.00000000 251.00000000
685.00000000 738.00000000 0.00000000 251.00000000
678.00000000 738.00000000 0.00000000 249.00000000
138.00000000 548.00000000 0.00000000 249.00000000
661.00000000 305.00000000 0.00000000 249.00000000
610.00000000 422.00000000 0.00000000 248.00000000
582.00000000 239.00000000 0.00000000 248.00000000
389.00000000 465.00000000 0.00000000 248.00000000
859.00000000 415.00000000 0.00000000 247.00000000
840.00000000 194.00000000 0.00000000 245.00000000
216.00000000 24.00000000 0.00000000 243.00000000
840.00000000 359.00000000 0.00000000 243.00000000
724.00000000 424.00000000 0.00000000 243.00000000
881.00000000 366.00000000 0.00000000 242.00000000
890.00000000 263.00000000 0.00000000 240.00000000
673.00000000 380.00000000 0.00000000 240.00000000
348.00000000 565.00000000 0.00000000 238.00000000
782.00000000 369.00000000 0.00000000 238.00000000
783.00000000 88.00000000 0.00000000 238.00000000
770.00000000 444.00000000 0.00000000 237.00000000
818.00000000 380.00000000 0.00000000 236.00000000
1115.00000000 296.00000000 0.00000000 233.00000000
132.00000000 489.00000000 0.00000000 233.00000000
