567.00000000 750.00000000 0.00000000 617.00000000
568.00000000 733.00000000 0.00000000 570.00000000
806.00000000 388.00000000 1.00000000 555.00000000
970.00000000 250.00000000 1.00000000 544.00000000
975.00000000 268.00000000 1.00000000 526.00000000
806.00000000 388.00000000 0.00000000 501.00000000
970.00000000 252.00000000 2.00000000 466.00000000
569.00000000 716.00000000 0.00000000 431.00000000
850.00000000 756.00000000 1.00000000 428.00000000
975.00000000 267.00000000 0.00000000 427.00000000
903.00000000 425.00000000 1.00000000 412.00000000
889.00000000 336.00000000 0.00000000 411.00000000
1148.00000000 317.00000000 1.00000000 407.00000000
569.00000000 733.00000000 1.00000000 400.00000000
856.00000000 389.00000000 1.00000000 396.00000000
906.00000000 350.00000000 1.00000000 388.00000000
1036.00000000 140.00000000 4.00000000 374.00000000
1025.00000000 41.00000000 1.00000000 374.00000000
568.00000000 751.00000000 1.00000000 373.00000000
1026.00000000 42.00000000 2.00000000 372.00000000
840.00000000 195.00000000 0.00000000 372.00000000
853.00000000 251.00000000 0.00000000 372.00000000
849.00000000 756.00000000 0.00000000 370.00000000
975.00000000 268.00000000 1.00000000 370.00000000
1040.00000000 141.00000000 5.00000000 364.00000000
793.00000000 657.00000000 1.00000000 362.00000000
817.00000000 91.00000000 1.00000000 360.00000000
661.00000000 305.00000000 0.00000000 360.00000000
1148.00000000 318.00000000 1.00000000 358.00000000
168.00000000 526.00000000 0.00000000 356.00000000
1023.00000000 23.00000000 0.00000000 355.00000000
455.00000000 231.00000000 2.00000000 353.00000000
847.00000000 398.00000000 0.00000000 353.00000000
1148.00000000 316.00000000 0.00000000 352.00000000
988.00000000 212.00000000 4.00000000 351.00000000
903.00000000 425.00000000 0.00000000 348.00000000
844.00000000 314.00000000 1.00000000 346.00000000
970.00000000 251.00000000 1.00000000 339.00000000
133.00000000 490.00000000 1.00000000 339.00000000
777.00000000 282.00000000 1.00000000 339.00000000
848.00000000 399.00000000 1.00000000 339.00000000
305.00000000 15.00000000 1.00000000 337.00000000
567.00000000 768.00000000 0.00000000 337.00000000
845.00000000 217.00000000 1.00000000 335.00000000
849.00000000 756.00000000 1.00000000 334.00000000
725.00000000 426.00000000 1.00000000 334.00000000
258.00000000 462.00000000 0.00000000 333.00000000
898.00000000 315.00000000 1.00000000 328.00000000
856.00000000 388.00000000 0.00000000 327.00000000
697.00000000 257.00000000 1.00000000 325.00000000
374.00000000 499.00000000 1.00000000 325.00000000
659.00000000 596.00000000 2.00000000 325.00000000
776.00000000 282.00000000 2.00000000 324.00000000
806.00000000 387.00000000 1.00000000 321.00000000
569.00000000 716.00000000 1.00000000 321.00000000
248.00000000 455.00000000 0.00000000 320.00000000
878.00000000 757.00000000 1.00000000 317.00000000
456.00000000 228.00000000 2.00000000 315.00000000
1098.00000000 574.00000000 1.00000000 314.00000000
137.00000000 548.00000000 0.00000000 311.00000000
658.00000000 594.00000000 2.00000000 310.00000000
132.00000000 685.00000000 1.00000000 309.00000000
236.00000000 124.00000000 1.00000000 308.00000000
844.00000000 312.00000000 1.00000000 308.00000000
889.00000000 337.00000000 1.00000000 307.00000000
649.00000000 28.00000000 0.00000000 306.00000000
817.00000000 90.00000000 0.00000000 305.00000000
122.00000000 656.00000000 1.00000000 304.00000000
724.00000000 425.00000000 0.00000000 303.00000000
260.00000000 398.00000000 1.00000000 303.00000000
374.00000000 502.00000000 2.00000000 301.00000000
906.00000000 351.00000000 1.00000000 300.00000000
987.00000000 209.00000000 2.00000000 300.00000000
1038.00000000 160.00000000 2.00000000 300.00000000
305.00000000 14.00000000 0.00000000 299.00000000
111.00000000 677.00000000 1.00000000 298.00000000
260.00000000 398.00000000 0.00000000 298.00000000
168.00000000 526.00000000 1.00000000 297.00000000
794.00000000 657.00000000 1.00000000 296.00000000
348.00000000 565.00000000 0.00000000 296.00000000
1025.00000000 41.00000000 1.00000000 295.00000000
212.00000000 538.00000000 0.00000000 294.00000000
583.00000000 238.00000000 1.00000000 288.00000000
232.00000000 443.00000000 0.00000000 287.00000000
1024.00000000 23.00000000 1.00000000 287.00000000
206.00000000 178.00000000 2.00000000 285.00000000
857.00000000 388.00000000 1.00000000 281.00000000
208.00000000 178.00000000 2.00000000 279.00000000
375.00000000 498.00000000 1.00000000 279.00000000
673.00000000 299.00000000 1.00000000 275.00000000
584.00000000 236.00000000 0.00000000 275.00000000
200.00000000 502.00000000 0.00000000 274.00000000
190.00000000 531.00000000 0.00000000 273.00000000
111.00000000 677.00000000 0.00000000 271.00000000
878.00000000 757.00000000 0.00000000 271.00000000
132.00000000 489.00000000 0.00000000 270.00000000
892.00000000 422.00000000 1.00000000 270.00000000
127.00000000 510.00000000 0.00000000 269.00000000
889.00000000 265.00000000 0.00000000 268.00000000
132.00000000 685.00000000 0.00000000 265.00000000
644.00000000 43.00000000 0.00000000 262.00000000
365.00000000 45.00000000 0.00000000 260.00000000
810.00000000 176.00000000 0.00000000 259.00000000
236.00000000 123.00000000 0.00000000 257.00000000
121.00000000 655.00000000 0.00000000 257.00000000
840.00000000 425.00000000 0.00000000 255.00000000
742.00000000 200.00000000 0.00000000 255.00000000
415.00000000 631.00000000 0.00000000 253.00000000
321.00000000 335.00000000 0.00000000 250.00000000
225.00000000 371.00000000 0.00000000 248.00000000
1026.00000000 41.00000000 0.00000000 246.00000000
676.00000000 267.00000000 0.00000000 245.00000000
900.00000000 231.00000000 0.00000000 240.00000000
151.00000000 541.00000000 0.00000000 239.00000000
202.00000000 81.00000000 0.00000000 238.00000000
844.00000000 313.00000000 0.00000000 237.00000000
560.00000000 235.00000000 0.00000000 237.00000000
713.00000000 342.00000000 0.00000000 236.00000000
898.00000000 313.00000000 0.00000000 232.00000000
876.00000000 383.00000000 0.00000000 231.00000000
376.00000000 497.00000000 0.00000000 230.00000000
1135.00000000 337.00000000 0.00000000 229.00000000
215.00000000 24.00000000 0.00000000 229.00000000
436.00000000 694.00000000 0.00000000 228.00000000
1011.00000000 10.00000000 0.00000000 227.00000000
172.00000000 496.00000000 0.00000000 226.00000000
909.00000000 299.00000000 0.00000000 226.00000000
