861.00000000 185.00000000 0.00000000 731.00000000
567.00000000 750.00000000 0.00000000 664.00000000
568.00000000 733.00000000 0.00000000 643.00000000
69.00000000 169.00000000 1.00000000 584.00000000
70.00000000 170.00000000 1.00000000 560.00000000
806.00000000 387.00000000 1.00000000 547.00000000
869.00000000 176.00000000 0.00000000 545.00000000
569.00000000 715.00000000 0.00000000 542.00000000
347.00000000 565.00000000 0.00000000 538.00000000
760.00000000 400.00000000 0.00000000 513.00000000
847.00000000 399.00000000 1.00000000 483.00000000
198.00000000 38.00000000 0.00000000 478.00000000
1176.00000000 470.00000000 2.00000000 473.00000000
1176.00000000 472.00000000 2.00000000 472.00000000
862.00000000 186.00000000 1.00000000 471.00000000
440.00000000 736.00000000 4.00000000 470.00000000
568.00000000 733.00000000 1.00000000 467.00000000
299.00000000 531.00000000 2.00000000 460.00000000
848.00000000 755.00000000 0.00000000 453.00000000
348.00000000 566.00000000 1.00000000 448.00000000
354.00000000 552.00000000 0.00000000 447.00000000
905.00000000 350.00000000 1.00000000 442.00000000
854.00000000 388.00000000 0.00000000 442.00000000
855.00000000 388.00000000 1.00000000 440.00000000
302.00000000 530.00000000 2.00000000 433.00000000
975.00000000 268.00000000 1.00000000 433.00000000
70.00000000 169.00000000 0.00000000 429.00000000
1148.00000000 315.00000000 1.00000000 422.00000000
806.00000000 387.00000000 0.00000000 421.00000000
659.00000000 593.00000000 2.00000000 420.00000000
827.00000000 223.00000000 1.00000000 418.00000000
889.00000000 263.00000000 1.00000000 416.00000000
414.00000000 634.00000000 1.00000000 414.00000000
838.00000000 281.00000000 1.00000000 413.00000000
671.00000000 303.00000000 0.00000000 412.00000000
847.00000000 398.00000000 0.00000000 410.00000000
849.00000000 756.00000000 1.00000000 408.00000000
759.00000000 401.00000000 1.00000000 407.00000000
781.00000000 370.00000000 1.00000000 406.00000000
414.00000000 638.00000000 2.00000000 405.00000000
671.00000000 303.00000000 1.00000000 402.00000000
568.00000000 750.00000000 1.00000000 401.00000000
68.00000000 170.00000000 2.00000000 399.00000000
214.00000000 24.00000000 0.00000000 398.00000000
1145.00000000 381.00000000 2.00000000 398.00000000
881.00000000 366.00000000 1.00000000 379.00000000
605.00000000 567.00000000 0.00000000 377.00000000
1107.00000000 294.00000000 0.00000000 373.00000000
1107.00000000 295.00000000 1.00000000 372.00000000
199.00000000 39.00000000 1.00000000 372.00000000
660.00000000 594.00000000 2.00000000 370.00000000
704.00000000 291.00000000 1.00000000 369.00000000
905.00000000 350.00000000 1.00000000 368.00000000
716.00000000 401.00000000 1.00000000 367.00000000
569.00000000 715.00000000 1.00000000 367.00000000
724.00000000 424.00000000 0.00000000 367.00000000
872.00000000 258.00000000 2.00000000 365.00000000
296.00000000 404.00000000 4.00000000 365.00000000
974.00000000 270.00000000 1.00000000 363.00000000
354.00000000 553.00000000 1.00000000 362.00000000
930.00000000 208.00000000 2.00000000 360.00000000
1107.00000000 294.00000000 1.00000000 357.00000000
838.00000000 282.00000000 2.00000000 355.00000000
128.00000000 510.00000000 0.00000000 352.00000000
133.00000000 490.00000000 1.00000000 349.00000000
781.00000000 320.00000000 0.00000000 348.00000000
872.00000000 257.00000000 1.00000000 348.00000000
567.00000000 767.00000000 0.00000000 347.00000000
881.00000000 366.00000000 0.00000000 347.00000000
441.00000000 735.00000000 5.00000000 345.00000000
215.00000000 25.00000000 1.00000000 344.00000000
1147.00000000 314.00000000 0.00000000 335.00000000
889.00000000 263.00000000 1.00000000 335.00000000
1148.00000000 315.00000000 1.00000000 334.00000000
643.00000000 43.00000000 0.00000000 333.00000000
731.00000000 401.00000000 0.00000000 331.00000000
759.00000000 401.00000000 1.00000000 329.00000000
698.00000000 495.00000000 1.00000000 329.00000000
997.00000000 187.00000000 1.00000000 327.00000000
728.00000000 218.00000000 1.00000000 324.00000000
698.00000000 496.00000000 1.00000000 324.00000000
1175.00000000 469.00000000 1.00000000 324.00000000
212.00000000 36.00000000 0.00000000 324.00000000
122.00000000 532.00000000 1.00000000 322.00000000
803.00000000 408.00000000 0.00000000 322.00000000
249.00000000 455.00000000 0.00000000 321.00000000
781.00000000 320.00000000 1.00000000 319.00000000
207.00000000 178.00000000 1.00000000 316.00000000
415.00000000 631.00000000 0.00000000 314.00000000
881.00000000 366.00000000 1.00000000 314.00000000
415.00000000 633.00000000 1.00000000 314.00000000
121.00000000 532.00000000 0.00000000 312.00000000
685.00000000 751.00000000 0.00000000 312.00000000
1029.00000000 308.00000000 1.00000000 310.00000000
975.00000000 266.00000000 0.00000000 308.00000000
738.00000000 303.00000000 0.00000000 307.00000000
922.00000000 333.00000000 0.00000000 307.00000000
839.00000000 424.00000000 0.00000000 306.00000000
183.00000000 69.00000000 0.00000000 305.00000000
717.00000000 400.00000000 1.00000000 302.00000000
997.00000000 186.00000000 0.00000000 299.00000000
717.00000000 400.00000000 0.00000000 298.00000000
258.00000000 462.00000000 0.00000000 298.00000000
704.00000000 291.00000000 0.00000000 293.00000000
685.00000000 738.00000000 0.00000000 292.00000000
121.00000000 654.00000000 0.00000000 291.00000000
889.00000000 263.00000000 0.00000000 291.00000000
132.00000000 684.00000000 0.00000000 290.00000000
581.00000000 239.00000000 0.00000000 290.00000000
370.00000000 30.00000000 0.00000000 288.00000000
678.00000000 737.00000000 0.00000000 287.00000000
213.00000000 538.00000000 0.00000000 286.00000000
678.00000000 751.00000000 0.00000000 286.00000000
888.00000000 400.00000000 0.00000000 284.00000000
138.00000000 548.00000000 0.00000000 279.00000000
698.00000000 494.00000000 0.00000000 278.00000000
111.00000000 676.00000000 0.00000000 276.00000000
436.00000000 694.00000000 0.00000000 273.00000000
572.00000000 536.00000000 0.00000000 269.00000000
840.00000000 195.00000000 0.00000000 269.00000000
321.00000000 335.00000000 0.00000000 265.00000000
714.00000000 274.00000000 0.00000000 265.00000000
859.00000000 415.00000000 0.00000000 264.00000000
1117.00000000 316.00000000 0.00000000 264.00000000
781.00000000 369.00000000 0.00000000 263.00000000
168.00000000 526.00000000 0.00000000 260.00000000
673.00000000 380.00000000 0.00000000 259.00000000
