567.00000000 750.00000000 0.00000000 678.00000000
568.00000000 733.00000000 0.00000000 620.00000000
760.00000000 401.00000000 0.00000000 589.00000000
806.00000000 388.00000000 1.00000000 569.00000000
1044.00000000 144.00000000 4.00000000 552.00000000
849.00000000 757.00000000 0.00000000 548.00000000
916.00000000 496.00000000 4.00000000 541.00000000
473.00000000 654.00000000 1.00000000 539.00000000
916.00000000 503.00000000 5.00000000 532.00000000
806.00000000 388.00000000 0.00000000 518.00000000
474.00000000 656.00000000 2.00000000 508.00000000
760.00000000 402.00000000 1.00000000 507.00000000
475.00000000 653.00000000 1.00000000 505.00000000
1148.00000000 315.00000000 1.00000000 496.00000000
1043.00000000 144.00000000 2.00000000 489.00000000
1061.00000000 211.00000000 1.00000000 483.00000000
862.00000000 185.00000000 0.00000000 464.00000000
569.00000000 716.00000000 0.00000000 463.00000000
842.00000000 383.00000000 1.00000000 454.00000000
869.00000000 176.00000000 0.00000000 449.00000000
849.00000000 757.00000000 1.00000000 447.00000000
906.00000000 350.00000000 1.00000000 446.00000000
1044.00000000 146.00000000 2.00000000 440.00000000
472.00000000 659.00000000 2.00000000 439.00000000
1061.00000000 210.00000000 0.00000000 424.00000000
713.00000000 485.00000000 1.00000000 417.00000000
1148.00000000 314.00000000 0.00000000 412.00000000
712.00000000 485.00000000 1.00000000 409.00000000
916.00000000 494.00000000 2.00000000 407.00000000
1045.00000000 145.00000000 1.00000000 406.00000000
1060.00000000 733.00000000 0.00000000 402.00000000
605.00000000 567.00000000 0.00000000 402.00000000
568.00000000 733.00000000 1.00000000 398.00000000
890.00000000 264.00000000 1.00000000 397.00000000
659.00000000 596.00000000 2.00000000 395.00000000
568.00000000 751.00000000 1.00000000 393.00000000
1060.00000000 212.00000000 1.00000000 391.00000000
976.00000000 268.00000000 1.00000000 386.00000000
759.00000000 403.00000000 1.00000000 383.00000000
371.00000000 30.00000000 1.00000000 383.00000000
906.00000000 350.00000000 1.00000000 382.00000000
717.00000000 401.00000000 1.00000000 377.00000000
1061.00000000 733.00000000 1.00000000 375.00000000
1045.00000000 146.00000000 1.00000000 367.00000000
1050.00000000 122.00000000 1.00000000 362.00000000
387.00000000 465.00000000 1.00000000 362.00000000
847.00000000 398.00000000 0.00000000 358.00000000
386.00000000 468.00000000 2.00000000 357.00000000
1142.00000000 378.00000000 2.00000000 357.00000000
660.00000000 594.00000000 2.00000000 357.00000000
803.00000000 409.00000000 0.00000000 355.00000000
671.00000000 303.00000000 0.00000000 354.00000000
840.00000000 425.00000000 0.00000000 353.00000000
848.00000000 400.00000000 1.00000000 347.00000000
1050.00000000 121.00000000 1.00000000 347.00000000
716.00000000 402.00000000 1.00000000 345.00000000
841.00000000 383.00000000 1.00000000 343.00000000
712.00000000 488.00000000 2.00000000 341.00000000
828.00000000 223.00000000 1.00000000 339.00000000
475.00000000 651.00000000 0.00000000 333.00000000
856.00000000 389.00000000 1.00000000 332.00000000
713.00000000 485.00000000 0.00000000 330.00000000
567.00000000 768.00000000 0.00000000 327.00000000
845.00000000 313.00000000 1.00000000 327.00000000
694.00000000 317.00000000 1.00000000 326.00000000
383.00000000 67.00000000 0.00000000 325.00000000
845.00000000 313.00000000 0.00000000 323.00000000
168.00000000 526.00000000 0.00000000 322.00000000
1093.00000000 562.00000000 1.00000000 319.00000000
388.00000000 466.00000000 1.00000000 318.00000000
672.00000000 303.00000000 1.00000000 317.00000000
890.00000000 263.00000000 0.00000000 317.00000000
769.00000000 444.00000000 0.00000000 316.00000000
845.00000000 217.00000000 1.00000000 316.00000000
856.00000000 388.00000000 0.00000000 316.00000000
975.00000000 267.00000000 0.00000000 315.00000000
782.00000000 371.00000000 1.00000000 314.00000000
840.00000000 426.00000000 1.00000000 313.00000000
248.00000000 455.00000000 0.00000000 313.00000000
132.00000000 685.00000000 1.00000000 312.00000000
890.00000000 264.00000000 1.00000000 312.00000000
971.00000000 251.00000000 1.00000000 311.00000000
882.00000000 367.00000000 1.00000000 311.00000000
132.00000000 686.00000000 1.00000000 311.00000000
920.00000000 486.00000000 1.00000000 310.00000000
788.00000000 678.00000000 2.00000000 309.00000000
843.00000000 383.00000000 0.00000000 309.00000000
995.00000000 197.00000000 1.00000000 308.00000000
1060.00000000 214.00000000 2.00000000 307.00000000
1050.00000000 122.00000000 0.00000000 307.00000000
569.00000000 716.00000000 1.00000000 303.00000000
724.00000000 425.00000000 0.00000000 302.00000000
217.00000000 74.00000000 1.00000000 301.00000000
672.00000000 324.00000000 0.00000000 301.00000000
214.00000000 24.00000000 0.00000000 300.00000000
782.00000000 320.00000000 0.00000000 298.00000000
137.00000000 548.00000000 0.00000000 296.00000000
899.00000000 316.00000000 0.00000000 295.00000000
1081.00000000 321.00000000 0.00000000 295.00000000
661.00000000 305.00000000 0.00000000 295.00000000
258.00000000 462.00000000 0.00000000 294.00000000
995.00000000 197.00000000 0.00000000 288.00000000
347.00000000 566.00000000 0.00000000 284.00000000
854.00000000 430.00000000 0.00000000 283.00000000
1107.00000000 315.00000000 0.00000000 282.00000000
840.00000000 194.00000000 0.00000000 280.00000000
800.00000000 183.00000000 0.00000000 278.00000000
388.00000000 465.00000000 0.00000000 278.00000000
685.00000000 752.00000000 0.00000000 274.00000000
212.00000000 538.00000000 0.00000000 273.00000000
876.00000000 441.00000000 0.00000000 271.00000000
678.00000000 738.00000000 0.00000000 269.00000000
714.00000000 274.00000000 0.00000000 269.00000000
232.00000000 443.00000000 0.00000000 269.00000000
829.00000000 222.00000000 0.00000000 264.00000000
1075.00000000 340.00000000 0.00000000 263.00000000
384.00000000 53.00000000 0.00000000 262.00000000
190.00000000 531.00000000 0.00000000 262.00000000
680.00000000 252.00000000 0.00000000 260.00000000
1093.00000000 562.00000000 0.00000000 258.00000000
767.00000000 374.00000000 0.00000000 258.00000000
1045.00000000 145.00000000 0.00000000 258.00000000
678.00000000 752.00000000 0.00000000 257.00000000
217.00000000 73.00000000 0.00000000 256.00000000
806.00000000 427.00000000 0.00000000 255.00000000
977.00000000 21.00000000 0.00000000 254.00000000
840.00000000 359.00000000 0.00000000 252.00000000
