861.00000000 744.00000000 1.00000000 567.00000000
889.00000000 779.00000000 1.00000000 529.00000000
749.00000000 410.00000000 1.00000000 517.00000000
854.00000000 694.00000000 1.00000000 513.00000000
870.00000000 770.00000000 2.00000000 511.00000000
1001.00000000 663.00000000 0.00000000 508.00000000
758.00000000 435.00000000 1.00000000 502.00000000
866.00000000 783.00000000 0.00000000 482.00000000
1004.00000000 627.00000000 0.00000000 470.00000000
1040.00000000 668.00000000 1.00000000 464.00000000
899.00000000 709.00000000 1.00000000 460.00000000
840.00000000 748.00000000 0.00000000 456.00000000
861.00000000 743.00000000 0.00000000 454.00000000
889.00000000 778.00000000 0.00000000 452.00000000
814.00000000 412.00000000 0.00000000 450.00000000
1005.00000000 627.00000000 1.00000000 449.00000000
854.00000000 694.00000000 1.00000000 447.00000000
757.00000000 434.00000000 1.00000000 441.00000000
810.00000000 399.00000000 0.00000000 440.00000000
749.00000000 411.00000000 1.00000000 423.00000000
1053.00000000 639.00000000 1.00000000 418.00000000
1018.00000000 622.00000000 0.00000000 418.00000000
872.00000000 730.00000000 1.00000000 418.00000000
828.00000000 705.00000000 0.00000000 418.00000000
837.00000000 687.00000000 0.00000000 417.00000000
954.00000000 609.00000000 0.00000000 417.00000000
1023.00000000 608.00000000 0.00000000 415.00000000
871.00000000 772.00000000 2.00000000 412.00000000
871.00000000 769.00000000 1.00000000 410.00000000
944.00000000 673.00000000 5.00000000 408.00000000
984.00000000 586.00000000 0.00000000 405.00000000
979.00000000 648.00000000 0.00000000 404.00000000
743.00000000 427.00000000 1.00000000 404.00000000
994.00000000 594.00000000 1.00000000 404.00000000
1053.00000000 638.00000000 0.00000000 403.00000000
944.00000000 672.00000000 4.00000000 401.00000000
1013.00000000 687.00000000 0.00000000 400.00000000
970.00000000 604.00000000 1.00000000 399.00000000
939.00000000 798.00000000 1.00000000 398.00000000
871.00000000 730.00000000 0.00000000 394.00000000
994.00000000 594.00000000 0.00000000 394.00000000
898.00000000 709.00000000 0.00000000 388.00000000
1065.00000000 148.00000000 0.00000000 387.00000000
871.00000000 729.00000000 1.00000000 386.00000000
899.00000000 708.00000000 1.00000000 383.00000000
859.00000000 681.00000000 0.00000000 383.00000000
939.00000000 620.00000000 0.00000000 383.00000000
880.00000000 797.00000000 0.00000000 382.00000000
815.00000000 412.00000000 1.00000000 381.00000000
373.00000000 756.00000000 0.00000000 374.00000000
1064.00000000 654.00000000 0.00000000 373.00000000
1040.00000000 667.00000000 1.00000000 369.00000000
373.00000000 755.00000000 1.00000000 368.00000000
810.00000000 399.00000000 1.00000000 366.00000000
1018.00000000 623.00000000 1.00000000 361.00000000
972.00000000 787.00000000 0.00000000 360.00000000
872.00000000 770.00000000 1.00000000 358.00000000
1052.00000000 724.00000000 0.00000000 353.00000000
874.00000000 670.00000000 0.00000000 353.00000000
944.00000000 670.00000000 2.00000000 351.00000000
1037.00000000 736.00000000 0.00000000 350.00000000
1013.00000000 687.00000000 1.00000000 349.00000000
970.00000000 603.00000000 1.00000000 345.00000000
970.00000000 603.00000000 0.00000000 344.00000000
881.00000000 798.00000000 1.00000000 343.00000000
854.00000000 694.00000000 0.00000000 341.00000000
1072.00000000 684.00000000 0.00000000 340.00000000
895.00000000 687.00000000 0.00000000 340.00000000
604.00000000 504.00000000 2.00000000 339.00000000
603.00000000 503.00000000 1.00000000 335.00000000
1072.00000000 685.00000000 1.00000000 333.00000000
956.00000000 799.00000000 0.00000000 332.00000000
1040.00000000 668.00000000 0.00000000 332.00000000
894.00000000 688.00000000 2.00000000 330.00000000
861.00000000 743.00000000 1.00000000 326.00000000
879.00000000 655.00000000 0.00000000 326.00000000
841.00000000 749.00000000 1.00000000 324.00000000
1007.00000000 590.00000000 0.00000000 324.00000000
1024.00000000 608.00000000 1.00000000 318.00000000
895.00000000 687.00000000 1.00000000 313.00000000
807.00000000 707.00000000 0.00000000 311.00000000
1100.00000000 692.00000000 0.00000000 311.00000000
1012.00000000 688.00000000 1.00000000 310.00000000
895.00000000 687.00000000 1.00000000 310.00000000
837.00000000 687.00000000 1.00000000 309.00000000
872.00000000 770.00000000 0.00000000 309.00000000
992.00000000 136.00000000 0.00000000 306.00000000
1100.00000000 693.00000000 1.00000000 304.00000000
872.00000000 732.00000000 2.00000000 304.00000000
373.00000000 755.00000000 1.00000000 301.00000000
1064.00000000 654.00000000 1.00000000 300.00000000
934.00000000 750.00000000 1.00000000 299.00000000
1004.00000000 627.00000000 1.00000000 298.00000000
1002.00000000 663.00000000 1.00000000 296.00000000
641.00000000 212.00000000 0.00000000 294.00000000
934.00000000 750.00000000 1.00000000 294.00000000
999.00000000 132.00000000 0.00000000 291.00000000
979.00000000 649.00000000 1.00000000 289.00000000
758.00000000 420.00000000 0.00000000 288.00000000
889.00000000 779.00000000 1.00000000 287.00000000
1030.00000000 716.00000000 0.00000000 286.00000000
965.00000000 590.00000000 0.00000000 283.00000000
1092.00000000 684.00000000 1.00000000 282.00000000
817.00000000 718.00000000 0.00000000 281.00000000
743.00000000 427.00000000 0.00000000 280.00000000
900.00000000 710.00000000 2.00000000 279.00000000
906.00000000 770.00000000 0.00000000 276.00000000
835.00000000 732.00000000 0.00000000 275.00000000
988.00000000 786.00000000 0.00000000 272.00000000
750.00000000 412.00000000 0.00000000 266.00000000
893.00000000 690.00000000 2.00000000 266.00000000
971.00000000 702.00000000 0.00000000 266.00000000
1033.00000000 750.00000000 0.00000000 265.00000000
758.00000000 437.00000000 0.00000000 264.00000000
953.00000000 625.00000000 0.00000000 263.00000000
958.00000000 762.00000000 2.00000000 261.00000000
605.00000000 555.00000000 0.00000000 258.00000000
998.00000000 576.00000000 0.00000000 257.00000000
944.00000000 670.00000000 2.00000000 256.00000000
748.00000000 412.00000000 2.00000000 255.00000000
1092.00000000 683.00000000 0.00000000 254.00000000
1083.00000000 676.00000000 0.00000000 250.00000000
958.00000000 772.00000000 0.00000000 250.00000000
1047.00000000 656.00000000 0.00000000 249.00000000
1011.00000000 125.00000000 0.00000000 244.00000000
958.00000000 766.00000000 2.00000000 228.00000000
896.00000000 444.00000000 4.00000000 188.00000000
