149.00000000 374.00000000 0.00000000 223.00000000
190.00000000 335.00000000 0.00000000 207.00000000
141.00000000 164.00000000 5.00000000 198.00000000
138.00000000 384.00000000 1.00000000 191.00000000
159.00000000 364.00000000 0.00000000 172.00000000
138.00000000 383.00000000 0.00000000 171.00000000
153.00000000 341.00000000 1.00000000 165.00000000
149.00000000 374.00000000 1.00000000 159.00000000
152.00000000 174.00000000 2.00000000 156.00000000
329.00000000 489.00000000 1.00000000 152.00000000
189.00000000 335.00000000 1.00000000 151.00000000
265.00000000 216.00000000 1.00000000 150.00000000
152.00000000 175.00000000 1.00000000 148.00000000
151.00000000 255.00000000 1.00000000 146.00000000
51.00000000 473.00000000 1.00000000 137.00000000
149.00000000 172.00000000 2.00000000 136.00000000
430.00000000 32.00000000 0.00000000 132.00000000
265.00000000 217.00000000 1.00000000 132.00000000
183.00000000 18.00000000 1.00000000 127.00000000
148.00000000 172.00000000 4.00000000 123.00000000
399.00000000 127.00000000 1.00000000 119.00000000
430.00000000 32.00000000 1.00000000 116.00000000
148.00000000 256.00000000 2.00000000 114.00000000
51.00000000 472.00000000 0.00000000 112.00000000
324.00000000 194.00000000 0.00000000 111.00000000
153.00000000 341.00000000 0.00000000 109.00000000
403.00000000 53.00000000 1.00000000 109.00000000
49.00000000 475.00000000 1.00000000 108.00000000
149.00000000 255.00000000 1.00000000 108.00000000
398.00000000 127.00000000 1.00000000 105.00000000
193.00000000 328.00000000 0.00000000 104.00000000
151.00000000 342.00000000 1.00000000 103.00000000
323.00000000 193.00000000 1.00000000 103.00000000
151.00000000 255.00000000 0.00000000 103.00000000
202.00000000 358.00000000 0.00000000 103.00000000
152.00000000 177.00000000 1.00000000 102.00000000
147.00000000 257.00000000 2.00000000 101.00000000
324.00000000 194.00000000 1.00000000 100.00000000
137.00000000 386.00000000 1.00000000 97.00000000
403.00000000 28.00000000 1.00000000 96.00000000
144.00000000 256.00000000 4.00000000 96.00000000
478.00000000 202.00000000 2.00000000 95.00000000
417.00000000 88.00000000 0.00000000 94.00000000
419.00000000 137.00000000 1.00000000 94.00000000
397.00000000 99.00000000 0.00000000 93.00000000
331.00000000 487.00000000 1.00000000 93.00000000
403.00000000 52.00000000 0.00000000 93.00000000
181.00000000 343.00000000 0.00000000 93.00000000
150.00000000 340.00000000 2.00000000 91.00000000
369.00000000 224.00000000 1.00000000 90.00000000
265.00000000 215.00000000 0.00000000 90.00000000
67.00000000 221.00000000 0.00000000 90.00000000
207.00000000 200.00000000 0.00000000 89.00000000
183.00000000 17.00000000 0.00000000 89.00000000
394.00000000 12.00000000 0.00000000 88.00000000
200.00000000 301.00000000 0.00000000 86.00000000
419.00000000 136.00000000 0.00000000 86.00000000
375.00000000 85.00000000 0.00000000 85.00000000
149.00000000 339.00000000 2.00000000 85.00000000
18.00000000 202.00000000 0.00000000 83.00000000
422.00000000 46.00000000 1.00000000 82.00000000
207.00000000 201.00000000 1.00000000 81.00000000
317.00000000 194.00000000 0.00000000 80.00000000
422.00000000 46.00000000 1.00000000 80.00000000
427.00000000 19.00000000 0.00000000 79.00000000
244.00000000 197.00000000 0.00000000 78.00000000
399.00000000 127.00000000 0.00000000 78.00000000
375.00000000 86.00000000 1.00000000 78.00000000
403.00000000 28.00000000 1.00000000 78.00000000
398.00000000 128.00000000 2.00000000 77.00000000
184.00000000 349.00000000 0.00000000 75.00000000
332.00000000 487.00000000 0.00000000 75.00000000
422.00000000 45.00000000 0.00000000 75.00000000
152.00000000 177.00000000 0.00000000 74.00000000
317.00000000 482.00000000 0.00000000 73.00000000
195.00000000 148.00000000 0.00000000 72.00000000
333.00000000 497.00000000 0.00000000 72.00000000
21.00000000 20.00000000 0.00000000 72.00000000
369.00000000 224.00000000 0.00000000 72.00000000
159.00000000 364.00000000 1.00000000 71.00000000
429.00000000 32.00000000 1.00000000 71.00000000
162.00000000 360.00000000 1.00000000 70.00000000
167.00000000 365.00000000 0.00000000 69.00000000
324.00000000 192.00000000 2.00000000 69.00000000
143.00000000 205.00000000 1.00000000 69.00000000
402.00000000 44.00000000 0.00000000 68.00000000
189.00000000 321.00000000 0.00000000 67.00000000
366.00000000 74.00000000 0.00000000 67.00000000
200.00000000 362.00000000 2.00000000 67.00000000
186.00000000 383.00000000 1.00000000 67.00000000
176.00000000 358.00000000 0.00000000 67.00000000
149.00000000 374.00000000 1.00000000 67.00000000
478.00000000 200.00000000 1.00000000 67.00000000
48.00000000 476.00000000 2.00000000 67.00000000
422.00000000 127.00000000 0.00000000 67.00000000
369.00000000 223.00000000 1.00000000 67.00000000
413.00000000 52.00000000 0.00000000 66.00000000
432.00000000 113.00000000 0.00000000 66.00000000
30.00000000 20.00000000 0.00000000 65.00000000
53.00000000 169.00000000 2.00000000 65.00000000
142.00000000 205.00000000 0.00000000 65.00000000
368.00000000 78.00000000 1.00000000 65.00000000
182.00000000 324.00000000 1.00000000 64.00000000
244.00000000 197.00000000 1.00000000 64.00000000
428.00000000 120.00000000 0.00000000 64.00000000
500.00000000 323.00000000 0.00000000 64.00000000
141.00000000 350.00000000 1.00000000 64.00000000
183.00000000 324.00000000 0.00000000 63.00000000
55.00000000 177.00000000 1.00000000 63.00000000
200.00000000 136.00000000 0.00000000 62.00000000
196.00000000 342.00000000 0.00000000 62.00000000
424.00000000 57.00000000 0.00000000 61.00000000
55.00000000 176.00000000 0.00000000 61.00000000
499.00000000 292.00000000 0.00000000 60.00000000
198.00000000 204.00000000 0.00000000 60.00000000
127.00000000 372.00000000 0.00000000 60.00000000
410.00000000 142.00000000 0.00000000 59.00000000
474.00000000 322.00000000 0.00000000 59.00000000
28.00000000 370.00000000 1.00000000 59.00000000
172.00000000 348.00000000 0.00000000 59.00000000
394.00000000 79.00000000 0.00000000 58.00000000
403.00000000 27.00000000 0.00000000 58.00000000
200.00000000 229.00000000 1.00000000 58.00000000
207.00000000 306.00000000 0.00000000 58.00000000
200.00000000 228.00000000 0.00000000 57.00000000
489.00000000 351.00000000 1.00000000 56.00000000
168.00000000 175.00000000 1.00000000 56.00000000
