350.00000000 65.00000000 2.00000000 469.00000000
454.00000000 78.00000000 2.00000000 462.00000000
568.00000000 362.00000000 1.00000000 451.00000000
348.00000000 64.00000000 4.00000000 447.00000000
455.00000000 76.00000000 2.00000000 446.00000000
568.00000000 364.00000000 2.00000000 441.00000000
352.00000000 66.00000000 2.00000000 436.00000000
352.00000000 66.00000000 1.00000000 396.00000000
568.00000000 364.00000000 2.00000000 386.00000000
452.00000000 80.00000000 4.00000000 366.00000000
455.00000000 79.00000000 1.00000000 362.00000000
462.00000000 376.00000000 1.00000000 355.00000000
602.00000000 316.00000000 2.00000000 350.00000000
507.00000000 447.00000000 1.00000000 340.00000000
610.00000000 322.00000000 5.00000000 321.00000000
1064.00000000 147.00000000 0.00000000 315.00000000
461.00000000 374.00000000 1.00000000 312.00000000
999.00000000 132.00000000 0.00000000 306.00000000
604.00000000 316.00000000 2.00000000 305.00000000
502.00000000 436.00000000 2.00000000 304.00000000
353.00000000 67.00000000 1.00000000 300.00000000
633.00000000 416.00000000 1.00000000 297.00000000
991.00000000 136.00000000 0.00000000 294.00000000
317.00000000 318.00000000 0.00000000 291.00000000
539.00000000 122.00000000 1.00000000 288.00000000
192.00000000 279.00000000 1.00000000 281.00000000
507.00000000 446.00000000 0.00000000 274.00000000
462.00000000 375.00000000 0.00000000 274.00000000
563.00000000 383.00000000 0.00000000 269.00000000
456.00000000 79.00000000 1.00000000 268.00000000
611.00000000 330.00000000 1.00000000 266.00000000
507.00000000 446.00000000 1.00000000 264.00000000
544.00000000 133.00000000 1.00000000 264.00000000
568.00000000 359.00000000 1.00000000 261.00000000
538.00000000 123.00000000 1.00000000 259.00000000
763.00000000 69.00000000 1.00000000 258.00000000
563.00000000 384.00000000 1.00000000 258.00000000
544.00000000 134.00000000 1.00000000 256.00000000
190.00000000 280.00000000 1.00000000 250.00000000
605.00000000 315.00000000 1.00000000 250.00000000
633.00000000 415.00000000 1.00000000 246.00000000
633.00000000 415.00000000 0.00000000 240.00000000
764.00000000 70.00000000 2.00000000 236.00000000
1011.00000000 125.00000000 0.00000000 235.00000000
348.00000000 50.00000000 1.00000000 234.00000000
1029.00000000 111.00000000 0.00000000 233.00000000
192.00000000 278.00000000 0.00000000 232.00000000
484.00000000 385.00000000 1.00000000 231.00000000
347.00000000 49.00000000 1.00000000 230.00000000
484.00000000 384.00000000 0.00000000 226.00000000
939.00000000 152.00000000 0.00000000 224.00000000
480.00000000 307.00000000 0.00000000 221.00000000
540.00000000 124.00000000 2.00000000 221.00000000
1064.00000000 148.00000000 1.00000000 221.00000000
533.00000000 288.00000000 1.00000000 220.00000000
610.00000000 329.00000000 0.00000000 220.00000000
643.00000000 215.00000000 0.00000000 218.00000000
569.00000000 364.00000000 0.00000000 217.00000000
504.00000000 437.00000000 1.00000000 215.00000000
353.00000000 67.00000000 0.00000000 213.00000000
422.00000000 275.00000000 1.00000000 211.00000000
321.00000000 274.00000000 1.00000000 209.00000000
539.00000000 122.00000000 0.00000000 208.00000000
456.00000000 79.00000000 0.00000000 205.00000000
568.00000000 358.00000000 0.00000000 204.00000000
1011.00000000 125.00000000 1.00000000 204.00000000
492.00000000 362.00000000 0.00000000 202.00000000
450.00000000 63.00000000 1.00000000 200.00000000
332.00000000 214.00000000 1.00000000 199.00000000
500.00000000 428.00000000 0.00000000 199.00000000
593.00000000 303.00000000 1.00000000 198.00000000
628.00000000 504.00000000 2.00000000 197.00000000
918.00000000 154.00000000 0.00000000 197.00000000
504.00000000 436.00000000 0.00000000 194.00000000
630.00000000 444.00000000 1.00000000 193.00000000
1023.00000000 283.00000000 0.00000000 191.00000000
1030.00000000 112.00000000 1.00000000 190.00000000
321.00000000 274.00000000 1.00000000 190.00000000
605.00000000 316.00000000 1.00000000 186.00000000
710.00000000 43.00000000 0.00000000 184.00000000
544.00000000 132.00000000 0.00000000 183.00000000
1024.00000000 284.00000000 1.00000000 183.00000000
727.00000000 45.00000000 1.00000000 180.00000000
531.00000000 294.00000000 0.00000000 175.00000000
643.00000000 215.00000000 1.00000000 174.00000000
975.00000000 146.00000000 0.00000000 172.00000000
539.00000000 232.00000000 1.00000000 172.00000000
332.00000000 217.00000000 1.00000000 169.00000000
422.00000000 277.00000000 1.00000000 166.00000000
764.00000000 69.00000000 1.00000000 165.00000000
532.00000000 288.00000000 1.00000000 162.00000000
918.00000000 155.00000000 1.00000000 162.00000000
630.00000000 444.00000000 0.00000000 160.00000000
481.00000000 307.00000000 1.00000000 159.00000000
954.00000000 154.00000000 0.00000000 155.00000000
347.00000000 50.00000000 0.00000000 154.00000000
197.00000000 224.00000000 0.00000000 152.00000000
717.00000000 37.00000000 0.00000000 151.00000000
688.00000000 70.00000000 0.00000000 146.00000000
442.00000000 478.00000000 0.00000000 145.00000000
465.00000000 402.00000000 0.00000000 140.00000000
592.00000000 301.00000000 0.00000000 139.00000000
736.00000000 325.00000000 0.00000000 134.00000000
632.00000000 451.00000000 0.00000000 133.00000000
450.00000000 62.00000000 0.00000000 132.00000000
632.00000000 103.00000000 0.00000000 124.00000000
432.00000000 231.00000000 0.00000000 122.00000000
539.00000000 231.00000000 0.00000000 120.00000000
323.00000000 264.00000000 0.00000000 120.00000000
334.00000000 460.00000000 0.00000000 119.00000000
719.00000000 125.00000000 0.00000000 119.00000000
332.00000000 217.00000000 0.00000000 119.00000000
635.00000000 485.00000000 0.00000000 117.00000000
1004.00000000 164.00000000 0.00000000 117.00000000
727.00000000 45.00000000 0.00000000 116.00000000
583.00000000 517.00000000 0.00000000 111.00000000
608.00000000 690.00000000 0.00000000 109.00000000
604.00000000 555.00000000 0.00000000 109.00000000
852.00000000 353.00000000 0.00000000 109.00000000
844.00000000 340.00000000 0.00000000 107.00000000
494.00000000 518.00000000 0.00000000 106.00000000
934.00000000 615.00000000 0.00000000 106.00000000
763.00000000 67.00000000 0.00000000 105.00000000
651.00000000 211.00000000 0.00000000 105.00000000
212.00000000 434.00000000 0.00000000 103.00000000
724.00000000 430.00000000 0.00000000 103.00000000
980.00000000 198.00000000 0.00000000 102.00000000
