618.00000000 679.00000000 1.00000000 688.00000000
373.00000000 753.00000000 1.00000000 667.00000000
618.00000000 678.00000000 0.00000000 621.00000000
565.00000000 620.00000000 1.00000000 582.00000000
373.00000000 752.00000000 1.00000000 578.00000000
704.00000000 480.00000000 2.00000000 542.00000000
708.00000000 484.00000000 4.00000000 541.00000000
492.00000000 497.00000000 2.00000000 529.00000000
333.00000000 447.00000000 1.00000000 527.00000000
372.00000000 752.00000000 2.00000000 526.00000000
568.00000000 350.00000000 2.00000000 524.00000000
506.00000000 418.00000000 2.00000000 520.00000000
333.00000000 446.00000000 1.00000000 503.00000000
690.00000000 521.00000000 1.00000000 496.00000000
932.00000000 750.00000000 1.00000000 493.00000000
373.00000000 753.00000000 0.00000000 492.00000000
566.00000000 622.00000000 2.00000000 486.00000000
316.00000000 307.00000000 1.00000000 485.00000000
492.00000000 500.00000000 4.00000000 482.00000000
898.00000000 707.00000000 0.00000000 469.00000000
866.00000000 782.00000000 0.00000000 449.00000000
860.00000000 743.00000000 1.00000000 447.00000000
566.00000000 619.00000000 1.00000000 443.00000000
690.00000000 521.00000000 1.00000000 438.00000000
932.00000000 750.00000000 0.00000000 438.00000000
619.00000000 678.00000000 1.00000000 437.00000000
690.00000000 524.00000000 2.00000000 418.00000000
908.00000000 586.00000000 2.00000000 406.00000000
316.00000000 306.00000000 1.00000000 404.00000000
931.00000000 749.00000000 1.00000000 403.00000000
860.00000000 742.00000000 0.00000000 401.00000000
1038.00000000 667.00000000 1.00000000 400.00000000
568.00000000 352.00000000 2.00000000 399.00000000
570.00000000 642.00000000 2.00000000 397.00000000
853.00000000 692.00000000 0.00000000 397.00000000
1086.00000000 446.00000000 5.00000000 395.00000000
1038.00000000 667.00000000 0.00000000 394.00000000
888.00000000 777.00000000 0.00000000 382.00000000
888.00000000 777.00000000 1.00000000 381.00000000
569.00000000 349.00000000 1.00000000 379.00000000
690.00000000 520.00000000 0.00000000 376.00000000
492.00000000 492.00000000 2.00000000 373.00000000
898.00000000 708.00000000 1.00000000 371.00000000
836.00000000 685.00000000 0.00000000 370.00000000
706.00000000 476.00000000 2.00000000 370.00000000
1004.00000000 626.00000000 0.00000000 369.00000000
902.00000000 771.00000000 1.00000000 369.00000000
1097.00000000 351.00000000 1.00000000 369.00000000
893.00000000 804.00000000 0.00000000 368.00000000
902.00000000 772.00000000 1.00000000 367.00000000
1097.00000000 350.00000000 0.00000000 355.00000000
632.00000000 398.00000000 1.00000000 353.00000000
1122.00000000 690.00000000 1.00000000 348.00000000
853.00000000 692.00000000 1.00000000 347.00000000
909.00000000 582.00000000 1.00000000 341.00000000
835.00000000 731.00000000 1.00000000 338.00000000
613.00000000 558.00000000 1.00000000 336.00000000
953.00000000 639.00000000 1.00000000 336.00000000
835.00000000 731.00000000 0.00000000 335.00000000
1008.00000000 688.00000000 1.00000000 335.00000000
871.00000000 768.00000000 0.00000000 331.00000000
333.00000000 445.00000000 0.00000000 330.00000000
610.00000000 538.00000000 1.00000000 329.00000000
1122.00000000 690.00000000 1.00000000 323.00000000
570.00000000 348.00000000 1.00000000 320.00000000
1008.00000000 688.00000000 1.00000000 317.00000000
866.00000000 782.00000000 1.00000000 316.00000000
632.00000000 398.00000000 1.00000000 314.00000000
1052.00000000 638.00000000 1.00000000 313.00000000
878.00000000 654.00000000 0.00000000 310.00000000
871.00000000 769.00000000 1.00000000 309.00000000
856.00000000 414.00000000 1.00000000 304.00000000
949.00000000 603.00000000 0.00000000 303.00000000
858.00000000 680.00000000 0.00000000 302.00000000
836.00000000 685.00000000 1.00000000 301.00000000
939.00000000 797.00000000 1.00000000 299.00000000
955.00000000 798.00000000 0.00000000 299.00000000
287.00000000 597.00000000 0.00000000 298.00000000
970.00000000 786.00000000 0.00000000 295.00000000
569.00000000 415.00000000 1.00000000 295.00000000
873.00000000 668.00000000 0.00000000 293.00000000
997.00000000 132.00000000 0.00000000 293.00000000
610.00000000 571.00000000 1.00000000 289.00000000
856.00000000 414.00000000 0.00000000 285.00000000
953.00000000 757.00000000 0.00000000 282.00000000
827.00000000 703.00000000 0.00000000 280.00000000
316.00000000 307.00000000 0.00000000 280.00000000
990.00000000 135.00000000 0.00000000 279.00000000
934.00000000 615.00000000 0.00000000 277.00000000
1064.00000000 147.00000000 0.00000000 274.00000000
896.00000000 433.00000000 1.00000000 274.00000000
610.00000000 570.00000000 0.00000000 271.00000000
483.00000000 368.00000000 1.00000000 266.00000000
1122.00000000 689.00000000 0.00000000 266.00000000
1004.00000000 627.00000000 1.00000000 264.00000000
902.00000000 770.00000000 0.00000000 260.00000000
993.00000000 621.00000000 0.00000000 257.00000000
1036.00000000 734.00000000 0.00000000 255.00000000
922.00000000 620.00000000 0.00000000 253.00000000
952.00000000 641.00000000 1.00000000 253.00000000
674.00000000 557.00000000 0.00000000 253.00000000
492.00000000 486.00000000 1.00000000 251.00000000
963.00000000 589.00000000 0.00000000 251.00000000
359.00000000 685.00000000 0.00000000 250.00000000
1052.00000000 637.00000000 0.00000000 246.00000000
565.00000000 618.00000000 0.00000000 244.00000000
632.00000000 396.00000000 0.00000000 238.00000000
1018.00000000 621.00000000 0.00000000 238.00000000
1051.00000000 722.00000000 0.00000000 236.00000000
951.00000000 624.00000000 0.00000000 235.00000000
1009.00000000 686.00000000 0.00000000 233.00000000
956.00000000 771.00000000 0.00000000 232.00000000
983.00000000 779.00000000 0.00000000 228.00000000
845.00000000 705.00000000 0.00000000 222.00000000
569.00000000 347.00000000 0.00000000 220.00000000
569.00000000 414.00000000 0.00000000 219.00000000
939.00000000 796.00000000 0.00000000 219.00000000
885.00000000 381.00000000 0.00000000 215.00000000
1028.00000000 111.00000000 0.00000000 215.00000000
1069.00000000 711.00000000 0.00000000 215.00000000
896.00000000 432.00000000 0.00000000 211.00000000
997.00000000 575.00000000 0.00000000 210.00000000
816.00000000 717.00000000 0.00000000 207.00000000
1028.00000000 744.00000000 0.00000000 206.00000000
944.00000000 672.00000000 0.00000000 206.00000000
1084.00000000 698.00000000 0.00000000 205.00000000
365.00000000 718.00000000 0.00000000 203.00000000
