153.00000000 254.00000000 1.00000000 278.00000000
183.00000000 19.00000000 1.00000000 229.00000000
152.00000000 254.00000000 1.00000000 206.00000000
154.00000000 254.00000000 0.00000000 197.00000000
267.00000000 219.00000000 1.00000000 195.00000000
189.00000000 335.00000000 0.00000000 187.00000000
159.00000000 364.00000000 0.00000000 162.00000000
268.00000000 220.00000000 2.00000000 161.00000000
149.00000000 374.00000000 1.00000000 149.00000000
189.00000000 335.00000000 1.00000000 149.00000000
149.00000000 374.00000000 0.00000000 148.00000000
137.00000000 385.00000000 1.00000000 144.00000000
26.00000000 214.00000000 1.00000000 130.00000000
419.00000000 138.00000000 1.00000000 125.00000000
147.00000000 164.00000000 5.00000000 123.00000000
51.00000000 472.00000000 1.00000000 123.00000000
182.00000000 21.00000000 1.00000000 121.00000000
51.00000000 471.00000000 0.00000000 120.00000000
418.00000000 137.00000000 0.00000000 118.00000000
183.00000000 18.00000000 0.00000000 116.00000000
137.00000000 384.00000000 0.00000000 115.00000000
244.00000000 197.00000000 0.00000000 109.00000000
49.00000000 475.00000000 1.00000000 108.00000000
27.00000000 214.00000000 1.00000000 105.00000000
197.00000000 205.00000000 1.00000000 103.00000000
152.00000000 341.00000000 1.00000000 103.00000000
155.00000000 190.00000000 1.00000000 102.00000000
26.00000000 390.00000000 1.00000000 101.00000000
49.00000000 480.00000000 0.00000000 100.00000000
329.00000000 489.00000000 1.00000000 97.00000000
153.00000000 340.00000000 0.00000000 96.00000000
400.00000000 128.00000000 1.00000000 96.00000000
152.00000000 160.00000000 4.00000000 96.00000000
246.00000000 461.00000000 2.00000000 96.00000000
145.00000000 377.00000000 1.00000000 94.00000000
400.00000000 127.00000000 0.00000000 93.00000000
267.00000000 218.00000000 1.00000000 93.00000000
197.00000000 205.00000000 0.00000000 93.00000000
33.00000000 357.00000000 1.00000000 93.00000000
162.00000000 360.00000000 1.00000000 92.00000000
29.00000000 21.00000000 0.00000000 92.00000000
244.00000000 198.00000000 1.00000000 90.00000000
383.00000000 79.00000000 1.00000000 90.00000000
422.00000000 127.00000000 0.00000000 89.00000000
207.00000000 200.00000000 0.00000000 86.00000000
188.00000000 321.00000000 0.00000000 86.00000000
167.00000000 366.00000000 0.00000000 85.00000000
368.00000000 78.00000000 1.00000000 85.00000000
73.00000000 197.00000000 1.00000000 85.00000000
430.00000000 31.00000000 0.00000000 85.00000000
56.00000000 169.00000000 2.00000000 84.00000000
421.00000000 47.00000000 1.00000000 83.00000000
48.00000000 476.00000000 2.00000000 82.00000000
72.00000000 198.00000000 2.00000000 82.00000000
207.00000000 200.00000000 1.00000000 81.00000000
152.00000000 155.00000000 2.00000000 81.00000000
154.00000000 176.00000000 2.00000000 81.00000000
74.00000000 198.00000000 1.00000000 81.00000000
246.00000000 462.00000000 2.00000000 81.00000000
68.00000000 188.00000000 0.00000000 81.00000000
317.00000000 482.00000000 0.00000000 80.00000000
416.00000000 15.00000000 1.00000000 80.00000000
156.00000000 191.00000000 1.00000000 80.00000000
404.00000000 28.00000000 1.00000000 78.00000000
189.00000000 322.00000000 1.00000000 77.00000000
58.00000000 172.00000000 2.00000000 77.00000000
403.00000000 29.00000000 1.00000000 76.00000000
403.00000000 53.00000000 1.00000000 75.00000000
404.00000000 52.00000000 1.00000000 74.00000000
154.00000000 175.00000000 1.00000000 74.00000000
271.00000000 220.00000000 2.00000000 74.00000000
176.00000000 358.00000000 0.00000000 74.00000000
398.00000000 127.00000000 1.00000000 74.00000000
383.00000000 78.00000000 0.00000000 73.00000000
152.00000000 256.00000000 2.00000000 73.00000000
369.00000000 78.00000000 0.00000000 72.00000000
186.00000000 307.00000000 1.00000000 72.00000000
33.00000000 357.00000000 0.00000000 72.00000000
32.00000000 357.00000000 1.00000000 70.00000000
18.00000000 202.00000000 0.00000000 70.00000000
478.00000000 202.00000000 2.00000000 70.00000000
416.00000000 14.00000000 0.00000000 70.00000000
403.00000000 10.00000000 0.00000000 68.00000000
199.00000000 137.00000000 0.00000000 68.00000000
128.00000000 372.00000000 0.00000000 68.00000000
102.00000000 72.00000000 1.00000000 68.00000000
375.00000000 87.00000000 1.00000000 68.00000000
74.00000000 197.00000000 0.00000000 67.00000000
152.00000000 179.00000000 1.00000000 67.00000000
317.00000000 483.00000000 1.00000000 67.00000000
140.00000000 350.00000000 1.00000000 66.00000000
27.00000000 389.00000000 1.00000000 65.00000000
317.00000000 194.00000000 0.00000000 65.00000000
165.00000000 343.00000000 0.00000000 65.00000000
123.00000000 129.00000000 1.00000000 64.00000000
202.00000000 359.00000000 0.00000000 64.00000000
412.00000000 36.00000000 0.00000000 63.00000000
167.00000000 122.00000000 0.00000000 63.00000000
388.00000000 90.00000000 0.00000000 62.00000000
374.00000000 86.00000000 0.00000000 62.00000000
49.00000000 499.00000000 0.00000000 62.00000000
123.00000000 128.00000000 0.00000000 61.00000000
152.00000000 178.00000000 0.00000000 59.00000000
420.00000000 21.00000000 0.00000000 59.00000000
395.00000000 140.00000000 0.00000000 58.00000000
113.00000000 366.00000000 0.00000000 58.00000000
393.00000000 79.00000000 0.00000000 57.00000000
152.00000000 117.00000000 0.00000000 56.00000000
497.00000000 304.00000000 0.00000000 55.00000000
415.00000000 58.00000000 0.00000000 55.00000000
128.00000000 354.00000000 0.00000000 55.00000000
408.00000000 113.00000000 0.00000000 54.00000000
499.00000000 292.00000000 0.00000000 54.00000000
404.00000000 200.00000000 4.00000000 54.00000000
244.00000000 211.00000000 0.00000000 54.00000000
28.00000000 214.00000000 0.00000000 54.00000000
417.00000000 120.00000000 0.00000000 54.00000000
174.00000000 372.00000000 0.00000000 53.00000000
195.00000000 161.00000000 0.00000000 53.00000000
394.00000000 12.00000000 0.00000000 53.00000000
186.00000000 306.00000000 0.00000000 53.00000000
410.00000000 142.00000000 0.00000000 52.00000000
403.00000000 28.00000000 0.00000000 52.00000000
421.00000000 45.00000000 0.00000000 52.00000000
198.00000000 197.00000000 0.00000000 51.00000000
415.00000000 77.00000000 0.00000000 51.00000000
140.00000000 350.00000000 0.00000000 51.00000000
