149.00000000 374.00000000 0.00000000 218.00000000
138.00000000 384.00000000 1.00000000 213.00000000
153.00000000 342.00000000 1.00000000 202.00000000
139.00000000 383.00000000 0.00000000 194.00000000
141.00000000 169.00000000 5.00000000 193.00000000
190.00000000 335.00000000 0.00000000 169.00000000
149.00000000 374.00000000 1.00000000 156.00000000
151.00000000 342.00000000 1.00000000 150.00000000
430.00000000 32.00000000 0.00000000 149.00000000
159.00000000 364.00000000 0.00000000 148.00000000
51.00000000 473.00000000 1.00000000 142.00000000
329.00000000 487.00000000 1.00000000 141.00000000
144.00000000 172.00000000 4.00000000 138.00000000
430.00000000 33.00000000 1.00000000 136.00000000
323.00000000 192.00000000 1.00000000 130.00000000
147.00000000 172.00000000 2.00000000 126.00000000
153.00000000 342.00000000 0.00000000 125.00000000
181.00000000 342.00000000 0.00000000 121.00000000
150.00000000 340.00000000 2.00000000 121.00000000
401.00000000 127.00000000 0.00000000 119.00000000
400.00000000 128.00000000 1.00000000 116.00000000
137.00000000 386.00000000 1.00000000 115.00000000
51.00000000 472.00000000 0.00000000 114.00000000
49.00000000 475.00000000 1.00000000 111.00000000
398.00000000 127.00000000 1.00000000 109.00000000
189.00000000 335.00000000 1.00000000 106.00000000
193.00000000 328.00000000 0.00000000 104.00000000
333.00000000 487.00000000 0.00000000 103.00000000
149.00000000 339.00000000 2.00000000 101.00000000
246.00000000 211.00000000 0.00000000 100.00000000
200.00000000 194.00000000 1.00000000 99.00000000
422.00000000 46.00000000 1.00000000 98.00000000
184.00000000 349.00000000 0.00000000 95.00000000
397.00000000 99.00000000 0.00000000 94.00000000
323.00000000 193.00000000 0.00000000 94.00000000
420.00000000 137.00000000 1.00000000 93.00000000
274.00000000 220.00000000 2.00000000 93.00000000
427.00000000 19.00000000 0.00000000 92.00000000
398.00000000 126.00000000 2.00000000 92.00000000
476.00000000 202.00000000 2.00000000 92.00000000
200.00000000 301.00000000 0.00000000 92.00000000
184.00000000 18.00000000 1.00000000 91.00000000
200.00000000 193.00000000 0.00000000 91.00000000
324.00000000 192.00000000 2.00000000 90.00000000
427.00000000 94.00000000 0.00000000 90.00000000
172.00000000 347.00000000 0.00000000 90.00000000
404.00000000 53.00000000 1.00000000 89.00000000
323.00000000 193.00000000 1.00000000 88.00000000
404.00000000 52.00000000 0.00000000 87.00000000
319.00000000 254.00000000 2.00000000 86.00000000
181.00000000 343.00000000 1.00000000 86.00000000
200.00000000 193.00000000 1.00000000 85.00000000
432.00000000 113.00000000 0.00000000 85.00000000
149.00000000 388.00000000 0.00000000 82.00000000
50.00000000 499.00000000 0.00000000 82.00000000
322.00000000 250.00000000 2.00000000 82.00000000
166.00000000 19.00000000 0.00000000 82.00000000
176.00000000 376.00000000 0.00000000 81.00000000
366.00000000 74.00000000 0.00000000 81.00000000
420.00000000 136.00000000 0.00000000 80.00000000
166.00000000 19.00000000 1.00000000 80.00000000
187.00000000 383.00000000 1.00000000 79.00000000
429.00000000 32.00000000 1.00000000 77.00000000
317.00000000 193.00000000 0.00000000 77.00000000
29.00000000 213.00000000 1.00000000 77.00000000
332.00000000 487.00000000 1.00000000 76.00000000
190.00000000 321.00000000 0.00000000 76.00000000
195.00000000 148.00000000 0.00000000 75.00000000
473.00000000 322.00000000 0.00000000 75.00000000
422.00000000 45.00000000 0.00000000 74.00000000
424.00000000 57.00000000 0.00000000 73.00000000
424.00000000 103.00000000 0.00000000 73.00000000
68.00000000 228.00000000 0.00000000 72.00000000
476.00000000 202.00000000 1.00000000 72.00000000
422.00000000 46.00000000 1.00000000 71.00000000
201.00000000 169.00000000 1.00000000 70.00000000
325.00000000 247.00000000 1.00000000 69.00000000
490.00000000 330.00000000 0.00000000 69.00000000
320.00000000 256.00000000 4.00000000 69.00000000
63.00000000 10.00000000 0.00000000 69.00000000
476.00000000 202.00000000 1.00000000 68.00000000
274.00000000 220.00000000 2.00000000 68.00000000
395.00000000 12.00000000 0.00000000 67.00000000
188.00000000 309.00000000 1.00000000 67.00000000
375.00000000 86.00000000 1.00000000 67.00000000
422.00000000 127.00000000 0.00000000 67.00000000
481.00000000 304.00000000 1.00000000 66.00000000
318.00000000 482.00000000 0.00000000 65.00000000
198.00000000 204.00000000 0.00000000 65.00000000
146.00000000 172.00000000 2.00000000 65.00000000
176.00000000 328.00000000 0.00000000 65.00000000
167.00000000 365.00000000 0.00000000 65.00000000
202.00000000 359.00000000 0.00000000 65.00000000
201.00000000 169.00000000 0.00000000 64.00000000
386.00000000 91.00000000 0.00000000 64.00000000
474.00000000 323.00000000 1.00000000 64.00000000
159.00000000 364.00000000 1.00000000 64.00000000
142.00000000 243.00000000 0.00000000 63.00000000
65.00000000 254.00000000 1.00000000 62.00000000
150.00000000 389.00000000 1.00000000 62.00000000
187.00000000 383.00000000 0.00000000 62.00000000
65.00000000 219.00000000 0.00000000 62.00000000
428.00000000 120.00000000 0.00000000 61.00000000
406.00000000 302.00000000 2.00000000 61.00000000
410.00000000 101.00000000 0.00000000 61.00000000
427.00000000 20.00000000 1.00000000 60.00000000
173.00000000 347.00000000 1.00000000 60.00000000
426.00000000 94.00000000 1.00000000 60.00000000
417.00000000 88.00000000 0.00000000 60.00000000
177.00000000 358.00000000 0.00000000 60.00000000
196.00000000 342.00000000 0.00000000 60.00000000
199.00000000 205.00000000 1.00000000 60.00000000
357.00000000 225.00000000 1.00000000 59.00000000
176.00000000 328.00000000 1.00000000 59.00000000
183.00000000 17.00000000 0.00000000 59.00000000
481.00000000 304.00000000 0.00000000 58.00000000
325.00000000 247.00000000 1.00000000 58.00000000
375.00000000 85.00000000 0.00000000 58.00000000
499.00000000 292.00000000 0.00000000 58.00000000
391.00000000 70.00000000 0.00000000 56.00000000
140.00000000 152.00000000 1.00000000 56.00000000
203.00000000 367.00000000 0.00000000 55.00000000
246.00000000 205.00000000 1.00000000 55.00000000
142.00000000 188.00000000 1.00000000 54.00000000
141.00000000 364.00000000 0.00000000 54.00000000
21.00000000 20.00000000 0.00000000 53.00000000
421.00000000 79.00000000 0.00000000 52.00000000
