1047.00000000 656.00000000 1.00000000 1062.00000000
1018.00000000 623.00000000 1.00000000 856.00000000
1004.00000000 628.00000000 1.00000000 847.00000000
1047.00000000 656.00000000 0.00000000 829.00000000
1072.00000000 685.00000000 1.00000000 816.00000000
1004.00000000 627.00000000 0.00000000 809.00000000
1047.00000000 656.00000000 1.00000000 805.00000000
760.00000000 73.00000000 2.00000000 756.00000000
1063.00000000 486.00000000 5.00000000 736.00000000
1033.00000000 89.00000000 0.00000000 723.00000000
1071.00000000 685.00000000 0.00000000 719.00000000
898.00000000 709.00000000 0.00000000 708.00000000
898.00000000 710.00000000 1.00000000 701.00000000
1018.00000000 622.00000000 0.00000000 701.00000000
762.00000000 72.00000000 2.00000000 684.00000000
976.00000000 54.00000000 1.00000000 680.00000000
981.00000000 578.00000000 1.00000000 679.00000000
1064.00000000 484.00000000 4.00000000 673.00000000
932.00000000 752.00000000 1.00000000 667.00000000
1140.00000000 214.00000000 0.00000000 645.00000000
1063.00000000 480.00000000 2.00000000 640.00000000
764.00000000 72.00000000 4.00000000 638.00000000
1018.00000000 623.00000000 1.00000000 632.00000000
1033.00000000 89.00000000 1.00000000 623.00000000
476.00000000 404.00000000 2.00000000 616.00000000
944.00000000 672.00000000 2.00000000 610.00000000
944.00000000 670.00000000 1.00000000 603.00000000
1062.00000000 478.00000000 2.00000000 598.00000000
953.00000000 610.00000000 0.00000000 597.00000000
975.00000000 53.00000000 1.00000000 594.00000000
922.00000000 622.00000000 0.00000000 592.00000000
475.00000000 404.00000000 2.00000000 585.00000000
1076.00000000 388.00000000 1.00000000 581.00000000
975.00000000 53.00000000 0.00000000 579.00000000
974.00000000 54.00000000 2.00000000 559.00000000
983.00000000 586.00000000 0.00000000 555.00000000
1076.00000000 388.00000000 1.00000000 550.00000000
953.00000000 609.00000000 1.00000000 543.00000000
922.00000000 622.00000000 1.00000000 536.00000000
888.00000000 780.00000000 1.00000000 532.00000000
980.00000000 578.00000000 0.00000000 531.00000000
306.00000000 322.00000000 2.00000000 531.00000000
980.00000000 578.00000000 1.00000000 530.00000000
478.00000000 401.00000000 1.00000000 529.00000000
1028.00000000 716.00000000 2.00000000 527.00000000
1063.00000000 476.00000000 1.00000000 526.00000000
978.00000000 649.00000000 1.00000000 522.00000000
944.00000000 673.00000000 2.00000000 521.00000000
1051.00000000 724.00000000 1.00000000 520.00000000
489.00000000 511.00000000 1.00000000 512.00000000
489.00000000 512.00000000 1.00000000 511.00000000
868.00000000 770.00000000 2.00000000 509.00000000
888.00000000 779.00000000 0.00000000 508.00000000
762.00000000 70.00000000 1.00000000 507.00000000
1140.00000000 214.00000000 1.00000000 505.00000000
898.00000000 709.00000000 1.00000000 503.00000000
1071.00000000 685.00000000 1.00000000 500.00000000
1024.00000000 284.00000000 0.00000000 496.00000000
938.00000000 620.00000000 0.00000000 496.00000000
978.00000000 648.00000000 0.00000000 488.00000000
1035.00000000 736.00000000 0.00000000 486.00000000
932.00000000 751.00000000 0.00000000 486.00000000
1025.00000000 284.00000000 1.00000000 485.00000000
956.00000000 774.00000000 0.00000000 478.00000000
1098.00000000 728.00000000 1.00000000 476.00000000
1051.00000000 724.00000000 0.00000000 476.00000000
699.00000000 501.00000000 1.00000000 476.00000000
1004.00000000 627.00000000 1.00000000 471.00000000
603.00000000 318.00000000 1.00000000 471.00000000
953.00000000 608.00000000 1.00000000 469.00000000
836.00000000 688.00000000 1.00000000 463.00000000
1064.00000000 476.00000000 1.00000000 457.00000000
944.00000000 669.00000000 1.00000000 449.00000000
897.00000000 619.00000000 1.00000000 448.00000000
970.00000000 703.00000000 0.00000000 448.00000000
919.00000000 154.00000000 0.00000000 443.00000000
873.00000000 671.00000000 0.00000000 441.00000000
970.00000000 788.00000000 0.00000000 438.00000000
835.00000000 688.00000000 0.00000000 437.00000000
700.00000000 500.00000000 0.00000000 435.00000000
1008.00000000 590.00000000 1.00000000 434.00000000
1039.00000000 668.00000000 1.00000000 431.00000000
953.00000000 682.00000000 0.00000000 429.00000000
413.00000000 279.00000000 1.00000000 428.00000000
938.00000000 620.00000000 1.00000000 427.00000000
866.00000000 784.00000000 0.00000000 424.00000000
1073.00000000 717.00000000 1.00000000 419.00000000
1029.00000000 717.00000000 1.00000000 418.00000000
1036.00000000 736.00000000 1.00000000 417.00000000
963.00000000 591.00000000 0.00000000 416.00000000
955.00000000 800.00000000 0.00000000 413.00000000
308.00000000 319.00000000 1.00000000 410.00000000
1008.00000000 590.00000000 0.00000000 406.00000000
871.00000000 731.00000000 0.00000000 399.00000000
826.00000000 706.00000000 0.00000000 395.00000000
490.00000000 511.00000000 0.00000000 393.00000000
1059.00000000 643.00000000 0.00000000 393.00000000
1093.00000000 687.00000000 1.00000000 392.00000000
904.00000000 772.00000000 0.00000000 390.00000000
1032.00000000 751.00000000 0.00000000 383.00000000
1011.00000000 665.00000000 0.00000000 382.00000000
1020.00000000 597.00000000 0.00000000 382.00000000
762.00000000 219.00000000 0.00000000 374.00000000
1039.00000000 667.00000000 0.00000000 374.00000000
1029.00000000 717.00000000 0.00000000 371.00000000
878.00000000 656.00000000 0.00000000 368.00000000
686.00000000 533.00000000 0.00000000 368.00000000
858.00000000 682.00000000 0.00000000 362.00000000
1083.00000000 676.00000000 0.00000000 352.00000000
1001.00000000 664.00000000 0.00000000 350.00000000
1073.00000000 718.00000000 0.00000000 349.00000000
896.00000000 618.00000000 0.00000000 349.00000000
853.00000000 695.00000000 0.00000000 344.00000000
309.00000000 318.00000000 0.00000000 333.00000000
1093.00000000 688.00000000 0.00000000 333.00000000
922.00000000 801.00000000 0.00000000 327.00000000
1012.00000000 688.00000000 0.00000000 327.00000000
1049.00000000 642.00000000 0.00000000 326.00000000
871.00000000 771.00000000 0.00000000 321.00000000
622.00000000 417.00000000 0.00000000 316.00000000
809.00000000 398.00000000 0.00000000 315.00000000
1076.00000000 388.00000000 0.00000000 310.00000000
1064.00000000 475.00000000 0.00000000 305.00000000
944.00000000 668.00000000 0.00000000 301.00000000
772.00000000 340.00000000 0.00000000 293.00000000
801.00000000 318.00000000 0.00000000 289.00000000
987.00000000 787.00000000 0.00000000 285.00000000
