490.00000000 514.00000000 2.00000000 784.00000000
489.00000000 514.00000000 2.00000000 727.00000000
860.00000000 747.00000000 1.00000000 683.00000000
889.00000000 782.00000000 1.00000000 653.00000000
1001.00000000 666.00000000 0.00000000 635.00000000
373.00000000 761.00000000 1.00000000 621.00000000
889.00000000 782.00000000 0.00000000 616.00000000
870.00000000 772.00000000 2.00000000 607.00000000
860.00000000 746.00000000 0.00000000 584.00000000
866.00000000 787.00000000 0.00000000 580.00000000
504.00000000 440.00000000 2.00000000 573.00000000
503.00000000 441.00000000 2.00000000 573.00000000
944.00000000 673.00000000 5.00000000 570.00000000
1023.00000000 610.00000000 0.00000000 569.00000000
853.00000000 697.00000000 1.00000000 568.00000000
898.00000000 712.00000000 1.00000000 559.00000000
564.00000000 637.00000000 1.00000000 559.00000000
1004.00000000 630.00000000 1.00000000 557.00000000
809.00000000 401.00000000 0.00000000 552.00000000
612.00000000 574.00000000 2.00000000 538.00000000
994.00000000 597.00000000 0.00000000 538.00000000
373.00000000 760.00000000 1.00000000 529.00000000
840.00000000 752.00000000 0.00000000 527.00000000
898.00000000 712.00000000 0.00000000 525.00000000
874.00000000 673.00000000 0.00000000 513.00000000
871.00000000 734.00000000 1.00000000 512.00000000
490.00000000 513.00000000 1.00000000 512.00000000
1019.00000000 625.00000000 0.00000000 510.00000000
854.00000000 697.00000000 1.00000000 508.00000000
871.00000000 774.00000000 2.00000000 506.00000000
441.00000000 489.00000000 2.00000000 504.00000000
806.00000000 710.00000000 0.00000000 504.00000000
813.00000000 414.00000000 0.00000000 499.00000000
871.00000000 733.00000000 0.00000000 498.00000000
979.00000000 651.00000000 0.00000000 498.00000000
954.00000000 612.00000000 0.00000000 494.00000000
871.00000000 772.00000000 1.00000000 492.00000000
1064.00000000 656.00000000 0.00000000 492.00000000
995.00000000 597.00000000 1.00000000 490.00000000
900.00000000 628.00000000 4.00000000 486.00000000
1004.00000000 630.00000000 0.00000000 485.00000000
944.00000000 676.00000000 4.00000000 477.00000000
979.00000000 651.00000000 1.00000000 476.00000000
898.00000000 712.00000000 1.00000000 475.00000000
1053.00000000 641.00000000 0.00000000 474.00000000
702.00000000 504.00000000 2.00000000 473.00000000
629.00000000 448.00000000 1.00000000 472.00000000
871.00000000 733.00000000 1.00000000 471.00000000
564.00000000 640.00000000 2.00000000 470.00000000
568.00000000 363.00000000 1.00000000 470.00000000
1053.00000000 642.00000000 1.00000000 469.00000000
828.00000000 708.00000000 0.00000000 466.00000000
970.00000000 607.00000000 1.00000000 464.00000000
984.00000000 589.00000000 0.00000000 464.00000000
1008.00000000 593.00000000 1.00000000 464.00000000
1073.00000000 687.00000000 0.00000000 463.00000000
871.00000000 773.00000000 1.00000000 459.00000000
567.00000000 656.00000000 1.00000000 453.00000000
972.00000000 791.00000000 0.00000000 451.00000000
1073.00000000 687.00000000 1.00000000 449.00000000
564.00000000 637.00000000 1.00000000 447.00000000
1008.00000000 593.00000000 0.00000000 446.00000000
569.00000000 363.00000000 1.00000000 445.00000000
374.00000000 760.00000000 2.00000000 443.00000000
810.00000000 402.00000000 1.00000000 443.00000000
1141.00000000 218.00000000 0.00000000 441.00000000
990.00000000 570.00000000 0.00000000 440.00000000
567.00000000 657.00000000 1.00000000 439.00000000
1012.00000000 667.00000000 0.00000000 439.00000000
1025.00000000 287.00000000 1.00000000 439.00000000
880.00000000 801.00000000 0.00000000 438.00000000
956.00000000 803.00000000 0.00000000 437.00000000
373.00000000 760.00000000 0.00000000 437.00000000
939.00000000 623.00000000 0.00000000 435.00000000
1019.00000000 626.00000000 1.00000000 435.00000000
440.00000000 488.00000000 2.00000000 434.00000000
1100.00000000 695.00000000 0.00000000 433.00000000
807.00000000 711.00000000 1.00000000 431.00000000
1141.00000000 218.00000000 1.00000000 431.00000000
1052.00000000 727.00000000 0.00000000 428.00000000
1065.00000000 150.00000000 0.00000000 427.00000000
701.00000000 503.00000000 1.00000000 425.00000000
478.00000000 660.00000000 0.00000000 421.00000000
164.00000000 446.00000000 1.00000000 421.00000000
970.00000000 608.00000000 1.00000000 418.00000000
859.00000000 684.00000000 0.00000000 417.00000000
612.00000000 572.00000000 1.00000000 417.00000000
896.00000000 689.00000000 0.00000000 417.00000000
1024.00000000 611.00000000 1.00000000 416.00000000
1004.00000000 630.00000000 1.00000000 415.00000000
814.00000000 415.00000000 1.00000000 412.00000000
1037.00000000 739.00000000 0.00000000 408.00000000
504.00000000 442.00000000 1.00000000 403.00000000
1002.00000000 666.00000000 1.00000000 400.00000000
837.00000000 690.00000000 0.00000000 394.00000000
896.00000000 690.00000000 1.00000000 389.00000000
442.00000000 483.00000000 1.00000000 388.00000000
934.00000000 754.00000000 1.00000000 384.00000000
1100.00000000 696.00000000 1.00000000 374.00000000
854.00000000 697.00000000 0.00000000 371.00000000
972.00000000 706.00000000 1.00000000 370.00000000
630.00000000 448.00000000 1.00000000 368.00000000
969.00000000 605.00000000 0.00000000 366.00000000
992.00000000 138.00000000 0.00000000 365.00000000
1040.00000000 671.00000000 1.00000000 360.00000000
835.00000000 735.00000000 0.00000000 359.00000000
972.00000000 705.00000000 0.00000000 358.00000000
905.00000000 773.00000000 0.00000000 358.00000000
1025.00000000 287.00000000 0.00000000 353.00000000
878.00000000 659.00000000 0.00000000 352.00000000
817.00000000 721.00000000 0.00000000 352.00000000
1083.00000000 679.00000000 0.00000000 347.00000000
999.00000000 135.00000000 0.00000000 344.00000000
1033.00000000 753.00000000 0.00000000 344.00000000
1013.00000000 690.00000000 0.00000000 343.00000000
924.00000000 624.00000000 0.00000000 338.00000000
982.00000000 580.00000000 0.00000000 335.00000000
964.00000000 593.00000000 0.00000000 335.00000000
871.00000000 772.00000000 0.00000000 333.00000000
987.00000000 789.00000000 0.00000000 320.00000000
569.00000000 362.00000000 0.00000000 310.00000000
958.00000000 776.00000000 0.00000000 297.00000000
956.00000000 760.00000000 0.00000000 296.00000000
919.00000000 157.00000000 0.00000000 294.00000000
442.00000000 482.00000000 0.00000000 293.00000000
656.00000000 575.00000000 0.00000000 290.00000000
1005.00000000 741.00000000 0.00000000 288.00000000
