139.00000000 384.00000000 1.00000000 243.00000000
149.00000000 374.00000000 0.00000000 225.00000000
140.00000000 383.00000000 0.00000000 209.00000000
153.00000000 342.00000000 1.00000000 193.00000000
152.00000000 342.00000000 1.00000000 175.00000000
150.00000000 374.00000000 1.00000000 172.00000000
193.00000000 328.00000000 0.00000000 167.00000000
427.00000000 94.00000000 0.00000000 160.00000000
137.00000000 386.00000000 1.00000000 150.00000000
427.00000000 94.00000000 1.00000000 146.00000000
401.00000000 127.00000000 0.00000000 143.00000000
141.00000000 169.00000000 5.00000000 136.00000000
150.00000000 342.00000000 2.00000000 136.00000000
430.00000000 33.00000000 1.00000000 129.00000000
184.00000000 18.00000000 1.00000000 127.00000000
154.00000000 342.00000000 0.00000000 123.00000000
188.00000000 309.00000000 1.00000000 123.00000000
401.00000000 128.00000000 1.00000000 120.00000000
427.00000000 93.00000000 1.00000000 116.00000000
142.00000000 245.00000000 0.00000000 111.00000000
181.00000000 343.00000000 0.00000000 107.00000000
323.00000000 193.00000000 0.00000000 107.00000000
323.00000000 192.00000000 1.00000000 105.00000000
398.00000000 126.00000000 2.00000000 104.00000000
422.00000000 127.00000000 0.00000000 102.00000000
142.00000000 245.00000000 1.00000000 102.00000000
430.00000000 32.00000000 0.00000000 102.00000000
432.00000000 113.00000000 0.00000000 101.00000000
398.00000000 125.00000000 1.00000000 100.00000000
175.00000000 372.00000000 0.00000000 100.00000000
198.00000000 205.00000000 1.00000000 99.00000000
201.00000000 193.00000000 1.00000000 98.00000000
190.00000000 335.00000000 0.00000000 98.00000000
200.00000000 193.00000000 0.00000000 96.00000000
423.00000000 47.00000000 1.00000000 95.00000000
323.00000000 193.00000000 1.00000000 94.00000000
246.00000000 211.00000000 0.00000000 93.00000000
150.00000000 388.00000000 0.00000000 93.00000000
187.00000000 383.00000000 1.00000000 92.00000000
473.00000000 352.00000000 1.00000000 91.00000000
330.00000000 489.00000000 1.00000000 91.00000000
21.00000000 20.00000000 0.00000000 88.00000000
184.00000000 17.00000000 0.00000000 88.00000000
173.00000000 347.00000000 0.00000000 88.00000000
45.00000000 254.00000000 1.00000000 87.00000000
155.00000000 322.00000000 0.00000000 86.00000000
149.00000000 339.00000000 2.00000000 86.00000000
424.00000000 103.00000000 0.00000000 86.00000000
478.00000000 200.00000000 2.00000000 83.00000000
413.00000000 37.00000000 0.00000000 83.00000000
395.00000000 13.00000000 0.00000000 83.00000000
125.00000000 376.00000000 0.00000000 83.00000000
419.00000000 31.00000000 0.00000000 83.00000000
198.00000000 204.00000000 0.00000000 81.00000000
196.00000000 342.00000000 0.00000000 81.00000000
175.00000000 373.00000000 1.00000000 81.00000000
155.00000000 323.00000000 1.00000000 81.00000000
200.00000000 301.00000000 0.00000000 81.00000000
159.00000000 364.00000000 0.00000000 79.00000000
203.00000000 358.00000000 0.00000000 79.00000000
424.00000000 48.00000000 1.00000000 79.00000000
188.00000000 309.00000000 1.00000000 79.00000000
274.00000000 220.00000000 2.00000000 79.00000000
144.00000000 172.00000000 4.00000000 79.00000000
47.00000000 238.00000000 1.00000000 78.00000000
166.00000000 10.00000000 0.00000000 78.00000000
46.00000000 240.00000000 1.00000000 78.00000000
182.00000000 343.00000000 1.00000000 78.00000000
404.00000000 52.00000000 0.00000000 77.00000000
146.00000000 202.00000000 0.00000000 77.00000000
188.00000000 310.00000000 2.00000000 77.00000000
42.00000000 246.00000000 2.00000000 76.00000000
134.00000000 369.00000000 0.00000000 76.00000000
194.00000000 328.00000000 1.00000000 75.00000000
372.00000000 80.00000000 2.00000000 75.00000000
481.00000000 304.00000000 1.00000000 75.00000000
274.00000000 220.00000000 2.00000000 74.00000000
151.00000000 388.00000000 1.00000000 73.00000000
46.00000000 254.00000000 2.00000000 72.00000000
427.00000000 19.00000000 0.00000000 72.00000000
230.00000000 342.00000000 2.00000000 71.00000000
199.00000000 161.00000000 0.00000000 71.00000000
200.00000000 168.00000000 0.00000000 71.00000000
46.00000000 256.00000000 1.00000000 71.00000000
187.00000000 383.00000000 0.00000000 70.00000000
228.00000000 344.00000000 4.00000000 70.00000000
204.00000000 366.00000000 1.00000000 70.00000000
418.00000000 30.00000000 1.00000000 70.00000000
146.00000000 202.00000000 1.00000000 69.00000000
404.00000000 333.00000000 2.00000000 68.00000000
402.00000000 44.00000000 0.00000000 68.00000000
473.00000000 352.00000000 1.00000000 68.00000000
47.00000000 237.00000000 0.00000000 68.00000000
153.00000000 178.00000000 0.00000000 68.00000000
410.00000000 101.00000000 0.00000000 68.00000000
137.00000000 115.00000000 0.00000000 67.00000000
431.00000000 32.00000000 1.00000000 67.00000000
141.00000000 244.00000000 1.00000000 67.00000000
173.00000000 348.00000000 1.00000000 66.00000000
424.00000000 57.00000000 0.00000000 65.00000000
185.00000000 386.00000000 1.00000000 65.00000000
352.00000000 84.00000000 1.00000000 65.00000000
473.00000000 352.00000000 0.00000000 65.00000000
439.00000000 84.00000000 0.00000000 65.00000000
407.00000000 319.00000000 1.00000000 64.00000000
202.00000000 193.00000000 1.00000000 64.00000000
480.00000000 304.00000000 0.00000000 64.00000000
324.00000000 497.00000000 0.00000000 63.00000000
144.00000000 363.00000000 1.00000000 63.00000000
392.00000000 70.00000000 0.00000000 63.00000000
155.00000000 173.00000000 0.00000000 63.00000000
145.00000000 355.00000000 1.00000000 62.00000000
403.00000000 79.00000000 0.00000000 62.00000000
397.00000000 100.00000000 0.00000000 61.00000000
410.00000000 102.00000000 1.00000000 61.00000000
246.00000000 211.00000000 1.00000000 60.00000000
386.00000000 77.00000000 0.00000000 60.00000000
28.00000000 362.00000000 0.00000000 60.00000000
334.00000000 497.00000000 0.00000000 59.00000000
247.00000000 202.00000000 0.00000000 59.00000000
48.00000000 250.00000000 0.00000000 59.00000000
113.00000000 390.00000000 0.00000000 58.00000000
420.00000000 136.00000000 0.00000000 58.00000000
132.00000000 360.00000000 0.00000000 58.00000000
198.00000000 12.00000000 0.00000000 58.00000000
333.00000000 487.00000000 0.00000000 57.00000000
45.00000000 256.00000000 0.00000000 57.00000000
