616.00000000 328.00000000 4.00000000 534.00000000
322.00000000 320.00000000 1.00000000 518.00000000
616.00000000 328.00000000 2.00000000 507.00000000
322.00000000 321.00000000 1.00000000 494.00000000
616.00000000 322.00000000 5.00000000 475.00000000
618.00000000 328.00000000 2.00000000 463.00000000
339.00000000 461.00000000 1.00000000 430.00000000
619.00000000 326.00000000 1.00000000 423.00000000
933.00000000 751.00000000 1.00000000 414.00000000
580.00000000 372.00000000 4.00000000 393.00000000
189.00000000 268.00000000 1.00000000 392.00000000
338.00000000 460.00000000 2.00000000 384.00000000
933.00000000 750.00000000 0.00000000 375.00000000
340.00000000 461.00000000 1.00000000 375.00000000
576.00000000 370.00000000 2.00000000 363.00000000
620.00000000 328.00000000 1.00000000 355.00000000
1039.00000000 668.00000000 1.00000000 351.00000000
860.00000000 744.00000000 1.00000000 347.00000000
506.00000000 376.00000000 2.00000000 346.00000000
459.00000000 376.00000000 1.00000000 344.00000000
460.00000000 376.00000000 0.00000000 343.00000000
506.00000000 374.00000000 2.00000000 334.00000000
870.00000000 770.00000000 2.00000000 330.00000000
701.00000000 551.00000000 2.00000000 330.00000000
189.00000000 267.00000000 0.00000000 325.00000000
889.00000000 779.00000000 1.00000000 323.00000000
322.00000000 320.00000000 0.00000000 315.00000000
905.00000000 771.00000000 1.00000000 312.00000000
490.00000000 362.00000000 0.00000000 311.00000000
322.00000000 322.00000000 2.00000000 308.00000000
626.00000000 698.00000000 2.00000000 304.00000000
748.00000000 407.00000000 1.00000000 303.00000000
748.00000000 408.00000000 1.00000000 303.00000000
859.00000000 681.00000000 0.00000000 300.00000000
889.00000000 778.00000000 0.00000000 300.00000000
704.00000000 550.00000000 2.00000000 300.00000000
931.00000000 750.00000000 1.00000000 299.00000000
1064.00000000 147.00000000 0.00000000 299.00000000
860.00000000 743.00000000 0.00000000 298.00000000
578.00000000 368.00000000 2.00000000 297.00000000
1040.00000000 668.00000000 0.00000000 296.00000000
340.00000000 461.00000000 0.00000000 282.00000000
207.00000000 227.00000000 1.00000000 281.00000000
898.00000000 708.00000000 0.00000000 279.00000000
905.00000000 770.00000000 0.00000000 276.00000000
999.00000000 132.00000000 0.00000000 274.00000000
483.00000000 383.00000000 0.00000000 272.00000000
991.00000000 136.00000000 0.00000000 271.00000000
853.00000000 693.00000000 1.00000000 271.00000000
953.00000000 639.00000000 1.00000000 270.00000000
874.00000000 669.00000000 0.00000000 269.00000000
1006.00000000 666.00000000 0.00000000 269.00000000
1039.00000000 667.00000000 1.00000000 261.00000000
579.00000000 367.00000000 1.00000000 261.00000000
756.00000000 434.00000000 1.00000000 261.00000000
888.00000000 704.00000000 0.00000000 261.00000000
208.00000000 227.00000000 1.00000000 261.00000000
705.00000000 547.00000000 1.00000000 258.00000000
837.00000000 687.00000000 0.00000000 254.00000000
188.00000000 267.00000000 1.00000000 253.00000000
735.00000000 325.00000000 0.00000000 251.00000000
458.00000000 374.00000000 1.00000000 250.00000000
847.00000000 707.00000000 0.00000000 250.00000000
938.00000000 797.00000000 1.00000000 248.00000000
871.00000000 769.00000000 1.00000000 247.00000000
994.00000000 622.00000000 0.00000000 246.00000000
1018.00000000 622.00000000 1.00000000 244.00000000
994.00000000 594.00000000 1.00000000 241.00000000
757.00000000 433.00000000 1.00000000 239.00000000
506.00000000 371.00000000 1.00000000 237.00000000
620.00000000 328.00000000 0.00000000 235.00000000
818.00000000 693.00000000 0.00000000 233.00000000
871.00000000 770.00000000 1.00000000 232.00000000
1012.00000000 688.00000000 1.00000000 232.00000000
841.00000000 669.00000000 1.00000000 232.00000000
905.00000000 770.00000000 1.00000000 232.00000000
854.00000000 694.00000000 0.00000000 231.00000000
859.00000000 681.00000000 1.00000000 231.00000000
846.00000000 708.00000000 1.00000000 229.00000000
579.00000000 367.00000000 1.00000000 227.00000000
874.00000000 669.00000000 1.00000000 225.00000000
1029.00000000 111.00000000 0.00000000 224.00000000
910.00000000 161.00000000 0.00000000 224.00000000
952.00000000 637.00000000 0.00000000 223.00000000
866.00000000 783.00000000 0.00000000 223.00000000
828.00000000 704.00000000 0.00000000 223.00000000
824.00000000 700.00000000 1.00000000 221.00000000
413.00000000 285.00000000 1.00000000 220.00000000
1011.00000000 125.00000000 0.00000000 220.00000000
735.00000000 325.00000000 1.00000000 219.00000000
816.00000000 718.00000000 0.00000000 218.00000000
1004.00000000 626.00000000 0.00000000 215.00000000
539.00000000 122.00000000 1.00000000 215.00000000
971.00000000 787.00000000 0.00000000 214.00000000
894.00000000 384.00000000 1.00000000 213.00000000
953.00000000 608.00000000 0.00000000 207.00000000
1018.00000000 622.00000000 0.00000000 207.00000000
563.00000000 632.00000000 0.00000000 207.00000000
871.00000000 770.00000000 0.00000000 206.00000000
959.00000000 633.00000000 0.00000000 206.00000000
1006.00000000 667.00000000 1.00000000 205.00000000
853.00000000 716.00000000 0.00000000 204.00000000
898.00000000 709.00000000 1.00000000 203.00000000
919.00000000 617.00000000 0.00000000 203.00000000
291.00000000 609.00000000 1.00000000 201.00000000
845.00000000 718.00000000 0.00000000 200.00000000
994.00000000 593.00000000 0.00000000 200.00000000
939.00000000 152.00000000 0.00000000 199.00000000
842.00000000 668.00000000 0.00000000 197.00000000
412.00000000 263.00000000 0.00000000 196.00000000
939.00000000 797.00000000 0.00000000 195.00000000
742.00000000 425.00000000 0.00000000 194.00000000
1014.00000000 291.00000000 0.00000000 193.00000000
412.00000000 285.00000000 0.00000000 192.00000000
960.00000000 586.00000000 0.00000000 191.00000000
209.00000000 212.00000000 0.00000000 191.00000000
733.00000000 642.00000000 0.00000000 186.00000000
886.00000000 790.00000000 0.00000000 184.00000000
1012.00000000 687.00000000 0.00000000 178.00000000
954.00000000 758.00000000 0.00000000 178.00000000
968.00000000 602.00000000 0.00000000 177.00000000
953.00000000 625.00000000 0.00000000 173.00000000
700.00000000 493.00000000 0.00000000 172.00000000
747.00000000 405.00000000 0.00000000 172.00000000
953.00000000 680.00000000 0.00000000 171.00000000
539.00000000 122.00000000 0.00000000 168.00000000
1072.00000000 684.00000000 0.00000000 165.00000000
