506.00000000 52.00000000 0.00000000 425.00000000
526.00000000 118.00000000 5.00000000 391.00000000
523.00000000 110.00000000 1.00000000 351.00000000
529.00000000 125.00000000 1.00000000 348.00000000
597.00000000 232.00000000 0.00000000 328.00000000
523.00000000 110.00000000 1.00000000 323.00000000
529.00000000 125.00000000 0.00000000 321.00000000
524.00000000 120.00000000 4.00000000 315.00000000
506.00000000 52.00000000 1.00000000 313.00000000
523.00000000 133.00000000 0.00000000 306.00000000
527.00000000 125.00000000 1.00000000 304.00000000
168.00000000 70.00000000 1.00000000 298.00000000
597.00000000 232.00000000 1.00000000 294.00000000
523.00000000 109.00000000 0.00000000 285.00000000
179.00000000 162.00000000 0.00000000 253.00000000
522.00000000 112.00000000 2.00000000 251.00000000
123.00000000 273.00000000 0.00000000 242.00000000
178.00000000 156.00000000 0.00000000 235.00000000
236.00000000 330.00000000 0.00000000 234.00000000
587.00000000 217.00000000 1.00000000 231.00000000
526.00000000 128.00000000 2.00000000 229.00000000
179.00000000 163.00000000 1.00000000 224.00000000
123.00000000 267.00000000 0.00000000 223.00000000
595.00000000 231.00000000 1.00000000 212.00000000
586.00000000 217.00000000 0.00000000 211.00000000
592.00000000 232.00000000 4.00000000 211.00000000
526.00000000 127.00000000 2.00000000 209.00000000
168.00000000 71.00000000 1.00000000 206.00000000
287.00000000 318.00000000 0.00000000 206.00000000
212.00000000 274.00000000 0.00000000 199.00000000
169.00000000 81.00000000 0.00000000 194.00000000
506.00000000 52.00000000 1.00000000 192.00000000
178.00000000 152.00000000 1.00000000 188.00000000
168.00000000 72.00000000 0.00000000 185.00000000
169.00000000 82.00000000 1.00000000 183.00000000
596.00000000 294.00000000 0.00000000 180.00000000
586.00000000 217.00000000 1.00000000 177.00000000
168.00000000 72.00000000 2.00000000 177.00000000
587.00000000 249.00000000 0.00000000 176.00000000
178.00000000 152.00000000 1.00000000 175.00000000
209.00000000 233.00000000 0.00000000 174.00000000
587.00000000 250.00000000 1.00000000 166.00000000
596.00000000 232.00000000 2.00000000 164.00000000
215.00000000 295.00000000 0.00000000 160.00000000
120.00000000 232.00000000 0.00000000 159.00000000
193.00000000 228.00000000 1.00000000 155.00000000
288.00000000 319.00000000 1.00000000 153.00000000
193.00000000 227.00000000 0.00000000 153.00000000
593.00000000 231.00000000 2.00000000 152.00000000
212.00000000 275.00000000 1.00000000 150.00000000
212.00000000 267.00000000 0.00000000 150.00000000
237.00000000 330.00000000 1.00000000 149.00000000
649.00000000 350.00000000 0.00000000 147.00000000
215.00000000 295.00000000 1.00000000 146.00000000
35.00000000 449.00000000 0.00000000 146.00000000
509.00000000 65.00000000 2.00000000 145.00000000
166.00000000 43.00000000 0.00000000 143.00000000
598.00000000 302.00000000 1.00000000 141.00000000
597.00000000 319.00000000 0.00000000 141.00000000
176.00000000 144.00000000 0.00000000 140.00000000
123.00000000 267.00000000 1.00000000 137.00000000
598.00000000 301.00000000 0.00000000 136.00000000
597.00000000 320.00000000 1.00000000 129.00000000
586.00000000 250.00000000 1.00000000 127.00000000
214.00000000 295.00000000 1.00000000 123.00000000
217.00000000 345.00000000 0.00000000 123.00000000
613.00000000 352.00000000 0.00000000 120.00000000
192.00000000 227.00000000 1.00000000 117.00000000
178.00000000 165.00000000 1.00000000 115.00000000
508.00000000 66.00000000 2.00000000 115.00000000
169.00000000 73.00000000 2.00000000 115.00000000
507.00000000 62.00000000 0.00000000 115.00000000
26.00000000 436.00000000 0.00000000 114.00000000
120.00000000 232.00000000 1.00000000 113.00000000
192.00000000 228.00000000 2.00000000 111.00000000
217.00000000 345.00000000 1.00000000 111.00000000
236.00000000 339.00000000 0.00000000 111.00000000
214.00000000 294.00000000 2.00000000 110.00000000
649.00000000 350.00000000 1.00000000 108.00000000
193.00000000 251.00000000 0.00000000 107.00000000
378.00000000 349.00000000 0.00000000 106.00000000
27.00000000 437.00000000 1.00000000 103.00000000
289.00000000 322.00000000 1.00000000 103.00000000
209.00000000 233.00000000 1.00000000 102.00000000
613.00000000 352.00000000 1.00000000 101.00000000
193.00000000 252.00000000 1.00000000 97.00000000
376.00000000 350.00000000 1.00000000 96.00000000
377.00000000 349.00000000 1.00000000 95.00000000
508.00000000 63.00000000 1.00000000 94.00000000
193.00000000 204.00000000 0.00000000 93.00000000
26.00000000 438.00000000 1.00000000 93.00000000
596.00000000 298.00000000 2.00000000 92.00000000
139.00000000 203.00000000 0.00000000 92.00000000
513.00000000 98.00000000 1.00000000 88.00000000
595.00000000 295.00000000 1.00000000 87.00000000
167.00000000 44.00000000 1.00000000 87.00000000
352.00000000 351.00000000 0.00000000 84.00000000
237.00000000 330.00000000 1.00000000 77.00000000
299.00000000 350.00000000 0.00000000 74.00000000
287.00000000 311.00000000 0.00000000 73.00000000
601.00000000 310.00000000 0.00000000 73.00000000
214.00000000 288.00000000 0.00000000 72.00000000
415.00000000 231.00000000 0.00000000 71.00000000
238.00000000 350.00000000 0.00000000 67.00000000
238.00000000 351.00000000 1.00000000 65.00000000
237.00000000 340.00000000 1.00000000 64.00000000
353.00000000 329.00000000 0.00000000 63.00000000
170.00000000 93.00000000 1.00000000 61.00000000
194.00000000 272.00000000 0.00000000 58.00000000
512.00000000 97.00000000 0.00000000 58.00000000
288.00000000 301.00000000 0.00000000 57.00000000
209.00000000 240.00000000 0.00000000 54.00000000
587.00000000 289.00000000 0.00000000 51.00000000
16.00000000 355.00000000 0.00000000 51.00000000
120.00000000 246.00000000 0.00000000 51.00000000
508.00000000 79.00000000 0.00000000 50.00000000
588.00000000 237.00000000 0.00000000 46.00000000
170.00000000 93.00000000 0.00000000 42.00000000
193.00000000 260.00000000 0.00000000 41.00000000
120.00000000 239.00000000 0.00000000 40.00000000
250.00000000 340.00000000 0.00000000 39.00000000
173.00000000 120.00000000 0.00000000 35.00000000
171.00000000 104.00000000 0.00000000 34.00000000
214.00000000 302.00000000 0.00000000 34.00000000
175.00000000 133.00000000 0.00000000 34.00000000
395.00000000 352.00000000 0.00000000 33.00000000
509.00000000 86.00000000 0.00000000 32.00000000
