526.00000000 118.00000000 5.00000000 474.00000000
523.00000000 106.00000000 1.00000000 465.00000000
523.00000000 106.00000000 0.00000000 433.00000000
524.00000000 120.00000000 4.00000000 424.00000000
521.00000000 107.00000000 1.00000000 401.00000000
526.00000000 124.00000000 2.00000000 376.00000000
526.00000000 123.00000000 1.00000000 358.00000000
528.00000000 122.00000000 1.00000000 351.00000000
522.00000000 108.00000000 2.00000000 350.00000000
528.00000000 122.00000000 0.00000000 319.00000000
526.00000000 124.00000000 2.00000000 279.00000000
168.00000000 70.00000000 0.00000000 252.00000000
597.00000000 229.00000000 0.00000000 236.00000000
236.00000000 327.00000000 0.00000000 230.00000000
169.00000000 78.00000000 1.00000000 229.00000000
168.00000000 70.00000000 1.00000000 221.00000000
169.00000000 77.00000000 0.00000000 205.00000000
597.00000000 229.00000000 1.00000000 192.00000000
586.00000000 213.00000000 0.00000000 184.00000000
178.00000000 147.00000000 0.00000000 179.00000000
212.00000000 270.00000000 0.00000000 174.00000000
586.00000000 213.00000000 1.00000000 174.00000000
179.00000000 158.00000000 0.00000000 173.00000000
588.00000000 224.00000000 4.00000000 170.00000000
287.00000000 315.00000000 0.00000000 170.00000000
179.00000000 159.00000000 1.00000000 168.00000000
507.00000000 59.00000000 0.00000000 165.00000000
595.00000000 229.00000000 1.00000000 164.00000000
123.00000000 269.00000000 0.00000000 162.00000000
168.00000000 69.00000000 1.00000000 161.00000000
237.00000000 327.00000000 1.00000000 159.00000000
594.00000000 228.00000000 2.00000000 154.00000000
508.00000000 59.00000000 1.00000000 153.00000000
593.00000000 229.00000000 2.00000000 152.00000000
506.00000000 49.00000000 0.00000000 151.00000000
213.00000000 270.00000000 1.00000000 144.00000000
595.00000000 292.00000000 0.00000000 142.00000000
215.00000000 291.00000000 1.00000000 142.00000000
178.00000000 147.00000000 1.00000000 136.00000000
288.00000000 316.00000000 1.00000000 135.00000000
168.00000000 246.00000000 0.00000000 134.00000000
214.00000000 291.00000000 1.00000000 134.00000000
585.00000000 213.00000000 1.00000000 131.00000000
162.00000000 299.00000000 0.00000000 127.00000000
515.00000000 94.00000000 0.00000000 126.00000000
215.00000000 292.00000000 0.00000000 124.00000000
492.00000000 317.00000000 0.00000000 123.00000000
439.00000000 317.00000000 0.00000000 123.00000000
214.00000000 292.00000000 2.00000000 122.00000000
166.00000000 275.00000000 0.00000000 121.00000000
595.00000000 292.00000000 1.00000000 121.00000000
120.00000000 229.00000000 0.00000000 120.00000000
507.00000000 60.00000000 1.00000000 113.00000000
169.00000000 247.00000000 1.00000000 113.00000000
507.00000000 49.00000000 1.00000000 109.00000000
208.00000000 229.00000000 0.00000000 107.00000000
123.00000000 270.00000000 1.00000000 106.00000000
148.00000000 336.00000000 1.00000000 106.00000000
516.00000000 95.00000000 1.00000000 105.00000000
170.00000000 78.00000000 2.00000000 105.00000000
178.00000000 161.00000000 1.00000000 104.00000000
212.00000000 270.00000000 1.00000000 103.00000000
289.00000000 319.00000000 1.00000000 103.00000000
290.00000000 322.00000000 2.00000000 102.00000000
178.00000000 166.00000000 2.00000000 101.00000000
587.00000000 246.00000000 1.00000000 99.00000000
193.00000000 225.00000000 1.00000000 99.00000000
492.00000000 317.00000000 1.00000000 99.00000000
148.00000000 338.00000000 2.00000000 99.00000000
523.00000000 129.00000000 0.00000000 98.00000000
169.00000000 76.00000000 2.00000000 96.00000000
595.00000000 292.00000000 1.00000000 96.00000000
193.00000000 224.00000000 0.00000000 96.00000000
598.00000000 299.00000000 0.00000000 95.00000000
178.00000000 370.00000000 0.00000000 95.00000000
508.00000000 62.00000000 2.00000000 93.00000000
192.00000000 200.00000000 0.00000000 93.00000000
586.00000000 246.00000000 0.00000000 90.00000000
586.00000000 247.00000000 1.00000000 88.00000000
522.00000000 434.00000000 0.00000000 86.00000000
488.00000000 259.00000000 1.00000000 85.00000000
163.00000000 299.00000000 1.00000000 84.00000000
150.00000000 236.00000000 0.00000000 83.00000000
189.00000000 292.00000000 1.00000000 81.00000000
120.00000000 229.00000000 1.00000000 81.00000000
178.00000000 148.00000000 1.00000000 81.00000000
150.00000000 338.00000000 1.00000000 81.00000000
375.00000000 342.00000000 0.00000000 80.00000000
195.00000000 330.00000000 0.00000000 79.00000000
439.00000000 318.00000000 1.00000000 78.00000000
487.00000000 258.00000000 0.00000000 78.00000000
178.00000000 370.00000000 1.00000000 77.00000000
188.00000000 294.00000000 1.00000000 77.00000000
128.00000000 299.00000000 0.00000000 77.00000000
166.00000000 275.00000000 1.00000000 76.00000000
376.00000000 346.00000000 1.00000000 74.00000000
409.00000000 347.00000000 1.00000000 74.00000000
580.00000000 385.00000000 1.00000000 71.00000000
209.00000000 230.00000000 1.00000000 71.00000000
188.00000000 292.00000000 0.00000000 70.00000000
217.00000000 340.00000000 0.00000000 70.00000000
236.00000000 335.00000000 0.00000000 70.00000000
579.00000000 384.00000000 0.00000000 69.00000000
596.00000000 316.00000000 0.00000000 66.00000000
154.00000000 346.00000000 0.00000000 65.00000000
106.00000000 388.00000000 0.00000000 64.00000000
421.00000000 291.00000000 0.00000000 63.00000000
420.00000000 359.00000000 0.00000000 60.00000000
139.00000000 200.00000000 0.00000000 60.00000000
482.00000000 328.00000000 0.00000000 59.00000000
551.00000000 385.00000000 0.00000000 59.00000000
434.00000000 366.00000000 0.00000000 59.00000000
648.00000000 345.00000000 0.00000000 58.00000000
208.00000000 237.00000000 0.00000000 57.00000000
408.00000000 346.00000000 0.00000000 57.00000000
604.00000000 383.00000000 0.00000000 56.00000000
596.00000000 309.00000000 0.00000000 55.00000000
120.00000000 236.00000000 0.00000000 54.00000000
486.00000000 123.00000000 0.00000000 54.00000000
588.00000000 233.00000000 0.00000000 54.00000000
492.00000000 342.00000000 0.00000000 53.00000000
287.00000000 298.00000000 0.00000000 53.00000000
170.00000000 91.00000000 0.00000000 52.00000000
482.00000000 351.00000000 0.00000000 51.00000000
213.00000000 284.00000000 0.00000000 50.00000000
555.00000000 317.00000000 0.00000000 49.00000000
296.00000000 339.00000000 0.00000000 49.00000000
