526.00000000 118.00000000 5.00000000 387.00000000
523.00000000 106.00000000 0.00000000 379.00000000
523.00000000 106.00000000 1.00000000 376.00000000
596.00000000 229.00000000 0.00000000 363.00000000
521.00000000 106.00000000 1.00000000 329.00000000
524.00000000 116.00000000 4.00000000 325.00000000
236.00000000 326.00000000 0.00000000 321.00000000
527.00000000 121.00000000 1.00000000 313.00000000
528.00000000 122.00000000 1.00000000 299.00000000
506.00000000 48.00000000 0.00000000 291.00000000
522.00000000 108.00000000 2.00000000 291.00000000
596.00000000 229.00000000 1.00000000 290.00000000
586.00000000 212.00000000 0.00000000 278.00000000
526.00000000 124.00000000 2.00000000 272.00000000
586.00000000 212.00000000 1.00000000 247.00000000
528.00000000 121.00000000 0.00000000 246.00000000
506.00000000 49.00000000 1.00000000 235.00000000
287.00000000 314.00000000 0.00000000 226.00000000
595.00000000 229.00000000 1.00000000 224.00000000
588.00000000 224.00000000 4.00000000 215.00000000
168.00000000 69.00000000 0.00000000 204.00000000
168.00000000 67.00000000 1.00000000 201.00000000
523.00000000 110.00000000 2.00000000 200.00000000
585.00000000 213.00000000 1.00000000 199.00000000
178.00000000 146.00000000 0.00000000 195.00000000
594.00000000 228.00000000 2.00000000 192.00000000
237.00000000 326.00000000 1.00000000 191.00000000
166.00000000 63.00000000 0.00000000 185.00000000
209.00000000 229.00000000 0.00000000 182.00000000
596.00000000 291.00000000 0.00000000 181.00000000
179.00000000 157.00000000 0.00000000 180.00000000
215.00000000 291.00000000 0.00000000 179.00000000
169.00000000 69.00000000 1.00000000 177.00000000
170.00000000 78.00000000 1.00000000 176.00000000
595.00000000 291.00000000 1.00000000 174.00000000
215.00000000 291.00000000 1.00000000 172.00000000
120.00000000 229.00000000 0.00000000 171.00000000
288.00000000 316.00000000 1.00000000 169.00000000
593.00000000 229.00000000 2.00000000 166.00000000
178.00000000 147.00000000 1.00000000 165.00000000
179.00000000 158.00000000 1.00000000 162.00000000
193.00000000 224.00000000 1.00000000 160.00000000
193.00000000 224.00000000 0.00000000 159.00000000
124.00000000 267.00000000 0.00000000 156.00000000
195.00000000 364.00000000 0.00000000 154.00000000
212.00000000 270.00000000 1.00000000 148.00000000
214.00000000 291.00000000 1.00000000 143.00000000
139.00000000 200.00000000 0.00000000 141.00000000
212.00000000 269.00000000 0.00000000 140.00000000
169.00000000 73.00000000 2.00000000 140.00000000
195.00000000 365.00000000 1.00000000 139.00000000
217.00000000 340.00000000 0.00000000 138.00000000
193.00000000 200.00000000 0.00000000 138.00000000
288.00000000 318.00000000 1.00000000 138.00000000
595.00000000 291.00000000 1.00000000 136.00000000
586.00000000 246.00000000 1.00000000 133.00000000
214.00000000 292.00000000 2.00000000 132.00000000
124.00000000 268.00000000 1.00000000 130.00000000
171.00000000 77.00000000 0.00000000 129.00000000
596.00000000 316.00000000 1.00000000 128.00000000
213.00000000 284.00000000 0.00000000 127.00000000
290.00000000 322.00000000 2.00000000 127.00000000
586.00000000 246.00000000 0.00000000 126.00000000
120.00000000 236.00000000 0.00000000 121.00000000
212.00000000 270.00000000 1.00000000 118.00000000
236.00000000 335.00000000 0.00000000 117.00000000
596.00000000 315.00000000 0.00000000 117.00000000
600.00000000 306.00000000 0.00000000 115.00000000
192.00000000 224.00000000 1.00000000 115.00000000
168.00000000 68.00000000 2.00000000 114.00000000
212.00000000 268.00000000 2.00000000 113.00000000
585.00000000 247.00000000 1.00000000 112.00000000
178.00000000 147.00000000 1.00000000 112.00000000
597.00000000 297.00000000 0.00000000 112.00000000
414.00000000 228.00000000 0.00000000 110.00000000
192.00000000 224.00000000 2.00000000 109.00000000
120.00000000 229.00000000 1.00000000 109.00000000
506.00000000 49.00000000 1.00000000 107.00000000
600.00000000 306.00000000 1.00000000 103.00000000
352.00000000 325.00000000 0.00000000 102.00000000
212.00000000 291.00000000 2.00000000 100.00000000
209.00000000 229.00000000 1.00000000 98.00000000
209.00000000 236.00000000 0.00000000 98.00000000
287.00000000 307.00000000 0.00000000 96.00000000
579.00000000 384.00000000 0.00000000 93.00000000
237.00000000 326.00000000 1.00000000 92.00000000
508.00000000 59.00000000 0.00000000 92.00000000
178.00000000 159.00000000 1.00000000 91.00000000
193.00000000 247.00000000 0.00000000 90.00000000
217.00000000 340.00000000 1.00000000 89.00000000
508.00000000 59.00000000 1.00000000 87.00000000
595.00000000 316.00000000 1.00000000 82.00000000
580.00000000 384.00000000 1.00000000 82.00000000
374.00000000 342.00000000 0.00000000 82.00000000
193.00000000 248.00000000 1.00000000 74.00000000
287.00000000 298.00000000 0.00000000 73.00000000
193.00000000 200.00000000 1.00000000 72.00000000
648.00000000 345.00000000 0.00000000 70.00000000
604.00000000 383.00000000 0.00000000 65.00000000
353.00000000 325.00000000 1.00000000 64.00000000
163.00000000 298.00000000 0.00000000 63.00000000
551.00000000 385.00000000 0.00000000 63.00000000
604.00000000 384.00000000 1.00000000 62.00000000
166.00000000 39.00000000 0.00000000 62.00000000
139.00000000 200.00000000 1.00000000 61.00000000
522.00000000 433.00000000 0.00000000 61.00000000
552.00000000 385.00000000 1.00000000 61.00000000
193.00000000 263.00000000 0.00000000 59.00000000
376.00000000 344.00000000 1.00000000 58.00000000
523.00000000 129.00000000 0.00000000 55.00000000
559.00000000 364.00000000 0.00000000 53.00000000
492.00000000 316.00000000 0.00000000 53.00000000
179.00000000 377.00000000 0.00000000 52.00000000
250.00000000 345.00000000 0.00000000 52.00000000
184.00000000 206.00000000 0.00000000 52.00000000
367.00000000 341.00000000 0.00000000 51.00000000
439.00000000 316.00000000 0.00000000 51.00000000
189.00000000 292.00000000 0.00000000 51.00000000
120.00000000 242.00000000 0.00000000 51.00000000
178.00000000 369.00000000 0.00000000 50.00000000
579.00000000 211.00000000 0.00000000 48.00000000
560.00000000 372.00000000 0.00000000 48.00000000
166.00000000 275.00000000 0.00000000 47.00000000
192.00000000 234.00000000 0.00000000 47.00000000
587.00000000 234.00000000 0.00000000 46.00000000
195.00000000 330.00000000 0.00000000 46.00000000
215.00000000 324.00000000 0.00000000 45.00000000
