506.00000000 50.00000000 0.00000000 495.00000000
167.00000000 65.00000000 0.00000000 420.00000000
506.00000000 51.00000000 1.00000000 379.00000000
597.00000000 230.00000000 0.00000000 372.00000000
168.00000000 66.00000000 1.00000000 352.00000000
529.00000000 124.00000000 1.00000000 335.00000000
168.00000000 67.00000000 1.00000000 314.00000000
523.00000000 108.00000000 0.00000000 312.00000000
529.00000000 123.00000000 0.00000000 304.00000000
527.00000000 124.00000000 1.00000000 298.00000000
520.00000000 113.00000000 5.00000000 297.00000000
597.00000000 230.00000000 1.00000000 286.00000000
506.00000000 52.00000000 1.00000000 275.00000000
523.00000000 108.00000000 1.00000000 257.00000000
237.00000000 328.00000000 0.00000000 248.00000000
172.00000000 78.00000000 0.00000000 240.00000000
528.00000000 124.00000000 2.00000000 235.00000000
120.00000000 230.00000000 0.00000000 223.00000000
209.00000000 231.00000000 0.00000000 221.00000000
520.00000000 112.00000000 4.00000000 221.00000000
595.00000000 230.00000000 1.00000000 221.00000000
587.00000000 214.00000000 0.00000000 219.00000000
171.00000000 79.00000000 1.00000000 215.00000000
521.00000000 110.00000000 1.00000000 211.00000000
169.00000000 73.00000000 2.00000000 201.00000000
193.00000000 202.00000000 0.00000000 184.00000000
587.00000000 248.00000000 0.00000000 182.00000000
194.00000000 226.00000000 1.00000000 181.00000000
587.00000000 249.00000000 1.00000000 177.00000000
170.00000000 70.00000000 2.00000000 177.00000000
596.00000000 230.00000000 2.00000000 176.00000000
193.00000000 225.00000000 0.00000000 172.00000000
179.00000000 147.00000000 0.00000000 170.00000000
288.00000000 316.00000000 0.00000000 168.00000000
587.00000000 214.00000000 1.00000000 168.00000000
238.00000000 328.00000000 1.00000000 163.00000000
508.00000000 52.00000000 2.00000000 157.00000000
140.00000000 202.00000000 0.00000000 155.00000000
580.00000000 212.00000000 0.00000000 153.00000000
596.00000000 292.00000000 0.00000000 152.00000000
592.00000000 228.00000000 4.00000000 150.00000000
596.00000000 293.00000000 1.00000000 149.00000000
604.00000000 386.00000000 0.00000000 149.00000000
586.00000000 248.00000000 1.00000000 148.00000000
179.00000000 148.00000000 1.00000000 143.00000000
193.00000000 226.00000000 1.00000000 139.00000000
214.00000000 286.00000000 0.00000000 137.00000000
526.00000000 124.00000000 2.00000000 135.00000000
125.00000000 269.00000000 0.00000000 132.00000000
593.00000000 229.00000000 2.00000000 131.00000000
289.00000000 318.00000000 1.00000000 130.00000000
121.00000000 230.00000000 1.00000000 127.00000000
181.00000000 159.00000000 0.00000000 126.00000000
552.00000000 387.00000000 0.00000000 126.00000000
605.00000000 386.00000000 1.00000000 125.00000000
580.00000000 386.00000000 0.00000000 124.00000000
212.00000000 265.00000000 0.00000000 124.00000000
212.00000000 268.00000000 2.00000000 123.00000000
601.00000000 307.00000000 0.00000000 122.00000000
120.00000000 237.00000000 0.00000000 119.00000000
586.00000000 250.00000000 2.00000000 119.00000000
125.00000000 269.00000000 1.00000000 119.00000000
192.00000000 226.00000000 2.00000000 119.00000000
210.00000000 231.00000000 1.00000000 118.00000000
580.00000000 386.00000000 1.00000000 112.00000000
595.00000000 292.00000000 1.00000000 112.00000000
180.00000000 159.00000000 1.00000000 111.00000000
212.00000000 265.00000000 1.00000000 110.00000000
216.00000000 293.00000000 0.00000000 108.00000000
510.00000000 93.00000000 1.00000000 106.00000000
214.00000000 286.00000000 1.00000000 105.00000000
353.00000000 327.00000000 0.00000000 102.00000000
212.00000000 267.00000000 1.00000000 102.00000000
193.00000000 202.00000000 1.00000000 99.00000000
209.00000000 238.00000000 0.00000000 99.00000000
289.00000000 321.00000000 1.00000000 96.00000000
288.00000000 309.00000000 0.00000000 96.00000000
601.00000000 308.00000000 1.00000000 95.00000000
193.00000000 250.00000000 1.00000000 94.00000000
552.00000000 387.00000000 1.00000000 93.00000000
212.00000000 268.00000000 2.00000000 93.00000000
588.00000000 364.00000000 0.00000000 93.00000000
550.00000000 197.00000000 0.00000000 93.00000000
586.00000000 214.00000000 1.00000000 91.00000000
485.00000000 124.00000000 0.00000000 89.00000000
512.00000000 94.00000000 1.00000000 89.00000000
504.00000000 69.00000000 1.00000000 89.00000000
506.00000000 70.00000000 2.00000000 88.00000000
237.00000000 336.00000000 0.00000000 86.00000000
237.00000000 328.00000000 1.00000000 85.00000000
193.00000000 249.00000000 0.00000000 84.00000000
497.00000000 71.00000000 0.00000000 84.00000000
559.00000000 299.00000000 0.00000000 82.00000000
289.00000000 299.00000000 0.00000000 82.00000000
178.00000000 148.00000000 1.00000000 80.00000000
513.00000000 94.00000000 0.00000000 79.00000000
375.00000000 343.00000000 0.00000000 77.00000000
538.00000000 374.00000000 1.00000000 75.00000000
549.00000000 191.00000000 1.00000000 73.00000000
549.00000000 190.00000000 0.00000000 72.00000000
415.00000000 229.00000000 0.00000000 72.00000000
537.00000000 374.00000000 0.00000000 71.00000000
506.00000000 69.00000000 1.00000000 70.00000000
139.00000000 202.00000000 1.00000000 70.00000000
418.00000000 229.00000000 1.00000000 69.00000000
209.00000000 246.00000000 0.00000000 69.00000000
486.00000000 124.00000000 1.00000000 69.00000000
559.00000000 365.00000000 0.00000000 67.00000000
214.00000000 291.00000000 1.00000000 66.00000000
170.00000000 86.00000000 0.00000000 65.00000000
611.00000000 400.00000000 0.00000000 62.00000000
178.00000000 242.00000000 0.00000000 62.00000000
217.00000000 341.00000000 0.00000000 60.00000000
506.00000000 69.00000000 0.00000000 59.00000000
560.00000000 374.00000000 0.00000000 59.00000000
579.00000000 247.00000000 0.00000000 59.00000000
193.00000000 218.00000000 0.00000000 58.00000000
194.00000000 265.00000000 0.00000000 57.00000000
523.00000000 435.00000000 0.00000000 56.00000000
544.00000000 173.00000000 0.00000000 55.00000000
120.00000000 243.00000000 0.00000000 54.00000000
514.00000000 100.00000000 0.00000000 51.00000000
597.00000000 317.00000000 0.00000000 50.00000000
147.00000000 241.00000000 0.00000000 49.00000000
603.00000000 400.00000000 0.00000000 48.00000000
589.00000000 234.00000000 0.00000000 47.00000000
184.00000000 202.00000000 0.00000000 44.00000000
