193.00000000 362.00000000 0.00000000 446.00000000
194.00000000 363.00000000 1.00000000 348.00000000
523.00000000 105.00000000 1.00000000 201.00000000
523.00000000 105.00000000 0.00000000 187.00000000
193.00000000 364.00000000 1.00000000 169.00000000
523.00000000 129.00000000 0.00000000 164.00000000
523.00000000 104.00000000 1.00000000 163.00000000
523.00000000 129.00000000 1.00000000 156.00000000
168.00000000 66.00000000 1.00000000 144.00000000
154.00000000 241.00000000 1.00000000 144.00000000
103.00000000 388.00000000 0.00000000 141.00000000
596.00000000 228.00000000 0.00000000 137.00000000
184.00000000 242.00000000 1.00000000 135.00000000
237.00000000 325.00000000 0.00000000 132.00000000
167.00000000 62.00000000 0.00000000 123.00000000
154.00000000 241.00000000 1.00000000 123.00000000
597.00000000 228.00000000 1.00000000 120.00000000
524.00000000 104.00000000 2.00000000 118.00000000
502.00000000 70.00000000 0.00000000 114.00000000
596.00000000 290.00000000 0.00000000 114.00000000
168.00000000 64.00000000 1.00000000 111.00000000
237.00000000 326.00000000 1.00000000 110.00000000
596.00000000 290.00000000 1.00000000 108.00000000
588.00000000 226.00000000 5.00000000 107.00000000
595.00000000 227.00000000 1.00000000 107.00000000
169.00000000 73.00000000 2.00000000 103.00000000
170.00000000 77.00000000 1.00000000 103.00000000
594.00000000 228.00000000 2.00000000 102.00000000
288.00000000 314.00000000 0.00000000 101.00000000
183.00000000 241.00000000 0.00000000 95.00000000
172.00000000 76.00000000 4.00000000 94.00000000
209.00000000 229.00000000 0.00000000 93.00000000
588.00000000 224.00000000 4.00000000 93.00000000
179.00000000 157.00000000 0.00000000 92.00000000
595.00000000 289.00000000 1.00000000 92.00000000
177.00000000 239.00000000 0.00000000 92.00000000
586.00000000 211.00000000 0.00000000 91.00000000
523.00000000 118.00000000 0.00000000 90.00000000
97.00000000 388.00000000 1.00000000 90.00000000
179.00000000 146.00000000 0.00000000 90.00000000
179.00000000 146.00000000 1.00000000 90.00000000
593.00000000 229.00000000 2.00000000 89.00000000
213.00000000 268.00000000 1.00000000 88.00000000
521.00000000 130.00000000 1.00000000 87.00000000
289.00000000 315.00000000 1.00000000 87.00000000
587.00000000 212.00000000 1.00000000 87.00000000
587.00000000 245.00000000 1.00000000 86.00000000
586.00000000 246.00000000 1.00000000 84.00000000
523.00000000 117.00000000 1.00000000 84.00000000
504.00000000 78.00000000 0.00000000 83.00000000
171.00000000 76.00000000 0.00000000 82.00000000
194.00000000 366.00000000 2.00000000 81.00000000
596.00000000 292.00000000 2.00000000 79.00000000
502.00000000 71.00000000 1.00000000 78.00000000
523.00000000 104.00000000 2.00000000 78.00000000
586.00000000 246.00000000 0.00000000 78.00000000
179.00000000 158.00000000 1.00000000 78.00000000
145.00000000 239.00000000 0.00000000 77.00000000
212.00000000 268.00000000 2.00000000 77.00000000
289.00000000 318.00000000 1.00000000 76.00000000
170.00000000 68.00000000 2.00000000 76.00000000
175.00000000 240.00000000 1.00000000 76.00000000
214.00000000 289.00000000 1.00000000 74.00000000
586.00000000 248.00000000 2.00000000 74.00000000
139.00000000 199.00000000 0.00000000 73.00000000
120.00000000 227.00000000 0.00000000 72.00000000
585.00000000 212.00000000 1.00000000 72.00000000
193.00000000 200.00000000 0.00000000 72.00000000
152.00000000 242.00000000 0.00000000 71.00000000
214.00000000 290.00000000 2.00000000 70.00000000
600.00000000 305.00000000 1.00000000 70.00000000
193.00000000 224.00000000 1.00000000 69.00000000
212.00000000 268.00000000 1.00000000 69.00000000
192.00000000 247.00000000 1.00000000 68.00000000
523.00000000 117.00000000 1.00000000 67.00000000
501.00000000 62.00000000 0.00000000 67.00000000
601.00000000 305.00000000 0.00000000 67.00000000
597.00000000 296.00000000 0.00000000 66.00000000
212.00000000 268.00000000 2.00000000 66.00000000
213.00000000 267.00000000 0.00000000 65.00000000
209.00000000 229.00000000 1.00000000 65.00000000
216.00000000 290.00000000 1.00000000 63.00000000
237.00000000 326.00000000 1.00000000 63.00000000
215.00000000 290.00000000 0.00000000 61.00000000
491.00000000 117.00000000 0.00000000 60.00000000
597.00000000 315.00000000 1.00000000 60.00000000
193.00000000 223.00000000 0.00000000 60.00000000
121.00000000 228.00000000 1.00000000 59.00000000
504.00000000 55.00000000 0.00000000 55.00000000
166.00000000 39.00000000 0.00000000 53.00000000
193.00000000 200.00000000 1.00000000 51.00000000
217.00000000 339.00000000 0.00000000 50.00000000
124.00000000 267.00000000 1.00000000 50.00000000
353.00000000 325.00000000 0.00000000 50.00000000
579.00000000 210.00000000 0.00000000 49.00000000
596.00000000 314.00000000 0.00000000 47.00000000
153.00000000 249.00000000 0.00000000 46.00000000
504.00000000 57.00000000 1.00000000 46.00000000
288.00000000 296.00000000 0.00000000 45.00000000
214.00000000 284.00000000 0.00000000 45.00000000
120.00000000 241.00000000 0.00000000 45.00000000
120.00000000 235.00000000 0.00000000 45.00000000
167.00000000 40.00000000 1.00000000 44.00000000
124.00000000 267.00000000 0.00000000 43.00000000
236.00000000 334.00000000 0.00000000 43.00000000
374.00000000 341.00000000 0.00000000 41.00000000
647.00000000 345.00000000 0.00000000 41.00000000
209.00000000 236.00000000 0.00000000 41.00000000
200.00000000 376.00000000 0.00000000 40.00000000
288.00000000 297.00000000 1.00000000 40.00000000
375.00000000 343.00000000 1.00000000 39.00000000
193.00000000 246.00000000 0.00000000 36.00000000
353.00000000 325.00000000 1.00000000 36.00000000
513.00000000 111.00000000 0.00000000 34.00000000
500.00000000 111.00000000 0.00000000 32.00000000
287.00000000 306.00000000 0.00000000 32.00000000
480.00000000 354.00000000 0.00000000 31.00000000
495.00000000 95.00000000 0.00000000 28.00000000
171.00000000 97.00000000 0.00000000 27.00000000
58.00000000 336.00000000 0.00000000 27.00000000
492.00000000 128.00000000 0.00000000 25.00000000
560.00000000 371.00000000 0.00000000 25.00000000
122.00000000 256.00000000 0.00000000 25.00000000
420.00000000 289.00000000 0.00000000 24.00000000
194.00000000 263.00000000 0.00000000 24.00000000
453.00000000 243.00000000 0.00000000 23.00000000
296.00000000 336.00000000 0.00000000 23.00000000
