523.00000000 107.00000000 1.00000000 404.00000000
150.00000000 236.00000000 0.00000000 387.00000000
523.00000000 106.00000000 0.00000000 355.00000000
523.00000000 107.00000000 1.00000000 346.00000000
162.00000000 299.00000000 0.00000000 330.00000000
597.00000000 229.00000000 0.00000000 325.00000000
528.00000000 122.00000000 1.00000000 316.00000000
528.00000000 122.00000000 0.00000000 307.00000000
178.00000000 147.00000000 0.00000000 300.00000000
439.00000000 318.00000000 0.00000000 299.00000000
492.00000000 318.00000000 0.00000000 297.00000000
106.00000000 390.00000000 1.00000000 294.00000000
587.00000000 213.00000000 1.00000000 293.00000000
527.00000000 123.00000000 1.00000000 293.00000000
524.00000000 108.00000000 2.00000000 291.00000000
587.00000000 212.00000000 0.00000000 278.00000000
168.00000000 70.00000000 0.00000000 278.00000000
150.00000000 237.00000000 1.00000000 275.00000000
236.00000000 327.00000000 0.00000000 266.00000000
106.00000000 389.00000000 0.00000000 263.00000000
593.00000000 226.00000000 5.00000000 262.00000000
597.00000000 230.00000000 1.00000000 260.00000000
435.00000000 366.00000000 0.00000000 260.00000000
528.00000000 124.00000000 2.00000000 252.00000000
178.00000000 148.00000000 1.00000000 249.00000000
421.00000000 291.00000000 0.00000000 248.00000000
128.00000000 299.00000000 0.00000000 231.00000000
435.00000000 366.00000000 1.00000000 228.00000000
588.00000000 224.00000000 4.00000000 226.00000000
586.00000000 213.00000000 1.00000000 224.00000000
148.00000000 338.00000000 2.00000000 224.00000000
514.00000000 386.00000000 1.00000000 221.00000000
524.00000000 116.00000000 4.00000000 215.00000000
170.00000000 79.00000000 1.00000000 212.00000000
169.00000000 70.00000000 1.00000000 209.00000000
595.00000000 229.00000000 1.00000000 209.00000000
410.00000000 374.00000000 0.00000000 208.00000000
596.00000000 291.00000000 0.00000000 205.00000000
487.00000000 260.00000000 0.00000000 203.00000000
168.00000000 247.00000000 0.00000000 203.00000000
420.00000000 359.00000000 0.00000000 201.00000000
523.00000000 107.00000000 2.00000000 199.00000000
421.00000000 292.00000000 1.00000000 199.00000000
434.00000000 254.00000000 1.00000000 196.00000000
482.00000000 318.00000000 1.00000000 196.00000000
169.00000000 78.00000000 0.00000000 193.00000000
596.00000000 291.00000000 1.00000000 192.00000000
147.00000000 335.00000000 1.00000000 192.00000000
215.00000000 292.00000000 1.00000000 191.00000000
165.00000000 277.00000000 0.00000000 190.00000000
482.00000000 349.00000000 1.00000000 190.00000000
434.00000000 253.00000000 0.00000000 186.00000000
193.00000000 225.00000000 1.00000000 186.00000000
70.00000000 388.00000000 0.00000000 185.00000000
237.00000000 327.00000000 1.00000000 179.00000000
514.00000000 386.00000000 0.00000000 177.00000000
598.00000000 299.00000000 0.00000000 175.00000000
593.00000000 229.00000000 2.00000000 174.00000000
594.00000000 230.00000000 2.00000000 174.00000000
482.00000000 328.00000000 0.00000000 172.00000000
214.00000000 292.00000000 1.00000000 172.00000000
482.00000000 351.00000000 1.00000000 171.00000000
113.00000000 397.00000000 0.00000000 171.00000000
488.00000000 260.00000000 1.00000000 170.00000000
215.00000000 292.00000000 0.00000000 170.00000000
179.00000000 158.00000000 0.00000000 170.00000000
408.00000000 348.00000000 1.00000000 169.00000000
104.00000000 391.00000000 1.00000000 169.00000000
214.00000000 292.00000000 2.00000000 169.00000000
213.00000000 270.00000000 1.00000000 168.00000000
492.00000000 318.00000000 1.00000000 167.00000000
147.00000000 339.00000000 2.00000000 167.00000000
281.00000000 357.00000000 0.00000000 165.00000000
169.00000000 79.00000000 1.00000000 164.00000000
166.00000000 277.00000000 1.00000000 163.00000000
179.00000000 159.00000000 1.00000000 162.00000000
154.00000000 374.00000000 0.00000000 160.00000000
430.00000000 331.00000000 0.00000000 159.00000000
208.00000000 230.00000000 0.00000000 159.00000000
408.00000000 347.00000000 0.00000000 157.00000000
407.00000000 349.00000000 1.00000000 156.00000000
163.00000000 300.00000000 1.00000000 156.00000000
468.00000000 352.00000000 0.00000000 156.00000000
588.00000000 214.00000000 2.00000000 155.00000000
236.00000000 335.00000000 0.00000000 155.00000000
439.00000000 318.00000000 1.00000000 154.00000000
514.00000000 386.00000000 1.00000000 154.00000000
575.00000000 438.00000000 1.00000000 154.00000000
178.00000000 148.00000000 1.00000000 152.00000000
482.00000000 330.00000000 1.00000000 152.00000000
149.00000000 237.00000000 1.00000000 150.00000000
526.00000000 324.00000000 0.00000000 149.00000000
526.00000000 331.00000000 0.00000000 149.00000000
153.00000000 347.00000000 0.00000000 148.00000000
168.00000000 248.00000000 1.00000000 148.00000000
482.00000000 329.00000000 1.00000000 148.00000000
193.00000000 224.00000000 0.00000000 147.00000000
595.00000000 292.00000000 1.00000000 146.00000000
468.00000000 316.00000000 0.00000000 145.00000000
141.00000000 287.00000000 0.00000000 145.00000000
468.00000000 350.00000000 1.00000000 143.00000000
555.00000000 318.00000000 0.00000000 143.00000000
192.00000000 226.00000000 2.00000000 143.00000000
574.00000000 436.00000000 0.00000000 142.00000000
213.00000000 269.00000000 0.00000000 142.00000000
464.00000000 385.00000000 1.00000000 142.00000000
106.00000000 379.00000000 1.00000000 140.00000000
240.00000000 352.00000000 2.00000000 138.00000000
482.00000000 352.00000000 0.00000000 136.00000000
104.00000000 401.00000000 2.00000000 136.00000000
217.00000000 341.00000000 0.00000000 134.00000000
106.00000000 347.00000000 0.00000000 134.00000000
482.00000000 317.00000000 0.00000000 132.00000000
283.00000000 368.00000000 0.00000000 130.00000000
144.00000000 391.00000000 0.00000000 128.00000000
130.00000000 405.00000000 0.00000000 128.00000000
270.00000000 376.00000000 0.00000000 126.00000000
130.00000000 282.00000000 0.00000000 125.00000000
492.00000000 342.00000000 0.00000000 125.00000000
507.00000000 49.00000000 0.00000000 125.00000000
288.00000000 316.00000000 0.00000000 125.00000000
437.00000000 355.00000000 0.00000000 124.00000000
548.00000000 299.00000000 0.00000000 124.00000000
442.00000000 247.00000000 0.00000000 124.00000000
481.00000000 282.00000000 0.00000000 123.00000000
601.00000000 306.00000000 0.00000000 123.00000000
430.00000000 321.00000000 0.00000000 123.00000000
