682.00000000 177.00000000 0.00000000 581.00000000
683.00000000 177.00000000 1.00000000 484.00000000
698.00000000 268.00000000 2.00000000 481.00000000
375.00000000 235.00000000 0.00000000 478.00000000
375.00000000 235.00000000 1.00000000 425.00000000
700.00000000 268.00000000 4.00000000 416.00000000
600.00000000 162.00000000 0.00000000 408.00000000
628.00000000 158.00000000 0.00000000 401.00000000
666.00000000 212.00000000 0.00000000 364.00000000
700.00000000 270.00000000 2.00000000 360.00000000
666.00000000 213.00000000 1.00000000 354.00000000
316.00000000 362.00000000 0.00000000 338.00000000
695.00000000 190.00000000 0.00000000 305.00000000
683.00000000 176.00000000 1.00000000 304.00000000
629.00000000 158.00000000 1.00000000 291.00000000
687.00000000 305.00000000 2.00000000 268.00000000
577.00000000 157.00000000 0.00000000 266.00000000
316.00000000 363.00000000 1.00000000 262.00000000
698.00000000 270.00000000 1.00000000 260.00000000
684.00000000 308.00000000 4.00000000 258.00000000
600.00000000 163.00000000 1.00000000 257.00000000
315.00000000 182.00000000 1.00000000 249.00000000
188.00000000 281.00000000 1.00000000 236.00000000
581.00000000 146.00000000 0.00000000 232.00000000
62.00000000 306.00000000 1.00000000 228.00000000
60.00000000 306.00000000 1.00000000 219.00000000
48.00000000 260.00000000 2.00000000 218.00000000
158.00000000 298.00000000 0.00000000 217.00000000
315.00000000 182.00000000 0.00000000 217.00000000
667.00000000 158.00000000 1.00000000 216.00000000
701.00000000 265.00000000 5.00000000 216.00000000
696.00000000 190.00000000 1.00000000 211.00000000
48.00000000 261.00000000 1.00000000 209.00000000
666.00000000 213.00000000 1.00000000 208.00000000
394.00000000 200.00000000 0.00000000 207.00000000
188.00000000 281.00000000 1.00000000 206.00000000
127.00000000 305.00000000 1.00000000 206.00000000
667.00000000 159.00000000 0.00000000 205.00000000
164.00000000 306.00000000 0.00000000 202.00000000
699.00000000 271.00000000 1.00000000 199.00000000
45.00000000 260.00000000 2.00000000 196.00000000
686.00000000 308.00000000 2.00000000 195.00000000
313.00000000 182.00000000 1.00000000 194.00000000
625.00000000 165.00000000 0.00000000 192.00000000
128.00000000 304.00000000 2.00000000 191.00000000
696.00000000 254.00000000 1.00000000 191.00000000
482.00000000 229.00000000 0.00000000 190.00000000
316.00000000 363.00000000 1.00000000 185.00000000
52.00000000 319.00000000 1.00000000 184.00000000
633.00000000 179.00000000 0.00000000 183.00000000
88.00000000 296.00000000 0.00000000 183.00000000
374.00000000 234.00000000 1.00000000 181.00000000
667.00000000 158.00000000 1.00000000 179.00000000
491.00000000 104.00000000 1.00000000 179.00000000
582.00000000 147.00000000 1.00000000 179.00000000
394.00000000 200.00000000 1.00000000 175.00000000
77.00000000 304.00000000 1.00000000 173.00000000
490.00000000 103.00000000 0.00000000 167.00000000
209.00000000 288.00000000 1.00000000 163.00000000
72.00000000 335.00000000 0.00000000 162.00000000
188.00000000 282.00000000 2.00000000 162.00000000
684.00000000 309.00000000 1.00000000 161.00000000
210.00000000 288.00000000 0.00000000 160.00000000
73.00000000 357.00000000 0.00000000 160.00000000
274.00000000 347.00000000 2.00000000 160.00000000
50.00000000 261.00000000 1.00000000 159.00000000
629.00000000 158.00000000 1.00000000 157.00000000
60.00000000 308.00000000 2.00000000 157.00000000
96.00000000 306.00000000 0.00000000 156.00000000
352.00000000 529.00000000 0.00000000 155.00000000
190.00000000 279.00000000 0.00000000 155.00000000
642.00000000 169.00000000 1.00000000 154.00000000
72.00000000 336.00000000 1.00000000 153.00000000
700.00000000 270.00000000 0.00000000 148.00000000
440.00000000 290.00000000 1.00000000 148.00000000
578.00000000 157.00000000 1.00000000 148.00000000
86.00000000 289.00000000 0.00000000 148.00000000
77.00000000 306.00000000 1.00000000 146.00000000
26.00000000 335.00000000 1.00000000 144.00000000
74.00000000 346.00000000 2.00000000 144.00000000
78.00000000 346.00000000 1.00000000 142.00000000
77.00000000 306.00000000 0.00000000 141.00000000
261.00000000 319.00000000 1.00000000 141.00000000
544.00000000 248.00000000 2.00000000 141.00000000
438.00000000 192.00000000 1.00000000 141.00000000
352.00000000 530.00000000 1.00000000 141.00000000
94.00000000 374.00000000 0.00000000 140.00000000
663.00000000 185.00000000 1.00000000 139.00000000
148.00000000 293.00000000 0.00000000 138.00000000
542.00000000 240.00000000 1.00000000 137.00000000
642.00000000 168.00000000 0.00000000 135.00000000
97.00000000 306.00000000 1.00000000 135.00000000
157.00000000 299.00000000 1.00000000 135.00000000
413.00000000 253.00000000 0.00000000 134.00000000
439.00000000 290.00000000 0.00000000 132.00000000
129.00000000 304.00000000 1.00000000 132.00000000
480.00000000 255.00000000 0.00000000 130.00000000
661.00000000 185.00000000 0.00000000 128.00000000
28.00000000 333.00000000 0.00000000 124.00000000
233.00000000 138.00000000 0.00000000 124.00000000
378.00000000 113.00000000 0.00000000 124.00000000
51.00000000 318.00000000 0.00000000 122.00000000
653.00000000 201.00000000 0.00000000 121.00000000
589.00000000 161.00000000 0.00000000 121.00000000
696.00000000 254.00000000 0.00000000 120.00000000
130.00000000 304.00000000 0.00000000 119.00000000
338.00000000 297.00000000 0.00000000 118.00000000
458.00000000 236.00000000 0.00000000 118.00000000
155.00000000 326.00000000 0.00000000 117.00000000
561.00000000 292.00000000 0.00000000 116.00000000
264.00000000 318.00000000 0.00000000 115.00000000
62.00000000 306.00000000 0.00000000 113.00000000
190.00000000 347.00000000 0.00000000 112.00000000
542.00000000 239.00000000 0.00000000 112.00000000
78.00000000 346.00000000 0.00000000 111.00000000
439.00000000 192.00000000 0.00000000 109.00000000
94.00000000 315.00000000 0.00000000 107.00000000
168.00000000 290.00000000 0.00000000 106.00000000
268.00000000 441.00000000 0.00000000 104.00000000
478.00000000 221.00000000 0.00000000 103.00000000
96.00000000 222.00000000 0.00000000 103.00000000
376.00000000 254.00000000 0.00000000 100.00000000
371.00000000 210.00000000 0.00000000 100.00000000
276.00000000 350.00000000 0.00000000 100.00000000
26.00000000 321.00000000 0.00000000 99.00000000
365.00000000 55.00000000 0.00000000 99.00000000
578.00000000 277.00000000 0.00000000 99.00000000
