741.00000000 265.00000000 2.00000000 570.00000000
740.00000000 268.00000000 4.00000000 522.00000000
742.00000000 266.00000000 2.00000000 444.00000000
315.00000000 363.00000000 0.00000000 417.00000000
683.00000000 177.00000000 1.00000000 369.00000000
376.00000000 236.00000000 0.00000000 359.00000000
628.00000000 157.00000000 0.00000000 355.00000000
31.00000000 286.00000000 1.00000000 348.00000000
375.00000000 236.00000000 1.00000000 343.00000000
683.00000000 176.00000000 0.00000000 331.00000000
284.00000000 377.00000000 1.00000000 311.00000000
31.00000000 285.00000000 0.00000000 305.00000000
628.00000000 158.00000000 1.00000000 304.00000000
521.00000000 212.00000000 0.00000000 300.00000000
316.00000000 363.00000000 1.00000000 298.00000000
88.00000000 296.00000000 0.00000000 294.00000000
166.00000000 296.00000000 2.00000000 284.00000000
190.00000000 282.00000000 2.00000000 280.00000000
284.00000000 376.00000000 1.00000000 276.00000000
128.00000000 305.00000000 1.00000000 266.00000000
189.00000000 282.00000000 1.00000000 262.00000000
490.00000000 104.00000000 1.00000000 262.00000000
741.00000000 267.00000000 1.00000000 257.00000000
683.00000000 176.00000000 1.00000000 256.00000000
98.00000000 306.00000000 1.00000000 256.00000000
389.00000000 229.00000000 1.00000000 251.00000000
99.00000000 307.00000000 1.00000000 250.00000000
128.00000000 304.00000000 2.00000000 244.00000000
175.00000000 268.00000000 1.00000000 239.00000000
668.00000000 159.00000000 0.00000000 238.00000000
490.00000000 103.00000000 0.00000000 231.00000000
668.00000000 159.00000000 1.00000000 230.00000000
166.00000000 296.00000000 2.00000000 229.00000000
114.00000000 293.00000000 0.00000000 227.00000000
189.00000000 280.00000000 2.00000000 225.00000000
345.00000000 204.00000000 1.00000000 223.00000000
168.00000000 294.00000000 1.00000000 222.00000000
337.00000000 297.00000000 0.00000000 221.00000000
438.00000000 191.00000000 1.00000000 220.00000000
191.00000000 280.00000000 0.00000000 220.00000000
49.00000000 321.00000000 1.00000000 219.00000000
395.00000000 201.00000000 1.00000000 219.00000000
195.00000000 266.00000000 1.00000000 218.00000000
103.00000000 294.00000000 0.00000000 217.00000000
369.00000000 255.00000000 0.00000000 217.00000000
667.00000000 158.00000000 1.00000000 217.00000000
239.00000000 285.00000000 1.00000000 217.00000000
599.00000000 163.00000000 0.00000000 215.00000000
490.00000000 103.00000000 1.00000000 211.00000000
28.00000000 317.00000000 0.00000000 210.00000000
436.00000000 190.00000000 1.00000000 206.00000000
394.00000000 204.00000000 2.00000000 205.00000000
394.00000000 202.00000000 1.00000000 203.00000000
550.00000000 115.00000000 0.00000000 201.00000000
88.00000000 297.00000000 1.00000000 201.00000000
50.00000000 321.00000000 0.00000000 200.00000000
50.00000000 321.00000000 1.00000000 198.00000000
581.00000000 147.00000000 1.00000000 198.00000000
73.00000000 357.00000000 0.00000000 197.00000000
209.00000000 289.00000000 1.00000000 196.00000000
92.00000000 315.00000000 0.00000000 195.00000000
195.00000000 267.00000000 0.00000000 195.00000000
545.00000000 249.00000000 1.00000000 193.00000000
581.00000000 147.00000000 0.00000000 192.00000000
315.00000000 363.00000000 1.00000000 192.00000000
223.00000000 270.00000000 0.00000000 192.00000000
338.00000000 297.00000000 1.00000000 192.00000000
604.00000000 244.00000000 4.00000000 192.00000000
284.00000000 378.00000000 2.00000000 191.00000000
481.00000000 229.00000000 0.00000000 191.00000000
193.00000000 265.00000000 1.00000000 191.00000000
495.00000000 229.00000000 1.00000000 190.00000000
409.00000000 191.00000000 0.00000000 190.00000000
433.00000000 212.00000000 0.00000000 188.00000000
741.00000000 269.00000000 1.00000000 187.00000000
212.00000000 290.00000000 2.00000000 186.00000000
129.00000000 305.00000000 1.00000000 185.00000000
291.00000000 181.00000000 1.00000000 183.00000000
494.00000000 229.00000000 0.00000000 182.00000000
239.00000000 283.00000000 0.00000000 181.00000000
191.00000000 281.00000000 1.00000000 181.00000000
605.00000000 243.00000000 5.00000000 181.00000000
174.00000000 267.00000000 0.00000000 180.00000000
28.00000000 318.00000000 1.00000000 179.00000000
566.00000000 268.00000000 0.00000000 178.00000000
545.00000000 249.00000000 0.00000000 178.00000000
480.00000000 255.00000000 0.00000000 178.00000000
284.00000000 375.00000000 0.00000000 178.00000000
169.00000000 294.00000000 1.00000000 177.00000000
345.00000000 203.00000000 0.00000000 176.00000000
521.00000000 212.00000000 1.00000000 176.00000000
666.00000000 212.00000000 0.00000000 176.00000000
378.00000000 377.00000000 0.00000000 175.00000000
550.00000000 116.00000000 1.00000000 174.00000000
390.00000000 229.00000000 1.00000000 173.00000000
74.00000000 281.00000000 0.00000000 172.00000000
393.00000000 206.00000000 2.00000000 170.00000000
72.00000000 358.00000000 1.00000000 168.00000000
620.00000000 178.00000000 2.00000000 168.00000000
89.00000000 287.00000000 0.00000000 168.00000000
542.00000000 240.00000000 1.00000000 166.00000000
412.00000000 252.00000000 0.00000000 166.00000000
439.00000000 190.00000000 0.00000000 164.00000000
395.00000000 200.00000000 0.00000000 156.00000000
212.00000000 323.00000000 0.00000000 153.00000000
164.00000000 305.00000000 0.00000000 153.00000000
165.00000000 233.00000000 0.00000000 152.00000000
577.00000000 157.00000000 0.00000000 150.00000000
159.00000000 315.00000000 0.00000000 147.00000000
291.00000000 181.00000000 0.00000000 146.00000000
388.00000000 229.00000000 0.00000000 146.00000000
625.00000000 166.00000000 0.00000000 146.00000000
438.00000000 91.00000000 0.00000000 143.00000000
350.00000000 377.00000000 0.00000000 143.00000000
52.00000000 258.00000000 0.00000000 140.00000000
33.00000000 330.00000000 0.00000000 137.00000000
61.00000000 306.00000000 0.00000000 134.00000000
169.00000000 294.00000000 0.00000000 133.00000000
203.00000000 314.00000000 0.00000000 133.00000000
376.00000000 255.00000000 0.00000000 132.00000000
349.00000000 57.00000000 0.00000000 132.00000000
447.00000000 263.00000000 0.00000000 130.00000000
618.00000000 181.00000000 0.00000000 130.00000000
77.00000000 306.00000000 0.00000000 130.00000000
668.00000000 202.00000000 0.00000000 129.00000000
444.00000000 89.00000000 0.00000000 127.00000000
37.00000000 345.00000000 0.00000000 126.00000000
