683.00000000 177.00000000 1.00000000 428.00000000
684.00000000 305.00000000 5.00000000 416.00000000
682.00000000 176.00000000 0.00000000 389.00000000
375.00000000 235.00000000 0.00000000 335.00000000
684.00000000 308.00000000 4.00000000 323.00000000
683.00000000 176.00000000 1.00000000 307.00000000
128.00000000 305.00000000 1.00000000 285.00000000
695.00000000 190.00000000 0.00000000 281.00000000
128.00000000 304.00000000 2.00000000 280.00000000
375.00000000 235.00000000 1.00000000 279.00000000
666.00000000 159.00000000 1.00000000 276.00000000
315.00000000 182.00000000 1.00000000 276.00000000
666.00000000 158.00000000 1.00000000 273.00000000
315.00000000 182.00000000 1.00000000 263.00000000
482.00000000 227.00000000 0.00000000 249.00000000
684.00000000 308.00000000 2.00000000 241.00000000
318.00000000 363.00000000 1.00000000 215.00000000
666.00000000 159.00000000 0.00000000 210.00000000
137.00000000 277.00000000 0.00000000 204.00000000
129.00000000 304.00000000 1.00000000 201.00000000
233.00000000 138.00000000 0.00000000 197.00000000
317.00000000 363.00000000 1.00000000 196.00000000
482.00000000 228.00000000 1.00000000 194.00000000
315.00000000 181.00000000 0.00000000 194.00000000
696.00000000 190.00000000 1.00000000 192.00000000
104.00000000 208.00000000 4.00000000 186.00000000
223.00000000 270.00000000 0.00000000 184.00000000
684.00000000 312.00000000 2.00000000 182.00000000
138.00000000 277.00000000 1.00000000 181.00000000
231.00000000 315.00000000 1.00000000 178.00000000
230.00000000 314.00000000 2.00000000 177.00000000
168.00000000 290.00000000 0.00000000 175.00000000
118.00000000 286.00000000 0.00000000 171.00000000
96.00000000 222.00000000 1.00000000 170.00000000
232.00000000 317.00000000 1.00000000 169.00000000
127.00000000 302.00000000 2.00000000 160.00000000
318.00000000 364.00000000 2.00000000 159.00000000
148.00000000 206.00000000 2.00000000 156.00000000
118.00000000 285.00000000 1.00000000 155.00000000
629.00000000 157.00000000 0.00000000 149.00000000
629.00000000 158.00000000 1.00000000 149.00000000
168.00000000 291.00000000 1.00000000 149.00000000
204.00000000 324.00000000 0.00000000 147.00000000
165.00000000 234.00000000 0.00000000 147.00000000
161.00000000 263.00000000 1.00000000 145.00000000
684.00000000 178.00000000 2.00000000 144.00000000
577.00000000 157.00000000 0.00000000 143.00000000
600.00000000 163.00000000 0.00000000 142.00000000
129.00000000 304.00000000 0.00000000 142.00000000
371.00000000 217.00000000 0.00000000 142.00000000
150.00000000 334.00000000 1.00000000 142.00000000
149.00000000 356.00000000 1.00000000 141.00000000
668.00000000 158.00000000 2.00000000 141.00000000
683.00000000 311.00000000 1.00000000 139.00000000
161.00000000 263.00000000 0.00000000 138.00000000
94.00000000 222.00000000 1.00000000 138.00000000
316.00000000 182.00000000 2.00000000 133.00000000
352.00000000 530.00000000 1.00000000 133.00000000
393.00000000 200.00000000 0.00000000 132.00000000
232.00000000 316.00000000 0.00000000 130.00000000
224.00000000 270.00000000 1.00000000 129.00000000
96.00000000 222.00000000 0.00000000 127.00000000
316.00000000 362.00000000 0.00000000 126.00000000
233.00000000 138.00000000 1.00000000 122.00000000
150.00000000 334.00000000 0.00000000 122.00000000
149.00000000 356.00000000 0.00000000 121.00000000
125.00000000 248.00000000 0.00000000 120.00000000
352.00000000 531.00000000 1.00000000 120.00000000
267.00000000 371.00000000 0.00000000 119.00000000
372.00000000 218.00000000 1.00000000 119.00000000
178.00000000 308.00000000 0.00000000 118.00000000
777.00000000 529.00000000 1.00000000 118.00000000
558.00000000 307.00000000 1.00000000 118.00000000
148.00000000 206.00000000 1.00000000 117.00000000
543.00000000 240.00000000 1.00000000 116.00000000
478.00000000 98.00000000 0.00000000 115.00000000
561.00000000 292.00000000 1.00000000 114.00000000
383.00000000 214.00000000 0.00000000 114.00000000
108.00000000 292.00000000 0.00000000 112.00000000
393.00000000 200.00000000 1.00000000 112.00000000
204.00000000 324.00000000 1.00000000 111.00000000
149.00000000 203.00000000 2.00000000 109.00000000
561.00000000 292.00000000 0.00000000 108.00000000
507.00000000 274.00000000 0.00000000 108.00000000
124.00000000 248.00000000 1.00000000 108.00000000
551.00000000 115.00000000 0.00000000 107.00000000
148.00000000 333.00000000 1.00000000 106.00000000
125.00000000 260.00000000 0.00000000 106.00000000
173.00000000 267.00000000 1.00000000 106.00000000
105.00000000 242.00000000 1.00000000 105.00000000
169.00000000 303.00000000 0.00000000 104.00000000
263.00000000 317.00000000 0.00000000 102.00000000
108.00000000 382.00000000 0.00000000 102.00000000
114.00000000 212.00000000 0.00000000 102.00000000
629.00000000 158.00000000 1.00000000 101.00000000
536.00000000 237.00000000 0.00000000 101.00000000
86.00000000 289.00000000 1.00000000 101.00000000
665.00000000 213.00000000 0.00000000 101.00000000
558.00000000 306.00000000 1.00000000 100.00000000
164.00000000 306.00000000 0.00000000 98.00000000
374.00000000 234.00000000 1.00000000 98.00000000
492.00000000 103.00000000 1.00000000 98.00000000
15.00000000 267.00000000 0.00000000 97.00000000
104.00000000 242.00000000 0.00000000 97.00000000
258.00000000 319.00000000 1.00000000 97.00000000
684.00000000 310.00000000 1.00000000 96.00000000
371.00000000 210.00000000 0.00000000 95.00000000
413.00000000 253.00000000 0.00000000 95.00000000
229.00000000 311.00000000 2.00000000 94.00000000
543.00000000 239.00000000 0.00000000 93.00000000
221.00000000 143.00000000 0.00000000 91.00000000
272.00000000 349.00000000 0.00000000 91.00000000
94.00000000 374.00000000 0.00000000 90.00000000
322.00000000 193.00000000 0.00000000 90.00000000
161.00000000 292.00000000 0.00000000 90.00000000
242.00000000 152.00000000 0.00000000 90.00000000
81.00000000 303.00000000 0.00000000 89.00000000
352.00000000 529.00000000 0.00000000 89.00000000
385.00000000 197.00000000 0.00000000 88.00000000
633.00000000 185.00000000 0.00000000 86.00000000
508.00000000 214.00000000 0.00000000 85.00000000
66.00000000 316.00000000 0.00000000 85.00000000
238.00000000 360.00000000 0.00000000 83.00000000
777.00000000 528.00000000 0.00000000 82.00000000
504.00000000 103.00000000 0.00000000 81.00000000
558.00000000 306.00000000 0.00000000 81.00000000
79.00000000 259.00000000 0.00000000 80.00000000
