683.00000000 177.00000000 1.00000000 469.00000000
683.00000000 176.00000000 0.00000000 453.00000000
732.00000000 263.00000000 2.00000000 445.00000000
734.00000000 262.00000000 2.00000000 428.00000000
628.00000000 157.00000000 0.00000000 388.00000000
315.00000000 362.00000000 0.00000000 380.00000000
732.00000000 264.00000000 4.00000000 378.00000000
375.00000000 235.00000000 0.00000000 368.00000000
600.00000000 162.00000000 0.00000000 347.00000000
375.00000000 236.00000000 1.00000000 344.00000000
283.00000000 372.00000000 1.00000000 324.00000000
683.00000000 176.00000000 1.00000000 317.00000000
49.00000000 321.00000000 1.00000000 313.00000000
666.00000000 212.00000000 0.00000000 310.00000000
628.00000000 158.00000000 1.00000000 300.00000000
733.00000000 263.00000000 1.00000000 294.00000000
189.00000000 281.00000000 1.00000000 293.00000000
188.00000000 282.00000000 2.00000000 277.00000000
87.00000000 297.00000000 0.00000000 273.00000000
666.00000000 213.00000000 1.00000000 273.00000000
282.00000000 373.00000000 1.00000000 268.00000000
316.00000000 363.00000000 1.00000000 259.00000000
50.00000000 321.00000000 1.00000000 257.00000000
210.00000000 289.00000000 1.00000000 257.00000000
31.00000000 286.00000000 1.00000000 252.00000000
99.00000000 306.00000000 1.00000000 252.00000000
490.00000000 103.00000000 0.00000000 250.00000000
48.00000000 322.00000000 2.00000000 249.00000000
600.00000000 163.00000000 1.00000000 244.00000000
581.00000000 146.00000000 0.00000000 241.00000000
490.00000000 104.00000000 1.00000000 240.00000000
667.00000000 159.00000000 0.00000000 239.00000000
581.00000000 147.00000000 1.00000000 232.00000000
667.00000000 159.00000000 1.00000000 231.00000000
98.00000000 306.00000000 1.00000000 231.00000000
50.00000000 321.00000000 0.00000000 231.00000000
31.00000000 286.00000000 0.00000000 226.00000000
667.00000000 158.00000000 1.00000000 221.00000000
189.00000000 283.00000000 1.00000000 219.00000000
209.00000000 289.00000000 1.00000000 218.00000000
521.00000000 212.00000000 0.00000000 215.00000000
282.00000000 371.00000000 0.00000000 214.00000000
577.00000000 157.00000000 0.00000000 213.00000000
604.00000000 248.00000000 4.00000000 213.00000000
189.00000000 280.00000000 2.00000000 212.00000000
687.00000000 302.00000000 2.00000000 212.00000000
395.00000000 201.00000000 1.00000000 211.00000000
337.00000000 296.00000000 0.00000000 210.00000000
433.00000000 212.00000000 0.00000000 210.00000000
394.00000000 204.00000000 2.00000000 207.00000000
127.00000000 305.00000000 1.00000000 207.00000000
190.00000000 280.00000000 0.00000000 203.00000000
686.00000000 302.00000000 2.00000000 203.00000000
735.00000000 264.00000000 1.00000000 202.00000000
162.00000000 357.00000000 1.00000000 201.00000000
394.00000000 202.00000000 1.00000000 201.00000000
28.00000000 317.00000000 0.00000000 201.00000000
605.00000000 243.00000000 5.00000000 199.00000000
168.00000000 294.00000000 2.00000000 198.00000000
195.00000000 267.00000000 0.00000000 197.00000000
114.00000000 293.00000000 0.00000000 195.00000000
88.00000000 298.00000000 1.00000000 192.00000000
128.00000000 304.00000000 2.00000000 191.00000000
389.00000000 229.00000000 1.00000000 190.00000000
61.00000000 306.00000000 0.00000000 189.00000000
619.00000000 178.00000000 1.00000000 187.00000000
195.00000000 266.00000000 1.00000000 185.00000000
345.00000000 204.00000000 1.00000000 184.00000000
103.00000000 294.00000000 0.00000000 182.00000000
212.00000000 323.00000000 1.00000000 179.00000000
395.00000000 200.00000000 0.00000000 178.00000000
28.00000000 318.00000000 1.00000000 178.00000000
174.00000000 268.00000000 1.00000000 177.00000000
291.00000000 182.00000000 1.00000000 177.00000000
374.00000000 236.00000000 1.00000000 176.00000000
490.00000000 103.00000000 1.00000000 175.00000000
106.00000000 384.00000000 1.00000000 174.00000000
161.00000000 356.00000000 1.00000000 174.00000000
545.00000000 249.00000000 1.00000000 173.00000000
210.00000000 289.00000000 0.00000000 173.00000000
480.00000000 255.00000000 0.00000000 171.00000000
550.00000000 115.00000000 0.00000000 170.00000000
625.00000000 165.00000000 0.00000000 170.00000000
138.00000000 372.00000000 1.00000000 169.00000000
629.00000000 158.00000000 1.00000000 168.00000000
288.00000000 337.00000000 1.00000000 167.00000000
174.00000000 267.00000000 0.00000000 166.00000000
148.00000000 293.00000000 1.00000000 164.00000000
481.00000000 229.00000000 0.00000000 164.00000000
212.00000000 323.00000000 0.00000000 162.00000000
159.00000000 326.00000000 1.00000000 162.00000000
338.00000000 297.00000000 1.00000000 162.00000000
210.00000000 290.00000000 2.00000000 160.00000000
409.00000000 190.00000000 0.00000000 160.00000000
393.00000000 203.00000000 2.00000000 159.00000000
173.00000000 289.00000000 0.00000000 158.00000000
369.00000000 255.00000000 0.00000000 157.00000000
292.00000000 181.00000000 0.00000000 156.00000000
696.00000000 190.00000000 0.00000000 156.00000000
412.00000000 253.00000000 0.00000000 154.00000000
164.00000000 306.00000000 0.00000000 152.00000000
735.00000000 263.00000000 0.00000000 146.00000000
98.00000000 306.00000000 0.00000000 146.00000000
106.00000000 383.00000000 0.00000000 143.00000000
138.00000000 371.00000000 0.00000000 143.00000000
565.00000000 269.00000000 0.00000000 142.00000000
92.00000000 315.00000000 0.00000000 141.00000000
345.00000000 204.00000000 0.00000000 141.00000000
159.00000000 325.00000000 0.00000000 141.00000000
378.00000000 377.00000000 0.00000000 135.00000000
77.00000000 306.00000000 0.00000000 135.00000000
73.00000000 357.00000000 0.00000000 132.00000000
388.00000000 229.00000000 0.00000000 131.00000000
545.00000000 249.00000000 0.00000000 131.00000000
30.00000000 301.00000000 0.00000000 130.00000000
223.00000000 270.00000000 0.00000000 129.00000000
652.00000000 202.00000000 0.00000000 128.00000000
502.00000000 106.00000000 0.00000000 127.00000000
161.00000000 357.00000000 0.00000000 126.00000000
203.00000000 314.00000000 0.00000000 125.00000000
352.00000000 530.00000000 0.00000000 124.00000000
434.00000000 96.00000000 0.00000000 123.00000000
148.00000000 293.00000000 0.00000000 123.00000000
376.00000000 254.00000000 0.00000000 122.00000000
646.00000000 186.00000000 0.00000000 122.00000000
589.00000000 161.00000000 0.00000000 121.00000000
668.00000000 202.00000000 0.00000000 120.00000000
