405.00000000 248.00000000 0.00000000 467.00000000
246.00000000 257.00000000 0.00000000 438.00000000
274.00000000 265.00000000 1.00000000 431.00000000
273.00000000 265.00000000 0.00000000 402.00000000
31.00000000 198.00000000 0.00000000 346.00000000
461.00000000 384.00000000 1.00000000 340.00000000
149.00000000 258.00000000 0.00000000 336.00000000
369.00000000 335.00000000 0.00000000 332.00000000
461.00000000 383.00000000 0.00000000 316.00000000
379.00000000 293.00000000 0.00000000 316.00000000
19.00000000 339.00000000 0.00000000 312.00000000
237.00000000 194.00000000 0.00000000 310.00000000
259.00000000 258.00000000 0.00000000 309.00000000
379.00000000 293.00000000 1.00000000 304.00000000
406.00000000 248.00000000 1.00000000 300.00000000
371.00000000 358.00000000 0.00000000 296.00000000
167.00000000 323.00000000 1.00000000 289.00000000
248.00000000 393.00000000 0.00000000 281.00000000
305.00000000 270.00000000 1.00000000 281.00000000
166.00000000 322.00000000 0.00000000 277.00000000
115.00000000 363.00000000 0.00000000 275.00000000
379.00000000 291.00000000 1.00000000 256.00000000
296.00000000 164.00000000 0.00000000 252.00000000
193.00000000 169.00000000 0.00000000 248.00000000
305.00000000 270.00000000 0.00000000 248.00000000
224.00000000 206.00000000 0.00000000 248.00000000
436.00000000 284.00000000 0.00000000 246.00000000
352.00000000 231.00000000 0.00000000 243.00000000
378.00000000 292.00000000 2.00000000 241.00000000
18.00000000 326.00000000 0.00000000 233.00000000
436.00000000 284.00000000 1.00000000 231.00000000
461.00000000 384.00000000 1.00000000 230.00000000
240.00000000 260.00000000 2.00000000 226.00000000
46.00000000 309.00000000 1.00000000 223.00000000
89.00000000 258.00000000 0.00000000 220.00000000
21.00000000 286.00000000 0.00000000 220.00000000
436.00000000 373.00000000 1.00000000 216.00000000
43.00000000 350.00000000 0.00000000 214.00000000
376.00000000 291.00000000 2.00000000 214.00000000
405.00000000 370.00000000 0.00000000 213.00000000
360.00000000 335.00000000 0.00000000 209.00000000
204.00000000 164.00000000 0.00000000 209.00000000
66.00000000 170.00000000 1.00000000 205.00000000
435.00000000 376.00000000 1.00000000 204.00000000
19.00000000 339.00000000 1.00000000 201.00000000
436.00000000 379.00000000 0.00000000 200.00000000
142.00000000 236.00000000 0.00000000 200.00000000
192.00000000 169.00000000 1.00000000 200.00000000
21.00000000 285.00000000 1.00000000 200.00000000
212.00000000 395.00000000 0.00000000 198.00000000
126.00000000 192.00000000 2.00000000 197.00000000
456.00000000 400.00000000 0.00000000 197.00000000
47.00000000 308.00000000 1.00000000 197.00000000
302.00000000 186.00000000 1.00000000 195.00000000
76.00000000 284.00000000 1.00000000 194.00000000
436.00000000 371.00000000 0.00000000 193.00000000
156.00000000 206.00000000 0.00000000 191.00000000
294.00000000 344.00000000 0.00000000 187.00000000
297.00000000 165.00000000 1.00000000 185.00000000
226.00000000 140.00000000 1.00000000 184.00000000
189.00000000 164.00000000 1.00000000 182.00000000
240.00000000 260.00000000 2.00000000 182.00000000
241.00000000 214.00000000 1.00000000 181.00000000
19.00000000 347.00000000 0.00000000 181.00000000
242.00000000 216.00000000 1.00000000 180.00000000
275.00000000 148.00000000 1.00000000 180.00000000
142.00000000 205.00000000 0.00000000 179.00000000
371.00000000 359.00000000 1.00000000 177.00000000
272.00000000 264.00000000 1.00000000 176.00000000
405.00000000 370.00000000 1.00000000 176.00000000
430.00000000 405.00000000 0.00000000 175.00000000
115.00000000 364.00000000 1.00000000 175.00000000
84.00000000 208.00000000 0.00000000 175.00000000
125.00000000 235.00000000 0.00000000 173.00000000
101.00000000 255.00000000 0.00000000 171.00000000
223.00000000 381.00000000 0.00000000 171.00000000
455.00000000 403.00000000 1.00000000 171.00000000
82.00000000 258.00000000 0.00000000 170.00000000
76.00000000 284.00000000 1.00000000 169.00000000
52.00000000 325.00000000 0.00000000 166.00000000
429.00000000 212.00000000 0.00000000 165.00000000
246.00000000 257.00000000 1.00000000 163.00000000
21.00000000 285.00000000 1.00000000 162.00000000
190.00000000 166.00000000 2.00000000 162.00000000
124.00000000 192.00000000 2.00000000 162.00000000
226.00000000 139.00000000 1.00000000 161.00000000
297.00000000 323.00000000 0.00000000 161.00000000
483.00000000 217.00000000 1.00000000 161.00000000
301.00000000 188.00000000 1.00000000 160.00000000
469.00000000 274.00000000 2.00000000 160.00000000
240.00000000 260.00000000 1.00000000 160.00000000
411.00000000 161.00000000 0.00000000 160.00000000
259.00000000 258.00000000 1.00000000 158.00000000
229.00000000 192.00000000 0.00000000 158.00000000
315.00000000 106.00000000 0.00000000 158.00000000
81.00000000 259.00000000 1.00000000 158.00000000
304.00000000 244.00000000 0.00000000 157.00000000
125.00000000 190.00000000 1.00000000 157.00000000
235.00000000 275.00000000 0.00000000 156.00000000
18.00000000 321.00000000 1.00000000 155.00000000
94.00000000 234.00000000 0.00000000 155.00000000
45.00000000 308.00000000 0.00000000 153.00000000
458.00000000 390.00000000 2.00000000 152.00000000
149.00000000 259.00000000 1.00000000 151.00000000
71.00000000 194.00000000 0.00000000 150.00000000
127.00000000 189.00000000 1.00000000 150.00000000
46.00000000 310.00000000 2.00000000 150.00000000
347.00000000 146.00000000 1.00000000 148.00000000
222.00000000 166.00000000 0.00000000 148.00000000
455.00000000 403.00000000 1.00000000 148.00000000
249.00000000 394.00000000 1.00000000 147.00000000
267.00000000 413.00000000 0.00000000 147.00000000
347.00000000 192.00000000 0.00000000 147.00000000
323.00000000 176.00000000 0.00000000 147.00000000
376.00000000 292.00000000 4.00000000 146.00000000
42.00000000 228.00000000 0.00000000 145.00000000
225.00000000 287.00000000 0.00000000 143.00000000
426.00000000 428.00000000 0.00000000 143.00000000
329.00000000 407.00000000 0.00000000 142.00000000
11.00000000 200.00000000 0.00000000 142.00000000
38.00000000 186.00000000 0.00000000 141.00000000
165.00000000 323.00000000 1.00000000 137.00000000
101.00000000 203.00000000 1.00000000 136.00000000
302.00000000 188.00000000 2.00000000 134.00000000
192.00000000 224.00000000 2.00000000 131.00000000
224.00000000 372.00000000 4.00000000 91.00000000
373.00000000 294.00000000 5.00000000 77.00000000
