209.00000000 212.00000000 0.00000000 681.00000000
312.00000000 247.00000000 1.00000000 567.00000000
127.00000000 189.00000000 1.00000000 537.00000000
312.00000000 246.00000000 0.00000000 535.00000000
218.00000000 147.00000000 0.00000000 528.00000000
149.00000000 258.00000000 0.00000000 527.00000000
405.00000000 248.00000000 0.00000000 516.00000000
469.00000000 274.00000000 2.00000000 507.00000000
127.00000000 188.00000000 0.00000000 500.00000000
209.00000000 212.00000000 1.00000000 493.00000000
22.00000000 286.00000000 1.00000000 485.00000000
313.00000000 217.00000000 0.00000000 484.00000000
31.00000000 197.00000000 0.00000000 477.00000000
297.00000000 211.00000000 0.00000000 472.00000000
22.00000000 286.00000000 0.00000000 468.00000000
213.00000000 395.00000000 0.00000000 460.00000000
406.00000000 371.00000000 0.00000000 439.00000000
291.00000000 241.00000000 1.00000000 433.00000000
464.00000000 332.00000000 0.00000000 432.00000000
115.00000000 361.00000000 0.00000000 430.00000000
158.00000000 339.00000000 1.00000000 428.00000000
436.00000000 284.00000000 1.00000000 427.00000000
379.00000000 292.00000000 1.00000000 427.00000000
261.00000000 174.00000000 0.00000000 424.00000000
159.00000000 340.00000000 1.00000000 411.00000000
368.00000000 420.00000000 0.00000000 405.00000000
149.00000000 259.00000000 1.00000000 404.00000000
311.00000000 247.00000000 1.00000000 404.00000000
462.00000000 383.00000000 0.00000000 403.00000000
67.00000000 170.00000000 0.00000000 395.00000000
379.00000000 292.00000000 0.00000000 392.00000000
462.00000000 383.00000000 1.00000000 390.00000000
302.00000000 188.00000000 1.00000000 390.00000000
354.00000000 164.00000000 0.00000000 390.00000000
468.00000000 268.00000000 2.00000000 387.00000000
469.00000000 262.00000000 1.00000000 386.00000000
10.00000000 200.00000000 0.00000000 385.00000000
192.00000000 169.00000000 0.00000000 381.00000000
361.00000000 408.00000000 0.00000000 378.00000000
67.00000000 170.00000000 1.00000000 375.00000000
258.00000000 258.00000000 0.00000000 375.00000000
165.00000000 380.00000000 1.00000000 374.00000000
472.00000000 399.00000000 1.00000000 374.00000000
380.00000000 291.00000000 1.00000000 374.00000000
58.00000000 184.00000000 0.00000000 374.00000000
192.00000000 169.00000000 1.00000000 372.00000000
468.00000000 264.00000000 1.00000000 371.00000000
260.00000000 430.00000000 0.00000000 370.00000000
235.00000000 275.00000000 0.00000000 369.00000000
436.00000000 284.00000000 0.00000000 363.00000000
65.00000000 261.00000000 0.00000000 362.00000000
70.00000000 222.00000000 0.00000000 361.00000000
46.00000000 308.00000000 1.00000000 361.00000000
439.00000000 183.00000000 0.00000000 360.00000000
241.00000000 195.00000000 0.00000000 359.00000000
468.00000000 260.00000000 0.00000000 357.00000000
302.00000000 187.00000000 1.00000000 357.00000000
443.00000000 391.00000000 0.00000000 357.00000000
246.00000000 257.00000000 0.00000000 356.00000000
206.00000000 280.00000000 0.00000000 356.00000000
234.00000000 178.00000000 0.00000000 356.00000000
258.00000000 431.00000000 1.00000000 355.00000000
12.00000000 239.00000000 0.00000000 354.00000000
235.00000000 178.00000000 1.00000000 353.00000000
262.00000000 418.00000000 0.00000000 353.00000000
47.00000000 308.00000000 1.00000000 352.00000000
297.00000000 212.00000000 1.00000000 351.00000000
406.00000000 370.00000000 1.00000000 351.00000000
406.00000000 248.00000000 1.00000000 350.00000000
127.00000000 189.00000000 1.00000000 348.00000000
165.00000000 379.00000000 0.00000000 348.00000000
101.00000000 255.00000000 0.00000000 337.00000000
190.00000000 166.00000000 2.00000000 336.00000000
347.00000000 147.00000000 0.00000000 333.00000000
354.00000000 165.00000000 1.00000000 333.00000000
409.00000000 403.00000000 0.00000000 333.00000000
24.00000000 296.00000000 1.00000000 331.00000000
21.00000000 285.00000000 1.00000000 329.00000000
206.00000000 280.00000000 1.00000000 327.00000000
203.00000000 101.00000000 0.00000000 327.00000000
459.00000000 369.00000000 0.00000000 327.00000000
130.00000000 167.00000000 0.00000000 326.00000000
147.00000000 258.00000000 1.00000000 325.00000000
354.00000000 427.00000000 0.00000000 325.00000000
368.00000000 421.00000000 1.00000000 323.00000000
313.00000000 218.00000000 1.00000000 321.00000000
315.00000000 435.00000000 0.00000000 319.00000000
472.00000000 400.00000000 1.00000000 317.00000000
468.00000000 248.00000000 0.00000000 315.00000000
205.00000000 289.00000000 0.00000000 315.00000000
468.00000000 214.00000000 0.00000000 313.00000000
259.00000000 430.00000000 1.00000000 309.00000000
436.00000000 379.00000000 0.00000000 306.00000000
461.00000000 354.00000000 0.00000000 305.00000000
218.00000000 147.00000000 1.00000000 303.00000000
292.00000000 242.00000000 2.00000000 303.00000000
304.00000000 291.00000000 0.00000000 301.00000000
164.00000000 379.00000000 1.00000000 300.00000000
453.00000000 308.00000000 0.00000000 297.00000000
380.00000000 292.00000000 2.00000000 297.00000000
467.00000000 293.00000000 1.00000000 296.00000000
258.00000000 430.00000000 2.00000000 296.00000000
320.00000000 266.00000000 1.00000000 295.00000000
240.00000000 218.00000000 1.00000000 295.00000000
190.00000000 226.00000000 2.00000000 294.00000000
159.00000000 339.00000000 0.00000000 294.00000000
235.00000000 265.00000000 0.00000000 293.00000000
124.00000000 192.00000000 2.00000000 290.00000000
452.00000000 298.00000000 0.00000000 286.00000000
352.00000000 232.00000000 0.00000000 285.00000000
41.00000000 357.00000000 0.00000000 285.00000000
241.00000000 217.00000000 0.00000000 284.00000000
24.00000000 243.00000000 0.00000000 279.00000000
436.00000000 372.00000000 1.00000000 278.00000000
76.00000000 284.00000000 1.00000000 278.00000000
302.00000000 185.00000000 0.00000000 277.00000000
189.00000000 162.00000000 1.00000000 276.00000000
222.00000000 166.00000000 0.00000000 274.00000000
76.00000000 284.00000000 1.00000000 272.00000000
149.00000000 422.00000000 1.00000000 270.00000000
237.00000000 260.00000000 2.00000000 268.00000000
302.00000000 188.00000000 2.00000000 261.00000000
148.00000000 424.00000000 2.00000000 259.00000000
192.00000000 229.00000000 2.00000000 237.00000000
120.00000000 192.00000000 4.00000000 235.00000000
328.00000000 362.00000000 5.00000000 171.00000000
236.00000000 260.00000000 4.00000000 162.00000000
