355.00000000 176.00000000 0.00000000 757.00000000
75.00000000 267.00000000 0.00000000 596.00000000
355.00000000 176.00000000 1.00000000 562.00000000
246.00000000 257.00000000 0.00000000 505.00000000
21.00000000 285.00000000 0.00000000 496.00000000
301.00000000 185.00000000 1.00000000 496.00000000
127.00000000 188.00000000 1.00000000 475.00000000
149.00000000 258.00000000 0.00000000 451.00000000
97.00000000 236.00000000 0.00000000 442.00000000
130.00000000 236.00000000 0.00000000 441.00000000
301.00000000 185.00000000 0.00000000 436.00000000
285.00000000 241.00000000 0.00000000 431.00000000
311.00000000 193.00000000 0.00000000 403.00000000
88.00000000 207.00000000 0.00000000 399.00000000
301.00000000 186.00000000 1.00000000 385.00000000
127.00000000 187.00000000 0.00000000 378.00000000
235.00000000 275.00000000 0.00000000 360.00000000
347.00000000 147.00000000 0.00000000 359.00000000
189.00000000 224.00000000 1.00000000 355.00000000
190.00000000 226.00000000 2.00000000 355.00000000
21.00000000 285.00000000 1.00000000 353.00000000
60.00000000 181.00000000 0.00000000 350.00000000
65.00000000 296.00000000 0.00000000 341.00000000
134.00000000 200.00000000 0.00000000 337.00000000
101.00000000 255.00000000 0.00000000 329.00000000
354.00000000 175.00000000 1.00000000 327.00000000
57.00000000 289.00000000 1.00000000 326.00000000
296.00000000 165.00000000 0.00000000 325.00000000
18.00000000 367.00000000 0.00000000 324.00000000
75.00000000 267.00000000 1.00000000 323.00000000
348.00000000 147.00000000 1.00000000 317.00000000
457.00000000 245.00000000 1.00000000 309.00000000
226.00000000 262.00000000 0.00000000 306.00000000
255.00000000 266.00000000 1.00000000 302.00000000
47.00000000 196.00000000 0.00000000 301.00000000
257.00000000 214.00000000 2.00000000 298.00000000
244.00000000 256.00000000 2.00000000 298.00000000
57.00000000 288.00000000 0.00000000 297.00000000
226.00000000 139.00000000 1.00000000 296.00000000
275.00000000 147.00000000 0.00000000 293.00000000
457.00000000 245.00000000 0.00000000 292.00000000
130.00000000 237.00000000 1.00000000 292.00000000
255.00000000 266.00000000 0.00000000 291.00000000
256.00000000 214.00000000 2.00000000 289.00000000
90.00000000 197.00000000 0.00000000 288.00000000
125.00000000 189.00000000 1.00000000 286.00000000
191.00000000 169.00000000 1.00000000 285.00000000
224.00000000 264.00000000 1.00000000 284.00000000
12.00000000 371.00000000 0.00000000 281.00000000
77.00000000 215.00000000 0.00000000 278.00000000
226.00000000 263.00000000 1.00000000 278.00000000
436.00000000 284.00000000 0.00000000 278.00000000
469.00000000 263.00000000 1.00000000 278.00000000
66.00000000 297.00000000 1.00000000 275.00000000
130.00000000 161.00000000 0.00000000 274.00000000
128.00000000 162.00000000 2.00000000 273.00000000
299.00000000 156.00000000 0.00000000 271.00000000
285.00000000 241.00000000 1.00000000 270.00000000
124.00000000 192.00000000 2.00000000 270.00000000
65.00000000 232.00000000 0.00000000 269.00000000
124.00000000 192.00000000 2.00000000 269.00000000
236.00000000 195.00000000 0.00000000 265.00000000
456.00000000 246.00000000 1.00000000 264.00000000
347.00000000 191.00000000 0.00000000 263.00000000
410.00000000 252.00000000 0.00000000 262.00000000
64.00000000 233.00000000 1.00000000 262.00000000
43.00000000 282.00000000 0.00000000 262.00000000
470.00000000 266.00000000 2.00000000 261.00000000
207.00000000 211.00000000 0.00000000 259.00000000
315.00000000 106.00000000 0.00000000 259.00000000
128.00000000 164.00000000 1.00000000 257.00000000
184.00000000 254.00000000 0.00000000 257.00000000
191.00000000 168.00000000 0.00000000 255.00000000
41.00000000 362.00000000 0.00000000 254.00000000
226.00000000 140.00000000 1.00000000 250.00000000
469.00000000 271.00000000 2.00000000 249.00000000
60.00000000 191.00000000 0.00000000 248.00000000
469.00000000 261.00000000 1.00000000 243.00000000
98.00000000 236.00000000 1.00000000 241.00000000
378.00000000 292.00000000 0.00000000 240.00000000
435.00000000 177.00000000 0.00000000 238.00000000
246.00000000 257.00000000 2.00000000 236.00000000
131.00000000 257.00000000 0.00000000 234.00000000
336.00000000 175.00000000 0.00000000 232.00000000
246.00000000 257.00000000 1.00000000 232.00000000
304.00000000 244.00000000 1.00000000 230.00000000
275.00000000 148.00000000 1.00000000 230.00000000
340.00000000 113.00000000 0.00000000 225.00000000
130.00000000 168.00000000 0.00000000 225.00000000
311.00000000 194.00000000 1.00000000 222.00000000
48.00000000 197.00000000 1.00000000 222.00000000
304.00000000 244.00000000 0.00000000 221.00000000
142.00000000 205.00000000 0.00000000 220.00000000
195.00000000 123.00000000 0.00000000 220.00000000
301.00000000 298.00000000 0.00000000 219.00000000
398.00000000 233.00000000 0.00000000 219.00000000
38.00000000 177.00000000 0.00000000 218.00000000
442.00000000 440.00000000 0.00000000 215.00000000
480.00000000 243.00000000 0.00000000 214.00000000
410.00000000 252.00000000 1.00000000 214.00000000
240.00000000 254.00000000 1.00000000 214.00000000
56.00000000 289.00000000 1.00000000 212.00000000
188.00000000 219.00000000 0.00000000 209.00000000
33.00000000 236.00000000 0.00000000 207.00000000
398.00000000 233.00000000 1.00000000 207.00000000
408.00000000 251.00000000 1.00000000 204.00000000
439.00000000 183.00000000 0.00000000 204.00000000
188.00000000 220.00000000 1.00000000 202.00000000
75.00000000 222.00000000 0.00000000 201.00000000
297.00000000 166.00000000 1.00000000 201.00000000
130.00000000 166.00000000 1.00000000 200.00000000
65.00000000 231.00000000 1.00000000 198.00000000
221.00000000 41.00000000 0.00000000 198.00000000
458.00000000 246.00000000 2.00000000 197.00000000
161.00000000 216.00000000 0.00000000 196.00000000
41.00000000 372.00000000 0.00000000 196.00000000
304.00000000 244.00000000 1.00000000 194.00000000
76.00000000 284.00000000 1.00000000 193.00000000
442.00000000 441.00000000 1.00000000 191.00000000
77.00000000 284.00000000 1.00000000 190.00000000
347.00000000 147.00000000 1.00000000 189.00000000
40.00000000 374.00000000 1.00000000 186.00000000
80.00000000 183.00000000 1.00000000 184.00000000
302.00000000 186.00000000 2.00000000 177.00000000
256.00000000 220.00000000 4.00000000 166.00000000
124.00000000 192.00000000 4.00000000 162.00000000
192.00000000 237.00000000 5.00000000 84.00000000
