31.00000000 197.00000000 0.00000000 412.00000000
18.00000000 320.00000000 0.00000000 377.00000000
23.00000000 243.00000000 1.00000000 375.00000000
273.00000000 265.00000000 1.00000000 372.00000000
371.00000000 359.00000000 0.00000000 323.00000000
306.00000000 266.00000000 0.00000000 309.00000000
369.00000000 336.00000000 0.00000000 303.00000000
167.00000000 323.00000000 0.00000000 297.00000000
24.00000000 243.00000000 0.00000000 293.00000000
33.00000000 191.00000000 0.00000000 293.00000000
273.00000000 265.00000000 0.00000000 293.00000000
167.00000000 323.00000000 1.00000000 293.00000000
436.00000000 379.00000000 0.00000000 292.00000000
246.00000000 258.00000000 0.00000000 291.00000000
45.00000000 308.00000000 0.00000000 287.00000000
461.00000000 384.00000000 1.00000000 286.00000000
461.00000000 383.00000000 0.00000000 281.00000000
45.00000000 309.00000000 1.00000000 280.00000000
18.00000000 320.00000000 1.00000000 279.00000000
46.00000000 308.00000000 1.00000000 273.00000000
297.00000000 164.00000000 0.00000000 261.00000000
405.00000000 248.00000000 0.00000000 258.00000000
436.00000000 376.00000000 1.00000000 246.00000000
430.00000000 404.00000000 0.00000000 245.00000000
149.00000000 258.00000000 0.00000000 236.00000000
456.00000000 403.00000000 0.00000000 235.00000000
437.00000000 378.00000000 1.00000000 223.00000000
430.00000000 405.00000000 1.00000000 217.00000000
352.00000000 232.00000000 0.00000000 215.00000000
456.00000000 403.00000000 1.00000000 208.00000000
165.00000000 380.00000000 1.00000000 207.00000000
370.00000000 330.00000000 0.00000000 206.00000000
297.00000000 165.00000000 1.00000000 205.00000000
272.00000000 264.00000000 1.00000000 204.00000000
164.00000000 380.00000000 1.00000000 201.00000000
89.00000000 258.00000000 0.00000000 198.00000000
46.00000000 310.00000000 2.00000000 187.00000000
237.00000000 195.00000000 0.00000000 187.00000000
461.00000000 386.00000000 1.00000000 186.00000000
371.00000000 359.00000000 1.00000000 184.00000000
76.00000000 284.00000000 1.00000000 181.00000000
21.00000000 243.00000000 1.00000000 179.00000000
52.00000000 325.00000000 1.00000000 178.00000000
149.00000000 259.00000000 1.00000000 177.00000000
361.00000000 340.00000000 0.00000000 176.00000000
259.00000000 258.00000000 0.00000000 174.00000000
406.00000000 370.00000000 1.00000000 174.00000000
454.00000000 307.00000000 0.00000000 172.00000000
164.00000000 380.00000000 2.00000000 171.00000000
240.00000000 260.00000000 2.00000000 170.00000000
379.00000000 291.00000000 2.00000000 166.00000000
52.00000000 325.00000000 0.00000000 164.00000000
468.00000000 217.00000000 1.00000000 158.00000000
306.00000000 267.00000000 1.00000000 158.00000000
436.00000000 284.00000000 1.00000000 155.00000000
248.00000000 394.00000000 0.00000000 155.00000000
173.00000000 329.00000000 1.00000000 154.00000000
302.00000000 188.00000000 1.00000000 153.00000000
380.00000000 292.00000000 2.00000000 153.00000000
406.00000000 370.00000000 0.00000000 152.00000000
412.00000000 441.00000000 0.00000000 152.00000000
324.00000000 176.00000000 0.00000000 152.00000000
443.00000000 389.00000000 1.00000000 150.00000000
66.00000000 170.00000000 1.00000000 150.00000000
302.00000000 186.00000000 1.00000000 150.00000000
483.00000000 217.00000000 1.00000000 148.00000000
417.00000000 379.00000000 0.00000000 148.00000000
379.00000000 293.00000000 1.00000000 148.00000000
455.00000000 404.00000000 1.00000000 146.00000000
436.00000000 284.00000000 0.00000000 145.00000000
468.00000000 215.00000000 0.00000000 145.00000000
301.00000000 184.00000000 0.00000000 144.00000000
165.00000000 381.00000000 0.00000000 144.00000000
193.00000000 169.00000000 0.00000000 143.00000000
379.00000000 292.00000000 1.00000000 143.00000000
16.00000000 306.00000000 0.00000000 143.00000000
234.00000000 265.00000000 0.00000000 140.00000000
76.00000000 285.00000000 1.00000000 139.00000000
379.00000000 293.00000000 0.00000000 139.00000000
299.00000000 313.00000000 0.00000000 139.00000000
442.00000000 390.00000000 1.00000000 138.00000000
21.00000000 286.00000000 1.00000000 138.00000000
460.00000000 396.00000000 2.00000000 138.00000000
72.00000000 272.00000000 0.00000000 138.00000000
45.00000000 313.00000000 2.00000000 137.00000000
444.00000000 388.00000000 0.00000000 137.00000000
458.00000000 395.00000000 0.00000000 137.00000000
369.00000000 337.00000000 1.00000000 135.00000000
302.00000000 188.00000000 2.00000000 135.00000000
21.00000000 287.00000000 1.00000000 135.00000000
415.00000000 369.00000000 0.00000000 135.00000000
240.00000000 260.00000000 1.00000000 134.00000000
50.00000000 325.00000000 1.00000000 133.00000000
240.00000000 260.00000000 2.00000000 133.00000000
468.00000000 264.00000000 1.00000000 129.00000000
246.00000000 257.00000000 1.00000000 127.00000000
301.00000000 299.00000000 0.00000000 127.00000000
468.00000000 262.00000000 0.00000000 127.00000000
36.00000000 263.00000000 0.00000000 126.00000000
24.00000000 190.00000000 1.00000000 125.00000000
40.00000000 364.00000000 1.00000000 125.00000000
75.00000000 284.00000000 0.00000000 125.00000000
224.00000000 152.00000000 0.00000000 124.00000000
454.00000000 308.00000000 1.00000000 124.00000000
443.00000000 341.00000000 0.00000000 123.00000000
43.00000000 350.00000000 0.00000000 123.00000000
379.00000000 275.00000000 0.00000000 120.00000000
451.00000000 289.00000000 0.00000000 120.00000000
469.00000000 274.00000000 2.00000000 118.00000000
380.00000000 267.00000000 0.00000000 118.00000000
192.00000000 170.00000000 1.00000000 118.00000000
459.00000000 333.00000000 0.00000000 117.00000000
214.00000000 272.00000000 0.00000000 117.00000000
349.00000000 251.00000000 1.00000000 116.00000000
22.00000000 286.00000000 0.00000000 115.00000000
101.00000000 256.00000000 0.00000000 114.00000000
297.00000000 323.00000000 0.00000000 112.00000000
40.00000000 364.00000000 0.00000000 112.00000000
438.00000000 376.00000000 2.00000000 112.00000000
235.00000000 275.00000000 0.00000000 110.00000000
411.00000000 184.00000000 0.00000000 109.00000000
479.00000000 384.00000000 0.00000000 108.00000000
304.00000000 244.00000000 0.00000000 108.00000000
376.00000000 292.00000000 4.00000000 102.00000000
176.00000000 328.00000000 2.00000000 100.00000000
388.00000000 236.00000000 4.00000000 68.00000000
294.00000000 316.00000000 5.00000000 48.00000000
