209.00000000 212.00000000 0.00000000 606.00000000
127.00000000 188.00000000 0.00000000 563.00000000
127.00000000 188.00000000 1.00000000 556.00000000
96.00000000 270.00000000 0.00000000 533.00000000
218.00000000 147.00000000 0.00000000 504.00000000
72.00000000 268.00000000 0.00000000 498.00000000
212.00000000 395.00000000 0.00000000 493.00000000
83.00000000 270.00000000 0.00000000 458.00000000
72.00000000 268.00000000 1.00000000 451.00000000
313.00000000 218.00000000 0.00000000 436.00000000
209.00000000 212.00000000 1.00000000 429.00000000
302.00000000 188.00000000 1.00000000 427.00000000
291.00000000 241.00000000 1.00000000 422.00000000
242.00000000 194.00000000 0.00000000 421.00000000
10.00000000 200.00000000 0.00000000 407.00000000
297.00000000 212.00000000 0.00000000 402.00000000
468.00000000 248.00000000 0.00000000 401.00000000
405.00000000 248.00000000 0.00000000 396.00000000
193.00000000 170.00000000 0.00000000 394.00000000
381.00000000 289.00000000 1.00000000 388.00000000
192.00000000 170.00000000 1.00000000 387.00000000
303.00000000 187.00000000 1.00000000 386.00000000
149.00000000 258.00000000 0.00000000 381.00000000
46.00000000 309.00000000 1.00000000 378.00000000
235.00000000 275.00000000 0.00000000 369.00000000
406.00000000 370.00000000 0.00000000 367.00000000
115.00000000 362.00000000 0.00000000 367.00000000
127.00000000 189.00000000 1.00000000 355.00000000
47.00000000 308.00000000 1.00000000 353.00000000
436.00000000 374.00000000 1.00000000 351.00000000
381.00000000 291.00000000 1.00000000 347.00000000
469.00000000 274.00000000 2.00000000 344.00000000
292.00000000 242.00000000 2.00000000 343.00000000
370.00000000 332.00000000 0.00000000 338.00000000
80.00000000 184.00000000 1.00000000 337.00000000
58.00000000 184.00000000 0.00000000 333.00000000
157.00000000 210.00000000 0.00000000 333.00000000
382.00000000 290.00000000 2.00000000 329.00000000
96.00000000 270.00000000 1.00000000 328.00000000
469.00000000 262.00000000 1.00000000 327.00000000
464.00000000 332.00000000 0.00000000 321.00000000
218.00000000 148.00000000 1.00000000 318.00000000
149.00000000 259.00000000 1.00000000 318.00000000
22.00000000 286.00000000 1.00000000 315.00000000
468.00000000 214.00000000 0.00000000 314.00000000
246.00000000 258.00000000 0.00000000 313.00000000
12.00000000 239.00000000 0.00000000 307.00000000
190.00000000 166.00000000 2.00000000 305.00000000
302.00000000 190.00000000 2.00000000 303.00000000
132.00000000 260.00000000 0.00000000 298.00000000
437.00000000 373.00000000 1.00000000 298.00000000
436.00000000 284.00000000 1.00000000 298.00000000
24.00000000 296.00000000 1.00000000 290.00000000
77.00000000 259.00000000 0.00000000 288.00000000
469.00000000 264.00000000 1.00000000 285.00000000
114.00000000 363.00000000 1.00000000 285.00000000
314.00000000 218.00000000 1.00000000 284.00000000
235.00000000 265.00000000 0.00000000 284.00000000
124.00000000 192.00000000 2.00000000 283.00000000
297.00000000 212.00000000 1.00000000 281.00000000
13.00000000 376.00000000 0.00000000 281.00000000
352.00000000 232.00000000 0.00000000 275.00000000
415.00000000 369.00000000 0.00000000 273.00000000
50.00000000 272.00000000 2.00000000 272.00000000
406.00000000 370.00000000 1.00000000 272.00000000
22.00000000 286.00000000 0.00000000 271.00000000
48.00000000 307.00000000 0.00000000 270.00000000
280.00000000 142.00000000 1.00000000 269.00000000
470.00000000 268.00000000 2.00000000 268.00000000
46.00000000 310.00000000 2.00000000 268.00000000
288.00000000 280.00000000 1.00000000 264.00000000
460.00000000 415.00000000 0.00000000 264.00000000
70.00000000 222.00000000 0.00000000 261.00000000
423.00000000 287.00000000 0.00000000 259.00000000
436.00000000 372.00000000 0.00000000 256.00000000
80.00000000 183.00000000 1.00000000 256.00000000
158.00000000 340.00000000 1.00000000 255.00000000
406.00000000 249.00000000 1.00000000 252.00000000
288.00000000 280.00000000 0.00000000 248.00000000
131.00000000 259.00000000 1.00000000 247.00000000
443.00000000 386.00000000 0.00000000 247.00000000
67.00000000 170.00000000 0.00000000 246.00000000
350.00000000 263.00000000 1.00000000 245.00000000
48.00000000 274.00000000 2.00000000 243.00000000
383.00000000 322.00000000 1.00000000 243.00000000
468.00000000 249.00000000 1.00000000 241.00000000
258.00000000 431.00000000 1.00000000 240.00000000
206.00000000 280.00000000 0.00000000 239.00000000
132.00000000 195.00000000 0.00000000 239.00000000
442.00000000 390.00000000 1.00000000 238.00000000
207.00000000 280.00000000 1.00000000 238.00000000
436.00000000 284.00000000 0.00000000 238.00000000
350.00000000 264.00000000 1.00000000 237.00000000
462.00000000 383.00000000 0.00000000 236.00000000
101.00000000 257.00000000 1.00000000 235.00000000
81.00000000 182.00000000 0.00000000 235.00000000
444.00000000 391.00000000 0.00000000 235.00000000
67.00000000 170.00000000 1.00000000 234.00000000
260.00000000 430.00000000 0.00000000 230.00000000
192.00000000 169.00000000 1.00000000 228.00000000
185.00000000 257.00000000 1.00000000 227.00000000
120.00000000 192.00000000 4.00000000 227.00000000
348.00000000 147.00000000 0.00000000 226.00000000
439.00000000 184.00000000 0.00000000 220.00000000
350.00000000 264.00000000 0.00000000 219.00000000
156.00000000 340.00000000 1.00000000 218.00000000
436.00000000 379.00000000 0.00000000 217.00000000
343.00000000 404.00000000 0.00000000 214.00000000
24.00000000 296.00000000 1.00000000 214.00000000
366.00000000 161.00000000 0.00000000 213.00000000
167.00000000 322.00000000 0.00000000 211.00000000
126.00000000 192.00000000 2.00000000 211.00000000
368.00000000 420.00000000 0.00000000 211.00000000
481.00000000 243.00000000 0.00000000 209.00000000
159.00000000 340.00000000 0.00000000 207.00000000
304.00000000 291.00000000 0.00000000 207.00000000
301.00000000 299.00000000 0.00000000 204.00000000
420.00000000 164.00000000 0.00000000 204.00000000
148.00000000 258.00000000 1.00000000 204.00000000
458.00000000 392.00000000 0.00000000 203.00000000
421.00000000 156.00000000 0.00000000 202.00000000
262.00000000 418.00000000 0.00000000 199.00000000
31.00000000 198.00000000 0.00000000 199.00000000
458.00000000 391.00000000 1.00000000 191.00000000
381.00000000 291.00000000 2.00000000 190.00000000
339.00000000 356.00000000 5.00000000 184.00000000
340.00000000 352.00000000 4.00000000 145.00000000
