31.00000000 197.00000000 0.00000000 515.00000000
274.00000000 265.00000000 0.00000000 441.00000000
274.00000000 265.00000000 1.00000000 426.00000000
115.00000000 364.00000000 0.00000000 375.00000000
246.00000000 257.00000000 0.00000000 360.00000000
405.00000000 248.00000000 0.00000000 359.00000000
461.00000000 384.00000000 1.00000000 345.00000000
149.00000000 258.00000000 0.00000000 336.00000000
461.00000000 383.00000000 0.00000000 331.00000000
302.00000000 186.00000000 1.00000000 313.00000000
89.00000000 258.00000000 0.00000000 312.00000000
371.00000000 358.00000000 0.00000000 311.00000000
352.00000000 232.00000000 0.00000000 309.00000000
22.00000000 286.00000000 1.00000000 292.00000000
23.00000000 243.00000000 1.00000000 290.00000000
258.00000000 258.00000000 0.00000000 289.00000000
116.00000000 365.00000000 1.00000000 289.00000000
248.00000000 394.00000000 0.00000000 286.00000000
24.00000000 242.00000000 0.00000000 283.00000000
305.00000000 270.00000000 1.00000000 274.00000000
67.00000000 170.00000000 1.00000000 274.00000000
33.00000000 191.00000000 0.00000000 271.00000000
164.00000000 380.00000000 1.00000000 264.00000000
167.00000000 323.00000000 1.00000000 262.00000000
406.00000000 248.00000000 1.00000000 262.00000000
165.00000000 380.00000000 1.00000000 261.00000000
22.00000000 286.00000000 0.00000000 258.00000000
305.00000000 270.00000000 0.00000000 252.00000000
379.00000000 292.00000000 1.00000000 252.00000000
379.00000000 293.00000000 1.00000000 250.00000000
302.00000000 185.00000000 0.00000000 245.00000000
436.00000000 284.00000000 0.00000000 245.00000000
46.00000000 309.00000000 1.00000000 244.00000000
405.00000000 370.00000000 0.00000000 243.00000000
58.00000000 184.00000000 0.00000000 243.00000000
378.00000000 292.00000000 2.00000000 241.00000000
193.00000000 169.00000000 0.00000000 239.00000000
166.00000000 322.00000000 0.00000000 237.00000000
21.00000000 285.00000000 1.00000000 236.00000000
301.00000000 186.00000000 1.00000000 225.00000000
47.00000000 308.00000000 1.00000000 222.00000000
461.00000000 384.00000000 1.00000000 221.00000000
164.00000000 380.00000000 2.00000000 221.00000000
379.00000000 293.00000000 0.00000000 220.00000000
379.00000000 291.00000000 2.00000000 214.00000000
207.00000000 212.00000000 0.00000000 213.00000000
43.00000000 350.00000000 0.00000000 212.00000000
192.00000000 170.00000000 1.00000000 208.00000000
67.00000000 170.00000000 0.00000000 207.00000000
369.00000000 335.00000000 0.00000000 204.00000000
76.00000000 284.00000000 1.00000000 204.00000000
127.00000000 188.00000000 1.00000000 204.00000000
19.00000000 347.00000000 0.00000000 203.00000000
296.00000000 164.00000000 0.00000000 202.00000000
436.00000000 284.00000000 1.00000000 200.00000000
52.00000000 325.00000000 0.00000000 198.00000000
52.00000000 325.00000000 1.00000000 198.00000000
405.00000000 370.00000000 1.00000000 192.00000000
66.00000000 169.00000000 1.00000000 191.00000000
149.00000000 258.00000000 1.00000000 190.00000000
455.00000000 403.00000000 1.00000000 189.00000000
456.00000000 400.00000000 0.00000000 188.00000000
165.00000000 379.00000000 0.00000000 187.00000000
302.00000000 188.00000000 2.00000000 187.00000000
361.00000000 340.00000000 0.00000000 187.00000000
74.00000000 285.00000000 1.00000000 186.00000000
241.00000000 216.00000000 1.00000000 186.00000000
469.00000000 274.00000000 2.00000000 186.00000000
272.00000000 265.00000000 1.00000000 184.00000000
18.00000000 320.00000000 0.00000000 182.00000000
190.00000000 166.00000000 2.00000000 181.00000000
224.00000000 206.00000000 0.00000000 181.00000000
39.00000000 363.00000000 0.00000000 181.00000000
142.00000000 237.00000000 0.00000000 181.00000000
371.00000000 359.00000000 1.00000000 180.00000000
18.00000000 320.00000000 1.00000000 179.00000000
127.00000000 188.00000000 0.00000000 179.00000000
430.00000000 405.00000000 0.00000000 176.00000000
50.00000000 325.00000000 1.00000000 176.00000000
19.00000000 338.00000000 0.00000000 176.00000000
189.00000000 164.00000000 1.00000000 175.00000000
436.00000000 379.00000000 0.00000000 175.00000000
235.00000000 275.00000000 0.00000000 174.00000000
294.00000000 344.00000000 0.00000000 171.00000000
240.00000000 260.00000000 2.00000000 170.00000000
39.00000000 364.00000000 1.00000000 169.00000000
11.00000000 200.00000000 0.00000000 168.00000000
16.00000000 306.00000000 0.00000000 166.00000000
237.00000000 194.00000000 0.00000000 163.00000000
458.00000000 396.00000000 2.00000000 163.00000000
46.00000000 308.00000000 0.00000000 161.00000000
246.00000000 257.00000000 1.00000000 161.00000000
28.00000000 360.00000000 0.00000000 161.00000000
249.00000000 394.00000000 1.00000000 159.00000000
304.00000000 244.00000000 0.00000000 157.00000000
82.00000000 182.00000000 1.00000000 157.00000000
422.00000000 249.00000000 0.00000000 157.00000000
127.00000000 189.00000000 1.00000000 157.00000000
46.00000000 310.00000000 2.00000000 155.00000000
48.00000000 338.00000000 0.00000000 155.00000000
347.00000000 192.00000000 0.00000000 154.00000000
242.00000000 216.00000000 1.00000000 154.00000000
101.00000000 256.00000000 0.00000000 153.00000000
75.00000000 284.00000000 0.00000000 151.00000000
84.00000000 208.00000000 0.00000000 151.00000000
204.00000000 164.00000000 0.00000000 150.00000000
126.00000000 192.00000000 2.00000000 149.00000000
439.00000000 183.00000000 0.00000000 148.00000000
301.00000000 299.00000000 0.00000000 148.00000000
422.00000000 157.00000000 0.00000000 147.00000000
376.00000000 292.00000000 4.00000000 147.00000000
224.00000000 287.00000000 0.00000000 146.00000000
240.00000000 260.00000000 2.00000000 144.00000000
234.00000000 265.00000000 0.00000000 144.00000000
22.00000000 192.00000000 1.00000000 143.00000000
259.00000000 258.00000000 1.00000000 143.00000000
455.00000000 403.00000000 1.00000000 143.00000000
125.00000000 236.00000000 0.00000000 142.00000000
114.00000000 366.00000000 1.00000000 141.00000000
292.00000000 265.00000000 0.00000000 141.00000000
208.00000000 213.00000000 1.00000000 141.00000000
421.00000000 158.00000000 1.00000000 139.00000000
124.00000000 192.00000000 2.00000000 138.00000000
297.00000000 323.00000000 0.00000000 137.00000000
319.00000000 403.00000000 1.00000000 135.00000000
388.00000000 236.00000000 4.00000000 92.00000000
373.00000000 294.00000000 5.00000000 68.00000000
