121.00000000 10.00000000 0.00000000 482.00000000
1559.00000000 341.00000000 1.00000000 375.00000000
1559.00000000 340.00000000 1.00000000 333.00000000
1529.00000000 336.00000000 0.00000000 331.00000000
1529.00000000 337.00000000 1.00000000 326.00000000
1559.00000000 340.00000000 0.00000000 304.00000000
152.00000000 12.00000000 0.00000000 294.00000000
1487.00000000 475.00000000 5.00000000 291.00000000
1484.00000000 472.00000000 4.00000000 276.00000000
1564.00000000 476.00000000 4.00000000 274.00000000
935.00000000 592.00000000 1.00000000 274.00000000
1560.00000000 340.00000000 2.00000000 250.00000000
929.00000000 636.00000000 1.00000000 239.00000000
1564.00000000 472.00000000 2.00000000 236.00000000
929.00000000 635.00000000 1.00000000 231.00000000
1484.00000000 472.00000000 2.00000000 229.00000000
934.00000000 591.00000000 0.00000000 228.00000000
1564.00000000 472.00000000 2.00000000 216.00000000
341.00000000 570.00000000 1.00000000 202.00000000
338.00000000 100.00000000 2.00000000 198.00000000
1728.00000000 480.00000000 2.00000000 195.00000000
929.00000000 634.00000000 0.00000000 194.00000000
339.00000000 98.00000000 1.00000000 193.00000000
1528.00000000 337.00000000 1.00000000 190.00000000
1549.00000000 675.00000000 2.00000000 188.00000000
1486.00000000 470.00000000 2.00000000 186.00000000
354.00000000 572.00000000 1.00000000 186.00000000
930.00000000 636.00000000 2.00000000 185.00000000
528.00000000 104.00000000 2.00000000 184.00000000
991.00000000 879.00000000 1.00000000 183.00000000
340.00000000 569.00000000 0.00000000 182.00000000
934.00000000 592.00000000 1.00000000 180.00000000
854.00000000 822.00000000 1.00000000 178.00000000
1730.00000000 478.00000000 2.00000000 176.00000000
339.00000000 98.00000000 1.00000000 175.00000000
1550.00000000 674.00000000 2.00000000 172.00000000
528.00000000 104.00000000 1.00000000 171.00000000
612.00000000 420.00000000 1.00000000 171.00000000
714.00000000 592.00000000 1.00000000 170.00000000
413.00000000 773.00000000 1.00000000 165.00000000
612.00000000 419.00000000 0.00000000 164.00000000
1564.00000000 470.00000000 1.00000000 164.00000000
651.00000000 738.00000000 0.00000000 164.00000000
990.00000000 878.00000000 0.00000000 163.00000000
743.00000000 776.00000000 1.00000000 161.00000000
743.00000000 775.00000000 0.00000000 161.00000000
714.00000000 592.00000000 1.00000000 161.00000000
854.00000000 822.00000000 0.00000000 160.00000000
530.00000000 104.00000000 1.00000000 159.00000000
652.00000000 738.00000000 1.00000000 158.00000000
989.00000000 879.00000000 1.00000000 158.00000000
1482.00000000 603.00000000 1.00000000 157.00000000
354.00000000 572.00000000 0.00000000 155.00000000
670.00000000 615.00000000 0.00000000 155.00000000
442.00000000 787.00000000 1.00000000 155.00000000
471.00000000 1189.00000000 0.00000000 154.00000000
575.00000000 706.00000000 1.00000000 154.00000000
412.00000000 774.00000000 1.00000000 154.00000000
854.00000000 823.00000000 1.00000000 152.00000000
1146.00000000 1105.00000000 1.00000000 151.00000000
511.00000000 678.00000000 0.00000000 151.00000000
714.00000000 591.00000000 0.00000000 149.00000000
1482.00000000 603.00000000 0.00000000 147.00000000
1145.00000000 1105.00000000 1.00000000 145.00000000
1729.00000000 478.00000000 1.00000000 145.00000000
441.00000000 787.00000000 1.00000000 144.00000000
1487.00000000 468.00000000 1.00000000 143.00000000
1558.00000000 598.00000000 1.00000000 143.00000000
484.00000000 1154.00000000 1.00000000 143.00000000
575.00000000 705.00000000 0.00000000 143.00000000
1465.00000000 813.00000000 1.00000000 143.00000000
574.00000000 707.00000000 1.00000000 142.00000000
511.00000000 678.00000000 1.00000000 142.00000000
531.00000000 104.00000000 0.00000000 140.00000000
1558.00000000 597.00000000 0.00000000 139.00000000
412.00000000 772.00000000 0.00000000 131.00000000
235.00000000 13.00000000 0.00000000 130.00000000
767.00000000 627.00000000 0.00000000 129.00000000
1465.00000000 813.00000000 0.00000000 129.00000000
82.00000000 13.00000000 0.00000000 127.00000000
242.00000000 12.00000000 0.00000000 124.00000000
1565.00000000 469.00000000 1.00000000 124.00000000
929.00000000 654.00000000 0.00000000 122.00000000
929.00000000 656.00000000 1.00000000 121.00000000
130.00000000 13.00000000 0.00000000 117.00000000
1146.00000000 1105.00000000 0.00000000 117.00000000
588.00000000 601.00000000 0.00000000 117.00000000
441.00000000 786.00000000 0.00000000 116.00000000
472.00000000 1190.00000000 1.00000000 116.00000000
578.00000000 936.00000000 1.00000000 111.00000000
484.00000000 1153.00000000 0.00000000 111.00000000
340.00000000 98.00000000 0.00000000 110.00000000
914.00000000 630.00000000 0.00000000 109.00000000
653.00000000 1053.00000000 1.00000000 108.00000000
1542.00000000 796.00000000 1.00000000 106.00000000
462.00000000 883.00000000 0.00000000 106.00000000
164.00000000 375.00000000 1.00000000 106.00000000
1976.00000000 235.00000000 0.00000000 105.00000000
106.00000000 569.00000000 1.00000000 102.00000000
1489.00000000 467.00000000 1.00000000 101.00000000
104.00000000 433.00000000 0.00000000 99.00000000
577.00000000 935.00000000 0.00000000 98.00000000
184.00000000 12.00000000 0.00000000 97.00000000
140.00000000 12.00000000 0.00000000 96.00000000
89.00000000 10.00000000 0.00000000 94.00000000
103.00000000 490.00000000 0.00000000 90.00000000
785.00000000 135.00000000 0.00000000 88.00000000
889.00000000 702.00000000 0.00000000 87.00000000
67.00000000 11.00000000 0.00000000 86.00000000
106.00000000 568.00000000 0.00000000 85.00000000
253.00000000 352.00000000 0.00000000 85.00000000
164.00000000 374.00000000 0.00000000 84.00000000
640.00000000 627.00000000 0.00000000 84.00000000
1059.00000000 907.00000000 0.00000000 84.00000000
188.00000000 322.00000000 0.00000000 83.00000000
190.00000000 12.00000000 0.00000000 83.00000000
460.00000000 794.00000000 0.00000000 83.00000000
1489.00000000 465.00000000 0.00000000 82.00000000
1219.00000000 871.00000000 0.00000000 82.00000000
165.00000000 12.00000000 0.00000000 82.00000000
742.00000000 1118.00000000 0.00000000 81.00000000
1565.00000000 468.00000000 0.00000000 81.00000000
1542.00000000 796.00000000 0.00000000 79.00000000
1180.00000000 1122.00000000 0.00000000 77.00000000
103.00000000 469.00000000 0.00000000 75.00000000
653.00000000 1052.00000000 0.00000000 75.00000000
1173.00000000 1211.00000000 0.00000000 74.00000000
