121.00000000 10.00000000 0.00000000 405.00000000
1529.00000000 337.00000000 1.00000000 403.00000000
1487.00000000 480.00000000 5.00000000 402.00000000
1564.00000000 476.00000000 4.00000000 390.00000000
1529.00000000 335.00000000 0.00000000 382.00000000
1564.00000000 475.00000000 2.00000000 350.00000000
1565.00000000 470.00000000 1.00000000 348.00000000
1488.00000000 476.00000000 4.00000000 347.00000000
1566.00000000 472.00000000 2.00000000 346.00000000
1405.00000000 330.00000000 0.00000000 344.00000000
352.00000000 572.00000000 0.00000000 317.00000000
1565.00000000 470.00000000 1.00000000 310.00000000
1489.00000000 467.00000000 1.00000000 310.00000000
1730.00000000 480.00000000 2.00000000 302.00000000
1405.00000000 330.00000000 1.00000000 297.00000000
1487.00000000 472.00000000 2.00000000 294.00000000
1528.00000000 336.00000000 1.00000000 285.00000000
1489.00000000 468.00000000 1.00000000 283.00000000
1489.00000000 466.00000000 0.00000000 271.00000000
1488.00000000 470.00000000 2.00000000 269.00000000
353.00000000 572.00000000 1.00000000 269.00000000
1731.00000000 477.00000000 1.00000000 266.00000000
1730.00000000 478.00000000 1.00000000 265.00000000
1730.00000000 480.00000000 2.00000000 263.00000000
1565.00000000 469.00000000 0.00000000 259.00000000
152.00000000 12.00000000 0.00000000 254.00000000
640.00000000 627.00000000 0.00000000 252.00000000
589.00000000 601.00000000 0.00000000 250.00000000
1481.00000000 603.00000000 0.00000000 246.00000000
1481.00000000 603.00000000 1.00000000 239.00000000
1730.00000000 477.00000000 0.00000000 237.00000000
1406.00000000 339.00000000 1.00000000 220.00000000
1405.00000000 339.00000000 0.00000000 213.00000000
935.00000000 592.00000000 1.00000000 203.00000000
209.00000000 12.00000000 0.00000000 200.00000000
929.00000000 635.00000000 1.00000000 200.00000000
1558.00000000 340.00000000 0.00000000 196.00000000
1405.00000000 339.00000000 2.00000000 196.00000000
243.00000000 14.00000000 0.00000000 192.00000000
929.00000000 636.00000000 1.00000000 190.00000000
1558.00000000 597.00000000 1.00000000 190.00000000
1558.00000000 341.00000000 1.00000000 189.00000000
338.00000000 100.00000000 2.00000000 188.00000000
929.00000000 634.00000000 0.00000000 187.00000000
1558.00000000 597.00000000 0.00000000 180.00000000
714.00000000 592.00000000 1.00000000 179.00000000
1482.00000000 602.00000000 1.00000000 177.00000000
1406.00000000 338.00000000 2.00000000 177.00000000
822.00000000 649.00000000 0.00000000 171.00000000
640.00000000 628.00000000 1.00000000 170.00000000
464.00000000 1191.00000000 0.00000000 165.00000000
934.00000000 592.00000000 0.00000000 163.00000000
714.00000000 592.00000000 1.00000000 163.00000000
714.00000000 591.00000000 0.00000000 159.00000000
339.00000000 98.00000000 1.00000000 157.00000000
588.00000000 600.00000000 1.00000000 157.00000000
130.00000000 847.00000000 1.00000000 156.00000000
1405.00000000 330.00000000 1.00000000 155.00000000
472.00000000 1189.00000000 0.00000000 155.00000000
930.00000000 636.00000000 2.00000000 148.00000000
641.00000000 639.00000000 0.00000000 146.00000000
610.00000000 426.00000000 2.00000000 145.00000000
1470.00000000 906.00000000 2.00000000 144.00000000
613.00000000 420.00000000 0.00000000 144.00000000
114.00000000 849.00000000 1.00000000 143.00000000
934.00000000 592.00000000 1.00000000 140.00000000
717.00000000 644.00000000 0.00000000 137.00000000
352.00000000 572.00000000 1.00000000 128.00000000
1465.00000000 813.00000000 1.00000000 127.00000000
612.00000000 420.00000000 1.00000000 126.00000000
1558.00000000 340.00000000 1.00000000 125.00000000
1542.00000000 796.00000000 0.00000000 124.00000000
854.00000000 822.00000000 1.00000000 123.00000000
182.00000000 895.00000000 0.00000000 123.00000000
610.00000000 422.00000000 1.00000000 122.00000000
182.00000000 895.00000000 1.00000000 121.00000000
472.00000000 1190.00000000 1.00000000 120.00000000
1219.00000000 871.00000000 1.00000000 120.00000000
221.00000000 1404.00000000 1.00000000 119.00000000
1558.00000000 596.00000000 1.00000000 118.00000000
1470.00000000 902.00000000 1.00000000 116.00000000
1724.00000000 587.00000000 0.00000000 116.00000000
854.00000000 821.00000000 0.00000000 116.00000000
1542.00000000 796.00000000 1.00000000 116.00000000
653.00000000 1055.00000000 1.00000000 114.00000000
743.00000000 775.00000000 0.00000000 111.00000000
743.00000000 775.00000000 1.00000000 110.00000000
221.00000000 1403.00000000 0.00000000 109.00000000
340.00000000 569.00000000 0.00000000 108.00000000
670.00000000 615.00000000 0.00000000 108.00000000
512.00000000 678.00000000 1.00000000 108.00000000
991.00000000 879.00000000 1.00000000 107.00000000
822.00000000 649.00000000 1.00000000 107.00000000
929.00000000 654.00000000 0.00000000 107.00000000
1465.00000000 812.00000000 0.00000000 107.00000000
1219.00000000 871.00000000 0.00000000 106.00000000
990.00000000 878.00000000 0.00000000 105.00000000
82.00000000 13.00000000 0.00000000 104.00000000
106.00000000 569.00000000 1.00000000 104.00000000
484.00000000 1153.00000000 1.00000000 103.00000000
130.00000000 13.00000000 0.00000000 103.00000000
1724.00000000 587.00000000 1.00000000 102.00000000
823.00000000 656.00000000 0.00000000 102.00000000
1976.00000000 235.00000000 0.00000000 101.00000000
582.00000000 621.00000000 0.00000000 100.00000000
511.00000000 678.00000000 0.00000000 99.00000000
651.00000000 737.00000000 0.00000000 99.00000000
113.00000000 849.00000000 0.00000000 99.00000000
103.00000000 490.00000000 0.00000000 97.00000000
190.00000000 1454.00000000 0.00000000 97.00000000
106.00000000 568.00000000 0.00000000 94.00000000
640.00000000 618.00000000 0.00000000 90.00000000
144.00000000 847.00000000 0.00000000 90.00000000
168.00000000 896.00000000 0.00000000 88.00000000
484.00000000 1153.00000000 0.00000000 86.00000000
67.00000000 11.00000000 0.00000000 85.00000000
761.00000000 651.00000000 0.00000000 82.00000000
156.00000000 900.00000000 0.00000000 82.00000000
483.00000000 350.00000000 0.00000000 82.00000000
164.00000000 374.00000000 0.00000000 81.00000000
89.00000000 10.00000000 0.00000000 80.00000000
130.00000000 847.00000000 0.00000000 79.00000000
104.00000000 433.00000000 0.00000000 79.00000000
140.00000000 12.00000000 0.00000000 79.00000000
528.00000000 603.00000000 0.00000000 78.00000000
184.00000000 12.00000000 0.00000000 78.00000000
768.00000000 627.00000000 0.00000000 78.00000000
