1529.00000000 337.00000000 1.00000000 534.00000000
1529.00000000 336.00000000 0.00000000 534.00000000
605.00000000 435.00000000 5.00000000 427.00000000
934.00000000 592.00000000 0.00000000 426.00000000
121.00000000 10.00000000 0.00000000 396.00000000
1559.00000000 341.00000000 1.00000000 394.00000000
340.00000000 569.00000000 0.00000000 379.00000000
608.00000000 432.00000000 4.00000000 365.00000000
1560.00000000 476.00000000 4.00000000 359.00000000
934.00000000 593.00000000 1.00000000 356.00000000
353.00000000 572.00000000 1.00000000 344.00000000
1559.00000000 340.00000000 1.00000000 331.00000000
353.00000000 572.00000000 0.00000000 324.00000000
1559.00000000 340.00000000 0.00000000 321.00000000
1528.00000000 336.00000000 1.00000000 306.00000000
341.00000000 570.00000000 1.00000000 305.00000000
608.00000000 427.00000000 2.00000000 300.00000000
1728.00000000 480.00000000 2.00000000 299.00000000
714.00000000 592.00000000 1.00000000 290.00000000
929.00000000 636.00000000 1.00000000 279.00000000
1561.00000000 475.00000000 2.00000000 274.00000000
929.00000000 635.00000000 1.00000000 272.00000000
1484.00000000 472.00000000 2.00000000 267.00000000
104.00000000 569.00000000 1.00000000 265.00000000
713.00000000 591.00000000 0.00000000 265.00000000
104.00000000 572.00000000 2.00000000 264.00000000
152.00000000 12.00000000 0.00000000 260.00000000
1481.00000000 603.00000000 0.00000000 259.00000000
654.00000000 1056.00000000 2.00000000 258.00000000
1481.00000000 603.00000000 1.00000000 256.00000000
714.00000000 592.00000000 1.00000000 249.00000000
1780.00000000 482.00000000 2.00000000 248.00000000
1564.00000000 472.00000000 2.00000000 246.00000000
1560.00000000 340.00000000 2.00000000 245.00000000
105.00000000 569.00000000 1.00000000 241.00000000
929.00000000 634.00000000 0.00000000 238.00000000
1550.00000000 674.00000000 2.00000000 235.00000000
610.00000000 426.00000000 2.00000000 232.00000000
1728.00000000 480.00000000 2.00000000 230.00000000
1558.00000000 597.00000000 0.00000000 223.00000000
654.00000000 1055.00000000 1.00000000 221.00000000
934.00000000 592.00000000 1.00000000 221.00000000
353.00000000 572.00000000 1.00000000 218.00000000
106.00000000 568.00000000 0.00000000 217.00000000
1558.00000000 598.00000000 1.00000000 215.00000000
1219.00000000 871.00000000 0.00000000 206.00000000
1219.00000000 872.00000000 1.00000000 205.00000000
589.00000000 601.00000000 0.00000000 204.00000000
670.00000000 616.00000000 0.00000000 203.00000000
1465.00000000 813.00000000 1.00000000 201.00000000
72.00000000 572.00000000 1.00000000 198.00000000
538.00000000 603.00000000 0.00000000 195.00000000
1779.00000000 480.00000000 1.00000000 195.00000000
1542.00000000 796.00000000 1.00000000 191.00000000
1729.00000000 478.00000000 1.00000000 189.00000000
1465.00000000 813.00000000 0.00000000 189.00000000
859.00000000 1055.00000000 1.00000000 187.00000000
1813.00000000 483.00000000 1.00000000 187.00000000
861.00000000 1226.00000000 1.00000000 186.00000000
1564.00000000 470.00000000 1.00000000 183.00000000
442.00000000 787.00000000 1.00000000 183.00000000
1344.00000000 844.00000000 0.00000000 183.00000000
255.00000000 595.00000000 1.00000000 182.00000000
610.00000000 422.00000000 1.00000000 182.00000000
1716.00000000 651.00000000 1.00000000 181.00000000
471.00000000 1189.00000000 0.00000000 178.00000000
1345.00000000 845.00000000 1.00000000 175.00000000
679.00000000 620.00000000 0.00000000 173.00000000
484.00000000 1153.00000000 1.00000000 163.00000000
1542.00000000 795.00000000 0.00000000 161.00000000
860.00000000 1226.00000000 0.00000000 160.00000000
670.00000000 617.00000000 1.00000000 159.00000000
72.00000000 572.00000000 1.00000000 158.00000000
512.00000000 678.00000000 1.00000000 157.00000000
164.00000000 375.00000000 1.00000000 157.00000000
1406.00000000 339.00000000 0.00000000 155.00000000
472.00000000 1190.00000000 1.00000000 153.00000000
612.00000000 419.00000000 0.00000000 152.00000000
612.00000000 420.00000000 1.00000000 152.00000000
413.00000000 773.00000000 1.00000000 151.00000000
257.00000000 484.00000000 1.00000000 151.00000000
1406.00000000 339.00000000 1.00000000 150.00000000
253.00000000 354.00000000 1.00000000 149.00000000
257.00000000 595.00000000 1.00000000 147.00000000
654.00000000 1053.00000000 1.00000000 145.00000000
1813.00000000 482.00000000 1.00000000 142.00000000
164.00000000 607.00000000 0.00000000 139.00000000
441.00000000 786.00000000 0.00000000 139.00000000
553.00000000 608.00000000 1.00000000 137.00000000
253.00000000 353.00000000 0.00000000 136.00000000
243.00000000 12.00000000 0.00000000 136.00000000
975.00000000 749.00000000 0.00000000 136.00000000
1897.00000000 295.00000000 0.00000000 136.00000000
103.00000000 490.00000000 0.00000000 131.00000000
1709.00000000 757.00000000 0.00000000 130.00000000
554.00000000 608.00000000 0.00000000 130.00000000
164.00000000 374.00000000 0.00000000 130.00000000
672.00000000 605.00000000 0.00000000 130.00000000
789.00000000 1356.00000000 0.00000000 128.00000000
197.00000000 306.00000000 0.00000000 127.00000000
990.00000000 878.00000000 0.00000000 127.00000000
859.00000000 712.00000000 0.00000000 123.00000000
859.00000000 1053.00000000 0.00000000 122.00000000
1243.00000000 815.00000000 0.00000000 119.00000000
973.00000000 1281.00000000 0.00000000 119.00000000
1193.00000000 858.00000000 0.00000000 118.00000000
756.00000000 197.00000000 0.00000000 118.00000000
485.00000000 1152.00000000 0.00000000 118.00000000
823.00000000 666.00000000 0.00000000 116.00000000
929.00000000 654.00000000 0.00000000 116.00000000
620.00000000 1218.00000000 0.00000000 114.00000000
413.00000000 772.00000000 0.00000000 114.00000000
511.00000000 678.00000000 0.00000000 113.00000000
653.00000000 1052.00000000 0.00000000 113.00000000
1724.00000000 587.00000000 0.00000000 112.00000000
914.00000000 630.00000000 0.00000000 112.00000000
854.00000000 821.00000000 0.00000000 111.00000000
770.00000000 620.00000000 0.00000000 109.00000000
1475.00000000 679.00000000 0.00000000 106.00000000
640.00000000 618.00000000 0.00000000 106.00000000
1180.00000000 1121.00000000 0.00000000 106.00000000
257.00000000 483.00000000 0.00000000 106.00000000
103.00000000 469.00000000 0.00000000 105.00000000
82.00000000 13.00000000 0.00000000 105.00000000
733.00000000 200.00000000 0.00000000 104.00000000
1813.00000000 481.00000000 0.00000000 104.00000000
1405.00000000 328.00000000 0.00000000 104.00000000
