1559.00000000 341.00000000 1.00000000 486.00000000
121.00000000 10.00000000 0.00000000 468.00000000
1559.00000000 340.00000000 1.00000000 427.00000000
1559.00000000 340.00000000 0.00000000 387.00000000
935.00000000 592.00000000 1.00000000 365.00000000
1529.00000000 336.00000000 0.00000000 348.00000000
934.00000000 591.00000000 0.00000000 341.00000000
243.00000000 10.00000000 0.00000000 326.00000000
1529.00000000 337.00000000 1.00000000 325.00000000
1560.00000000 340.00000000 2.00000000 316.00000000
152.00000000 12.00000000 0.00000000 297.00000000
929.00000000 635.00000000 1.00000000 295.00000000
1488.00000000 472.00000000 4.00000000 293.00000000
1487.00000000 475.00000000 5.00000000 291.00000000
929.00000000 636.00000000 1.00000000 286.00000000
1472.00000000 688.00000000 4.00000000 281.00000000
1564.00000000 472.00000000 2.00000000 265.00000000
341.00000000 570.00000000 1.00000000 259.00000000
929.00000000 634.00000000 0.00000000 251.00000000
341.00000000 569.00000000 0.00000000 250.00000000
1487.00000000 469.00000000 2.00000000 246.00000000
1564.00000000 472.00000000 2.00000000 246.00000000
714.00000000 592.00000000 1.00000000 243.00000000
484.00000000 1153.00000000 1.00000000 239.00000000
354.00000000 572.00000000 1.00000000 229.00000000
1558.00000000 339.00000000 2.00000000 229.00000000
934.00000000 592.00000000 1.00000000 226.00000000
651.00000000 737.00000000 0.00000000 223.00000000
930.00000000 636.00000000 2.00000000 222.00000000
1549.00000000 675.00000000 2.00000000 220.00000000
854.00000000 822.00000000 1.00000000 218.00000000
714.00000000 591.00000000 0.00000000 213.00000000
1730.00000000 478.00000000 2.00000000 210.00000000
714.00000000 592.00000000 1.00000000 209.00000000
1550.00000000 674.00000000 2.00000000 207.00000000
854.00000000 821.00000000 0.00000000 207.00000000
1488.00000000 468.00000000 2.00000000 206.00000000
164.00000000 376.00000000 1.00000000 206.00000000
1780.00000000 482.00000000 2.00000000 205.00000000
991.00000000 879.00000000 1.00000000 204.00000000
743.00000000 775.00000000 0.00000000 202.00000000
471.00000000 1189.00000000 0.00000000 200.00000000
990.00000000 878.00000000 0.00000000 199.00000000
164.00000000 375.00000000 1.00000000 197.00000000
743.00000000 776.00000000 1.00000000 197.00000000
485.00000000 1153.00000000 0.00000000 194.00000000
575.00000000 706.00000000 1.00000000 194.00000000
1564.00000000 470.00000000 1.00000000 191.00000000
612.00000000 419.00000000 0.00000000 190.00000000
354.00000000 571.00000000 0.00000000 190.00000000
989.00000000 879.00000000 1.00000000 189.00000000
652.00000000 738.00000000 1.00000000 188.00000000
511.00000000 678.00000000 1.00000000 185.00000000
1470.00000000 906.00000000 2.00000000 185.00000000
612.00000000 420.00000000 1.00000000 183.00000000
670.00000000 615.00000000 0.00000000 183.00000000
1482.00000000 603.00000000 1.00000000 182.00000000
1528.00000000 336.00000000 1.00000000 180.00000000
1729.00000000 478.00000000 1.00000000 177.00000000
1146.00000000 1105.00000000 1.00000000 177.00000000
483.00000000 1153.00000000 1.00000000 176.00000000
1482.00000000 603.00000000 0.00000000 176.00000000
1145.00000000 1105.00000000 1.00000000 174.00000000
511.00000000 678.00000000 0.00000000 174.00000000
854.00000000 823.00000000 1.00000000 173.00000000
1465.00000000 812.00000000 1.00000000 173.00000000
575.00000000 705.00000000 0.00000000 171.00000000
742.00000000 776.00000000 1.00000000 169.00000000
653.00000000 1055.00000000 1.00000000 168.00000000
1487.00000000 468.00000000 1.00000000 168.00000000
574.00000000 707.00000000 1.00000000 167.00000000
530.00000000 104.00000000 1.00000000 167.00000000
164.00000000 374.00000000 0.00000000 163.00000000
1565.00000000 469.00000000 1.00000000 160.00000000
1558.00000000 597.00000000 1.00000000 158.00000000
1558.00000000 597.00000000 0.00000000 157.00000000
1465.00000000 812.00000000 0.00000000 155.00000000
462.00000000 883.00000000 0.00000000 153.00000000
472.00000000 1190.00000000 1.00000000 150.00000000
1542.00000000 796.00000000 1.00000000 148.00000000
531.00000000 103.00000000 0.00000000 147.00000000
1180.00000000 1122.00000000 0.00000000 147.00000000
767.00000000 627.00000000 0.00000000 144.00000000
929.00000000 654.00000000 0.00000000 144.00000000
756.00000000 197.00000000 0.00000000 142.00000000
929.00000000 655.00000000 1.00000000 139.00000000
1489.00000000 466.00000000 1.00000000 136.00000000
462.00000000 884.00000000 1.00000000 135.00000000
588.00000000 601.00000000 0.00000000 133.00000000
1181.00000000 1122.00000000 1.00000000 133.00000000
578.00000000 936.00000000 1.00000000 132.00000000
653.00000000 1053.00000000 1.00000000 131.00000000
889.00000000 701.00000000 0.00000000 130.00000000
106.00000000 569.00000000 1.00000000 129.00000000
1730.00000000 477.00000000 1.00000000 129.00000000
1146.00000000 1105.00000000 0.00000000 129.00000000
577.00000000 935.00000000 0.00000000 126.00000000
82.00000000 13.00000000 0.00000000 123.00000000
1542.00000000 795.00000000 0.00000000 122.00000000
253.00000000 352.00000000 0.00000000 122.00000000
1565.00000000 468.00000000 0.00000000 121.00000000
748.00000000 197.00000000 0.00000000 120.00000000
106.00000000 567.00000000 0.00000000 118.00000000
130.00000000 13.00000000 0.00000000 117.00000000
1489.00000000 465.00000000 0.00000000 115.00000000
478.00000000 1164.00000000 0.00000000 115.00000000
1976.00000000 234.00000000 0.00000000 110.00000000
683.00000000 207.00000000 0.00000000 110.00000000
103.00000000 433.00000000 0.00000000 108.00000000
103.00000000 490.00000000 0.00000000 108.00000000
731.00000000 1284.00000000 0.00000000 108.00000000
512.00000000 748.00000000 0.00000000 107.00000000
511.00000000 732.00000000 0.00000000 106.00000000
716.00000000 1316.00000000 0.00000000 105.00000000
785.00000000 135.00000000 0.00000000 104.00000000
761.00000000 651.00000000 0.00000000 103.00000000
412.00000000 772.00000000 0.00000000 103.00000000
235.00000000 12.00000000 0.00000000 102.00000000
1173.00000000 1209.00000000 0.00000000 102.00000000
848.00000000 1061.00000000 0.00000000 102.00000000
218.00000000 13.00000000 0.00000000 101.00000000
1158.00000000 947.00000000 0.00000000 101.00000000
462.00000000 901.00000000 0.00000000 98.00000000
790.00000000 1356.00000000 0.00000000 98.00000000
140.00000000 12.00000000 0.00000000 96.00000000
653.00000000 1052.00000000 0.00000000 95.00000000
1709.00000000 757.00000000 0.00000000 95.00000000
