1529.00000000 337.00000000 1.00000000 488.00000000
1529.00000000 336.00000000 0.00000000 464.00000000
121.00000000 10.00000000 0.00000000 424.00000000
605.00000000 435.00000000 5.00000000 409.00000000
608.00000000 432.00000000 4.00000000 363.00000000
1559.00000000 341.00000000 1.00000000 357.00000000
1560.00000000 476.00000000 4.00000000 354.00000000
934.00000000 592.00000000 0.00000000 302.00000000
608.00000000 427.00000000 2.00000000 299.00000000
1559.00000000 340.00000000 1.00000000 299.00000000
1728.00000000 480.00000000 2.00000000 294.00000000
1528.00000000 336.00000000 1.00000000 290.00000000
1559.00000000 340.00000000 0.00000000 288.00000000
353.00000000 572.00000000 1.00000000 287.00000000
340.00000000 569.00000000 0.00000000 286.00000000
353.00000000 572.00000000 0.00000000 274.00000000
1564.00000000 475.00000000 2.00000000 272.00000000
152.00000000 12.00000000 0.00000000 268.00000000
934.00000000 593.00000000 1.00000000 261.00000000
1484.00000000 472.00000000 2.00000000 259.00000000
1564.00000000 472.00000000 2.00000000 257.00000000
1219.00000000 871.00000000 0.00000000 249.00000000
714.00000000 592.00000000 1.00000000 245.00000000
1219.00000000 872.00000000 1.00000000 242.00000000
1481.00000000 603.00000000 0.00000000 242.00000000
1780.00000000 482.00000000 2.00000000 240.00000000
1730.00000000 480.00000000 2.00000000 240.00000000
341.00000000 570.00000000 1.00000000 239.00000000
1481.00000000 603.00000000 1.00000000 238.00000000
929.00000000 636.00000000 1.00000000 233.00000000
610.00000000 426.00000000 2.00000000 233.00000000
714.00000000 591.00000000 0.00000000 229.00000000
929.00000000 635.00000000 1.00000000 223.00000000
1560.00000000 340.00000000 2.00000000 222.00000000
1550.00000000 674.00000000 2.00000000 220.00000000
714.00000000 592.00000000 1.00000000 214.00000000
654.00000000 1058.00000000 2.00000000 213.00000000
1716.00000000 654.00000000 2.00000000 206.00000000
1565.00000000 470.00000000 1.00000000 203.00000000
1558.00000000 597.00000000 0.00000000 202.00000000
1558.00000000 597.00000000 1.00000000 199.00000000
929.00000000 634.00000000 0.00000000 198.00000000
1729.00000000 478.00000000 1.00000000 197.00000000
670.00000000 616.00000000 0.00000000 194.00000000
1780.00000000 480.00000000 1.00000000 189.00000000
1219.00000000 873.00000000 1.00000000 188.00000000
1565.00000000 469.00000000 1.00000000 181.00000000
610.00000000 422.00000000 1.00000000 180.00000000
104.00000000 569.00000000 1.00000000 174.00000000
353.00000000 572.00000000 1.00000000 174.00000000
1465.00000000 813.00000000 1.00000000 171.00000000
934.00000000 592.00000000 1.00000000 171.00000000
588.00000000 601.00000000 0.00000000 170.00000000
1716.00000000 651.00000000 1.00000000 166.00000000
1482.00000000 602.00000000 1.00000000 164.00000000
1465.00000000 812.00000000 0.00000000 163.00000000
105.00000000 569.00000000 1.00000000 163.00000000
612.00000000 420.00000000 1.00000000 163.00000000
612.00000000 420.00000000 0.00000000 163.00000000
640.00000000 627.00000000 0.00000000 162.00000000
654.00000000 1055.00000000 1.00000000 161.00000000
670.00000000 617.00000000 1.00000000 161.00000000
1487.00000000 468.00000000 1.00000000 159.00000000
471.00000000 1189.00000000 0.00000000 158.00000000
672.00000000 605.00000000 0.00000000 158.00000000
859.00000000 1055.00000000 1.00000000 157.00000000
538.00000000 603.00000000 0.00000000 155.00000000
1730.00000000 477.00000000 1.00000000 155.00000000
243.00000000 12.00000000 0.00000000 152.00000000
472.00000000 1190.00000000 1.00000000 148.00000000
1406.00000000 339.00000000 1.00000000 148.00000000
106.00000000 568.00000000 0.00000000 147.00000000
553.00000000 608.00000000 1.00000000 144.00000000
861.00000000 1226.00000000 1.00000000 144.00000000
1405.00000000 339.00000000 0.00000000 142.00000000
1542.00000000 796.00000000 1.00000000 141.00000000
679.00000000 620.00000000 0.00000000 141.00000000
1193.00000000 858.00000000 0.00000000 141.00000000
1565.00000000 468.00000000 0.00000000 139.00000000
1471.00000000 900.00000000 1.00000000 137.00000000
554.00000000 608.00000000 0.00000000 136.00000000
1194.00000000 859.00000000 1.00000000 136.00000000
512.00000000 678.00000000 1.00000000 130.00000000
640.00000000 628.00000000 1.00000000 128.00000000
1489.00000000 467.00000000 1.00000000 128.00000000
484.00000000 1153.00000000 1.00000000 128.00000000
1780.00000000 480.00000000 1.00000000 127.00000000
1724.00000000 587.00000000 0.00000000 126.00000000
164.00000000 375.00000000 1.00000000 126.00000000
1405.00000000 328.00000000 0.00000000 126.00000000
253.00000000 354.00000000 1.00000000 126.00000000
1405.00000000 329.00000000 1.00000000 123.00000000
103.00000000 490.00000000 0.00000000 123.00000000
1542.00000000 796.00000000 0.00000000 117.00000000
990.00000000 878.00000000 0.00000000 115.00000000
253.00000000 353.00000000 0.00000000 114.00000000
1475.00000000 679.00000000 0.00000000 112.00000000
1344.00000000 844.00000000 0.00000000 111.00000000
1709.00000000 757.00000000 0.00000000 110.00000000
1897.00000000 295.00000000 0.00000000 109.00000000
756.00000000 197.00000000 0.00000000 109.00000000
164.00000000 607.00000000 0.00000000 108.00000000
130.00000000 13.00000000 0.00000000 108.00000000
82.00000000 13.00000000 0.00000000 108.00000000
103.00000000 433.00000000 0.00000000 108.00000000
1489.00000000 465.00000000 0.00000000 108.00000000
824.00000000 666.00000000 0.00000000 107.00000000
235.00000000 13.00000000 0.00000000 105.00000000
1730.00000000 476.00000000 0.00000000 103.00000000
164.00000000 374.00000000 0.00000000 102.00000000
546.00000000 500.00000000 0.00000000 102.00000000
733.00000000 200.00000000 0.00000000 102.00000000
929.00000000 654.00000000 0.00000000 102.00000000
464.00000000 1191.00000000 0.00000000 101.00000000
973.00000000 1281.00000000 0.00000000 101.00000000
853.00000000 821.00000000 0.00000000 100.00000000
860.00000000 1226.00000000 0.00000000 100.00000000
859.00000000 1053.00000000 0.00000000 98.00000000
621.00000000 1218.00000000 0.00000000 97.00000000
748.00000000 197.00000000 0.00000000 96.00000000
413.00000000 772.00000000 0.00000000 96.00000000
597.00000000 1197.00000000 0.00000000 95.00000000
640.00000000 618.00000000 0.00000000 94.00000000
649.00000000 597.00000000 0.00000000 94.00000000
1243.00000000 814.00000000 0.00000000 93.00000000
484.00000000 1153.00000000 0.00000000 92.00000000
218.00000000 13.00000000 0.00000000 91.00000000
