30.00000000 366.00000000 2.00000000 718.00000000
68.00000000 366.00000000 2.00000000 715.00000000
69.00000000 260.00000000 1.00000000 700.00000000
30.00000000 262.00000000 2.00000000 675.00000000
68.00000000 260.00000000 2.00000000 646.00000000
31.00000000 260.00000000 1.00000000 641.00000000
120.00000000 366.00000000 2.00000000 639.00000000
67.00000000 364.00000000 1.00000000 634.00000000
70.00000000 259.00000000 1.00000000 628.00000000
289.00000000 284.00000000 1.00000000 611.00000000
288.00000000 284.00000000 1.00000000 610.00000000
120.00000000 262.00000000 2.00000000 609.00000000
121.00000000 260.00000000 1.00000000 603.00000000
31.00000000 260.00000000 1.00000000 598.00000000
29.00000000 364.00000000 1.00000000 576.00000000
122.00000000 260.00000000 1.00000000 576.00000000
121.00000000 363.00000000 1.00000000 573.00000000
69.00000000 363.00000000 1.00000000 572.00000000
414.00000000 346.00000000 0.00000000 561.00000000
289.00000000 381.00000000 1.00000000 556.00000000
67.00000000 367.00000000 2.00000000 554.00000000
524.00000000 280.00000000 1.00000000 554.00000000
118.00000000 367.00000000 2.00000000 552.00000000
122.00000000 362.00000000 1.00000000 528.00000000
523.00000000 281.00000000 1.00000000 521.00000000
290.00000000 380.00000000 1.00000000 518.00000000
20.00000000 531.00000000 1.00000000 517.00000000
188.00000000 532.00000000 0.00000000 513.00000000
525.00000000 383.00000000 1.00000000 507.00000000
344.00000000 381.00000000 1.00000000 506.00000000
344.00000000 282.00000000 1.00000000 503.00000000
31.00000000 363.00000000 1.00000000 495.00000000
343.00000000 381.00000000 1.00000000 484.00000000
524.00000000 383.00000000 1.00000000 483.00000000
280.00000000 296.00000000 4.00000000 476.00000000
187.00000000 533.00000000 1.00000000 470.00000000
414.00000000 447.00000000 1.00000000 469.00000000
126.00000000 335.00000000 1.00000000 463.00000000
344.00000000 282.00000000 0.00000000 462.00000000
288.00000000 286.00000000 2.00000000 459.00000000
70.00000000 258.00000000 0.00000000 456.00000000
284.00000000 392.00000000 4.00000000 450.00000000
69.00000000 362.00000000 0.00000000 447.00000000
124.00000000 448.00000000 2.00000000 443.00000000
289.00000000 283.00000000 0.00000000 437.00000000
122.00000000 362.00000000 0.00000000 431.00000000
285.00000000 210.00000000 1.00000000 428.00000000
524.00000000 280.00000000 0.00000000 423.00000000
126.00000000 334.00000000 0.00000000 411.00000000
122.00000000 259.00000000 0.00000000 411.00000000
519.00000000 205.00000000 1.00000000 408.00000000
67.00000000 260.00000000 2.00000000 406.00000000
31.00000000 259.00000000 0.00000000 405.00000000
415.00000000 448.00000000 0.00000000 395.00000000
286.00000000 209.00000000 1.00000000 395.00000000
414.00000000 346.00000000 1.00000000 393.00000000
520.00000000 203.00000000 1.00000000 388.00000000
380.00000000 223.00000000 0.00000000 387.00000000
290.00000000 380.00000000 0.00000000 386.00000000
20.00000000 531.00000000 0.00000000 386.00000000
121.00000000 449.00000000 2.00000000 386.00000000
31.00000000 362.00000000 0.00000000 386.00000000
125.00000000 444.00000000 0.00000000 381.00000000
344.00000000 380.00000000 0.00000000 380.00000000
499.00000000 223.00000000 0.00000000 380.00000000
268.00000000 228.00000000 0.00000000 379.00000000
277.00000000 516.00000000 0.00000000 377.00000000
200.00000000 292.00000000 1.00000000 376.00000000
520.00000000 294.00000000 5.00000000 374.00000000
267.00000000 317.00000000 0.00000000 368.00000000
125.00000000 445.00000000 1.00000000 367.00000000
124.00000000 446.00000000 1.00000000 366.00000000
525.00000000 382.00000000 0.00000000 365.00000000
323.00000000 228.00000000 1.00000000 360.00000000
412.00000000 222.00000000 0.00000000 356.00000000
322.00000000 318.00000000 1.00000000 352.00000000
343.00000000 282.00000000 1.00000000 352.00000000
322.00000000 318.00000000 0.00000000 350.00000000
323.00000000 226.00000000 0.00000000 350.00000000
282.00000000 539.00000000 0.00000000 347.00000000
381.00000000 315.00000000 0.00000000 346.00000000
200.00000000 292.00000000 0.00000000 343.00000000
413.00000000 314.00000000 0.00000000 339.00000000
323.00000000 415.00000000 1.00000000 337.00000000
323.00000000 414.00000000 0.00000000 337.00000000
126.00000000 436.00000000 0.00000000 335.00000000
125.00000000 335.00000000 1.00000000 328.00000000
287.00000000 208.00000000 0.00000000 324.00000000
75.00000000 519.00000000 0.00000000 323.00000000
512.00000000 316.00000000 1.00000000 321.00000000
178.00000000 216.00000000 0.00000000 320.00000000
210.00000000 509.00000000 0.00000000 319.00000000
377.00000000 446.00000000 0.00000000 317.00000000
78.00000000 334.00000000 0.00000000 313.00000000
499.00000000 316.00000000 0.00000000 313.00000000
427.00000000 448.00000000 0.00000000 310.00000000
380.00000000 224.00000000 1.00000000 310.00000000
414.00000000 418.00000000 1.00000000 308.00000000
519.00000000 202.00000000 0.00000000 306.00000000
499.00000000 317.00000000 1.00000000 305.00000000
268.00000000 413.00000000 0.00000000 305.00000000
271.00000000 528.00000000 1.00000000 305.00000000
282.00000000 540.00000000 1.00000000 303.00000000
268.00000000 318.00000000 1.00000000 301.00000000
268.00000000 229.00000000 1.00000000 295.00000000
65.00000000 195.00000000 0.00000000 294.00000000
176.00000000 199.00000000 0.00000000 290.00000000
414.00000000 417.00000000 0.00000000 281.00000000
381.00000000 417.00000000 0.00000000 267.00000000
324.00000000 444.00000000 0.00000000 260.00000000
336.00000000 444.00000000 0.00000000 256.00000000
124.00000000 325.00000000 0.00000000 254.00000000
271.00000000 527.00000000 0.00000000 254.00000000
513.00000000 316.00000000 0.00000000 245.00000000
124.00000000 428.00000000 0.00000000 243.00000000
10.00000000 197.00000000 0.00000000 241.00000000
426.00000000 222.00000000 0.00000000 240.00000000
393.00000000 113.00000000 0.00000000 230.00000000
388.00000000 346.00000000 0.00000000 227.00000000
70.00000000 306.00000000 0.00000000 226.00000000
393.00000000 222.00000000 0.00000000 225.00000000
287.00000000 297.00000000 0.00000000 222.00000000
281.00000000 228.00000000 0.00000000 216.00000000
48.00000000 449.00000000 0.00000000 216.00000000
398.00000000 106.00000000 0.00000000 213.00000000
513.00000000 223.00000000 0.00000000 210.00000000
501.00000000 448.00000000 0.00000000 207.00000000
