120.00000000 366.00000000 2.00000000 529.00000000
120.00000000 262.00000000 2.00000000 528.00000000
30.00000000 262.00000000 2.00000000 517.00000000
121.00000000 261.00000000 1.00000000 504.00000000
30.00000000 366.00000000 2.00000000 469.00000000
68.00000000 262.00000000 2.00000000 468.00000000
68.00000000 366.00000000 2.00000000 465.00000000
288.00000000 285.00000000 1.00000000 460.00000000
121.00000000 363.00000000 1.00000000 453.00000000
118.00000000 367.00000000 2.00000000 452.00000000
122.00000000 260.00000000 1.00000000 437.00000000
188.00000000 532.00000000 0.00000000 437.00000000
69.00000000 260.00000000 1.00000000 430.00000000
523.00000000 282.00000000 1.00000000 430.00000000
126.00000000 336.00000000 1.00000000 429.00000000
289.00000000 383.00000000 1.00000000 416.00000000
31.00000000 261.00000000 1.00000000 415.00000000
125.00000000 336.00000000 1.00000000 413.00000000
524.00000000 384.00000000 1.00000000 401.00000000
122.00000000 363.00000000 1.00000000 401.00000000
67.00000000 364.00000000 1.00000000 400.00000000
289.00000000 285.00000000 1.00000000 389.00000000
70.00000000 259.00000000 1.00000000 380.00000000
118.00000000 263.00000000 2.00000000 378.00000000
29.00000000 364.00000000 1.00000000 375.00000000
524.00000000 281.00000000 1.00000000 374.00000000
524.00000000 284.00000000 2.00000000 371.00000000
414.00000000 346.00000000 0.00000000 360.00000000
20.00000000 531.00000000 1.00000000 359.00000000
31.00000000 260.00000000 1.00000000 358.00000000
67.00000000 367.00000000 2.00000000 356.00000000
524.00000000 386.00000000 2.00000000 356.00000000
187.00000000 533.00000000 1.00000000 356.00000000
124.00000000 446.00000000 2.00000000 350.00000000
210.00000000 509.00000000 0.00000000 350.00000000
69.00000000 363.00000000 1.00000000 349.00000000
525.00000000 384.00000000 1.00000000 344.00000000
290.00000000 382.00000000 1.00000000 343.00000000
65.00000000 196.00000000 1.00000000 335.00000000
65.00000000 195.00000000 0.00000000 327.00000000
199.00000000 294.00000000 1.00000000 319.00000000
31.00000000 363.00000000 1.00000000 315.00000000
65.00000000 196.00000000 1.00000000 312.00000000
126.00000000 335.00000000 0.00000000 307.00000000
344.00000000 382.00000000 1.00000000 307.00000000
201.00000000 292.00000000 1.00000000 307.00000000
206.00000000 514.00000000 1.00000000 305.00000000
123.00000000 260.00000000 0.00000000 303.00000000
122.00000000 362.00000000 0.00000000 302.00000000
414.00000000 447.00000000 1.00000000 299.00000000
414.00000000 346.00000000 1.00000000 281.00000000
10.00000000 197.00000000 0.00000000 281.00000000
120.00000000 368.00000000 4.00000000 277.00000000
124.00000000 326.00000000 0.00000000 274.00000000
571.00000000 90.00000000 1.00000000 272.00000000
60.00000000 196.00000000 4.00000000 268.00000000
70.00000000 258.00000000 0.00000000 265.00000000
343.00000000 383.00000000 1.00000000 264.00000000
69.00000000 362.00000000 0.00000000 260.00000000
415.00000000 448.00000000 0.00000000 259.00000000
20.00000000 531.00000000 0.00000000 252.00000000
31.00000000 259.00000000 0.00000000 245.00000000
70.00000000 325.00000000 0.00000000 244.00000000
31.00000000 362.00000000 0.00000000 238.00000000
288.00000000 497.00000000 1.00000000 234.00000000
289.00000000 283.00000000 0.00000000 233.00000000
524.00000000 280.00000000 0.00000000 230.00000000
324.00000000 444.00000000 0.00000000 229.00000000
123.00000000 429.00000000 0.00000000 228.00000000
183.00000000 169.00000000 1.00000000 225.00000000
571.00000000 95.00000000 1.00000000 224.00000000
269.00000000 248.00000000 1.00000000 219.00000000
522.00000000 398.00000000 1.00000000 216.00000000
152.00000000 326.00000000 0.00000000 214.00000000
177.00000000 222.00000000 0.00000000 214.00000000
201.00000000 292.00000000 0.00000000 213.00000000
521.00000000 296.00000000 1.00000000 213.00000000
290.00000000 380.00000000 0.00000000 211.00000000
344.00000000 381.00000000 0.00000000 208.00000000
287.00000000 298.00000000 0.00000000 206.00000000
208.00000000 512.00000000 1.00000000 205.00000000
570.00000000 134.00000000 1.00000000 205.00000000
287.00000000 299.00000000 1.00000000 202.00000000
429.00000000 305.00000000 5.00000000 201.00000000
288.00000000 395.00000000 1.00000000 199.00000000
522.00000000 398.00000000 0.00000000 197.00000000
525.00000000 383.00000000 0.00000000 195.00000000
126.00000000 438.00000000 1.00000000 192.00000000
521.00000000 295.00000000 0.00000000 188.00000000
77.00000000 336.00000000 1.00000000 188.00000000
324.00000000 247.00000000 1.00000000 187.00000000
149.00000000 511.00000000 0.00000000 186.00000000
152.00000000 360.00000000 1.00000000 185.00000000
288.00000000 395.00000000 0.00000000 184.00000000
572.00000000 95.00000000 0.00000000 183.00000000
420.00000000 36.00000000 0.00000000 181.00000000
31.00000000 325.00000000 0.00000000 180.00000000
171.00000000 518.00000000 0.00000000 177.00000000
183.00000000 168.00000000 0.00000000 175.00000000
323.00000000 413.00000000 0.00000000 175.00000000
288.00000000 496.00000000 0.00000000 174.00000000
282.00000000 539.00000000 0.00000000 174.00000000
393.00000000 113.00000000 0.00000000 173.00000000
267.00000000 316.00000000 0.00000000 173.00000000
75.00000000 519.00000000 0.00000000 163.00000000
77.00000000 335.00000000 0.00000000 162.00000000
269.00000000 228.00000000 0.00000000 162.00000000
323.00000000 226.00000000 0.00000000 162.00000000
126.00000000 436.00000000 0.00000000 160.00000000
172.00000000 562.00000000 0.00000000 160.00000000
269.00000000 443.00000000 0.00000000 159.00000000
269.00000000 412.00000000 0.00000000 158.00000000
322.00000000 316.00000000 0.00000000 158.00000000
569.00000000 135.00000000 0.00000000 156.00000000
499.00000000 315.00000000 0.00000000 154.00000000
366.00000000 78.00000000 0.00000000 153.00000000
123.00000000 318.00000000 0.00000000 153.00000000
501.00000000 447.00000000 0.00000000 152.00000000
49.00000000 449.00000000 0.00000000 150.00000000
566.00000000 116.00000000 0.00000000 149.00000000
785.00000000 289.00000000 0.00000000 148.00000000
269.00000000 248.00000000 0.00000000 148.00000000
271.00000000 527.00000000 0.00000000 148.00000000
427.00000000 448.00000000 0.00000000 145.00000000
70.00000000 430.00000000 0.00000000 144.00000000
152.00000000 426.00000000 0.00000000 144.00000000
203.00000000 312.00000000 0.00000000 142.00000000
