30.00000000 262.00000000 2.00000000 699.00000000
30.00000000 366.00000000 2.00000000 679.00000000
68.00000000 366.00000000 2.00000000 646.00000000
69.00000000 260.00000000 1.00000000 643.00000000
120.00000000 366.00000000 2.00000000 638.00000000
120.00000000 262.00000000 2.00000000 632.00000000
68.00000000 262.00000000 2.00000000 625.00000000
121.00000000 261.00000000 1.00000000 614.00000000
31.00000000 261.00000000 1.00000000 600.00000000
288.00000000 285.00000000 1.00000000 584.00000000
289.00000000 284.00000000 1.00000000 568.00000000
67.00000000 364.00000000 1.00000000 565.00000000
121.00000000 363.00000000 1.00000000 558.00000000
122.00000000 260.00000000 1.00000000 558.00000000
524.00000000 281.00000000 1.00000000 551.00000000
29.00000000 364.00000000 1.00000000 550.00000000
70.00000000 259.00000000 1.00000000 542.00000000
118.00000000 367.00000000 2.00000000 540.00000000
289.00000000 381.00000000 1.00000000 534.00000000
523.00000000 281.00000000 1.00000000 518.00000000
31.00000000 260.00000000 1.00000000 515.00000000
188.00000000 532.00000000 0.00000000 510.00000000
122.00000000 363.00000000 1.00000000 504.00000000
414.00000000 346.00000000 0.00000000 498.00000000
67.00000000 367.00000000 2.00000000 495.00000000
290.00000000 381.00000000 1.00000000 495.00000000
69.00000000 363.00000000 1.00000000 493.00000000
126.00000000 335.00000000 1.00000000 492.00000000
525.00000000 383.00000000 1.00000000 491.00000000
344.00000000 283.00000000 1.00000000 490.00000000
20.00000000 531.00000000 1.00000000 489.00000000
524.00000000 384.00000000 1.00000000 485.00000000
344.00000000 381.00000000 1.00000000 481.00000000
31.00000000 363.00000000 1.00000000 466.00000000
343.00000000 381.00000000 1.00000000 447.00000000
187.00000000 533.00000000 1.00000000 446.00000000
288.00000000 286.00000000 2.00000000 446.00000000
524.00000000 386.00000000 2.00000000 429.00000000
125.00000000 336.00000000 1.00000000 422.00000000
414.00000000 447.00000000 1.00000000 419.00000000
118.00000000 263.00000000 2.00000000 411.00000000
344.00000000 282.00000000 0.00000000 410.00000000
67.00000000 263.00000000 2.00000000 409.00000000
126.00000000 334.00000000 0.00000000 398.00000000
280.00000000 296.00000000 4.00000000 398.00000000
285.00000000 212.00000000 1.00000000 390.00000000
122.00000000 362.00000000 0.00000000 389.00000000
123.00000000 260.00000000 0.00000000 381.00000000
70.00000000 258.00000000 0.00000000 380.00000000
284.00000000 392.00000000 4.00000000 378.00000000
177.00000000 219.00000000 0.00000000 376.00000000
200.00000000 293.00000000 1.00000000 373.00000000
286.00000000 209.00000000 1.00000000 372.00000000
69.00000000 362.00000000 0.00000000 371.00000000
20.00000000 531.00000000 0.00000000 367.00000000
414.00000000 346.00000000 1.00000000 366.00000000
415.00000000 448.00000000 0.00000000 359.00000000
289.00000000 283.00000000 0.00000000 359.00000000
524.00000000 280.00000000 0.00000000 357.00000000
519.00000000 205.00000000 1.00000000 349.00000000
31.00000000 362.00000000 0.00000000 348.00000000
344.00000000 380.00000000 0.00000000 344.00000000
290.00000000 380.00000000 0.00000000 342.00000000
199.00000000 292.00000000 1.00000000 341.00000000
210.00000000 509.00000000 0.00000000 341.00000000
65.00000000 195.00000000 0.00000000 339.00000000
31.00000000 259.00000000 0.00000000 338.00000000
65.00000000 196.00000000 1.00000000 338.00000000
520.00000000 204.00000000 1.00000000 337.00000000
277.00000000 515.00000000 0.00000000 332.00000000
343.00000000 284.00000000 1.00000000 329.00000000
525.00000000 382.00000000 0.00000000 322.00000000
200.00000000 292.00000000 0.00000000 308.00000000
520.00000000 294.00000000 5.00000000 303.00000000
126.00000000 436.00000000 0.00000000 300.00000000
287.00000000 208.00000000 0.00000000 299.00000000
277.00000000 516.00000000 1.00000000 299.00000000
124.00000000 325.00000000 0.00000000 298.00000000
519.00000000 202.00000000 0.00000000 298.00000000
125.00000000 444.00000000 0.00000000 293.00000000
177.00000000 219.00000000 1.00000000 293.00000000
77.00000000 335.00000000 0.00000000 286.00000000
126.00000000 437.00000000 1.00000000 285.00000000
499.00000000 225.00000000 1.00000000 284.00000000
268.00000000 228.00000000 0.00000000 281.00000000
282.00000000 539.00000000 0.00000000 281.00000000
75.00000000 519.00000000 0.00000000 275.00000000
10.00000000 197.00000000 0.00000000 275.00000000
125.00000000 446.00000000 1.00000000 275.00000000
271.00000000 528.00000000 1.00000000 274.00000000
324.00000000 444.00000000 0.00000000 273.00000000
323.00000000 226.00000000 0.00000000 265.00000000
268.00000000 229.00000000 1.00000000 263.00000000
49.00000000 450.00000000 1.00000000 263.00000000
427.00000000 448.00000000 0.00000000 258.00000000
380.00000000 316.00000000 1.00000000 257.00000000
323.00000000 413.00000000 0.00000000 257.00000000
499.00000000 223.00000000 0.00000000 256.00000000
413.00000000 316.00000000 1.00000000 254.00000000
267.00000000 316.00000000 0.00000000 254.00000000
413.00000000 223.00000000 1.00000000 253.00000000
377.00000000 446.00000000 0.00000000 252.00000000
123.00000000 428.00000000 0.00000000 250.00000000
322.00000000 316.00000000 0.00000000 246.00000000
381.00000000 315.00000000 0.00000000 239.00000000
271.00000000 527.00000000 0.00000000 238.00000000
268.00000000 412.00000000 0.00000000 237.00000000
380.00000000 223.00000000 0.00000000 237.00000000
287.00000000 297.00000000 0.00000000 234.00000000
49.00000000 449.00000000 0.00000000 233.00000000
499.00000000 316.00000000 0.00000000 230.00000000
176.00000000 199.00000000 0.00000000 228.00000000
152.00000000 325.00000000 0.00000000 223.00000000
501.00000000 416.00000000 0.00000000 222.00000000
336.00000000 444.00000000 0.00000000 222.00000000
412.00000000 222.00000000 0.00000000 221.00000000
521.00000000 294.00000000 0.00000000 217.00000000
393.00000000 113.00000000 0.00000000 215.00000000
288.00000000 394.00000000 0.00000000 213.00000000
70.00000000 325.00000000 0.00000000 211.00000000
522.00000000 397.00000000 0.00000000 204.00000000
22.00000000 447.00000000 0.00000000 203.00000000
413.00000000 315.00000000 0.00000000 190.00000000
269.00000000 443.00000000 0.00000000 189.00000000
70.00000000 307.00000000 0.00000000 189.00000000
381.00000000 416.00000000 0.00000000 187.00000000
388.00000000 346.00000000 0.00000000 185.00000000
