188.00000000 532.00000000 0.00000000 347.00000000
122.00000000 366.00000000 2.00000000 344.00000000
210.00000000 509.00000000 0.00000000 341.00000000
125.00000000 337.00000000 1.00000000 335.00000000
570.00000000 90.00000000 2.00000000 334.00000000
65.00000000 196.00000000 1.00000000 311.00000000
122.00000000 262.00000000 2.00000000 309.00000000
118.00000000 367.00000000 2.00000000 303.00000000
121.00000000 261.00000000 1.00000000 298.00000000
66.00000000 195.00000000 0.00000000 298.00000000
188.00000000 533.00000000 1.00000000 297.00000000
206.00000000 514.00000000 1.00000000 295.00000000
461.00000000 96.00000000 2.00000000 294.00000000
121.00000000 363.00000000 1.00000000 292.00000000
65.00000000 196.00000000 1.00000000 292.00000000
60.00000000 196.00000000 4.00000000 288.00000000
59.00000000 197.00000000 2.00000000 286.00000000
126.00000000 338.00000000 2.00000000 282.00000000
460.00000000 94.00000000 2.00000000 281.00000000
64.00000000 198.00000000 2.00000000 277.00000000
126.00000000 336.00000000 1.00000000 270.00000000
571.00000000 90.00000000 1.00000000 269.00000000
124.00000000 446.00000000 2.00000000 266.00000000
122.00000000 260.00000000 1.00000000 262.00000000
10.00000000 197.00000000 0.00000000 260.00000000
286.00000000 500.00000000 2.00000000 259.00000000
122.00000000 363.00000000 1.00000000 249.00000000
181.00000000 169.00000000 1.00000000 246.00000000
30.00000000 366.00000000 2.00000000 240.00000000
186.00000000 534.00000000 1.00000000 237.00000000
201.00000000 293.00000000 1.00000000 230.00000000
183.00000000 169.00000000 1.00000000 222.00000000
285.00000000 499.00000000 1.00000000 220.00000000
199.00000000 294.00000000 1.00000000 220.00000000
168.00000000 520.00000000 1.00000000 213.00000000
67.00000000 364.00000000 1.00000000 203.00000000
572.00000000 94.00000000 1.00000000 202.00000000
570.00000000 136.00000000 1.00000000 197.00000000
29.00000000 363.00000000 1.00000000 196.00000000
208.00000000 512.00000000 1.00000000 195.00000000
31.00000000 261.00000000 1.00000000 194.00000000
183.00000000 168.00000000 0.00000000 193.00000000
472.00000000 147.00000000 1.00000000 193.00000000
203.00000000 312.00000000 0.00000000 191.00000000
31.00000000 260.00000000 1.00000000 190.00000000
288.00000000 497.00000000 1.00000000 188.00000000
288.00000000 287.00000000 1.00000000 188.00000000
120.00000000 368.00000000 4.00000000 185.00000000
123.00000000 260.00000000 0.00000000 183.00000000
125.00000000 335.00000000 0.00000000 183.00000000
69.00000000 363.00000000 1.00000000 182.00000000
203.00000000 313.00000000 1.00000000 182.00000000
122.00000000 362.00000000 0.00000000 180.00000000
572.00000000 95.00000000 0.00000000 178.00000000
420.00000000 36.00000000 0.00000000 178.00000000
123.00000000 326.00000000 0.00000000 177.00000000
566.00000000 117.00000000 1.00000000 172.00000000
70.00000000 259.00000000 1.00000000 170.00000000
460.00000000 95.00000000 1.00000000 170.00000000
570.00000000 136.00000000 0.00000000 170.00000000
152.00000000 326.00000000 0.00000000 168.00000000
31.00000000 363.00000000 1.00000000 166.00000000
566.00000000 116.00000000 0.00000000 163.00000000
202.00000000 291.00000000 0.00000000 160.00000000
473.00000000 147.00000000 1.00000000 157.00000000
70.00000000 326.00000000 0.00000000 155.00000000
20.00000000 532.00000000 1.00000000 155.00000000
171.00000000 519.00000000 1.00000000 154.00000000
152.00000000 360.00000000 1.00000000 154.00000000
289.00000000 285.00000000 1.00000000 150.00000000
31.00000000 259.00000000 0.00000000 145.00000000
288.00000000 496.00000000 0.00000000 144.00000000
524.00000000 282.00000000 1.00000000 143.00000000
150.00000000 261.00000000 1.00000000 140.00000000
760.00000000 569.00000000 1.00000000 139.00000000
525.00000000 384.00000000 1.00000000 139.00000000
49.00000000 520.00000000 0.00000000 137.00000000
156.00000000 170.00000000 1.00000000 137.00000000
70.00000000 362.00000000 0.00000000 137.00000000
201.00000000 196.00000000 0.00000000 136.00000000
171.00000000 519.00000000 0.00000000 135.00000000
420.00000000 36.00000000 1.00000000 134.00000000
70.00000000 258.00000000 0.00000000 133.00000000
277.00000000 509.00000000 5.00000000 132.00000000
414.00000000 346.00000000 0.00000000 131.00000000
149.00000000 511.00000000 0.00000000 128.00000000
414.00000000 346.00000000 1.00000000 128.00000000
461.00000000 94.00000000 0.00000000 126.00000000
290.00000000 382.00000000 1.00000000 126.00000000
123.00000000 429.00000000 0.00000000 125.00000000
201.00000000 197.00000000 1.00000000 125.00000000
20.00000000 531.00000000 0.00000000 124.00000000
31.00000000 362.00000000 0.00000000 123.00000000
152.00000000 359.00000000 0.00000000 121.00000000
573.00000000 86.00000000 0.00000000 120.00000000
23.00000000 518.00000000 0.00000000 117.00000000
150.00000000 260.00000000 0.00000000 115.00000000
415.00000000 448.00000000 0.00000000 115.00000000
398.00000000 118.00000000 0.00000000 114.00000000
784.00000000 420.00000000 0.00000000 108.00000000
324.00000000 444.00000000 0.00000000 106.00000000
369.00000000 451.00000000 0.00000000 104.00000000
311.00000000 446.00000000 0.00000000 103.00000000
156.00000000 171.00000000 0.00000000 103.00000000
31.00000000 326.00000000 0.00000000 102.00000000
473.00000000 145.00000000 0.00000000 102.00000000
524.00000000 280.00000000 0.00000000 101.00000000
324.00000000 248.00000000 0.00000000 101.00000000
168.00000000 530.00000000 0.00000000 100.00000000
270.00000000 442.00000000 0.00000000 100.00000000
406.00000000 533.00000000 0.00000000 99.00000000
719.00000000 540.00000000 0.00000000 99.00000000
198.00000000 530.00000000 0.00000000 98.00000000
418.00000000 28.00000000 0.00000000 98.00000000
289.00000000 284.00000000 0.00000000 97.00000000
69.00000000 430.00000000 0.00000000 97.00000000
151.00000000 418.00000000 0.00000000 97.00000000
502.00000000 447.00000000 0.00000000 95.00000000
264.00000000 120.00000000 0.00000000 95.00000000
270.00000000 250.00000000 0.00000000 95.00000000
257.00000000 445.00000000 0.00000000 94.00000000
781.00000000 373.00000000 0.00000000 93.00000000
173.00000000 358.00000000 0.00000000 93.00000000
589.00000000 490.00000000 0.00000000 91.00000000
286.00000000 299.00000000 0.00000000 90.00000000
525.00000000 383.00000000 0.00000000 90.00000000
760.00000000 569.00000000 0.00000000 89.00000000
