120.00000000 366.00000000 2.00000000 706.00000000
118.00000000 367.00000000 2.00000000 653.00000000
122.00000000 262.00000000 2.00000000 622.00000000
121.00000000 363.00000000 1.00000000 585.00000000
121.00000000 260.00000000 1.00000000 563.00000000
462.00000000 294.00000000 2.00000000 560.00000000
122.00000000 260.00000000 1.00000000 535.00000000
523.00000000 280.00000000 1.00000000 532.00000000
150.00000000 260.00000000 1.00000000 530.00000000
122.00000000 362.00000000 1.00000000 514.00000000
521.00000000 281.00000000 1.00000000 502.00000000
30.00000000 366.00000000 2.00000000 493.00000000
415.00000000 447.00000000 1.00000000 484.00000000
462.00000000 396.00000000 2.00000000 481.00000000
30.00000000 262.00000000 2.00000000 479.00000000
415.00000000 346.00000000 0.00000000 478.00000000
149.00000000 260.00000000 1.00000000 478.00000000
121.00000000 263.00000000 2.00000000 471.00000000
31.00000000 260.00000000 1.00000000 466.00000000
523.00000000 383.00000000 1.00000000 463.00000000
462.00000000 294.00000000 1.00000000 463.00000000
524.00000000 382.00000000 1.00000000 451.00000000
125.00000000 334.00000000 0.00000000 449.00000000
151.00000000 360.00000000 1.00000000 448.00000000
125.00000000 446.00000000 1.00000000 444.00000000
462.00000000 395.00000000 1.00000000 443.00000000
126.00000000 448.00000000 2.00000000 443.00000000
69.00000000 260.00000000 1.00000000 441.00000000
288.00000000 283.00000000 1.00000000 435.00000000
31.00000000 260.00000000 1.00000000 434.00000000
126.00000000 445.00000000 1.00000000 430.00000000
415.00000000 346.00000000 1.00000000 426.00000000
68.00000000 366.00000000 2.00000000 423.00000000
29.00000000 364.00000000 1.00000000 414.00000000
287.00000000 284.00000000 1.00000000 413.00000000
122.00000000 362.00000000 0.00000000 411.00000000
173.00000000 262.00000000 1.00000000 407.00000000
461.00000000 294.00000000 2.00000000 402.00000000
126.00000000 334.00000000 1.00000000 401.00000000
149.00000000 360.00000000 1.00000000 399.00000000
120.00000000 368.00000000 4.00000000 397.00000000
269.00000000 228.00000000 0.00000000 394.00000000
70.00000000 259.00000000 1.00000000 394.00000000
124.00000000 449.00000000 2.00000000 394.00000000
288.00000000 381.00000000 1.00000000 393.00000000
67.00000000 364.00000000 1.00000000 391.00000000
519.00000000 203.00000000 1.00000000 390.00000000
286.00000000 209.00000000 1.00000000 387.00000000
289.00000000 380.00000000 1.00000000 387.00000000
122.00000000 259.00000000 0.00000000 387.00000000
523.00000000 279.00000000 0.00000000 386.00000000
31.00000000 363.00000000 1.00000000 384.00000000
150.00000000 260.00000000 0.00000000 373.00000000
415.00000000 448.00000000 0.00000000 366.00000000
280.00000000 296.00000000 4.00000000 364.00000000
69.00000000 363.00000000 1.00000000 364.00000000
519.00000000 205.00000000 1.00000000 360.00000000
463.00000000 394.00000000 1.00000000 359.00000000
200.00000000 291.00000000 1.00000000 354.00000000
151.00000000 359.00000000 0.00000000 351.00000000
189.00000000 357.00000000 1.00000000 350.00000000
173.00000000 358.00000000 1.00000000 348.00000000
126.00000000 444.00000000 0.00000000 346.00000000
269.00000000 229.00000000 1.00000000 345.00000000
153.00000000 334.00000000 0.00000000 344.00000000
268.00000000 318.00000000 1.00000000 339.00000000
269.00000000 412.00000000 0.00000000 338.00000000
381.00000000 315.00000000 0.00000000 336.00000000
462.00000000 292.00000000 1.00000000 334.00000000
289.00000000 282.00000000 0.00000000 332.00000000
499.00000000 223.00000000 0.00000000 331.00000000
267.00000000 317.00000000 0.00000000 331.00000000
269.00000000 414.00000000 1.00000000 329.00000000
413.00000000 222.00000000 0.00000000 323.00000000
200.00000000 291.00000000 0.00000000 321.00000000
286.00000000 208.00000000 0.00000000 320.00000000
173.00000000 261.00000000 0.00000000 320.00000000
153.00000000 334.00000000 1.00000000 319.00000000
524.00000000 381.00000000 0.00000000 317.00000000
519.00000000 202.00000000 0.00000000 315.00000000
499.00000000 316.00000000 1.00000000 315.00000000
380.00000000 223.00000000 0.00000000 315.00000000
500.00000000 224.00000000 1.00000000 314.00000000
289.00000000 379.00000000 0.00000000 308.00000000
414.00000000 314.00000000 0.00000000 306.00000000
277.00000000 515.00000000 0.00000000 303.00000000
200.00000000 270.00000000 0.00000000 296.00000000
414.00000000 418.00000000 1.00000000 294.00000000
414.00000000 315.00000000 1.00000000 293.00000000
31.00000000 362.00000000 0.00000000 291.00000000
31.00000000 259.00000000 0.00000000 291.00000000
429.00000000 299.00000000 5.00000000 289.00000000
189.00000000 357.00000000 0.00000000 287.00000000
270.00000000 442.00000000 0.00000000 283.00000000
381.00000000 416.00000000 0.00000000 282.00000000
70.00000000 258.00000000 0.00000000 282.00000000
415.00000000 417.00000000 0.00000000 280.00000000
173.00000000 357.00000000 0.00000000 277.00000000
69.00000000 362.00000000 0.00000000 274.00000000
499.00000000 315.00000000 0.00000000 271.00000000
183.00000000 265.00000000 0.00000000 268.00000000
502.00000000 448.00000000 0.00000000 264.00000000
463.00000000 393.00000000 0.00000000 251.00000000
212.00000000 290.00000000 0.00000000 241.00000000
463.00000000 290.00000000 0.00000000 226.00000000
125.00000000 436.00000000 0.00000000 218.00000000
501.00000000 416.00000000 0.00000000 204.00000000
286.00000000 297.00000000 0.00000000 204.00000000
521.00000000 294.00000000 0.00000000 203.00000000
382.00000000 448.00000000 0.00000000 195.00000000
20.00000000 531.00000000 0.00000000 191.00000000
270.00000000 249.00000000 0.00000000 191.00000000
461.00000000 201.00000000 0.00000000 189.00000000
287.00000000 394.00000000 0.00000000 184.00000000
123.00000000 318.00000000 0.00000000 184.00000000
522.00000000 397.00000000 0.00000000 182.00000000
393.00000000 113.00000000 0.00000000 182.00000000
271.00000000 527.00000000 0.00000000 180.00000000
154.00000000 434.00000000 0.00000000 180.00000000
390.00000000 103.00000000 0.00000000 175.00000000
398.00000000 106.00000000 0.00000000 175.00000000
176.00000000 200.00000000 0.00000000 174.00000000
323.00000000 413.00000000 0.00000000 171.00000000
183.00000000 168.00000000 0.00000000 170.00000000
569.00000000 133.00000000 0.00000000 166.00000000
123.00000000 421.00000000 0.00000000 164.00000000
24.00000000 518.00000000 0.00000000 163.00000000
