122.00000000 366.00000000 2.00000000 600.00000000
121.00000000 367.00000000 2.00000000 587.00000000
122.00000000 262.00000000 2.00000000 585.00000000
150.00000000 260.00000000 1.00000000 564.00000000
149.00000000 261.00000000 1.00000000 500.00000000
121.00000000 260.00000000 1.00000000 500.00000000
121.00000000 363.00000000 1.00000000 500.00000000
173.00000000 262.00000000 1.00000000 491.00000000
151.00000000 360.00000000 1.00000000 482.00000000
125.00000000 334.00000000 0.00000000 479.00000000
122.00000000 260.00000000 1.00000000 477.00000000
121.00000000 263.00000000 2.00000000 470.00000000
415.00000000 447.00000000 1.00000000 443.00000000
523.00000000 281.00000000 1.00000000 442.00000000
122.00000000 363.00000000 1.00000000 436.00000000
149.00000000 362.00000000 1.00000000 421.00000000
415.00000000 345.00000000 0.00000000 401.00000000
126.00000000 335.00000000 1.00000000 401.00000000
524.00000000 383.00000000 1.00000000 401.00000000
523.00000000 384.00000000 1.00000000 396.00000000
173.00000000 358.00000000 1.00000000 394.00000000
126.00000000 448.00000000 2.00000000 394.00000000
150.00000000 260.00000000 0.00000000 392.00000000
151.00000000 359.00000000 0.00000000 386.00000000
415.00000000 345.00000000 1.00000000 385.00000000
30.00000000 262.00000000 2.00000000 383.00000000
153.00000000 333.00000000 0.00000000 379.00000000
521.00000000 281.00000000 1.00000000 378.00000000
189.00000000 357.00000000 1.00000000 375.00000000
124.00000000 449.00000000 2.00000000 374.00000000
120.00000000 368.00000000 4.00000000 366.00000000
150.00000000 262.00000000 2.00000000 366.00000000
173.00000000 261.00000000 0.00000000 366.00000000
125.00000000 446.00000000 1.00000000 363.00000000
172.00000000 263.00000000 1.00000000 361.00000000
288.00000000 284.00000000 1.00000000 358.00000000
462.00000000 294.00000000 2.00000000 355.00000000
415.00000000 448.00000000 0.00000000 353.00000000
30.00000000 366.00000000 2.00000000 343.00000000
150.00000000 362.00000000 2.00000000 342.00000000
287.00000000 285.00000000 1.00000000 342.00000000
31.00000000 261.00000000 1.00000000 341.00000000
122.00000000 362.00000000 0.00000000 339.00000000
153.00000000 334.00000000 1.00000000 336.00000000
289.00000000 381.00000000 1.00000000 333.00000000
123.00000000 260.00000000 0.00000000 332.00000000
270.00000000 249.00000000 1.00000000 329.00000000
288.00000000 381.00000000 1.00000000 328.00000000
270.00000000 442.00000000 0.00000000 327.00000000
523.00000000 280.00000000 0.00000000 326.00000000
462.00000000 395.00000000 1.00000000 323.00000000
126.00000000 445.00000000 1.00000000 322.00000000
502.00000000 447.00000000 1.00000000 319.00000000
31.00000000 260.00000000 1.00000000 318.00000000
189.00000000 357.00000000 0.00000000 314.00000000
200.00000000 292.00000000 1.00000000 308.00000000
286.00000000 210.00000000 1.00000000 307.00000000
519.00000000 204.00000000 1.00000000 305.00000000
172.00000000 359.00000000 1.00000000 304.00000000
173.00000000 357.00000000 0.00000000 298.00000000
29.00000000 364.00000000 1.00000000 297.00000000
461.00000000 294.00000000 1.00000000 290.00000000
270.00000000 249.00000000 0.00000000 288.00000000
461.00000000 294.00000000 2.00000000 287.00000000
183.00000000 265.00000000 0.00000000 285.00000000
125.00000000 335.00000000 1.00000000 285.00000000
502.00000000 447.00000000 0.00000000 285.00000000
269.00000000 228.00000000 0.00000000 284.00000000
270.00000000 442.00000000 1.00000000 284.00000000
31.00000000 363.00000000 1.00000000 281.00000000
463.00000000 394.00000000 1.00000000 277.00000000
435.00000000 305.00000000 5.00000000 275.00000000
288.00000000 283.00000000 0.00000000 274.00000000
524.00000000 382.00000000 0.00000000 272.00000000
126.00000000 444.00000000 0.00000000 269.00000000
269.00000000 229.00000000 1.00000000 266.00000000
289.00000000 380.00000000 0.00000000 265.00000000
269.00000000 412.00000000 0.00000000 258.00000000
70.00000000 259.00000000 1.00000000 256.00000000
519.00000000 202.00000000 0.00000000 255.00000000
286.00000000 209.00000000 0.00000000 255.00000000
268.00000000 316.00000000 0.00000000 254.00000000
200.00000000 271.00000000 1.00000000 248.00000000
521.00000000 296.00000000 1.00000000 243.00000000
200.00000000 291.00000000 0.00000000 240.00000000
382.00000000 448.00000000 0.00000000 238.00000000
69.00000000 363.00000000 1.00000000 236.00000000
200.00000000 270.00000000 0.00000000 230.00000000
501.00000000 416.00000000 0.00000000 229.00000000
280.00000000 296.00000000 4.00000000 229.00000000
501.00000000 244.00000000 1.00000000 229.00000000
50.00000000 518.00000000 1.00000000 228.00000000
521.00000000 295.00000000 0.00000000 225.00000000
212.00000000 290.00000000 0.00000000 222.00000000
269.00000000 346.00000000 0.00000000 219.00000000
31.00000000 259.00000000 0.00000000 218.00000000
499.00000000 223.00000000 0.00000000 215.00000000
286.00000000 298.00000000 0.00000000 214.00000000
499.00000000 315.00000000 0.00000000 214.00000000
31.00000000 362.00000000 0.00000000 213.00000000
414.00000000 245.00000000 0.00000000 209.00000000
501.00000000 245.00000000 0.00000000 202.00000000
522.00000000 398.00000000 0.00000000 195.00000000
125.00000000 436.00000000 0.00000000 194.00000000
463.00000000 290.00000000 0.00000000 194.00000000
381.00000000 245.00000000 0.00000000 193.00000000
287.00000000 395.00000000 0.00000000 186.00000000
23.00000000 447.00000000 0.00000000 186.00000000
70.00000000 258.00000000 0.00000000 183.00000000
463.00000000 393.00000000 0.00000000 183.00000000
277.00000000 515.00000000 0.00000000 176.00000000
183.00000000 168.00000000 0.00000000 174.00000000
69.00000000 362.00000000 0.00000000 173.00000000
154.00000000 434.00000000 0.00000000 172.00000000
200.00000000 416.00000000 0.00000000 163.00000000
50.00000000 519.00000000 0.00000000 162.00000000
123.00000000 318.00000000 0.00000000 156.00000000
150.00000000 318.00000000 0.00000000 154.00000000
24.00000000 518.00000000 0.00000000 150.00000000
381.00000000 222.00000000 0.00000000 150.00000000
413.00000000 222.00000000 0.00000000 149.00000000
572.00000000 95.00000000 0.00000000 146.00000000
569.00000000 134.00000000 0.00000000 144.00000000
577.00000000 152.00000000 0.00000000 144.00000000
178.00000000 185.00000000 0.00000000 143.00000000
90.00000000 332.00000000 0.00000000 142.00000000
151.00000000 418.00000000 0.00000000 141.00000000
