467.00000000 195.00000000 0.00000000 299.00000000
467.00000000 196.00000000 1.00000000 255.00000000
501.00000000 202.00000000 1.00000000 234.00000000
500.00000000 201.00000000 0.00000000 231.00000000
806.00000000 227.00000000 1.00000000 216.00000000
806.00000000 227.00000000 0.00000000 209.00000000
386.00000000 202.00000000 0.00000000 209.00000000
280.00000000 115.00000000 1.00000000 208.00000000
500.00000000 200.00000000 1.00000000 196.00000000
280.00000000 114.00000000 0.00000000 195.00000000
554.00000000 214.00000000 1.00000000 183.00000000
673.00000000 214.00000000 1.00000000 180.00000000
386.00000000 203.00000000 1.00000000 177.00000000
673.00000000 214.00000000 1.00000000 175.00000000
656.00000000 193.00000000 0.00000000 172.00000000
674.00000000 216.00000000 2.00000000 171.00000000
363.00000000 236.00000000 0.00000000 169.00000000
497.00000000 182.00000000 0.00000000 167.00000000
482.00000000 275.00000000 0.00000000 167.00000000
367.00000000 152.00000000 0.00000000 165.00000000
541.00000000 228.00000000 1.00000000 163.00000000
540.00000000 227.00000000 0.00000000 162.00000000
794.00000000 223.00000000 2.00000000 158.00000000
672.00000000 214.00000000 0.00000000 158.00000000
982.00000000 229.00000000 0.00000000 157.00000000
497.00000000 183.00000000 1.00000000 151.00000000
555.00000000 213.00000000 1.00000000 149.00000000
386.00000000 173.00000000 0.00000000 148.00000000
280.00000000 114.00000000 1.00000000 145.00000000
439.00000000 241.00000000 0.00000000 145.00000000
500.00000000 202.00000000 2.00000000 145.00000000
266.00000000 99.00000000 0.00000000 144.00000000
796.00000000 224.00000000 4.00000000 140.00000000
272.00000000 110.00000000 0.00000000 139.00000000
387.00000000 173.00000000 1.00000000 138.00000000
266.00000000 100.00000000 1.00000000 136.00000000
807.00000000 227.00000000 1.00000000 134.00000000
649.00000000 186.00000000 1.00000000 134.00000000
438.00000000 195.00000000 0.00000000 133.00000000
554.00000000 214.00000000 0.00000000 133.00000000
441.00000000 234.00000000 0.00000000 132.00000000
902.00000000 253.00000000 0.00000000 132.00000000
364.00000000 237.00000000 1.00000000 132.00000000
673.00000000 217.00000000 2.00000000 131.00000000
424.00000000 195.00000000 0.00000000 130.00000000
383.00000000 163.00000000 1.00000000 128.00000000
521.00000000 181.00000000 0.00000000 128.00000000
567.00000000 232.00000000 0.00000000 127.00000000
468.00000000 196.00000000 1.00000000 127.00000000
650.00000000 186.00000000 1.00000000 127.00000000
367.00000000 152.00000000 1.00000000 125.00000000
656.00000000 194.00000000 1.00000000 123.00000000
796.00000000 216.00000000 1.00000000 122.00000000
451.00000000 250.00000000 0.00000000 119.00000000
649.00000000 185.00000000 0.00000000 118.00000000
449.00000000 239.00000000 0.00000000 117.00000000
85.00000000 150.00000000 1.00000000 116.00000000
321.00000000 130.00000000 0.00000000 114.00000000
216.00000000 283.00000000 1.00000000 113.00000000
556.00000000 216.00000000 2.00000000 113.00000000
482.00000000 275.00000000 1.00000000 112.00000000
902.00000000 253.00000000 1.00000000 110.00000000
895.00000000 178.00000000 0.00000000 107.00000000
383.00000000 162.00000000 1.00000000 107.00000000
84.00000000 149.00000000 0.00000000 106.00000000
367.00000000 151.00000000 1.00000000 106.00000000
202.00000000 176.00000000 1.00000000 105.00000000
386.00000000 203.00000000 1.00000000 105.00000000
382.00000000 162.00000000 0.00000000 102.00000000
280.00000000 116.00000000 2.00000000 102.00000000
514.00000000 248.00000000 0.00000000 102.00000000
947.00000000 173.00000000 0.00000000 102.00000000
216.00000000 282.00000000 0.00000000 102.00000000
458.00000000 200.00000000 1.00000000 101.00000000
722.00000000 222.00000000 2.00000000 101.00000000
829.00000000 265.00000000 1.00000000 101.00000000
497.00000000 183.00000000 1.00000000 101.00000000
138.00000000 125.00000000 0.00000000 100.00000000
829.00000000 265.00000000 0.00000000 100.00000000
603.00000000 215.00000000 0.00000000 99.00000000
984.00000000 190.00000000 1.00000000 98.00000000
652.00000000 188.00000000 2.00000000 98.00000000
729.00000000 266.00000000 0.00000000 98.00000000
358.00000000 307.00000000 1.00000000 97.00000000
983.00000000 229.00000000 1.00000000 97.00000000
672.00000000 220.00000000 4.00000000 96.00000000
793.00000000 241.00000000 0.00000000 96.00000000
794.00000000 247.00000000 0.00000000 95.00000000
91.00000000 163.00000000 0.00000000 95.00000000
181.00000000 258.00000000 0.00000000 94.00000000
796.00000000 215.00000000 0.00000000 94.00000000
963.00000000 182.00000000 0.00000000 93.00000000
482.00000000 236.00000000 1.00000000 92.00000000
629.00000000 263.00000000 0.00000000 92.00000000
79.00000000 156.00000000 0.00000000 91.00000000
646.00000000 210.00000000 0.00000000 91.00000000
540.00000000 193.00000000 0.00000000 91.00000000
796.00000000 220.00000000 2.00000000 90.00000000
650.00000000 186.00000000 2.00000000 89.00000000
895.00000000 178.00000000 1.00000000 89.00000000
541.00000000 227.00000000 1.00000000 89.00000000
552.00000000 235.00000000 0.00000000 88.00000000
382.00000000 162.00000000 2.00000000 87.00000000
357.00000000 306.00000000 0.00000000 87.00000000
458.00000000 200.00000000 0.00000000 87.00000000
983.00000000 188.00000000 0.00000000 86.00000000
202.00000000 176.00000000 1.00000000 85.00000000
482.00000000 236.00000000 0.00000000 84.00000000
45.00000000 87.00000000 0.00000000 84.00000000
908.00000000 265.00000000 0.00000000 84.00000000
828.00000000 264.00000000 1.00000000 84.00000000
521.00000000 182.00000000 1.00000000 84.00000000
722.00000000 220.00000000 1.00000000 83.00000000
180.00000000 259.00000000 1.00000000 80.00000000
46.00000000 87.00000000 1.00000000 80.00000000
637.00000000 183.00000000 0.00000000 80.00000000
202.00000000 206.00000000 0.00000000 79.00000000
665.00000000 227.00000000 0.00000000 78.00000000
777.00000000 217.00000000 0.00000000 78.00000000
500.00000000 200.00000000 2.00000000 77.00000000
462.00000000 186.00000000 0.00000000 77.00000000
714.00000000 226.00000000 0.00000000 76.00000000
354.00000000 275.00000000 0.00000000 75.00000000
638.00000000 218.00000000 0.00000000 75.00000000
487.00000000 179.00000000 0.00000000 75.00000000
357.00000000 308.00000000 1.00000000 75.00000000
939.00000000 186.00000000 5.00000000 71.00000000
