501.00000000 202.00000000 1.00000000 359.00000000
386.00000000 203.00000000 0.00000000 348.00000000
500.00000000 201.00000000 0.00000000 348.00000000
540.00000000 227.00000000 0.00000000 343.00000000
541.00000000 228.00000000 1.00000000 342.00000000
500.00000000 200.00000000 1.00000000 341.00000000
468.00000000 195.00000000 0.00000000 326.00000000
468.00000000 195.00000000 1.00000000 304.00000000
386.00000000 204.00000000 1.00000000 301.00000000
500.00000000 202.00000000 2.00000000 285.00000000
714.00000000 226.00000000 0.00000000 262.00000000
830.00000000 264.00000000 2.00000000 255.00000000
982.00000000 229.00000000 0.00000000 246.00000000
363.00000000 236.00000000 0.00000000 231.00000000
830.00000000 263.00000000 1.00000000 225.00000000
793.00000000 241.00000000 0.00000000 221.00000000
482.00000000 275.00000000 0.00000000 215.00000000
828.00000000 265.00000000 2.00000000 211.00000000
714.00000000 227.00000000 1.00000000 210.00000000
541.00000000 227.00000000 1.00000000 208.00000000
553.00000000 215.00000000 0.00000000 206.00000000
744.00000000 291.00000000 0.00000000 205.00000000
85.00000000 149.00000000 1.00000000 200.00000000
441.00000000 234.00000000 0.00000000 199.00000000
250.00000000 379.00000000 0.00000000 196.00000000
901.00000000 253.00000000 0.00000000 195.00000000
439.00000000 241.00000000 0.00000000 195.00000000
832.00000000 212.00000000 0.00000000 193.00000000
1002.00000000 254.00000000 0.00000000 193.00000000
552.00000000 235.00000000 0.00000000 188.00000000
697.00000000 250.00000000 1.00000000 187.00000000
647.00000000 210.00000000 0.00000000 185.00000000
301.00000000 405.00000000 0.00000000 184.00000000
729.00000000 266.00000000 0.00000000 179.00000000
832.00000000 213.00000000 1.00000000 178.00000000
386.00000000 203.00000000 1.00000000 178.00000000
364.00000000 237.00000000 1.00000000 177.00000000
697.00000000 251.00000000 1.00000000 177.00000000
255.00000000 405.00000000 0.00000000 176.00000000
794.00000000 227.00000000 1.00000000 176.00000000
85.00000000 149.00000000 0.00000000 171.00000000
829.00000000 264.00000000 1.00000000 170.00000000
638.00000000 218.00000000 0.00000000 170.00000000
901.00000000 217.00000000 1.00000000 170.00000000
908.00000000 265.00000000 0.00000000 168.00000000
500.00000000 200.00000000 2.00000000 167.00000000
666.00000000 227.00000000 0.00000000 166.00000000
706.00000000 270.00000000 2.00000000 165.00000000
451.00000000 250.00000000 0.00000000 163.00000000
905.00000000 181.00000000 0.00000000 163.00000000
702.00000000 246.00000000 0.00000000 160.00000000
793.00000000 229.00000000 1.00000000 159.00000000
902.00000000 216.00000000 1.00000000 159.00000000
794.00000000 247.00000000 0.00000000 158.00000000
358.00000000 307.00000000 1.00000000 157.00000000
458.00000000 200.00000000 1.00000000 156.00000000
514.00000000 248.00000000 0.00000000 155.00000000
902.00000000 253.00000000 1.00000000 154.00000000
449.00000000 239.00000000 0.00000000 151.00000000
901.00000000 217.00000000 0.00000000 149.00000000
357.00000000 306.00000000 0.00000000 146.00000000
202.00000000 176.00000000 1.00000000 145.00000000
582.00000000 375.00000000 1.00000000 145.00000000
673.00000000 271.00000000 1.00000000 145.00000000
665.00000000 265.00000000 0.00000000 145.00000000
983.00000000 229.00000000 1.00000000 144.00000000
794.00000000 228.00000000 2.00000000 144.00000000
746.00000000 239.00000000 0.00000000 143.00000000
673.00000000 271.00000000 0.00000000 143.00000000
705.00000000 270.00000000 1.00000000 142.00000000
697.00000000 251.00000000 0.00000000 142.00000000
481.00000000 236.00000000 0.00000000 141.00000000
482.00000000 275.00000000 1.00000000 141.00000000
745.00000000 283.00000000 0.00000000 139.00000000
482.00000000 236.00000000 1.00000000 138.00000000
250.00000000 388.00000000 0.00000000 138.00000000
745.00000000 291.00000000 1.00000000 136.00000000
696.00000000 289.00000000 0.00000000 136.00000000
823.00000000 227.00000000 1.00000000 136.00000000
560.00000000 426.00000000 1.00000000 135.00000000
849.00000000 253.00000000 0.00000000 134.00000000
794.00000000 226.00000000 0.00000000 134.00000000
458.00000000 200.00000000 0.00000000 133.00000000
203.00000000 177.00000000 1.00000000 133.00000000
1001.00000000 308.00000000 0.00000000 132.00000000
458.00000000 199.00000000 1.00000000 132.00000000
135.00000000 207.00000000 0.00000000 131.00000000
581.00000000 374.00000000 0.00000000 130.00000000
730.00000000 266.00000000 1.00000000 130.00000000
256.00000000 376.00000000 0.00000000 129.00000000
282.00000000 238.00000000 1.00000000 128.00000000
622.00000000 373.00000000 1.00000000 128.00000000
559.00000000 427.00000000 0.00000000 127.00000000
666.00000000 228.00000000 1.00000000 127.00000000
671.00000000 214.00000000 0.00000000 127.00000000
778.00000000 270.00000000 0.00000000 127.00000000
537.00000000 254.00000000 0.00000000 127.00000000
782.00000000 248.00000000 0.00000000 127.00000000
794.00000000 241.00000000 1.00000000 127.00000000
698.00000000 250.00000000 2.00000000 126.00000000
774.00000000 393.00000000 0.00000000 126.00000000
287.00000000 185.00000000 0.00000000 125.00000000
427.00000000 219.00000000 0.00000000 124.00000000
747.00000000 239.00000000 1.00000000 123.00000000
829.00000000 264.00000000 0.00000000 122.00000000
173.00000000 272.00000000 0.00000000 122.00000000
357.00000000 308.00000000 1.00000000 122.00000000
139.00000000 125.00000000 0.00000000 121.00000000
216.00000000 283.00000000 1.00000000 121.00000000
533.00000000 261.00000000 0.00000000 121.00000000
585.00000000 297.00000000 0.00000000 121.00000000
934.00000000 299.00000000 0.00000000 119.00000000
902.00000000 216.00000000 2.00000000 119.00000000
1010.00000000 260.00000000 0.00000000 118.00000000
882.00000000 222.00000000 2.00000000 118.00000000
782.00000000 247.00000000 1.00000000 116.00000000
202.00000000 176.00000000 2.00000000 116.00000000
553.00000000 216.00000000 1.00000000 116.00000000
84.00000000 149.00000000 1.00000000 114.00000000
879.00000000 223.00000000 2.00000000 113.00000000
707.00000000 268.00000000 2.00000000 112.00000000
824.00000000 226.00000000 1.00000000 108.00000000
900.00000000 208.00000000 4.00000000 107.00000000
364.00000000 237.00000000 1.00000000 105.00000000
948.00000000 281.00000000 1.00000000 101.00000000
828.00000000 268.00000000 4.00000000 88.00000000
899.00000000 214.00000000 5.00000000 56.00000000
