500.00000000 201.00000000 0.00000000 385.00000000
501.00000000 202.00000000 1.00000000 370.00000000
541.00000000 228.00000000 1.00000000 361.00000000
500.00000000 200.00000000 1.00000000 348.00000000
540.00000000 227.00000000 0.00000000 343.00000000
386.00000000 204.00000000 0.00000000 317.00000000
468.00000000 195.00000000 0.00000000 297.00000000
386.00000000 204.00000000 1.00000000 293.00000000
500.00000000 202.00000000 2.00000000 290.00000000
714.00000000 227.00000000 0.00000000 262.00000000
468.00000000 196.00000000 1.00000000 261.00000000
793.00000000 241.00000000 0.00000000 245.00000000
830.00000000 264.00000000 2.00000000 238.00000000
830.00000000 263.00000000 1.00000000 227.00000000
1003.00000000 254.00000000 0.00000000 226.00000000
849.00000000 253.00000000 0.00000000 224.00000000
162.00000000 369.00000000 0.00000000 221.00000000
541.00000000 227.00000000 1.00000000 221.00000000
945.00000000 316.00000000 0.00000000 220.00000000
441.00000000 234.00000000 0.00000000 216.00000000
901.00000000 253.00000000 0.00000000 215.00000000
828.00000000 265.00000000 2.00000000 214.00000000
162.00000000 369.00000000 1.00000000 211.00000000
85.00000000 149.00000000 1.00000000 210.00000000
301.00000000 407.00000000 1.00000000 204.00000000
263.00000000 407.00000000 0.00000000 201.00000000
714.00000000 227.00000000 1.00000000 197.00000000
256.00000000 377.00000000 0.00000000 194.00000000
439.00000000 241.00000000 0.00000000 190.00000000
482.00000000 275.00000000 0.00000000 189.00000000
335.00000000 427.00000000 0.00000000 188.00000000
85.00000000 149.00000000 0.00000000 187.00000000
638.00000000 218.00000000 0.00000000 184.00000000
270.00000000 381.00000000 0.00000000 182.00000000
552.00000000 235.00000000 0.00000000 181.00000000
905.00000000 181.00000000 0.00000000 176.00000000
794.00000000 227.00000000 1.00000000 175.00000000
908.00000000 265.00000000 0.00000000 174.00000000
829.00000000 263.00000000 1.00000000 172.00000000
301.00000000 405.00000000 0.00000000 172.00000000
946.00000000 316.00000000 1.00000000 171.00000000
745.00000000 284.00000000 1.00000000 169.00000000
386.00000000 205.00000000 1.00000000 169.00000000
96.00000000 308.00000000 1.00000000 167.00000000
364.00000000 236.00000000 0.00000000 167.00000000
176.00000000 285.00000000 0.00000000 166.00000000
553.00000000 215.00000000 0.00000000 165.00000000
982.00000000 229.00000000 0.00000000 165.00000000
301.00000000 407.00000000 1.00000000 164.00000000
745.00000000 284.00000000 0.00000000 163.00000000
697.00000000 251.00000000 1.00000000 162.00000000
458.00000000 200.00000000 1.00000000 162.00000000
647.00000000 210.00000000 0.00000000 161.00000000
697.00000000 251.00000000 0.00000000 158.00000000
500.00000000 200.00000000 2.00000000 158.00000000
902.00000000 253.00000000 1.00000000 157.00000000
177.00000000 285.00000000 1.00000000 157.00000000
482.00000000 236.00000000 0.00000000 157.00000000
794.00000000 247.00000000 0.00000000 156.00000000
353.00000000 275.00000000 0.00000000 152.00000000
96.00000000 308.00000000 2.00000000 151.00000000
774.00000000 393.00000000 0.00000000 151.00000000
567.00000000 311.00000000 0.00000000 151.00000000
514.00000000 248.00000000 0.00000000 149.00000000
69.00000000 492.00000000 0.00000000 149.00000000
706.00000000 270.00000000 2.00000000 148.00000000
743.00000000 505.00000000 0.00000000 148.00000000
482.00000000 236.00000000 1.00000000 148.00000000
537.00000000 254.00000000 0.00000000 147.00000000
100.00000000 427.00000000 0.00000000 147.00000000
458.00000000 200.00000000 0.00000000 144.00000000
335.00000000 489.00000000 0.00000000 144.00000000
702.00000000 246.00000000 0.00000000 143.00000000
905.00000000 181.00000000 1.00000000 143.00000000
697.00000000 250.00000000 1.00000000 142.00000000
849.00000000 253.00000000 1.00000000 141.00000000
270.00000000 381.00000000 1.00000000 141.00000000
282.00000000 238.00000000 1.00000000 141.00000000
61.00000000 241.00000000 1.00000000 139.00000000
664.00000000 265.00000000 0.00000000 139.00000000
181.00000000 292.00000000 0.00000000 138.00000000
210.00000000 199.00000000 1.00000000 138.00000000
950.00000000 198.00000000 1.00000000 138.00000000
139.00000000 458.00000000 0.00000000 138.00000000
173.00000000 272.00000000 0.00000000 138.00000000
458.00000000 199.00000000 1.00000000 138.00000000
525.00000000 258.00000000 0.00000000 137.00000000
250.00000000 379.00000000 0.00000000 137.00000000
372.00000000 244.00000000 0.00000000 137.00000000
828.00000000 268.00000000 4.00000000 137.00000000
794.00000000 241.00000000 1.00000000 137.00000000
794.00000000 227.00000000 0.00000000 136.00000000
1010.00000000 260.00000000 0.00000000 135.00000000
793.00000000 229.00000000 1.00000000 135.00000000
948.00000000 281.00000000 1.00000000 135.00000000
965.00000000 527.00000000 0.00000000 132.00000000
97.00000000 308.00000000 1.00000000 132.00000000
364.00000000 239.00000000 1.00000000 132.00000000
263.00000000 407.00000000 1.00000000 132.00000000
263.00000000 407.00000000 1.00000000 131.00000000
79.00000000 155.00000000 0.00000000 130.00000000
161.00000000 369.00000000 1.00000000 130.00000000
238.00000000 388.00000000 0.00000000 130.00000000
449.00000000 239.00000000 0.00000000 130.00000000
907.00000000 189.00000000 0.00000000 129.00000000
49.00000000 422.00000000 1.00000000 128.00000000
69.00000000 493.00000000 1.00000000 128.00000000
335.00000000 427.00000000 1.00000000 128.00000000
730.00000000 267.00000000 0.00000000 126.00000000
212.00000000 390.00000000 0.00000000 126.00000000
282.00000000 238.00000000 0.00000000 126.00000000
849.00000000 234.00000000 0.00000000 126.00000000
741.00000000 241.00000000 0.00000000 126.00000000
960.00000000 497.00000000 0.00000000 125.00000000
39.00000000 397.00000000 1.00000000 123.00000000
704.00000000 268.00000000 1.00000000 118.00000000
203.00000000 176.00000000 1.00000000 117.00000000
84.00000000 149.00000000 1.00000000 112.00000000
704.00000000 268.00000000 2.00000000 110.00000000
947.00000000 315.00000000 1.00000000 108.00000000
84.00000000 356.00000000 4.00000000 108.00000000
38.00000000 398.00000000 2.00000000 105.00000000
792.00000000 230.00000000 2.00000000 104.00000000
302.00000000 408.00000000 2.00000000 101.00000000
202.00000000 178.00000000 2.00000000 98.00000000
84.00000000 353.00000000 2.00000000 96.00000000
84.00000000 356.00000000 5.00000000 86.00000000
