500.00000000 202.00000000 1.00000000 391.00000000
499.00000000 200.00000000 1.00000000 375.00000000
500.00000000 201.00000000 0.00000000 370.00000000
500.00000000 200.00000000 2.00000000 299.00000000
540.00000000 228.00000000 1.00000000 294.00000000
540.00000000 228.00000000 0.00000000 270.00000000
878.00000000 239.00000000 0.00000000 222.00000000
467.00000000 195.00000000 0.00000000 207.00000000
828.00000000 266.00000000 2.00000000 192.00000000
519.00000000 377.00000000 0.00000000 189.00000000
386.00000000 207.00000000 1.00000000 183.00000000
398.00000000 216.00000000 1.00000000 182.00000000
793.00000000 241.00000000 0.00000000 180.00000000
84.00000000 149.00000000 0.00000000 180.00000000
828.00000000 264.00000000 1.00000000 177.00000000
84.00000000 150.00000000 1.00000000 177.00000000
467.00000000 196.00000000 1.00000000 175.00000000
540.00000000 227.00000000 1.00000000 171.00000000
878.00000000 239.00000000 1.00000000 169.00000000
152.00000000 656.00000000 5.00000000 169.00000000
386.00000000 206.00000000 1.00000000 169.00000000
457.00000000 200.00000000 1.00000000 167.00000000
949.00000000 198.00000000 1.00000000 166.00000000
849.00000000 234.00000000 0.00000000 165.00000000
211.00000000 201.00000000 1.00000000 164.00000000
829.00000000 263.00000000 1.00000000 160.00000000
646.00000000 344.00000000 0.00000000 159.00000000
825.00000000 265.00000000 2.00000000 157.00000000
458.00000000 199.00000000 1.00000000 156.00000000
182.00000000 486.00000000 0.00000000 156.00000000
497.00000000 200.00000000 2.00000000 153.00000000
668.00000000 224.00000000 0.00000000 153.00000000
849.00000000 235.00000000 1.00000000 151.00000000
467.00000000 278.00000000 0.00000000 151.00000000
386.00000000 208.00000000 2.00000000 150.00000000
672.00000000 647.00000000 1.00000000 150.00000000
79.00000000 155.00000000 0.00000000 149.00000000
176.00000000 286.00000000 1.00000000 147.00000000
99.00000000 316.00000000 0.00000000 147.00000000
440.00000000 234.00000000 0.00000000 143.00000000
713.00000000 227.00000000 0.00000000 143.00000000
904.00000000 181.00000000 1.00000000 142.00000000
901.00000000 253.00000000 0.00000000 141.00000000
563.00000000 230.00000000 1.00000000 141.00000000
214.00000000 391.00000000 1.00000000 138.00000000
741.00000000 241.00000000 0.00000000 138.00000000
904.00000000 180.00000000 0.00000000 137.00000000
1002.00000000 255.00000000 0.00000000 136.00000000
671.00000000 646.00000000 1.00000000 136.00000000
937.00000000 597.00000000 1.00000000 136.00000000
211.00000000 200.00000000 0.00000000 135.00000000
182.00000000 487.00000000 1.00000000 135.00000000
864.00000000 560.00000000 1.00000000 134.00000000
210.00000000 200.00000000 1.00000000 134.00000000
824.00000000 268.00000000 4.00000000 133.00000000
637.00000000 218.00000000 0.00000000 132.00000000
457.00000000 200.00000000 0.00000000 132.00000000
551.00000000 235.00000000 0.00000000 131.00000000
467.00000000 278.00000000 1.00000000 130.00000000
610.00000000 230.00000000 1.00000000 130.00000000
610.00000000 230.00000000 0.00000000 129.00000000
906.00000000 189.00000000 0.00000000 129.00000000
667.00000000 220.00000000 1.00000000 129.00000000
352.00000000 275.00000000 0.00000000 128.00000000
348.00000000 622.00000000 0.00000000 127.00000000
773.00000000 293.00000000 0.00000000 127.00000000
802.00000000 312.00000000 1.00000000 127.00000000
992.00000000 594.00000000 2.00000000 127.00000000
741.00000000 242.00000000 1.00000000 125.00000000
668.00000000 223.00000000 1.00000000 125.00000000
848.00000000 253.00000000 0.00000000 124.00000000
282.00000000 238.00000000 1.00000000 123.00000000
672.00000000 646.00000000 0.00000000 123.00000000
670.00000000 648.00000000 2.00000000 122.00000000
481.00000000 236.00000000 1.00000000 122.00000000
622.00000000 272.00000000 0.00000000 122.00000000
399.00000000 216.00000000 1.00000000 122.00000000
991.00000000 592.00000000 1.00000000 122.00000000
514.00000000 274.00000000 1.00000000 120.00000000
348.00000000 622.00000000 1.00000000 119.00000000
408.00000000 588.00000000 2.00000000 119.00000000
793.00000000 241.00000000 1.00000000 118.00000000
696.00000000 251.00000000 1.00000000 118.00000000
908.00000000 265.00000000 0.00000000 117.00000000
563.00000000 231.00000000 0.00000000 117.00000000
949.00000000 197.00000000 0.00000000 117.00000000
176.00000000 286.00000000 0.00000000 116.00000000
92.00000000 364.00000000 4.00000000 116.00000000
498.00000000 337.00000000 1.00000000 116.00000000
781.00000000 533.00000000 1.00000000 116.00000000
173.00000000 272.00000000 0.00000000 113.00000000
96.00000000 310.00000000 2.00000000 113.00000000
562.00000000 229.00000000 1.00000000 112.00000000
950.00000000 197.00000000 1.00000000 111.00000000
613.00000000 303.00000000 0.00000000 110.00000000
323.00000000 144.00000000 0.00000000 110.00000000
363.00000000 236.00000000 0.00000000 110.00000000
897.00000000 219.00000000 0.00000000 110.00000000
696.00000000 251.00000000 0.00000000 110.00000000
740.00000000 514.00000000 0.00000000 109.00000000
210.00000000 202.00000000 2.00000000 109.00000000
548.00000000 255.00000000 0.00000000 108.00000000
781.00000000 533.00000000 0.00000000 108.00000000
277.00000000 224.00000000 1.00000000 107.00000000
585.00000000 504.00000000 0.00000000 106.00000000
358.00000000 596.00000000 0.00000000 106.00000000
216.00000000 578.00000000 1.00000000 105.00000000
606.00000000 253.00000000 0.00000000 105.00000000
794.00000000 248.00000000 0.00000000 104.00000000
347.00000000 620.00000000 1.00000000 104.00000000
794.00000000 226.00000000 0.00000000 104.00000000
152.00000000 599.00000000 0.00000000 104.00000000
340.00000000 498.00000000 0.00000000 104.00000000
386.00000000 206.00000000 0.00000000 104.00000000
213.00000000 390.00000000 0.00000000 103.00000000
76.00000000 164.00000000 0.00000000 103.00000000
481.00000000 274.00000000 0.00000000 103.00000000
946.00000000 581.00000000 0.00000000 103.00000000
282.00000000 239.00000000 0.00000000 102.00000000
325.00000000 353.00000000 0.00000000 102.00000000
286.00000000 185.00000000 0.00000000 102.00000000
576.00000000 306.00000000 0.00000000 102.00000000
939.00000000 597.00000000 0.00000000 102.00000000
481.00000000 236.00000000 0.00000000 102.00000000
263.00000000 124.00000000 0.00000000 101.00000000
670.00000000 647.00000000 2.00000000 98.00000000
96.00000000 311.00000000 2.00000000 95.00000000
