499.00000000 201.00000000 1.00000000 386.00000000
499.00000000 200.00000000 1.00000000 371.00000000
499.00000000 201.00000000 0.00000000 345.00000000
498.00000000 200.00000000 2.00000000 310.00000000
395.00000000 231.00000000 5.00000000 243.00000000
878.00000000 240.00000000 1.00000000 238.00000000
878.00000000 239.00000000 0.00000000 231.00000000
400.00000000 217.00000000 1.00000000 192.00000000
519.00000000 378.00000000 0.00000000 175.00000000
519.00000000 378.00000000 1.00000000 171.00000000
400.00000000 218.00000000 1.00000000 166.00000000
457.00000000 200.00000000 1.00000000 165.00000000
466.00000000 195.00000000 0.00000000 165.00000000
497.00000000 200.00000000 2.00000000 163.00000000
610.00000000 230.00000000 1.00000000 162.00000000
540.00000000 224.00000000 1.00000000 160.00000000
949.00000000 198.00000000 1.00000000 156.00000000
765.00000000 285.00000000 1.00000000 155.00000000
540.00000000 227.00000000 1.00000000 153.00000000
456.00000000 200.00000000 1.00000000 152.00000000
864.00000000 560.00000000 1.00000000 144.00000000
398.00000000 218.00000000 2.00000000 144.00000000
467.00000000 196.00000000 1.00000000 144.00000000
903.00000000 181.00000000 1.00000000 143.00000000
325.00000000 268.00000000 1.00000000 142.00000000
849.00000000 234.00000000 0.00000000 141.00000000
84.00000000 150.00000000 1.00000000 141.00000000
849.00000000 234.00000000 1.00000000 140.00000000
793.00000000 241.00000000 0.00000000 140.00000000
84.00000000 149.00000000 0.00000000 139.00000000
878.00000000 240.00000000 1.00000000 134.00000000
905.00000000 189.00000000 0.00000000 129.00000000
610.00000000 229.00000000 0.00000000 128.00000000
765.00000000 284.00000000 1.00000000 127.00000000
23.00000000 108.00000000 0.00000000 126.00000000
79.00000000 156.00000000 0.00000000 126.00000000
636.00000000 197.00000000 1.00000000 126.00000000
325.00000000 268.00000000 1.00000000 125.00000000
282.00000000 239.00000000 0.00000000 124.00000000
539.00000000 228.00000000 0.00000000 124.00000000
829.00000000 263.00000000 1.00000000 124.00000000
869.00000000 213.00000000 1.00000000 124.00000000
57.00000000 91.00000000 0.00000000 123.00000000
605.00000000 253.00000000 0.00000000 123.00000000
396.00000000 236.00000000 4.00000000 123.00000000
517.00000000 274.00000000 2.00000000 122.00000000
869.00000000 213.00000000 1.00000000 121.00000000
780.00000000 534.00000000 1.00000000 121.00000000
55.00000000 98.00000000 0.00000000 120.00000000
638.00000000 204.00000000 2.00000000 120.00000000
476.00000000 268.00000000 4.00000000 119.00000000
903.00000000 181.00000000 0.00000000 119.00000000
780.00000000 533.00000000 0.00000000 118.00000000
609.00000000 230.00000000 1.00000000 116.00000000
828.00000000 264.00000000 1.00000000 116.00000000
440.00000000 234.00000000 0.00000000 115.00000000
325.00000000 268.00000000 0.00000000 114.00000000
548.00000000 255.00000000 0.00000000 114.00000000
765.00000000 284.00000000 0.00000000 114.00000000
93.00000000 164.00000000 0.00000000 114.00000000
621.00000000 272.00000000 0.00000000 114.00000000
864.00000000 561.00000000 1.00000000 113.00000000
948.00000000 197.00000000 0.00000000 112.00000000
950.00000000 197.00000000 1.00000000 112.00000000
575.00000000 306.00000000 0.00000000 112.00000000
645.00000000 345.00000000 0.00000000 112.00000000
23.00000000 109.00000000 1.00000000 112.00000000
696.00000000 251.00000000 0.00000000 112.00000000
24.00000000 98.00000000 0.00000000 110.00000000
176.00000000 286.00000000 1.00000000 110.00000000
937.00000000 598.00000000 1.00000000 110.00000000
348.00000000 622.00000000 0.00000000 110.00000000
574.00000000 506.00000000 0.00000000 109.00000000
1002.00000000 255.00000000 0.00000000 109.00000000
456.00000000 199.00000000 0.00000000 109.00000000
864.00000000 560.00000000 2.00000000 109.00000000
481.00000000 237.00000000 1.00000000 109.00000000
427.00000000 455.00000000 2.00000000 109.00000000
93.00000000 164.00000000 1.00000000 107.00000000
282.00000000 239.00000000 1.00000000 107.00000000
379.00000000 194.00000000 1.00000000 106.00000000
900.00000000 253.00000000 0.00000000 106.00000000
504.00000000 289.00000000 0.00000000 106.00000000
696.00000000 251.00000000 1.00000000 106.00000000
637.00000000 197.00000000 1.00000000 106.00000000
428.00000000 454.00000000 2.00000000 105.00000000
867.00000000 243.00000000 1.00000000 105.00000000
401.00000000 217.00000000 0.00000000 105.00000000
55.00000000 99.00000000 1.00000000 104.00000000
23.00000000 138.00000000 0.00000000 104.00000000
574.00000000 508.00000000 1.00000000 104.00000000
950.00000000 525.00000000 1.00000000 104.00000000
675.00000000 365.00000000 1.00000000 104.00000000
152.00000000 599.00000000 0.00000000 103.00000000
878.00000000 242.00000000 2.00000000 103.00000000
862.00000000 541.00000000 1.00000000 102.00000000
945.00000000 582.00000000 0.00000000 100.00000000
828.00000000 266.00000000 2.00000000 99.00000000
605.00000000 239.00000000 0.00000000 99.00000000
106.00000000 180.00000000 2.00000000 99.00000000
537.00000000 217.00000000 2.00000000 98.00000000
572.00000000 509.00000000 1.00000000 98.00000000
428.00000000 452.00000000 1.00000000 98.00000000
907.00000000 265.00000000 0.00000000 98.00000000
352.00000000 275.00000000 0.00000000 97.00000000
882.00000000 275.00000000 0.00000000 96.00000000
637.00000000 218.00000000 0.00000000 95.00000000
1001.00000000 458.00000000 0.00000000 95.00000000
550.00000000 235.00000000 0.00000000 94.00000000
480.00000000 236.00000000 0.00000000 94.00000000
379.00000000 194.00000000 0.00000000 92.00000000
979.00000000 221.00000000 0.00000000 91.00000000
869.00000000 213.00000000 0.00000000 91.00000000
848.00000000 253.00000000 0.00000000 91.00000000
1011.00000000 211.00000000 0.00000000 90.00000000
675.00000000 364.00000000 0.00000000 90.00000000
971.00000000 193.00000000 0.00000000 89.00000000
120.00000000 430.00000000 0.00000000 88.00000000
176.00000000 286.00000000 0.00000000 88.00000000
21.00000000 574.00000000 0.00000000 88.00000000
636.00000000 196.00000000 0.00000000 88.00000000
936.00000000 521.00000000 0.00000000 87.00000000
740.00000000 514.00000000 0.00000000 87.00000000
741.00000000 241.00000000 0.00000000 87.00000000
233.00000000 674.00000000 0.00000000 87.00000000
472.00000000 372.00000000 0.00000000 87.00000000
593.00000000 311.00000000 0.00000000 87.00000000
