842.00000000 102.00000000 0.00000000 632.00000000
897.00000000 84.00000000 1.00000000 609.00000000
196.00000000 548.00000000 2.00000000 588.00000000
196.00000000 545.00000000 1.00000000 585.00000000
198.00000000 545.00000000 1.00000000 572.00000000
195.00000000 551.00000000 2.00000000 543.00000000
898.00000000 83.00000000 0.00000000 509.00000000
41.00000000 400.00000000 0.00000000 500.00000000
197.00000000 544.00000000 0.00000000 490.00000000
842.00000000 103.00000000 1.00000000 483.00000000
195.00000000 371.00000000 0.00000000 462.00000000
41.00000000 402.00000000 1.00000000 454.00000000
898.00000000 83.00000000 1.00000000 442.00000000
1196.00000000 649.00000000 1.00000000 438.00000000
854.00000000 73.00000000 1.00000000 437.00000000
194.00000000 372.00000000 1.00000000 408.00000000
24.00000000 705.00000000 0.00000000 408.00000000
192.00000000 556.00000000 4.00000000 401.00000000
894.00000000 65.00000000 1.00000000 394.00000000
31.00000000 439.00000000 0.00000000 389.00000000
881.00000000 86.00000000 0.00000000 387.00000000
193.00000000 371.00000000 1.00000000 386.00000000
1176.00000000 651.00000000 1.00000000 386.00000000
192.00000000 379.00000000 2.00000000 385.00000000
209.00000000 23.00000000 1.00000000 365.00000000
1198.00000000 650.00000000 2.00000000 362.00000000
192.00000000 376.00000000 2.00000000 361.00000000
147.00000000 607.00000000 0.00000000 360.00000000
192.00000000 384.00000000 4.00000000 358.00000000
893.00000000 65.00000000 1.00000000 357.00000000
209.00000000 22.00000000 0.00000000 350.00000000
41.00000000 401.00000000 1.00000000 349.00000000
190.00000000 517.00000000 1.00000000 348.00000000
894.00000000 64.00000000 0.00000000 348.00000000
455.00000000 353.00000000 1.00000000 346.00000000
147.00000000 608.00000000 1.00000000 336.00000000
846.00000000 311.00000000 0.00000000 323.00000000
1151.00000000 647.00000000 0.00000000 322.00000000
842.00000000 93.00000000 0.00000000 317.00000000
842.00000000 92.00000000 1.00000000 315.00000000
854.00000000 72.00000000 1.00000000 313.00000000
192.00000000 565.00000000 5.00000000 306.00000000
991.00000000 185.00000000 1.00000000 306.00000000
1176.00000000 654.00000000 2.00000000 306.00000000
58.00000000 549.00000000 0.00000000 304.00000000
189.00000000 516.00000000 1.00000000 304.00000000
1196.00000000 647.00000000 1.00000000 303.00000000
456.00000000 202.00000000 2.00000000 298.00000000
190.00000000 517.00000000 0.00000000 297.00000000
24.00000000 706.00000000 1.00000000 293.00000000
455.00000000 353.00000000 1.00000000 293.00000000
940.00000000 301.00000000 1.00000000 289.00000000
784.00000000 84.00000000 0.00000000 286.00000000
966.00000000 22.00000000 1.00000000 285.00000000
40.00000000 402.00000000 2.00000000 283.00000000
31.00000000 441.00000000 1.00000000 281.00000000
1094.00000000 639.00000000 1.00000000 281.00000000
455.00000000 351.00000000 0.00000000 280.00000000
207.00000000 24.00000000 1.00000000 279.00000000
1176.00000000 652.00000000 1.00000000 278.00000000
854.00000000 71.00000000 0.00000000 272.00000000
939.00000000 304.00000000 1.00000000 269.00000000
630.00000000 552.00000000 1.00000000 266.00000000
939.00000000 304.00000000 0.00000000 265.00000000
196.00000000 729.00000000 0.00000000 264.00000000
42.00000000 499.00000000 0.00000000 263.00000000
455.00000000 203.00000000 2.00000000 262.00000000
881.00000000 87.00000000 1.00000000 261.00000000
1088.00000000 366.00000000 1.00000000 255.00000000
1195.00000000 646.00000000 0.00000000 255.00000000
991.00000000 185.00000000 1.00000000 254.00000000
991.00000000 184.00000000 0.00000000 254.00000000
42.00000000 500.00000000 1.00000000 254.00000000
1149.00000000 439.00000000 0.00000000 253.00000000
26.00000000 592.00000000 1.00000000 251.00000000
456.00000000 199.00000000 1.00000000 249.00000000
1101.00000000 657.00000000 1.00000000 247.00000000
1106.00000000 665.00000000 0.00000000 245.00000000
452.00000000 362.00000000 2.00000000 245.00000000
190.00000000 516.00000000 2.00000000 243.00000000
991.00000000 127.00000000 0.00000000 241.00000000
991.00000000 128.00000000 1.00000000 241.00000000
1098.00000000 630.00000000 0.00000000 240.00000000
196.00000000 730.00000000 1.00000000 240.00000000
630.00000000 553.00000000 1.00000000 237.00000000
1174.00000000 659.00000000 0.00000000 236.00000000
454.00000000 356.00000000 2.00000000 235.00000000
26.00000000 591.00000000 0.00000000 233.00000000
874.00000000 13.00000000 0.00000000 232.00000000
741.00000000 719.00000000 1.00000000 232.00000000
1201.00000000 603.00000000 0.00000000 227.00000000
871.00000000 153.00000000 0.00000000 225.00000000
741.00000000 718.00000000 0.00000000 224.00000000
871.00000000 154.00000000 1.00000000 220.00000000
59.00000000 549.00000000 1.00000000 218.00000000
1174.00000000 611.00000000 0.00000000 216.00000000
28.00000000 457.00000000 0.00000000 215.00000000
1175.00000000 641.00000000 0.00000000 213.00000000
942.00000000 278.00000000 0.00000000 211.00000000
1129.00000000 666.00000000 0.00000000 211.00000000
194.00000000 390.00000000 0.00000000 211.00000000
847.00000000 312.00000000 1.00000000 211.00000000
617.00000000 579.00000000 0.00000000 210.00000000
1151.00000000 647.00000000 1.00000000 210.00000000
986.00000000 175.00000000 0.00000000 205.00000000
1001.00000000 240.00000000 0.00000000 202.00000000
970.00000000 12.00000000 0.00000000 198.00000000
966.00000000 22.00000000 0.00000000 198.00000000
990.00000000 139.00000000 0.00000000 196.00000000
948.00000000 14.00000000 0.00000000 195.00000000
922.00000000 38.00000000 0.00000000 191.00000000
838.00000000 34.00000000 0.00000000 189.00000000
866.00000000 179.00000000 0.00000000 189.00000000
811.00000000 82.00000000 0.00000000 186.00000000
1150.00000000 616.00000000 0.00000000 185.00000000
911.00000000 96.00000000 0.00000000 185.00000000
1101.00000000 579.00000000 0.00000000 183.00000000
1052.00000000 893.00000000 0.00000000 182.00000000
666.00000000 544.00000000 0.00000000 181.00000000
1100.00000000 658.00000000 0.00000000 178.00000000
1101.00000000 650.00000000 0.00000000 177.00000000
1175.00000000 653.00000000 0.00000000 177.00000000
96.00000000 714.00000000 0.00000000 176.00000000
906.00000000 852.00000000 0.00000000 175.00000000
50.00000000 685.00000000 0.00000000 174.00000000
685.00000000 572.00000000 0.00000000 173.00000000
351.00000000 423.00000000 0.00000000 171.00000000
