1035.00000000 135.00000000 0.00000000 607.00000000
415.00000000 517.00000000 2.00000000 596.00000000
416.00000000 518.00000000 2.00000000 574.00000000
1002.00000000 138.00000000 0.00000000 562.00000000
415.00000000 514.00000000 1.00000000 557.00000000
416.00000000 524.00000000 4.00000000 537.00000000
138.00000000 761.00000000 1.00000000 508.00000000
197.00000000 516.00000000 0.00000000 498.00000000
416.00000000 514.00000000 1.00000000 495.00000000
137.00000000 760.00000000 0.00000000 484.00000000
1033.00000000 118.00000000 0.00000000 469.00000000
409.00000000 280.00000000 1.00000000 461.00000000
198.00000000 509.00000000 0.00000000 456.00000000
146.00000000 343.00000000 1.00000000 436.00000000
416.00000000 514.00000000 0.00000000 434.00000000
1033.00000000 118.00000000 1.00000000 429.00000000
409.00000000 280.00000000 0.00000000 427.00000000
1036.00000000 135.00000000 1.00000000 427.00000000
412.00000000 531.00000000 5.00000000 414.00000000
164.00000000 285.00000000 1.00000000 394.00000000
146.00000000 342.00000000 0.00000000 392.00000000
164.00000000 285.00000000 1.00000000 390.00000000
407.00000000 285.00000000 2.00000000 379.00000000
404.00000000 288.00000000 4.00000000 379.00000000
408.00000000 280.00000000 1.00000000 377.00000000
344.00000000 599.00000000 1.00000000 373.00000000
408.00000000 282.00000000 2.00000000 368.00000000
137.00000000 760.00000000 1.00000000 365.00000000
1026.00000000 134.00000000 0.00000000 363.00000000
1171.00000000 612.00000000 0.00000000 362.00000000
1003.00000000 138.00000000 1.00000000 350.00000000
198.00000000 516.00000000 1.00000000 336.00000000
164.00000000 284.00000000 0.00000000 335.00000000
713.00000000 308.00000000 1.00000000 334.00000000
1137.00000000 603.00000000 0.00000000 332.00000000
145.00000000 343.00000000 1.00000000 328.00000000
344.00000000 598.00000000 0.00000000 327.00000000
1171.00000000 613.00000000 1.00000000 322.00000000
343.00000000 599.00000000 1.00000000 321.00000000
417.00000000 763.00000000 1.00000000 317.00000000
405.00000000 477.00000000 1.00000000 315.00000000
404.00000000 476.00000000 1.00000000 314.00000000
1180.00000000 608.00000000 0.00000000 314.00000000
417.00000000 762.00000000 0.00000000 313.00000000
1066.00000000 70.00000000 0.00000000 311.00000000
712.00000000 308.00000000 1.00000000 310.00000000
716.00000000 136.00000000 2.00000000 305.00000000
1010.00000000 114.00000000 0.00000000 302.00000000
1137.00000000 583.00000000 0.00000000 299.00000000
142.00000000 381.00000000 0.00000000 297.00000000
185.00000000 724.00000000 0.00000000 287.00000000
404.00000000 476.00000000 2.00000000 285.00000000
141.00000000 347.00000000 2.00000000 284.00000000
713.00000000 306.00000000 0.00000000 283.00000000
1033.00000000 117.00000000 1.00000000 281.00000000
1181.00000000 610.00000000 1.00000000 281.00000000
143.00000000 376.00000000 0.00000000 280.00000000
715.00000000 135.00000000 1.00000000 279.00000000
164.00000000 286.00000000 2.00000000 275.00000000
1011.00000000 115.00000000 1.00000000 274.00000000
1086.00000000 201.00000000 0.00000000 274.00000000
1060.00000000 39.00000000 1.00000000 272.00000000
1049.00000000 102.00000000 0.00000000 271.00000000
1002.00000000 130.00000000 0.00000000 270.00000000
140.00000000 581.00000000 1.00000000 268.00000000
144.00000000 346.00000000 2.00000000 267.00000000
1049.00000000 102.00000000 1.00000000 266.00000000
91.00000000 714.00000000 0.00000000 266.00000000
166.00000000 439.00000000 1.00000000 265.00000000
1134.00000000 393.00000000 1.00000000 265.00000000
165.00000000 439.00000000 1.00000000 258.00000000
1025.00000000 134.00000000 1.00000000 256.00000000
405.00000000 477.00000000 0.00000000 252.00000000
937.00000000 664.00000000 1.00000000 247.00000000
712.00000000 138.00000000 2.00000000 246.00000000
140.00000000 369.00000000 0.00000000 246.00000000
1134.00000000 393.00000000 0.00000000 245.00000000
140.00000000 582.00000000 1.00000000 244.00000000
861.00000000 533.00000000 1.00000000 244.00000000
417.00000000 763.00000000 1.00000000 244.00000000
1215.00000000 612.00000000 0.00000000 242.00000000
1086.00000000 239.00000000 1.00000000 241.00000000
1086.00000000 202.00000000 1.00000000 241.00000000
712.00000000 310.00000000 2.00000000 239.00000000
1060.00000000 40.00000000 1.00000000 238.00000000
140.00000000 388.00000000 0.00000000 236.00000000
140.00000000 370.00000000 1.00000000 235.00000000
166.00000000 438.00000000 0.00000000 233.00000000
862.00000000 533.00000000 1.00000000 232.00000000
140.00000000 580.00000000 0.00000000 230.00000000
937.00000000 663.00000000 1.00000000 229.00000000
1101.00000000 354.00000000 1.00000000 228.00000000
1086.00000000 238.00000000 0.00000000 227.00000000
1020.00000000 190.00000000 1.00000000 227.00000000
184.00000000 725.00000000 1.00000000 226.00000000
1100.00000000 353.00000000 0.00000000 223.00000000
1138.00000000 593.00000000 0.00000000 222.00000000
603.00000000 374.00000000 0.00000000 222.00000000
1087.00000000 193.00000000 1.00000000 220.00000000
96.00000000 744.00000000 0.00000000 219.00000000
1000.00000000 77.00000000 0.00000000 218.00000000
1066.00000000 71.00000000 1.00000000 217.00000000
1001.00000000 120.00000000 0.00000000 217.00000000
140.00000000 584.00000000 2.00000000 216.00000000
1064.00000000 87.00000000 0.00000000 213.00000000
1059.00000000 313.00000000 0.00000000 212.00000000
1086.00000000 192.00000000 0.00000000 211.00000000
1060.00000000 41.00000000 0.00000000 208.00000000
1019.00000000 190.00000000 0.00000000 208.00000000
1074.00000000 98.00000000 0.00000000 205.00000000
113.00000000 608.00000000 0.00000000 205.00000000
937.00000000 663.00000000 0.00000000 201.00000000
197.00000000 524.00000000 0.00000000 200.00000000
108.00000000 659.00000000 0.00000000 200.00000000
414.00000000 729.00000000 0.00000000 196.00000000
194.00000000 549.00000000 0.00000000 195.00000000
1028.00000000 96.00000000 0.00000000 193.00000000
1083.00000000 229.00000000 0.00000000 190.00000000
851.00000000 559.00000000 0.00000000 189.00000000
1001.00000000 41.00000000 0.00000000 188.00000000
140.00000000 417.00000000 0.00000000 185.00000000
384.00000000 267.00000000 0.00000000 182.00000000
1035.00000000 782.00000000 0.00000000 178.00000000
1059.00000000 326.00000000 0.00000000 175.00000000
183.00000000 677.00000000 0.00000000 173.00000000
939.00000000 688.00000000 0.00000000 172.00000000
311.00000000 379.00000000 0.00000000 171.00000000
