1094.00000000 692.00000000 0.00000000 631.00000000
1094.00000000 693.00000000 1.00000000 623.00000000
551.00000000 29.00000000 0.00000000 611.00000000
186.00000000 541.00000000 1.00000000 605.00000000
185.00000000 540.00000000 0.00000000 549.00000000
552.00000000 30.00000000 1.00000000 547.00000000
185.00000000 541.00000000 1.00000000 546.00000000
183.00000000 395.00000000 0.00000000 494.00000000
120.00000000 428.00000000 1.00000000 491.00000000
122.00000000 429.00000000 1.00000000 470.00000000
1094.00000000 692.00000000 1.00000000 458.00000000
307.00000000 886.00000000 1.00000000 445.00000000
184.00000000 544.00000000 2.00000000 442.00000000
831.00000000 666.00000000 0.00000000 441.00000000
306.00000000 886.00000000 1.00000000 441.00000000
306.00000000 888.00000000 2.00000000 439.00000000
183.00000000 396.00000000 1.00000000 433.00000000
120.00000000 430.00000000 2.00000000 430.00000000
1001.00000000 698.00000000 2.00000000 423.00000000
884.00000000 674.00000000 2.00000000 421.00000000
1002.00000000 702.00000000 2.00000000 409.00000000
182.00000000 397.00000000 1.00000000 400.00000000
1001.00000000 671.00000000 0.00000000 394.00000000
883.00000000 670.00000000 1.00000000 384.00000000
122.00000000 428.00000000 0.00000000 383.00000000
860.00000000 678.00000000 2.00000000 382.00000000
303.00000000 358.00000000 0.00000000 377.00000000
306.00000000 885.00000000 0.00000000 376.00000000
1135.00000000 830.00000000 1.00000000 371.00000000
1135.00000000 831.00000000 1.00000000 365.00000000
630.00000000 246.00000000 0.00000000 350.00000000
883.00000000 669.00000000 1.00000000 349.00000000
1026.00000000 688.00000000 0.00000000 348.00000000
832.00000000 666.00000000 1.00000000 347.00000000
1136.00000000 834.00000000 2.00000000 340.00000000
183.00000000 517.00000000 0.00000000 338.00000000
1001.00000000 702.00000000 1.00000000 338.00000000
183.00000000 517.00000000 1.00000000 333.00000000
941.00000000 673.00000000 0.00000000 332.00000000
303.00000000 359.00000000 1.00000000 329.00000000
859.00000000 685.00000000 0.00000000 328.00000000
859.00000000 695.00000000 0.00000000 328.00000000
1134.00000000 830.00000000 0.00000000 328.00000000
674.00000000 86.00000000 1.00000000 328.00000000
984.00000000 670.00000000 0.00000000 325.00000000
1059.00000000 713.00000000 0.00000000 322.00000000
183.00000000 545.00000000 2.00000000 320.00000000
182.00000000 400.00000000 2.00000000 318.00000000
807.00000000 690.00000000 0.00000000 308.00000000
830.00000000 625.00000000 0.00000000 306.00000000
1137.00000000 834.00000000 2.00000000 306.00000000
859.00000000 685.00000000 1.00000000 306.00000000
885.00000000 675.00000000 2.00000000 299.00000000
479.00000000 719.00000000 0.00000000 296.00000000
859.00000000 675.00000000 1.00000000 296.00000000
121.00000000 489.00000000 1.00000000 296.00000000
551.00000000 29.00000000 1.00000000 291.00000000
479.00000000 721.00000000 1.00000000 287.00000000
774.00000000 642.00000000 0.00000000 279.00000000
1026.00000000 688.00000000 1.00000000 279.00000000
674.00000000 85.00000000 0.00000000 276.00000000
830.00000000 386.00000000 1.00000000 275.00000000
1136.00000000 840.00000000 4.00000000 275.00000000
960.00000000 692.00000000 0.00000000 273.00000000
1002.00000000 672.00000000 1.00000000 271.00000000
551.00000000 19.00000000 1.00000000 270.00000000
21.00000000 334.00000000 0.00000000 270.00000000
960.00000000 708.00000000 0.00000000 268.00000000
859.00000000 659.00000000 0.00000000 267.00000000
674.00000000 86.00000000 1.00000000 267.00000000
777.00000000 634.00000000 0.00000000 265.00000000
765.00000000 683.00000000 0.00000000 264.00000000
185.00000000 101.00000000 0.00000000 260.00000000
890.00000000 608.00000000 0.00000000 260.00000000
890.00000000 609.00000000 1.00000000 260.00000000
185.00000000 102.00000000 1.00000000 259.00000000
301.00000000 216.00000000 1.00000000 258.00000000
1076.00000000 340.00000000 1.00000000 257.00000000
478.00000000 883.00000000 1.00000000 257.00000000
777.00000000 667.00000000 0.00000000 255.00000000
302.00000000 360.00000000 1.00000000 255.00000000
782.00000000 687.00000000 0.00000000 254.00000000
20.00000000 336.00000000 1.00000000 254.00000000
631.00000000 246.00000000 1.00000000 253.00000000
1000.00000000 704.00000000 1.00000000 251.00000000
774.00000000 642.00000000 1.00000000 251.00000000
302.00000000 214.00000000 1.00000000 250.00000000
765.00000000 296.00000000 1.00000000 249.00000000
883.00000000 668.00000000 0.00000000 247.00000000
574.00000000 80.00000000 0.00000000 247.00000000
556.00000000 269.00000000 0.00000000 247.00000000
574.00000000 81.00000000 1.00000000 247.00000000
1004.00000000 700.00000000 4.00000000 246.00000000
479.00000000 883.00000000 1.00000000 244.00000000
670.00000000 75.00000000 1.00000000 242.00000000
911.00000000 633.00000000 0.00000000 241.00000000
930.00000000 663.00000000 0.00000000 239.00000000
770.00000000 616.00000000 1.00000000 237.00000000
703.00000000 252.00000000 1.00000000 233.00000000
632.00000000 212.00000000 0.00000000 233.00000000
911.00000000 633.00000000 1.00000000 232.00000000
550.00000000 19.00000000 0.00000000 230.00000000
999.00000000 192.00000000 0.00000000 230.00000000
85.00000000 543.00000000 0.00000000 229.00000000
670.00000000 74.00000000 0.00000000 228.00000000
109.00000000 663.00000000 0.00000000 224.00000000
844.00000000 637.00000000 0.00000000 222.00000000
860.00000000 677.00000000 0.00000000 222.00000000
778.00000000 575.00000000 0.00000000 221.00000000
118.00000000 665.00000000 0.00000000 219.00000000
123.00000000 506.00000000 0.00000000 218.00000000
175.00000000 560.00000000 5.00000000 218.00000000
121.00000000 488.00000000 0.00000000 217.00000000
777.00000000 678.00000000 0.00000000 217.00000000
631.00000000 239.00000000 0.00000000 215.00000000
673.00000000 28.00000000 0.00000000 211.00000000
933.00000000 680.00000000 0.00000000 211.00000000
673.00000000 13.00000000 0.00000000 208.00000000
118.00000000 459.00000000 0.00000000 207.00000000
818.00000000 486.00000000 0.00000000 206.00000000
924.00000000 665.00000000 0.00000000 201.00000000
777.00000000 604.00000000 0.00000000 199.00000000
830.00000000 384.00000000 0.00000000 198.00000000
302.00000000 212.00000000 0.00000000 198.00000000
852.00000000 659.00000000 0.00000000 196.00000000
21.00000000 323.00000000 0.00000000 191.00000000
724.00000000 774.00000000 0.00000000 189.00000000
