258.00000000 504.00000000 0.00000000 643.00000000
475.00000000 514.00000000 2.00000000 609.00000000
476.00000000 512.00000000 2.00000000 594.00000000
258.00000000 513.00000000 0.00000000 566.00000000
476.00000000 520.00000000 4.00000000 536.00000000
475.00000000 510.00000000 1.00000000 502.00000000
476.00000000 509.00000000 1.00000000 496.00000000
197.00000000 843.00000000 1.00000000 483.00000000
900.00000000 145.00000000 0.00000000 465.00000000
258.00000000 514.00000000 1.00000000 465.00000000
463.00000000 230.00000000 0.00000000 457.00000000
463.00000000 231.00000000 1.00000000 454.00000000
196.00000000 284.00000000 1.00000000 438.00000000
462.00000000 230.00000000 1.00000000 437.00000000
196.00000000 842.00000000 1.00000000 437.00000000
460.00000000 236.00000000 4.00000000 414.00000000
715.00000000 288.00000000 1.00000000 412.00000000
196.00000000 284.00000000 1.00000000 411.00000000
462.00000000 232.00000000 2.00000000 408.00000000
461.00000000 234.00000000 2.00000000 407.00000000
193.00000000 335.00000000 0.00000000 397.00000000
476.00000000 509.00000000 0.00000000 390.00000000
197.00000000 842.00000000 0.00000000 384.00000000
214.00000000 209.00000000 1.00000000 378.00000000
469.00000000 526.00000000 5.00000000 375.00000000
148.00000000 827.00000000 0.00000000 356.00000000
411.00000000 614.00000000 1.00000000 351.00000000
216.00000000 209.00000000 1.00000000 347.00000000
715.00000000 288.00000000 1.00000000 346.00000000
248.00000000 787.00000000 0.00000000 341.00000000
715.00000000 287.00000000 0.00000000 341.00000000
194.00000000 328.00000000 0.00000000 336.00000000
920.00000000 146.00000000 0.00000000 333.00000000
1098.00000000 516.00000000 0.00000000 333.00000000
196.00000000 846.00000000 2.00000000 329.00000000
463.00000000 465.00000000 1.00000000 327.00000000
214.00000000 210.00000000 2.00000000 323.00000000
464.00000000 464.00000000 2.00000000 317.00000000
194.00000000 286.00000000 2.00000000 313.00000000
919.00000000 129.00000000 0.00000000 312.00000000
464.00000000 466.00000000 1.00000000 310.00000000
166.00000000 639.00000000 0.00000000 308.00000000
257.00000000 513.00000000 1.00000000 308.00000000
885.00000000 896.00000000 1.00000000 305.00000000
483.00000000 805.00000000 1.00000000 303.00000000
193.00000000 336.00000000 1.00000000 303.00000000
410.00000000 615.00000000 1.00000000 303.00000000
1048.00000000 637.00000000 0.00000000 300.00000000
483.00000000 803.00000000 0.00000000 297.00000000
142.00000000 787.00000000 0.00000000 297.00000000
259.00000000 505.00000000 1.00000000 293.00000000
216.00000000 208.00000000 0.00000000 284.00000000
1048.00000000 638.00000000 1.00000000 283.00000000
885.00000000 895.00000000 1.00000000 282.00000000
712.00000000 106.00000000 1.00000000 280.00000000
463.00000000 463.00000000 2.00000000 278.00000000
872.00000000 651.00000000 1.00000000 277.00000000
194.00000000 328.00000000 1.00000000 274.00000000
246.00000000 726.00000000 0.00000000 271.00000000
190.00000000 319.00000000 1.00000000 268.00000000
222.00000000 412.00000000 1.00000000 266.00000000
410.00000000 613.00000000 0.00000000 266.00000000
1098.00000000 517.00000000 1.00000000 265.00000000
190.00000000 319.00000000 0.00000000 265.00000000
440.00000000 213.00000000 0.00000000 264.00000000
919.00000000 129.00000000 1.00000000 262.00000000
882.00000000 814.00000000 1.00000000 260.00000000
195.00000000 845.00000000 2.00000000 258.00000000
196.00000000 283.00000000 0.00000000 256.00000000
189.00000000 319.00000000 1.00000000 256.00000000
714.00000000 106.00000000 2.00000000 255.00000000
222.00000000 412.00000000 1.00000000 255.00000000
15.00000000 79.00000000 0.00000000 251.00000000
872.00000000 651.00000000 0.00000000 246.00000000
951.00000000 214.00000000 0.00000000 244.00000000
196.00000000 604.00000000 2.00000000 241.00000000
1034.00000000 404.00000000 1.00000000 241.00000000
255.00000000 557.00000000 0.00000000 241.00000000
222.00000000 411.00000000 0.00000000 238.00000000
196.00000000 602.00000000 1.00000000 238.00000000
951.00000000 214.00000000 1.00000000 237.00000000
191.00000000 383.00000000 1.00000000 236.00000000
149.00000000 391.00000000 0.00000000 236.00000000
927.00000000 116.00000000 0.00000000 235.00000000
196.00000000 601.00000000 1.00000000 233.00000000
483.00000000 806.00000000 1.00000000 232.00000000
901.00000000 146.00000000 1.00000000 230.00000000
249.00000000 788.00000000 1.00000000 228.00000000
159.00000000 709.00000000 0.00000000 227.00000000
190.00000000 344.00000000 0.00000000 226.00000000
1131.00000000 872.00000000 1.00000000 225.00000000
933.00000000 59.00000000 1.00000000 223.00000000
914.00000000 144.00000000 0.00000000 223.00000000
855.00000000 172.00000000 1.00000000 221.00000000
1033.00000000 403.00000000 0.00000000 221.00000000
15.00000000 80.00000000 1.00000000 220.00000000
714.00000000 105.00000000 1.00000000 220.00000000
253.00000000 649.00000000 0.00000000 219.00000000
1158.00000000 819.00000000 1.00000000 219.00000000
1158.00000000 818.00000000 0.00000000 217.00000000
480.00000000 766.00000000 0.00000000 214.00000000
191.00000000 382.00000000 0.00000000 213.00000000
982.00000000 393.00000000 0.00000000 212.00000000
120.00000000 783.00000000 0.00000000 211.00000000
464.00000000 466.00000000 0.00000000 208.00000000
152.00000000 673.00000000 0.00000000 208.00000000
244.00000000 740.00000000 0.00000000 207.00000000
248.00000000 778.00000000 0.00000000 206.00000000
881.00000000 813.00000000 0.00000000 206.00000000
1093.00000000 382.00000000 0.00000000 204.00000000
153.00000000 850.00000000 0.00000000 203.00000000
937.00000000 89.00000000 0.00000000 202.00000000
951.00000000 205.00000000 0.00000000 199.00000000
253.00000000 641.00000000 0.00000000 197.00000000
341.00000000 360.00000000 0.00000000 196.00000000
256.00000000 569.00000000 0.00000000 192.00000000
989.00000000 576.00000000 0.00000000 192.00000000
386.00000000 506.00000000 0.00000000 191.00000000
168.00000000 278.00000000 0.00000000 191.00000000
255.00000000 548.00000000 0.00000000 190.00000000
1061.00000000 910.00000000 0.00000000 188.00000000
886.00000000 893.00000000 0.00000000 183.00000000
396.00000000 467.00000000 0.00000000 182.00000000
374.00000000 350.00000000 0.00000000 181.00000000
107.00000000 798.00000000 0.00000000 181.00000000
253.00000000 679.00000000 0.00000000 181.00000000
196.00000000 600.00000000 0.00000000 180.00000000
