302.00000000 530.00000000 2.00000000 574.00000000
299.00000000 531.00000000 2.00000000 557.00000000
1005.00000000 117.00000000 0.00000000 539.00000000
302.00000000 527.00000000 1.00000000 537.00000000
1005.00000000 117.00000000 1.00000000 523.00000000
302.00000000 527.00000000 1.00000000 519.00000000
958.00000000 127.00000000 0.00000000 503.00000000
300.00000000 536.00000000 4.00000000 493.00000000
302.00000000 526.00000000 0.00000000 480.00000000
100.00000000 359.00000000 1.00000000 464.00000000
296.00000000 336.00000000 0.00000000 447.00000000
1002.00000000 99.00000000 1.00000000 427.00000000
86.00000000 403.00000000 0.00000000 422.00000000
81.00000000 711.00000000 0.00000000 408.00000000
1002.00000000 98.00000000 0.00000000 403.00000000
969.00000000 101.00000000 1.00000000 401.00000000
296.00000000 337.00000000 1.00000000 400.00000000
292.00000000 348.00000000 4.00000000 397.00000000
100.00000000 359.00000000 0.00000000 391.00000000
294.00000000 342.00000000 2.00000000 378.00000000
1059.00000000 42.00000000 0.00000000 375.00000000
240.00000000 596.00000000 1.00000000 373.00000000
294.00000000 340.00000000 2.00000000 372.00000000
958.00000000 128.00000000 1.00000000 370.00000000
295.00000000 336.00000000 1.00000000 370.00000000
98.00000000 359.00000000 1.00000000 350.00000000
294.00000000 548.00000000 5.00000000 349.00000000
241.00000000 595.00000000 0.00000000 348.00000000
81.00000000 711.00000000 1.00000000 348.00000000
968.00000000 101.00000000 0.00000000 336.00000000
1002.00000000 98.00000000 1.00000000 334.00000000
592.00000000 335.00000000 1.00000000 334.00000000
84.00000000 408.00000000 2.00000000 330.00000000
87.00000000 404.00000000 1.00000000 322.00000000
125.00000000 530.00000000 0.00000000 317.00000000
293.00000000 496.00000000 1.00000000 314.00000000
1159.00000000 615.00000000 0.00000000 310.00000000
1040.00000000 317.00000000 1.00000000 303.00000000
1006.00000000 115.00000000 1.00000000 297.00000000
1159.00000000 616.00000000 1.00000000 297.00000000
958.00000000 118.00000000 0.00000000 295.00000000
1081.00000000 218.00000000 1.00000000 292.00000000
102.00000000 474.00000000 1.00000000 291.00000000
84.00000000 405.00000000 1.00000000 291.00000000
592.00000000 336.00000000 1.00000000 290.00000000
303.00000000 729.00000000 0.00000000 287.00000000
1156.00000000 383.00000000 1.00000000 286.00000000
292.00000000 496.00000000 1.00000000 279.00000000
303.00000000 729.00000000 1.00000000 278.00000000
1042.00000000 316.00000000 1.00000000 277.00000000
592.00000000 333.00000000 0.00000000 277.00000000
125.00000000 530.00000000 1.00000000 275.00000000
1159.00000000 592.00000000 0.00000000 274.00000000
292.00000000 497.00000000 0.00000000 273.00000000
594.00000000 180.00000000 2.00000000 273.00000000
992.00000000 118.00000000 0.00000000 272.00000000
961.00000000 321.00000000 0.00000000 270.00000000
1062.00000000 70.00000000 1.00000000 270.00000000
83.00000000 580.00000000 1.00000000 267.00000000
592.00000000 338.00000000 2.00000000 263.00000000
82.00000000 579.00000000 1.00000000 261.00000000
1081.00000000 217.00000000 0.00000000 260.00000000
98.00000000 360.00000000 2.00000000 259.00000000
767.00000000 538.00000000 1.00000000 259.00000000
593.00000000 181.00000000 2.00000000 258.00000000
101.00000000 473.00000000 0.00000000 258.00000000
115.00000000 686.00000000 0.00000000 256.00000000
958.00000000 118.00000000 1.00000000 252.00000000
1082.00000000 168.00000000 1.00000000 246.00000000
767.00000000 540.00000000 1.00000000 245.00000000
1200.00000000 622.00000000 0.00000000 244.00000000
292.00000000 496.00000000 2.00000000 240.00000000
970.00000000 100.00000000 1.00000000 240.00000000
82.00000000 407.00000000 2.00000000 238.00000000
1040.00000000 316.00000000 0.00000000 232.00000000
1217.00000000 625.00000000 0.00000000 232.00000000
83.00000000 579.00000000 0.00000000 231.00000000
1165.00000000 631.00000000 1.00000000 231.00000000
1081.00000000 167.00000000 0.00000000 230.00000000
300.00000000 698.00000000 2.00000000 226.00000000
593.00000000 178.00000000 1.00000000 226.00000000
1164.00000000 632.00000000 0.00000000 224.00000000
1156.00000000 381.00000000 1.00000000 224.00000000
116.00000000 686.00000000 1.00000000 224.00000000
1059.00000000 43.00000000 1.00000000 223.00000000
754.00000000 564.00000000 0.00000000 221.00000000
479.00000000 402.00000000 0.00000000 219.00000000
296.00000000 358.00000000 1.00000000 219.00000000
82.00000000 422.00000000 0.00000000 218.00000000
296.00000000 358.00000000 0.00000000 218.00000000
991.00000000 118.00000000 1.00000000 217.00000000
124.00000000 530.00000000 1.00000000 215.00000000
1081.00000000 217.00000000 1.00000000 214.00000000
1025.00000000 79.00000000 1.00000000 214.00000000
982.00000000 178.00000000 0.00000000 209.00000000
591.00000000 907.00000000 0.00000000 209.00000000
1050.00000000 28.00000000 0.00000000 207.00000000
1062.00000000 70.00000000 0.00000000 206.00000000
1168.00000000 639.00000000 0.00000000 205.00000000
1160.00000000 592.00000000 1.00000000 205.00000000
53.00000000 709.00000000 1.00000000 204.00000000
1049.00000000 53.00000000 0.00000000 198.00000000
1162.00000000 609.00000000 0.00000000 192.00000000
1004.00000000 801.00000000 0.00000000 192.00000000
1047.00000000 60.00000000 0.00000000 191.00000000
1081.00000000 177.00000000 0.00000000 189.00000000
1041.00000000 303.00000000 0.00000000 188.00000000
1201.00000000 447.00000000 0.00000000 186.00000000
1217.00000000 591.00000000 0.00000000 185.00000000
869.00000000 695.00000000 0.00000000 183.00000000
176.00000000 717.00000000 0.00000000 181.00000000
1178.00000000 634.00000000 0.00000000 179.00000000
907.00000000 103.00000000 0.00000000 178.00000000
1083.00000000 62.00000000 0.00000000 178.00000000
1033.00000000 47.00000000 0.00000000 177.00000000
818.00000000 558.00000000 0.00000000 174.00000000
1078.00000000 209.00000000 0.00000000 174.00000000
987.00000000 49.00000000 0.00000000 173.00000000
1052.00000000 40.00000000 0.00000000 167.00000000
801.00000000 532.00000000 0.00000000 166.00000000
1150.00000000 366.00000000 0.00000000 165.00000000
1089.00000000 267.00000000 0.00000000 165.00000000
1155.00000000 381.00000000 0.00000000 164.00000000
1025.00000000 79.00000000 0.00000000 164.00000000
300.00000000 701.00000000 0.00000000 162.00000000
1195.00000000 371.00000000 0.00000000 162.00000000
1042.00000000 10.00000000 0.00000000 162.00000000
