639.00000000 66.00000000 0.00000000 646.00000000
120.00000000 528.00000000 1.00000000 621.00000000
121.00000000 528.00000000 1.00000000 620.00000000
1168.00000000 666.00000000 0.00000000 586.00000000
120.00000000 532.00000000 2.00000000 561.00000000
690.00000000 40.00000000 1.00000000 543.00000000
639.00000000 66.00000000 1.00000000 523.00000000
121.00000000 527.00000000 0.00000000 510.00000000
1090.00000000 672.00000000 2.00000000 499.00000000
1168.00000000 666.00000000 1.00000000 488.00000000
982.00000000 656.00000000 2.00000000 439.00000000
118.00000000 534.00000000 2.00000000 439.00000000
296.00000000 881.00000000 1.00000000 433.00000000
120.00000000 373.00000000 1.00000000 432.00000000
296.00000000 884.00000000 2.00000000 428.00000000
20.00000000 403.00000000 0.00000000 427.00000000
120.00000000 372.00000000 0.00000000 423.00000000
691.00000000 38.00000000 0.00000000 423.00000000
21.00000000 403.00000000 1.00000000 416.00000000
297.00000000 880.00000000 1.00000000 403.00000000
118.00000000 378.00000000 2.00000000 397.00000000
691.00000000 39.00000000 1.00000000 397.00000000
981.00000000 651.00000000 1.00000000 394.00000000
1088.00000000 673.00000000 1.00000000 393.00000000
306.00000000 347.00000000 1.00000000 382.00000000
118.00000000 374.00000000 1.00000000 379.00000000
931.00000000 649.00000000 0.00000000 368.00000000
308.00000000 200.00000000 1.00000000 365.00000000
1198.00000000 770.00000000 1.00000000 362.00000000
306.00000000 346.00000000 0.00000000 360.00000000
1198.00000000 769.00000000 0.00000000 359.00000000
981.00000000 651.00000000 1.00000000 357.00000000
1199.00000000 769.00000000 1.00000000 353.00000000
650.00000000 34.00000000 1.00000000 349.00000000
115.00000000 381.00000000 2.00000000 348.00000000
1088.00000000 673.00000000 2.00000000 347.00000000
116.00000000 503.00000000 1.00000000 341.00000000
675.00000000 45.00000000 0.00000000 341.00000000
958.00000000 656.00000000 1.00000000 340.00000000
308.00000000 202.00000000 2.00000000 340.00000000
960.00000000 658.00000000 2.00000000 332.00000000
779.00000000 140.00000000 1.00000000 329.00000000
687.00000000 20.00000000 1.00000000 327.00000000
1110.00000000 663.00000000 0.00000000 323.00000000
1090.00000000 651.00000000 0.00000000 318.00000000
116.00000000 540.00000000 4.00000000 316.00000000
21.00000000 403.00000000 1.00000000 314.00000000
688.00000000 19.00000000 0.00000000 314.00000000
638.00000000 287.00000000 0.00000000 313.00000000
1200.00000000 772.00000000 2.00000000 312.00000000
638.00000000 56.00000000 1.00000000 312.00000000
133.00000000 58.00000000 0.00000000 309.00000000
296.00000000 879.00000000 0.00000000 307.00000000
305.00000000 347.00000000 1.00000000 304.00000000
1088.00000000 675.00000000 1.00000000 302.00000000
116.00000000 502.00000000 0.00000000 298.00000000
870.00000000 638.00000000 1.00000000 298.00000000
116.00000000 388.00000000 4.00000000 297.00000000
133.00000000 59.00000000 1.00000000 297.00000000
115.00000000 502.00000000 1.00000000 295.00000000
14.00000000 436.00000000 0.00000000 290.00000000
881.00000000 668.00000000 0.00000000 287.00000000
1169.00000000 666.00000000 1.00000000 287.00000000
650.00000000 32.00000000 1.00000000 287.00000000
726.00000000 275.00000000 1.00000000 287.00000000
639.00000000 66.00000000 1.00000000 286.00000000
726.00000000 275.00000000 0.00000000 285.00000000
309.00000000 199.00000000 1.00000000 282.00000000
957.00000000 663.00000000 0.00000000 281.00000000
931.00000000 649.00000000 1.00000000 278.00000000
779.00000000 140.00000000 0.00000000 276.00000000
981.00000000 650.00000000 0.00000000 276.00000000
534.00000000 706.00000000 1.00000000 274.00000000
132.00000000 60.00000000 1.00000000 273.00000000
1008.00000000 620.00000000 1.00000000 271.00000000
729.00000000 246.00000000 0.00000000 270.00000000
305.00000000 206.00000000 2.00000000 265.00000000
907.00000000 670.00000000 0.00000000 263.00000000
873.00000000 629.00000000 0.00000000 261.00000000
876.00000000 622.00000000 0.00000000 257.00000000
958.00000000 610.00000000 1.00000000 257.00000000
534.00000000 705.00000000 0.00000000 254.00000000
638.00000000 56.00000000 0.00000000 254.00000000
1160.00000000 394.00000000 1.00000000 252.00000000
958.00000000 657.00000000 1.00000000 248.00000000
443.00000000 538.00000000 1.00000000 247.00000000
1052.00000000 680.00000000 0.00000000 245.00000000
958.00000000 643.00000000 0.00000000 242.00000000
664.00000000 118.00000000 1.00000000 241.00000000
31.00000000 530.00000000 0.00000000 240.00000000
774.00000000 90.00000000 5.00000000 239.00000000
936.00000000 415.00000000 1.00000000 238.00000000
774.00000000 130.00000000 0.00000000 232.00000000
935.00000000 415.00000000 0.00000000 231.00000000
649.00000000 31.00000000 0.00000000 231.00000000
957.00000000 672.00000000 0.00000000 230.00000000
876.00000000 659.00000000 1.00000000 226.00000000
931.00000000 615.00000000 0.00000000 226.00000000
864.00000000 663.00000000 0.00000000 223.00000000
780.00000000 76.00000000 0.00000000 221.00000000
585.00000000 53.00000000 0.00000000 219.00000000
663.00000000 118.00000000 0.00000000 219.00000000
83.00000000 674.00000000 1.00000000 218.00000000
775.00000000 130.00000000 1.00000000 217.00000000
703.00000000 52.00000000 0.00000000 216.00000000
87.00000000 581.00000000 0.00000000 216.00000000
21.00000000 487.00000000 0.00000000 215.00000000
1139.00000000 682.00000000 0.00000000 214.00000000
1074.00000000 650.00000000 0.00000000 212.00000000
989.00000000 601.00000000 0.00000000 212.00000000
1007.00000000 619.00000000 0.00000000 210.00000000
1035.00000000 652.00000000 0.00000000 210.00000000
119.00000000 690.00000000 0.00000000 208.00000000
1098.00000000 270.00000000 0.00000000 207.00000000
876.00000000 651.00000000 0.00000000 207.00000000
120.00000000 390.00000000 0.00000000 200.00000000
879.00000000 572.00000000 0.00000000 198.00000000
10.00000000 566.00000000 0.00000000 196.00000000
876.00000000 659.00000000 0.00000000 194.00000000
432.00000000 563.00000000 0.00000000 194.00000000
779.00000000 89.00000000 0.00000000 193.00000000
1161.00000000 392.00000000 0.00000000 191.00000000
939.00000000 636.00000000 0.00000000 191.00000000
488.00000000 557.00000000 0.00000000 190.00000000
729.00000000 253.00000000 0.00000000 189.00000000
638.00000000 275.00000000 0.00000000 188.00000000
981.00000000 659.00000000 0.00000000 186.00000000
