456.00000000 68.00000000 4.00000000 262.00000000
455.00000000 65.00000000 2.00000000 209.00000000
452.00000000 172.00000000 2.00000000 183.00000000
115.00000000 48.00000000 1.00000000 183.00000000
452.00000000 172.00000000 4.00000000 175.00000000
454.00000000 172.00000000 2.00000000 169.00000000
456.00000000 64.00000000 2.00000000 167.00000000
447.00000000 270.00000000 1.00000000 157.00000000
453.00000000 172.00000000 1.00000000 152.00000000
453.00000000 171.00000000 1.00000000 151.00000000
453.00000000 181.00000000 0.00000000 147.00000000
318.00000000 166.00000000 2.00000000 143.00000000
114.00000000 48.00000000 0.00000000 143.00000000
452.00000000 169.00000000 5.00000000 140.00000000
448.00000000 271.00000000 1.00000000 136.00000000
319.00000000 166.00000000 2.00000000 136.00000000
447.00000000 270.00000000 0.00000000 135.00000000
455.00000000 63.00000000 1.00000000 133.00000000
114.00000000 49.00000000 1.00000000 133.00000000
247.00000000 203.00000000 1.00000000 129.00000000
448.00000000 270.00000000 2.00000000 126.00000000
352.00000000 225.00000000 1.00000000 122.00000000
439.00000000 418.00000000 1.00000000 117.00000000
352.00000000 224.00000000 0.00000000 116.00000000
248.00000000 204.00000000 2.00000000 114.00000000
453.00000000 181.00000000 1.00000000 112.00000000
352.00000000 224.00000000 1.00000000 111.00000000
318.00000000 162.00000000 1.00000000 107.00000000
450.00000000 228.00000000 0.00000000 106.00000000
439.00000000 418.00000000 1.00000000 103.00000000
440.00000000 420.00000000 2.00000000 100.00000000
130.00000000 55.00000000 0.00000000 99.00000000
453.00000000 172.00000000 0.00000000 99.00000000
439.00000000 417.00000000 0.00000000 97.00000000
186.00000000 248.00000000 1.00000000 97.00000000
187.00000000 249.00000000 1.00000000 92.00000000
149.00000000 77.00000000 0.00000000 91.00000000
323.00000000 199.00000000 1.00000000 90.00000000
455.00000000 66.00000000 1.00000000 89.00000000
188.00000000 248.00000000 2.00000000 87.00000000
172.00000000 208.00000000 1.00000000 87.00000000
446.00000000 271.00000000 2.00000000 87.00000000
323.00000000 197.00000000 0.00000000 87.00000000
450.00000000 229.00000000 1.00000000 86.00000000
455.00000000 66.00000000 0.00000000 86.00000000
247.00000000 203.00000000 1.00000000 86.00000000
116.00000000 50.00000000 2.00000000 85.00000000
230.00000000 199.00000000 1.00000000 85.00000000
173.00000000 207.00000000 0.00000000 85.00000000
198.00000000 281.00000000 1.00000000 84.00000000
318.00000000 162.00000000 1.00000000 83.00000000
323.00000000 199.00000000 1.00000000 83.00000000
374.00000000 309.00000000 0.00000000 83.00000000
131.00000000 56.00000000 1.00000000 82.00000000
453.00000000 124.00000000 0.00000000 82.00000000
415.00000000 32.00000000 0.00000000 81.00000000
160.00000000 185.00000000 1.00000000 79.00000000
406.00000000 351.00000000 1.00000000 78.00000000
374.00000000 309.00000000 1.00000000 77.00000000
454.00000000 125.00000000 1.00000000 77.00000000
429.00000000 131.00000000 0.00000000 76.00000000
446.00000000 287.00000000 1.00000000 76.00000000
318.00000000 162.00000000 0.00000000 76.00000000
456.00000000 13.00000000 0.00000000 75.00000000
406.00000000 350.00000000 0.00000000 75.00000000
402.00000000 151.00000000 1.00000000 75.00000000
150.00000000 78.00000000 1.00000000 75.00000000
407.00000000 353.00000000 1.00000000 73.00000000
455.00000000 77.00000000 1.00000000 72.00000000
197.00000000 281.00000000 0.00000000 71.00000000
453.00000000 106.00000000 0.00000000 71.00000000
453.00000000 114.00000000 0.00000000 71.00000000
438.00000000 438.00000000 0.00000000 71.00000000
149.00000000 97.00000000 0.00000000 70.00000000
209.00000000 63.00000000 0.00000000 70.00000000
411.00000000 257.00000000 0.00000000 70.00000000
230.00000000 199.00000000 1.00000000 70.00000000
415.00000000 33.00000000 1.00000000 70.00000000
154.00000000 263.00000000 1.00000000 68.00000000
446.00000000 286.00000000 0.00000000 67.00000000
454.00000000 94.00000000 1.00000000 67.00000000
454.00000000 115.00000000 1.00000000 67.00000000
453.00000000 146.00000000 1.00000000 67.00000000
403.00000000 151.00000000 1.00000000 64.00000000
316.00000000 171.00000000 0.00000000 64.00000000
453.00000000 145.00000000 1.00000000 64.00000000
150.00000000 97.00000000 1.00000000 64.00000000
401.00000000 150.00000000 0.00000000 64.00000000
453.00000000 146.00000000 0.00000000 63.00000000
317.00000000 171.00000000 1.00000000 62.00000000
455.00000000 77.00000000 1.00000000 61.00000000
230.00000000 197.00000000 0.00000000 60.00000000
443.00000000 321.00000000 0.00000000 60.00000000
443.00000000 320.00000000 1.00000000 59.00000000
186.00000000 348.00000000 1.00000000 58.00000000
187.00000000 249.00000000 0.00000000 57.00000000
160.00000000 184.00000000 0.00000000 56.00000000
450.00000000 235.00000000 0.00000000 55.00000000
336.00000000 148.00000000 0.00000000 53.00000000
454.00000000 94.00000000 0.00000000 52.00000000
122.00000000 366.00000000 0.00000000 51.00000000
374.00000000 86.00000000 0.00000000 45.00000000
452.00000000 198.00000000 0.00000000 44.00000000
444.00000000 301.00000000 0.00000000 43.00000000
441.00000000 349.00000000 0.00000000 43.00000000
121.00000000 59.00000000 0.00000000 42.00000000
340.00000000 185.00000000 0.00000000 42.00000000
416.00000000 164.00000000 0.00000000 42.00000000
455.00000000 77.00000000 0.00000000 41.00000000
116.00000000 354.00000000 0.00000000 41.00000000
247.00000000 209.00000000 0.00000000 41.00000000
186.00000000 349.00000000 0.00000000 41.00000000
350.00000000 200.00000000 0.00000000 39.00000000
395.00000000 255.00000000 0.00000000 38.00000000
362.00000000 399.00000000 0.00000000 36.00000000
253.00000000 376.00000000 0.00000000 36.00000000
339.00000000 123.00000000 0.00000000 36.00000000
333.00000000 236.00000000 0.00000000 36.00000000
168.00000000 156.00000000 0.00000000 35.00000000
127.00000000 65.00000000 0.00000000 35.00000000
454.00000000 84.00000000 0.00000000 34.00000000
381.00000000 243.00000000 0.00000000 34.00000000
147.00000000 225.00000000 0.00000000 34.00000000
368.00000000 240.00000000 0.00000000 34.00000000
247.00000000 369.00000000 0.00000000 33.00000000
442.00000000 333.00000000 0.00000000 33.00000000
206.00000000 240.00000000 0.00000000 32.00000000
