436.00000000 112.00000000 4.00000000 500.00000000
435.00000000 113.00000000 2.00000000 472.00000000
435.00000000 113.00000000 5.00000000 436.00000000
438.00000000 110.00000000 2.00000000 396.00000000
436.00000000 108.00000000 1.00000000 305.00000000
437.00000000 109.00000000 1.00000000 268.00000000
451.00000000 61.00000000 0.00000000 262.00000000
438.00000000 173.00000000 1.00000000 254.00000000
370.00000000 168.00000000 2.00000000 236.00000000
309.00000000 203.00000000 1.00000000 232.00000000
370.00000000 166.00000000 1.00000000 229.00000000
438.00000000 173.00000000 1.00000000 228.00000000
441.00000000 328.00000000 2.00000000 226.00000000
442.00000000 321.00000000 1.00000000 222.00000000
444.00000000 252.00000000 4.00000000 211.00000000
442.00000000 328.00000000 2.00000000 205.00000000
440.00000000 174.00000000 2.00000000 202.00000000
310.00000000 204.00000000 2.00000000 202.00000000
442.00000000 322.00000000 1.00000000 197.00000000
442.00000000 320.00000000 0.00000000 197.00000000
251.00000000 303.00000000 1.00000000 191.00000000
437.00000000 108.00000000 0.00000000 190.00000000
234.00000000 270.00000000 2.00000000 190.00000000
240.00000000 396.00000000 2.00000000 188.00000000
439.00000000 173.00000000 0.00000000 187.00000000
252.00000000 41.00000000 1.00000000 186.00000000
436.00000000 79.00000000 1.00000000 183.00000000
137.00000000 20.00000000 1.00000000 182.00000000
233.00000000 270.00000000 1.00000000 180.00000000
253.00000000 41.00000000 0.00000000 179.00000000
251.00000000 304.00000000 1.00000000 178.00000000
442.00000000 231.00000000 0.00000000 174.00000000
231.00000000 268.00000000 2.00000000 173.00000000
240.00000000 397.00000000 1.00000000 171.00000000
442.00000000 231.00000000 1.00000000 170.00000000
438.00000000 172.00000000 2.00000000 168.00000000
370.00000000 164.00000000 1.00000000 168.00000000
436.00000000 78.00000000 0.00000000 167.00000000
137.00000000 19.00000000 0.00000000 166.00000000
251.00000000 303.00000000 0.00000000 165.00000000
393.00000000 211.00000000 0.00000000 165.00000000
452.00000000 61.00000000 1.00000000 161.00000000
173.00000000 189.00000000 1.00000000 161.00000000
203.00000000 219.00000000 1.00000000 158.00000000
204.00000000 218.00000000 1.00000000 157.00000000
137.00000000 21.00000000 1.00000000 156.00000000
435.00000000 79.00000000 1.00000000 154.00000000
328.00000000 370.00000000 0.00000000 153.00000000
394.00000000 212.00000000 1.00000000 152.00000000
310.00000000 203.00000000 1.00000000 151.00000000
298.00000000 379.00000000 1.00000000 150.00000000
252.00000000 304.00000000 2.00000000 149.00000000
299.00000000 379.00000000 0.00000000 147.00000000
299.00000000 379.00000000 1.00000000 147.00000000
234.00000000 269.00000000 1.00000000 145.00000000
290.00000000 199.00000000 1.00000000 142.00000000
241.00000000 397.00000000 1.00000000 134.00000000
375.00000000 193.00000000 0.00000000 131.00000000
375.00000000 194.00000000 1.00000000 130.00000000
289.00000000 200.00000000 1.00000000 130.00000000
204.00000000 218.00000000 0.00000000 129.00000000
174.00000000 189.00000000 1.00000000 128.00000000
442.00000000 231.00000000 1.00000000 124.00000000
150.00000000 426.00000000 0.00000000 123.00000000
440.00000000 206.00000000 0.00000000 122.00000000
370.00000000 164.00000000 0.00000000 119.00000000
444.00000000 259.00000000 1.00000000 118.00000000
414.00000000 74.00000000 1.00000000 116.00000000
309.00000000 209.00000000 0.00000000 114.00000000
444.00000000 260.00000000 0.00000000 114.00000000
138.00000000 52.00000000 1.00000000 113.00000000
328.00000000 371.00000000 1.00000000 112.00000000
413.00000000 74.00000000 1.00000000 110.00000000
369.00000000 171.00000000 0.00000000 108.00000000
442.00000000 332.00000000 0.00000000 104.00000000
442.00000000 331.00000000 1.00000000 103.00000000
417.00000000 159.00000000 0.00000000 102.00000000
234.00000000 269.00000000 0.00000000 100.00000000
439.00000000 157.00000000 1.00000000 99.00000000
290.00000000 199.00000000 0.00000000 98.00000000
395.00000000 163.00000000 1.00000000 97.00000000
137.00000000 53.00000000 0.00000000 96.00000000
189.00000000 174.00000000 0.00000000 96.00000000
442.00000000 241.00000000 0.00000000 94.00000000
173.00000000 192.00000000 0.00000000 94.00000000
439.00000000 139.00000000 0.00000000 90.00000000
412.00000000 74.00000000 0.00000000 89.00000000
381.00000000 155.00000000 1.00000000 89.00000000
443.00000000 242.00000000 1.00000000 88.00000000
412.00000000 267.00000000 0.00000000 88.00000000
420.00000000 229.00000000 1.00000000 87.00000000
440.00000000 206.00000000 1.00000000 85.00000000
437.00000000 117.00000000 0.00000000 84.00000000
439.00000000 156.00000000 0.00000000 84.00000000
381.00000000 154.00000000 0.00000000 84.00000000
401.00000000 113.00000000 0.00000000 80.00000000
157.00000000 424.00000000 0.00000000 80.00000000
418.00000000 159.00000000 1.00000000 78.00000000
439.00000000 139.00000000 1.00000000 78.00000000
241.00000000 398.00000000 0.00000000 77.00000000
443.00000000 248.00000000 0.00000000 77.00000000
411.00000000 222.00000000 0.00000000 77.00000000
420.00000000 229.00000000 0.00000000 75.00000000
429.00000000 289.00000000 0.00000000 74.00000000
263.00000000 251.00000000 0.00000000 74.00000000
419.00000000 83.00000000 0.00000000 72.00000000
263.00000000 226.00000000 0.00000000 68.00000000
176.00000000 315.00000000 0.00000000 68.00000000
401.00000000 137.00000000 0.00000000 62.00000000
384.00000000 222.00000000 0.00000000 62.00000000
439.00000000 145.00000000 0.00000000 62.00000000
405.00000000 344.00000000 0.00000000 61.00000000
284.00000000 322.00000000 0.00000000 61.00000000
149.00000000 253.00000000 0.00000000 60.00000000
463.00000000 374.00000000 0.00000000 59.00000000
375.00000000 255.00000000 0.00000000 57.00000000
130.00000000 16.00000000 0.00000000 57.00000000
321.00000000 202.00000000 0.00000000 57.00000000
140.00000000 220.00000000 0.00000000 57.00000000
392.00000000 193.00000000 0.00000000 55.00000000
422.00000000 269.00000000 0.00000000 55.00000000
395.00000000 163.00000000 0.00000000 55.00000000
385.00000000 183.00000000 0.00000000 54.00000000
424.00000000 168.00000000 0.00000000 51.00000000
444.00000000 272.00000000 0.00000000 51.00000000
205.00000000 288.00000000 0.00000000 51.00000000
406.00000000 334.00000000 0.00000000 51.00000000
