581.00000000 273.00000000 1.00000000 329.00000000
404.00000000 169.00000000 2.00000000 328.00000000
581.00000000 179.00000000 1.00000000 319.00000000
581.00000000 188.00000000 0.00000000 302.00000000
278.00000000 220.00000000 2.00000000 285.00000000
581.00000000 272.00000000 0.00000000 274.00000000
171.00000000 332.00000000 1.00000000 271.00000000
171.00000000 332.00000000 1.00000000 271.00000000
404.00000000 172.00000000 4.00000000 268.00000000
277.00000000 217.00000000 2.00000000 267.00000000
406.00000000 168.00000000 2.00000000 243.00000000
581.00000000 233.00000000 0.00000000 243.00000000
581.00000000 188.00000000 1.00000000 235.00000000
146.00000000 290.00000000 2.00000000 232.00000000
459.00000000 236.00000000 1.00000000 231.00000000
170.00000000 334.00000000 2.00000000 227.00000000
574.00000000 415.00000000 1.00000000 225.00000000
171.00000000 331.00000000 0.00000000 222.00000000
145.00000000 289.00000000 1.00000000 218.00000000
574.00000000 414.00000000 0.00000000 216.00000000
67.00000000 196.00000000 1.00000000 212.00000000
144.00000000 288.00000000 2.00000000 211.00000000
574.00000000 415.00000000 1.00000000 211.00000000
581.00000000 179.00000000 0.00000000 210.00000000
480.00000000 118.00000000 5.00000000 207.00000000
31.00000000 23.00000000 0.00000000 205.00000000
496.00000000 323.00000000 1.00000000 201.00000000
31.00000000 25.00000000 1.00000000 201.00000000
496.00000000 323.00000000 0.00000000 200.00000000
581.00000000 233.00000000 1.00000000 199.00000000
68.00000000 196.00000000 2.00000000 199.00000000
169.00000000 333.00000000 2.00000000 196.00000000
144.00000000 288.00000000 4.00000000 196.00000000
405.00000000 165.00000000 1.00000000 193.00000000
538.00000000 358.00000000 0.00000000 191.00000000
32.00000000 25.00000000 1.00000000 188.00000000
459.00000000 236.00000000 1.00000000 188.00000000
187.00000000 20.00000000 1.00000000 186.00000000
582.00000000 134.00000000 0.00000000 185.00000000
415.00000000 205.00000000 0.00000000 184.00000000
106.00000000 229.00000000 1.00000000 184.00000000
583.00000000 134.00000000 1.00000000 184.00000000
538.00000000 359.00000000 1.00000000 182.00000000
415.00000000 207.00000000 1.00000000 182.00000000
538.00000000 360.00000000 1.00000000 182.00000000
458.00000000 235.00000000 0.00000000 181.00000000
582.00000000 78.00000000 1.00000000 181.00000000
523.00000000 157.00000000 1.00000000 179.00000000
556.00000000 139.00000000 0.00000000 172.00000000
104.00000000 230.00000000 1.00000000 171.00000000
535.00000000 37.00000000 0.00000000 170.00000000
415.00000000 209.00000000 1.00000000 169.00000000
582.00000000 26.00000000 1.00000000 167.00000000
32.00000000 54.00000000 2.00000000 166.00000000
146.00000000 289.00000000 1.00000000 166.00000000
582.00000000 78.00000000 0.00000000 165.00000000
31.00000000 58.00000000 1.00000000 165.00000000
104.00000000 230.00000000 2.00000000 163.00000000
242.00000000 212.00000000 1.00000000 163.00000000
106.00000000 229.00000000 0.00000000 162.00000000
583.00000000 124.00000000 0.00000000 160.00000000
583.00000000 116.00000000 0.00000000 159.00000000
31.00000000 59.00000000 0.00000000 158.00000000
583.00000000 124.00000000 1.00000000 155.00000000
277.00000000 226.00000000 0.00000000 155.00000000
31.00000000 56.00000000 1.00000000 154.00000000
188.00000000 19.00000000 0.00000000 154.00000000
460.00000000 238.00000000 2.00000000 150.00000000
524.00000000 156.00000000 1.00000000 150.00000000
277.00000000 225.00000000 1.00000000 150.00000000
404.00000000 176.00000000 0.00000000 150.00000000
582.00000000 154.00000000 1.00000000 148.00000000
523.00000000 156.00000000 0.00000000 148.00000000
581.00000000 288.00000000 1.00000000 148.00000000
539.00000000 264.00000000 0.00000000 147.00000000
69.00000000 194.00000000 1.00000000 146.00000000
579.00000000 321.00000000 0.00000000 143.00000000
580.00000000 321.00000000 1.00000000 141.00000000
241.00000000 212.00000000 1.00000000 141.00000000
583.00000000 105.00000000 1.00000000 140.00000000
407.00000000 166.00000000 1.00000000 139.00000000
185.00000000 21.00000000 1.00000000 139.00000000
573.00000000 434.00000000 1.00000000 138.00000000
242.00000000 212.00000000 0.00000000 136.00000000
190.00000000 272.00000000 0.00000000 135.00000000
180.00000000 286.00000000 0.00000000 134.00000000
282.00000000 220.00000000 0.00000000 132.00000000
582.00000000 154.00000000 0.00000000 131.00000000
404.00000000 176.00000000 1.00000000 130.00000000
572.00000000 434.00000000 0.00000000 129.00000000
535.00000000 37.00000000 1.00000000 128.00000000
190.00000000 273.00000000 1.00000000 128.00000000
520.00000000 267.00000000 1.00000000 126.00000000
278.00000000 219.00000000 1.00000000 124.00000000
67.00000000 200.00000000 0.00000000 124.00000000
580.00000000 288.00000000 0.00000000 123.00000000
407.00000000 166.00000000 0.00000000 121.00000000
581.00000000 239.00000000 0.00000000 114.00000000
487.00000000 84.00000000 0.00000000 112.00000000
582.00000000 26.00000000 0.00000000 110.00000000
582.00000000 106.00000000 0.00000000 110.00000000
434.00000000 149.00000000 0.00000000 110.00000000
310.00000000 217.00000000 0.00000000 107.00000000
33.00000000 434.00000000 0.00000000 102.00000000
474.00000000 436.00000000 0.00000000 102.00000000
581.00000000 205.00000000 0.00000000 101.00000000
398.00000000 236.00000000 0.00000000 100.00000000
146.00000000 289.00000000 0.00000000 98.00000000
416.00000000 130.00000000 0.00000000 98.00000000
284.00000000 407.00000000 0.00000000 97.00000000
247.00000000 438.00000000 0.00000000 97.00000000
88.00000000 181.00000000 0.00000000 96.00000000
441.00000000 193.00000000 0.00000000 93.00000000
41.00000000 434.00000000 0.00000000 89.00000000
581.00000000 301.00000000 0.00000000 88.00000000
104.00000000 306.00000000 0.00000000 88.00000000
69.00000000 192.00000000 0.00000000 88.00000000
484.00000000 430.00000000 0.00000000 87.00000000
81.00000000 187.00000000 0.00000000 86.00000000
408.00000000 134.00000000 0.00000000 86.00000000
436.00000000 123.00000000 0.00000000 85.00000000
582.00000000 89.00000000 0.00000000 84.00000000
267.00000000 224.00000000 0.00000000 83.00000000
36.00000000 260.00000000 0.00000000 82.00000000
582.00000000 95.00000000 0.00000000 80.00000000
540.00000000 170.00000000 0.00000000 80.00000000
96.00000000 415.00000000 0.00000000 79.00000000
