560.00000000 106.00000000 2.00000000 376.00000000
576.00000000 10.00000000 0.00000000 358.00000000
560.00000000 104.00000000 1.00000000 352.00000000
398.00000000 121.00000000 2.00000000 337.00000000
557.00000000 110.00000000 2.00000000 335.00000000
400.00000000 124.00000000 4.00000000 309.00000000
560.00000000 104.00000000 1.00000000 301.00000000
400.00000000 122.00000000 2.00000000 300.00000000
395.00000000 124.00000000 5.00000000 249.00000000
400.00000000 120.00000000 1.00000000 216.00000000
560.00000000 103.00000000 0.00000000 184.00000000
400.00000000 120.00000000 1.00000000 181.00000000
404.00000000 325.00000000 2.00000000 152.00000000
254.00000000 396.00000000 2.00000000 148.00000000
556.00000000 258.00000000 2.00000000 147.00000000
254.00000000 395.00000000 1.00000000 144.00000000
404.00000000 326.00000000 2.00000000 144.00000000
405.00000000 318.00000000 1.00000000 140.00000000
401.00000000 180.00000000 1.00000000 139.00000000
318.00000000 368.00000000 2.00000000 139.00000000
555.00000000 258.00000000 1.00000000 132.00000000
318.00000000 367.00000000 1.00000000 130.00000000
405.00000000 317.00000000 0.00000000 129.00000000
410.00000000 76.00000000 0.00000000 129.00000000
400.00000000 120.00000000 0.00000000 127.00000000
305.00000000 207.00000000 1.00000000 126.00000000
540.00000000 260.00000000 0.00000000 126.00000000
404.00000000 252.00000000 4.00000000 124.00000000
400.00000000 180.00000000 0.00000000 120.00000000
404.00000000 248.00000000 2.00000000 119.00000000
350.00000000 175.00000000 1.00000000 118.00000000
401.00000000 181.00000000 1.00000000 117.00000000
399.00000000 92.00000000 1.00000000 117.00000000
248.00000000 272.00000000 2.00000000 117.00000000
255.00000000 395.00000000 1.00000000 116.00000000
305.00000000 208.00000000 1.00000000 116.00000000
540.00000000 260.00000000 1.00000000 116.00000000
398.00000000 91.00000000 0.00000000 115.00000000
171.00000000 27.00000000 0.00000000 113.00000000
171.00000000 26.00000000 1.00000000 112.00000000
351.00000000 172.00000000 1.00000000 112.00000000
404.00000000 319.00000000 1.00000000 109.00000000
262.00000000 53.00000000 0.00000000 109.00000000
398.00000000 93.00000000 1.00000000 104.00000000
172.00000000 28.00000000 1.00000000 104.00000000
402.00000000 180.00000000 2.00000000 103.00000000
248.00000000 272.00000000 1.00000000 102.00000000
299.00000000 376.00000000 1.00000000 101.00000000
368.00000000 216.00000000 0.00000000 100.00000000
320.00000000 367.00000000 1.00000000 100.00000000
203.00000000 193.00000000 1.00000000 99.00000000
262.00000000 53.00000000 1.00000000 99.00000000
225.00000000 223.00000000 1.00000000 99.00000000
555.00000000 260.00000000 1.00000000 98.00000000
224.00000000 223.00000000 1.00000000 98.00000000
262.00000000 305.00000000 1.00000000 97.00000000
321.00000000 366.00000000 0.00000000 96.00000000
405.00000000 234.00000000 1.00000000 94.00000000
299.00000000 376.00000000 0.00000000 94.00000000
404.00000000 234.00000000 0.00000000 92.00000000
410.00000000 76.00000000 1.00000000 91.00000000
351.00000000 171.00000000 0.00000000 90.00000000
382.00000000 88.00000000 1.00000000 89.00000000
249.00000000 272.00000000 1.00000000 85.00000000
298.00000000 376.00000000 1.00000000 84.00000000
261.00000000 306.00000000 1.00000000 83.00000000
291.00000000 205.00000000 1.00000000 83.00000000
225.00000000 222.00000000 0.00000000 81.00000000
405.00000000 260.00000000 0.00000000 80.00000000
404.00000000 328.00000000 1.00000000 79.00000000
262.00000000 304.00000000 0.00000000 76.00000000
368.00000000 216.00000000 1.00000000 76.00000000
381.00000000 87.00000000 0.00000000 76.00000000
255.00000000 395.00000000 0.00000000 75.00000000
403.00000000 211.00000000 0.00000000 73.00000000
406.00000000 260.00000000 1.00000000 71.00000000
350.00000000 178.00000000 0.00000000 70.00000000
354.00000000 199.00000000 0.00000000 69.00000000
203.00000000 193.00000000 1.00000000 67.00000000
405.00000000 244.00000000 1.00000000 66.00000000
555.00000000 261.00000000 0.00000000 65.00000000
184.00000000 427.00000000 0.00000000 64.00000000
405.00000000 243.00000000 0.00000000 63.00000000
214.00000000 181.00000000 0.00000000 63.00000000
359.00000000 162.00000000 0.00000000 63.00000000
354.00000000 200.00000000 1.00000000 62.00000000
305.00000000 207.00000000 0.00000000 61.00000000
538.00000000 61.00000000 1.00000000 59.00000000
401.00000000 165.00000000 1.00000000 58.00000000
401.00000000 165.00000000 0.00000000 57.00000000
306.00000000 214.00000000 0.00000000 57.00000000
172.00000000 58.00000000 1.00000000 57.00000000
404.00000000 328.00000000 0.00000000 57.00000000
249.00000000 271.00000000 0.00000000 56.00000000
543.00000000 132.00000000 1.00000000 56.00000000
538.00000000 61.00000000 0.00000000 56.00000000
369.00000000 170.00000000 1.00000000 55.00000000
172.00000000 60.00000000 0.00000000 54.00000000
202.00000000 196.00000000 0.00000000 54.00000000
400.00000000 128.00000000 0.00000000 54.00000000
540.00000000 251.00000000 0.00000000 54.00000000
292.00000000 205.00000000 0.00000000 53.00000000
401.00000000 148.00000000 0.00000000 52.00000000
405.00000000 251.00000000 0.00000000 50.00000000
386.00000000 166.00000000 0.00000000 50.00000000
544.00000000 131.00000000 0.00000000 49.00000000
539.00000000 267.00000000 0.00000000 49.00000000
586.00000000 21.00000000 0.00000000 49.00000000
388.00000000 232.00000000 0.00000000 48.00000000
366.00000000 199.00000000 0.00000000 48.00000000
376.00000000 274.00000000 0.00000000 48.00000000
386.00000000 96.00000000 0.00000000 45.00000000
203.00000000 317.00000000 0.00000000 43.00000000
362.00000000 189.00000000 0.00000000 42.00000000
354.00000000 257.00000000 0.00000000 42.00000000
270.00000000 231.00000000 0.00000000 42.00000000
369.00000000 171.00000000 0.00000000 41.00000000
287.00000000 322.00000000 0.00000000 40.00000000
383.00000000 267.00000000 0.00000000 40.00000000
395.00000000 285.00000000 0.00000000 39.00000000
538.00000000 68.00000000 0.00000000 39.00000000
271.00000000 254.00000000 0.00000000 39.00000000
373.00000000 125.00000000 0.00000000 38.00000000
401.00000000 155.00000000 0.00000000 38.00000000
171.00000000 39.00000000 0.00000000 36.00000000
226.00000000 365.00000000 0.00000000 35.00000000
373.00000000 147.00000000 0.00000000 35.00000000
