464.00000000 120.00000000 4.00000000 543.00000000
463.00000000 118.00000000 2.00000000 523.00000000
463.00000000 118.00000000 5.00000000 485.00000000
466.00000000 116.00000000 2.00000000 396.00000000
487.00000000 62.00000000 0.00000000 367.00000000
465.00000000 115.00000000 1.00000000 338.00000000
465.00000000 186.00000000 1.00000000 332.00000000
370.00000000 178.00000000 2.00000000 308.00000000
466.00000000 188.00000000 2.00000000 291.00000000
465.00000000 187.00000000 1.00000000 290.00000000
465.00000000 115.00000000 1.00000000 286.00000000
287.00000000 216.00000000 1.00000000 271.00000000
286.00000000 216.00000000 2.00000000 267.00000000
463.00000000 359.00000000 2.00000000 266.00000000
370.00000000 178.00000000 2.00000000 260.00000000
467.00000000 252.00000000 1.00000000 251.00000000
206.00000000 321.00000000 1.00000000 250.00000000
467.00000000 252.00000000 0.00000000 248.00000000
466.00000000 186.00000000 2.00000000 240.00000000
464.00000000 353.00000000 1.00000000 237.00000000
487.00000000 62.00000000 1.00000000 235.00000000
465.00000000 187.00000000 0.00000000 231.00000000
206.00000000 321.00000000 1.00000000 228.00000000
464.00000000 360.00000000 4.00000000 228.00000000
370.00000000 176.00000000 1.00000000 222.00000000
113.00000000 196.00000000 1.00000000 219.00000000
463.00000000 354.00000000 1.00000000 218.00000000
464.00000000 356.00000000 2.00000000 217.00000000
184.00000000 284.00000000 2.00000000 216.00000000
464.00000000 352.00000000 0.00000000 214.00000000
205.00000000 321.00000000 0.00000000 213.00000000
185.00000000 282.00000000 1.00000000 211.00000000
76.00000000 22.00000000 1.00000000 210.00000000
206.00000000 322.00000000 2.00000000 209.00000000
400.00000000 228.00000000 0.00000000 203.00000000
76.00000000 21.00000000 0.00000000 199.00000000
76.00000000 23.00000000 1.00000000 195.00000000
464.00000000 81.00000000 0.00000000 193.00000000
464.00000000 82.00000000 1.00000000 192.00000000
114.00000000 196.00000000 2.00000000 191.00000000
401.00000000 229.00000000 1.00000000 191.00000000
218.00000000 42.00000000 1.00000000 185.00000000
468.00000000 253.00000000 1.00000000 184.00000000
465.00000000 115.00000000 0.00000000 178.00000000
465.00000000 82.00000000 1.00000000 175.00000000
149.00000000 228.00000000 1.00000000 168.00000000
370.00000000 175.00000000 1.00000000 167.00000000
375.00000000 208.00000000 1.00000000 166.00000000
261.00000000 211.00000000 1.00000000 166.00000000
189.00000000 418.00000000 1.00000000 166.00000000
305.00000000 399.00000000 0.00000000 165.00000000
148.00000000 229.00000000 1.00000000 165.00000000
114.00000000 195.00000000 1.00000000 164.00000000
219.00000000 41.00000000 0.00000000 158.00000000
185.00000000 283.00000000 1.00000000 154.00000000
375.00000000 207.00000000 0.00000000 153.00000000
260.00000000 212.00000000 1.00000000 149.00000000
465.00000000 224.00000000 0.00000000 149.00000000
465.00000000 193.00000000 0.00000000 148.00000000
424.00000000 291.00000000 0.00000000 143.00000000
76.00000000 56.00000000 1.00000000 143.00000000
265.00000000 405.00000000 1.00000000 142.00000000
436.00000000 171.00000000 0.00000000 142.00000000
467.00000000 285.00000000 1.00000000 141.00000000
149.00000000 228.00000000 0.00000000 139.00000000
370.00000000 176.00000000 0.00000000 138.00000000
463.00000000 366.00000000 0.00000000 138.00000000
436.00000000 171.00000000 1.00000000 133.00000000
222.00000000 265.00000000 0.00000000 133.00000000
76.00000000 53.00000000 1.00000000 131.00000000
464.00000000 365.00000000 1.00000000 130.00000000
467.00000000 285.00000000 0.00000000 122.00000000
76.00000000 57.00000000 0.00000000 122.00000000
267.00000000 406.00000000 0.00000000 122.00000000
267.00000000 407.00000000 1.00000000 120.00000000
261.00000000 211.00000000 0.00000000 120.00000000
446.00000000 314.00000000 0.00000000 119.00000000
286.00000000 222.00000000 0.00000000 119.00000000
446.00000000 315.00000000 1.00000000 117.00000000
466.00000000 224.00000000 1.00000000 115.00000000
222.00000000 266.00000000 1.00000000 114.00000000
368.00000000 183.00000000 0.00000000 113.00000000
466.00000000 156.00000000 0.00000000 112.00000000
465.00000000 169.00000000 1.00000000 112.00000000
305.00000000 399.00000000 1.00000000 112.00000000
113.00000000 200.00000000 0.00000000 111.00000000
492.00000000 414.00000000 0.00000000 110.00000000
467.00000000 263.00000000 0.00000000 108.00000000
465.00000000 149.00000000 0.00000000 107.00000000
185.00000000 282.00000000 0.00000000 107.00000000
466.00000000 149.00000000 1.00000000 107.00000000
414.00000000 121.00000000 1.00000000 106.00000000
467.00000000 264.00000000 1.00000000 106.00000000
441.00000000 86.00000000 0.00000000 102.00000000
435.00000000 248.00000000 0.00000000 102.00000000
189.00000000 419.00000000 1.00000000 98.00000000
286.00000000 222.00000000 1.00000000 98.00000000
412.00000000 376.00000000 0.00000000 98.00000000
465.00000000 170.00000000 0.00000000 97.00000000
415.00000000 119.00000000 0.00000000 97.00000000
132.00000000 182.00000000 0.00000000 93.00000000
436.00000000 249.00000000 1.00000000 91.00000000
465.00000000 136.00000000 0.00000000 90.00000000
465.00000000 124.00000000 0.00000000 87.00000000
468.00000000 272.00000000 0.00000000 87.00000000
386.00000000 164.00000000 0.00000000 86.00000000
68.00000000 19.00000000 0.00000000 86.00000000
114.00000000 193.00000000 0.00000000 80.00000000
76.00000000 34.00000000 0.00000000 76.00000000
126.00000000 188.00000000 0.00000000 75.00000000
424.00000000 240.00000000 0.00000000 74.00000000
432.00000000 76.00000000 0.00000000 74.00000000
387.00000000 239.00000000 0.00000000 74.00000000
85.00000000 432.00000000 0.00000000 73.00000000
111.00000000 327.00000000 0.00000000 72.00000000
81.00000000 262.00000000 0.00000000 71.00000000
399.00000000 209.00000000 0.00000000 71.00000000
446.00000000 247.00000000 0.00000000 71.00000000
309.00000000 214.00000000 0.00000000 71.00000000
390.00000000 196.00000000 0.00000000 70.00000000
224.00000000 240.00000000 0.00000000 69.00000000
147.00000000 301.00000000 0.00000000 68.00000000
444.00000000 181.00000000 0.00000000 66.00000000
415.00000000 240.00000000 0.00000000 65.00000000
140.00000000 410.00000000 0.00000000 65.00000000
321.00000000 219.00000000 0.00000000 63.00000000
189.00000000 420.00000000 0.00000000 63.00000000
