516.00000000 88.00000000 4.00000000 467.00000000
514.00000000 90.00000000 5.00000000 465.00000000
517.00000000 84.00000000 2.00000000 400.00000000
514.00000000 178.00000000 2.00000000 360.00000000
105.00000000 47.00000000 1.00000000 354.00000000
518.00000000 84.00000000 2.00000000 342.00000000
516.00000000 180.00000000 2.00000000 326.00000000
516.00000000 180.00000000 4.00000000 318.00000000
104.00000000 46.00000000 0.00000000 305.00000000
511.00000000 267.00000000 1.00000000 298.00000000
514.00000000 179.00000000 1.00000000 291.00000000
511.00000000 267.00000000 1.00000000 285.00000000
515.00000000 180.00000000 1.00000000 283.00000000
368.00000000 172.00000000 2.00000000 281.00000000
517.00000000 83.00000000 1.00000000 279.00000000
367.00000000 172.00000000 2.00000000 272.00000000
104.00000000 48.00000000 1.00000000 269.00000000
511.00000000 267.00000000 0.00000000 255.00000000
515.00000000 188.00000000 0.00000000 255.00000000
281.00000000 207.00000000 1.00000000 253.00000000
512.00000000 268.00000000 2.00000000 246.00000000
125.00000000 55.00000000 0.00000000 229.00000000
502.00000000 404.00000000 2.00000000 223.00000000
280.00000000 208.00000000 2.00000000 220.00000000
217.00000000 286.00000000 1.00000000 219.00000000
503.00000000 400.00000000 1.00000000 218.00000000
503.00000000 404.00000000 2.00000000 217.00000000
406.00000000 228.00000000 1.00000000 212.00000000
515.00000000 180.00000000 0.00000000 209.00000000
367.00000000 169.00000000 1.00000000 209.00000000
518.00000000 38.00000000 1.00000000 209.00000000
503.00000000 401.00000000 1.00000000 207.00000000
502.00000000 399.00000000 0.00000000 201.00000000
152.00000000 79.00000000 0.00000000 199.00000000
217.00000000 286.00000000 0.00000000 194.00000000
406.00000000 227.00000000 0.00000000 193.00000000
203.00000000 254.00000000 1.00000000 191.00000000
126.00000000 57.00000000 1.00000000 186.00000000
204.00000000 255.00000000 1.00000000 186.00000000
204.00000000 254.00000000 2.00000000 185.00000000
519.00000000 38.00000000 1.00000000 184.00000000
517.00000000 85.00000000 1.00000000 178.00000000
185.00000000 213.00000000 1.00000000 175.00000000
106.00000000 48.00000000 2.00000000 175.00000000
513.00000000 230.00000000 0.00000000 173.00000000
374.00000000 203.00000000 1.00000000 171.00000000
185.00000000 212.00000000 0.00000000 170.00000000
152.00000000 99.00000000 1.00000000 166.00000000
502.00000000 417.00000000 1.00000000 162.00000000
152.00000000 99.00000000 0.00000000 162.00000000
405.00000000 227.00000000 1.00000000 161.00000000
518.00000000 38.00000000 0.00000000 160.00000000
231.00000000 68.00000000 0.00000000 158.00000000
152.00000000 80.00000000 1.00000000 156.00000000
432.00000000 304.00000000 0.00000000 155.00000000
113.00000000 59.00000000 0.00000000 154.00000000
217.00000000 285.00000000 1.00000000 154.00000000
167.00000000 190.00000000 1.00000000 154.00000000
260.00000000 203.00000000 1.00000000 152.00000000
468.00000000 341.00000000 0.00000000 152.00000000
367.00000000 169.00000000 1.00000000 151.00000000
374.00000000 202.00000000 0.00000000 151.00000000
516.00000000 137.00000000 0.00000000 149.00000000
469.00000000 342.00000000 1.00000000 149.00000000
513.00000000 230.00000000 1.00000000 149.00000000
469.00000000 343.00000000 1.00000000 147.00000000
373.00000000 205.00000000 1.00000000 146.00000000
433.00000000 305.00000000 1.00000000 145.00000000
125.00000000 57.00000000 1.00000000 142.00000000
282.00000000 209.00000000 1.00000000 139.00000000
516.00000000 138.00000000 1.00000000 139.00000000
491.00000000 143.00000000 0.00000000 137.00000000
517.00000000 86.00000000 0.00000000 135.00000000
166.00000000 189.00000000 1.00000000 134.00000000
516.00000000 157.00000000 1.00000000 134.00000000
183.00000000 213.00000000 1.00000000 132.00000000
260.00000000 202.00000000 0.00000000 131.00000000
462.00000000 160.00000000 1.00000000 129.00000000
510.00000000 282.00000000 1.00000000 129.00000000
115.00000000 378.00000000 0.00000000 128.00000000
502.00000000 418.00000000 0.00000000 127.00000000
517.00000000 110.00000000 1.00000000 126.00000000
368.00000000 169.00000000 0.00000000 125.00000000
461.00000000 160.00000000 0.00000000 124.00000000
475.00000000 53.00000000 0.00000000 124.00000000
516.00000000 122.00000000 0.00000000 123.00000000
516.00000000 129.00000000 1.00000000 121.00000000
204.00000000 254.00000000 0.00000000 120.00000000
517.00000000 96.00000000 1.00000000 118.00000000
516.00000000 129.00000000 0.00000000 115.00000000
516.00000000 156.00000000 0.00000000 113.00000000
473.00000000 256.00000000 0.00000000 111.00000000
509.00000000 282.00000000 0.00000000 110.00000000
365.00000000 177.00000000 0.00000000 108.00000000
507.00000000 312.00000000 0.00000000 103.00000000
203.00000000 355.00000000 1.00000000 103.00000000
508.00000000 312.00000000 1.00000000 102.00000000
509.00000000 295.00000000 1.00000000 101.00000000
167.00000000 188.00000000 0.00000000 101.00000000
280.00000000 213.00000000 0.00000000 100.00000000
509.00000000 294.00000000 0.00000000 94.00000000
393.00000000 191.00000000 0.00000000 91.00000000
229.00000000 245.00000000 0.00000000 89.00000000
516.00000000 111.00000000 0.00000000 88.00000000
149.00000000 231.00000000 0.00000000 87.00000000
107.00000000 364.00000000 0.00000000 85.00000000
122.00000000 66.00000000 0.00000000 83.00000000
517.00000000 96.00000000 0.00000000 82.00000000
456.00000000 255.00000000 0.00000000 81.00000000
514.00000000 203.00000000 0.00000000 79.00000000
431.00000000 99.00000000 0.00000000 76.00000000
388.00000000 156.00000000 0.00000000 75.00000000
477.00000000 171.00000000 0.00000000 67.00000000
425.00000000 242.00000000 0.00000000 67.00000000
375.00000000 140.00000000 0.00000000 66.00000000
415.00000000 401.00000000 0.00000000 65.00000000
290.00000000 376.00000000 0.00000000 65.00000000
417.00000000 389.00000000 0.00000000 65.00000000
203.00000000 355.00000000 0.00000000 65.00000000
163.00000000 277.00000000 0.00000000 64.00000000
405.00000000 205.00000000 0.00000000 63.00000000
178.00000000 159.00000000 0.00000000 58.00000000
391.00000000 133.00000000 0.00000000 57.00000000
311.00000000 214.00000000 0.00000000 55.00000000
456.00000000 314.00000000 0.00000000 54.00000000
506.00000000 337.00000000 0.00000000 54.00000000
359.00000000 226.00000000 0.00000000 53.00000000
