822.00000000 697.00000000 1.00000000 1023.00000000
705.00000000 583.00000000 1.00000000 934.00000000
821.00000000 696.00000000 0.00000000 846.00000000
760.00000000 376.00000000 0.00000000 842.00000000
705.00000000 583.00000000 0.00000000 839.00000000
752.00000000 698.00000000 1.00000000 807.00000000
435.00000000 1088.00000000 1.00000000 801.00000000
564.00000000 235.00000000 0.00000000 765.00000000
436.00000000 1090.00000000 2.00000000 764.00000000
712.00000000 231.00000000 0.00000000 746.00000000
666.00000000 586.00000000 0.00000000 732.00000000
675.00000000 233.00000000 0.00000000 720.00000000
712.00000000 232.00000000 1.00000000 717.00000000
752.00000000 697.00000000 1.00000000 716.00000000
761.00000000 376.00000000 1.00000000 709.00000000
591.00000000 928.00000000 0.00000000 702.00000000
540.00000000 924.00000000 0.00000000 699.00000000
821.00000000 697.00000000 1.00000000 699.00000000
703.00000000 927.00000000 0.00000000 672.00000000
384.00000000 987.00000000 1.00000000 671.00000000
224.00000000 255.00000000 0.00000000 670.00000000
683.00000000 585.00000000 0.00000000 668.00000000
932.00000000 1141.00000000 1.00000000 667.00000000
50.00000000 935.00000000 0.00000000 665.00000000
919.00000000 222.00000000 1.00000000 663.00000000
350.00000000 289.00000000 1.00000000 662.00000000
734.00000000 350.00000000 1.00000000 659.00000000
967.00000000 576.00000000 1.00000000 655.00000000
861.00000000 925.00000000 0.00000000 651.00000000
428.00000000 238.00000000 0.00000000 648.00000000
385.00000000 986.00000000 1.00000000 647.00000000
738.00000000 927.00000000 0.00000000 642.00000000
591.00000000 589.00000000 0.00000000 639.00000000
667.00000000 586.00000000 1.00000000 638.00000000
751.00000000 358.00000000 0.00000000 636.00000000
108.00000000 606.00000000 0.00000000 633.00000000
225.00000000 256.00000000 1.00000000 629.00000000
781.00000000 227.00000000 0.00000000 627.00000000
894.00000000 686.00000000 1.00000000 624.00000000
404.00000000 931.00000000 0.00000000 624.00000000
540.00000000 925.00000000 1.00000000 621.00000000
752.00000000 697.00000000 0.00000000 618.00000000
384.00000000 988.00000000 2.00000000 618.00000000
314.00000000 929.00000000 0.00000000 618.00000000
676.00000000 233.00000000 1.00000000 613.00000000
282.00000000 934.00000000 0.00000000 612.00000000
564.00000000 236.00000000 1.00000000 611.00000000
634.00000000 236.00000000 0.00000000 610.00000000
122.00000000 939.00000000 1.00000000 609.00000000
329.00000000 933.00000000 0.00000000 608.00000000
367.00000000 596.00000000 0.00000000 608.00000000
670.00000000 927.00000000 0.00000000 608.00000000
946.00000000 922.00000000 0.00000000 606.00000000
854.00000000 225.00000000 0.00000000 604.00000000
967.00000000 575.00000000 0.00000000 602.00000000
894.00000000 685.00000000 0.00000000 599.00000000
926.00000000 1121.00000000 1.00000000 598.00000000
591.00000000 919.00000000 0.00000000 597.00000000
608.00000000 240.00000000 0.00000000 597.00000000
733.00000000 350.00000000 1.00000000 594.00000000
356.00000000 249.00000000 0.00000000 592.00000000
918.00000000 222.00000000 0.00000000 592.00000000
345.00000000 932.00000000 0.00000000 591.00000000
523.00000000 241.00000000 0.00000000 589.00000000
632.00000000 586.00000000 0.00000000 589.00000000
703.00000000 927.00000000 1.00000000 589.00000000
329.00000000 934.00000000 1.00000000 587.00000000
70.00000000 263.00000000 0.00000000 586.00000000
752.00000000 698.00000000 2.00000000 586.00000000
665.00000000 576.00000000 0.00000000 586.00000000
373.00000000 984.00000000 5.00000000 584.00000000
837.00000000 215.00000000 0.00000000 580.00000000
929.00000000 1154.00000000 1.00000000 579.00000000
108.00000000 607.00000000 1.00000000 579.00000000
520.00000000 591.00000000 1.00000000 575.00000000
520.00000000 591.00000000 0.00000000 574.00000000
651.00000000 928.00000000 0.00000000 573.00000000
71.00000000 264.00000000 1.00000000 570.00000000
283.00000000 934.00000000 1.00000000 569.00000000
367.00000000 597.00000000 1.00000000 565.00000000
351.00000000 291.00000000 1.00000000 564.00000000
345.00000000 933.00000000 1.00000000 564.00000000
770.00000000 582.00000000 0.00000000 563.00000000
771.00000000 926.00000000 0.00000000 563.00000000
684.00000000 586.00000000 1.00000000 563.00000000
524.00000000 241.00000000 1.00000000 561.00000000
194.00000000 258.00000000 0.00000000 561.00000000
862.00000000 925.00000000 1.00000000 561.00000000
412.00000000 1080.00000000 1.00000000 561.00000000
368.00000000 966.00000000 2.00000000 560.00000000
564.00000000 922.00000000 0.00000000 559.00000000
689.00000000 233.00000000 0.00000000 558.00000000
18.00000000 262.00000000 0.00000000 556.00000000
51.00000000 944.00000000 0.00000000 552.00000000
673.00000000 248.00000000 0.00000000 550.00000000
656.00000000 980.00000000 2.00000000 546.00000000
930.00000000 1130.00000000 0.00000000 543.00000000
705.00000000 584.00000000 1.00000000 541.00000000
820.00000000 967.00000000 0.00000000 541.00000000
931.00000000 1141.00000000 0.00000000 537.00000000
340.00000000 668.00000000 4.00000000 536.00000000
926.00000000 1120.00000000 0.00000000 535.00000000
426.00000000 247.00000000 0.00000000 533.00000000
519.00000000 928.00000000 0.00000000 533.00000000
652.00000000 234.00000000 0.00000000 533.00000000
435.00000000 1091.00000000 2.00000000 533.00000000
847.00000000 580.00000000 0.00000000 530.00000000
122.00000000 938.00000000 0.00000000 526.00000000
649.00000000 586.00000000 0.00000000 525.00000000
519.00000000 941.00000000 0.00000000 525.00000000
59.00000000 952.00000000 0.00000000 524.00000000
56.00000000 335.00000000 1.00000000 514.00000000
339.00000000 664.00000000 2.00000000 513.00000000
352.00000000 290.00000000 2.00000000 506.00000000
186.00000000 661.00000000 2.00000000 501.00000000
367.00000000 963.00000000 1.00000000 501.00000000
184.00000000 660.00000000 4.00000000 496.00000000
74.00000000 342.00000000 2.00000000 486.00000000
967.00000000 575.00000000 1.00000000 482.00000000
190.00000000 662.00000000 2.00000000 482.00000000
73.00000000 340.00000000 1.00000000 480.00000000
395.00000000 336.00000000 2.00000000 476.00000000
138.00000000 630.00000000 1.00000000 471.00000000
562.00000000 1098.00000000 1.00000000 471.00000000
656.00000000 978.00000000 1.00000000 463.00000000
520.00000000 592.00000000 1.00000000 450.00000000
909.00000000 359.00000000 1.00000000 446.00000000
