681.00000000 533.00000000 0.00000000 1026.00000000
784.00000000 637.00000000 0.00000000 997.00000000
784.00000000 638.00000000 1.00000000 992.00000000
429.00000000 995.00000000 1.00000000 880.00000000
722.00000000 638.00000000 1.00000000 879.00000000
681.00000000 533.00000000 1.00000000 874.00000000
526.00000000 846.00000000 0.00000000 811.00000000
735.00000000 340.00000000 0.00000000 779.00000000
64.00000000 861.00000000 0.00000000 773.00000000
661.00000000 535.00000000 0.00000000 743.00000000
430.00000000 998.00000000 2.00000000 737.00000000
721.00000000 637.00000000 1.00000000 735.00000000
573.00000000 848.00000000 0.00000000 733.00000000
330.00000000 856.00000000 0.00000000 730.00000000
646.00000000 535.00000000 0.00000000 729.00000000
659.00000000 202.00000000 0.00000000 728.00000000
693.00000000 202.00000000 0.00000000 727.00000000
555.00000000 202.00000000 0.00000000 694.00000000
721.00000000 638.00000000 0.00000000 693.00000000
915.00000000 527.00000000 0.00000000 692.00000000
871.00000000 1030.00000000 0.00000000 685.00000000
871.00000000 1021.00000000 0.00000000 683.00000000
674.00000000 845.00000000 0.00000000 682.00000000
229.00000000 212.00000000 0.00000000 682.00000000
352.00000000 248.00000000 1.00000000 679.00000000
381.00000000 905.00000000 1.00000000 676.00000000
814.00000000 842.00000000 0.00000000 676.00000000
383.00000000 904.00000000 1.00000000 674.00000000
430.00000000 995.00000000 1.00000000 672.00000000
287.00000000 857.00000000 0.00000000 663.00000000
881.00000000 199.00000000 0.00000000 662.00000000
872.00000000 1031.00000000 1.00000000 658.00000000
915.00000000 528.00000000 1.00000000 650.00000000
373.00000000 905.00000000 5.00000000 647.00000000
572.00000000 840.00000000 0.00000000 646.00000000
926.00000000 838.00000000 1.00000000 644.00000000
134.00000000 864.00000000 1.00000000 642.00000000
346.00000000 855.00000000 0.00000000 642.00000000
693.00000000 203.00000000 1.00000000 639.00000000
401.00000000 854.00000000 0.00000000 638.00000000
511.00000000 538.00000000 0.00000000 638.00000000
888.00000000 838.00000000 0.00000000 636.00000000
134.00000000 863.00000000 0.00000000 636.00000000
868.00000000 1042.00000000 1.00000000 634.00000000
882.00000000 199.00000000 1.00000000 634.00000000
866.00000000 1012.00000000 0.00000000 629.00000000
382.00000000 906.00000000 2.00000000 624.00000000
511.00000000 539.00000000 1.00000000 621.00000000
925.00000000 837.00000000 0.00000000 621.00000000
848.00000000 627.00000000 0.00000000 621.00000000
638.00000000 203.00000000 0.00000000 620.00000000
711.00000000 315.00000000 1.00000000 620.00000000
621.00000000 205.00000000 0.00000000 616.00000000
784.00000000 637.00000000 1.00000000 613.00000000
517.00000000 206.00000000 0.00000000 611.00000000
366.00000000 543.00000000 0.00000000 609.00000000
705.00000000 845.00000000 0.00000000 605.00000000
317.00000000 852.00000000 0.00000000 605.00000000
352.00000000 249.00000000 1.00000000 605.00000000
741.00000000 533.00000000 0.00000000 604.00000000
506.00000000 849.00000000 0.00000000 601.00000000
735.00000000 340.00000000 1.00000000 600.00000000
867.00000000 1013.00000000 1.00000000 596.00000000
576.00000000 537.00000000 0.00000000 596.00000000
517.00000000 207.00000000 1.00000000 595.00000000
671.00000000 203.00000000 0.00000000 594.00000000
757.00000000 200.00000000 0.00000000 592.00000000
734.00000000 844.00000000 0.00000000 586.00000000
870.00000000 328.00000000 1.00000000 586.00000000
288.00000000 868.00000000 1.00000000 584.00000000
117.00000000 550.00000000 0.00000000 583.00000000
408.00000000 987.00000000 0.00000000 580.00000000
65.00000000 862.00000000 1.00000000 578.00000000
76.00000000 216.00000000 0.00000000 576.00000000
861.00000000 1004.00000000 0.00000000 575.00000000
567.00000000 1071.00000000 0.00000000 572.00000000
80.00000000 292.00000000 1.00000000 570.00000000
356.00000000 210.00000000 0.00000000 569.00000000
229.00000000 213.00000000 1.00000000 569.00000000
627.00000000 847.00000000 0.00000000 569.00000000
694.00000000 893.00000000 0.00000000 568.00000000
147.00000000 654.00000000 1.00000000 566.00000000
823.00000000 200.00000000 0.00000000 566.00000000
555.00000000 202.00000000 1.00000000 566.00000000
366.00000000 882.00000000 1.00000000 564.00000000
507.00000000 860.00000000 0.00000000 563.00000000
549.00000000 843.00000000 0.00000000 563.00000000
727.00000000 323.00000000 0.00000000 561.00000000
638.00000000 204.00000000 1.00000000 561.00000000
82.00000000 857.00000000 0.00000000 560.00000000
630.00000000 894.00000000 2.00000000 560.00000000
868.00000000 1042.00000000 0.00000000 558.00000000
862.00000000 530.00000000 0.00000000 555.00000000
614.00000000 535.00000000 0.00000000 555.00000000
526.00000000 846.00000000 1.00000000 555.00000000
644.00000000 847.00000000 0.00000000 554.00000000
270.00000000 545.00000000 0.00000000 554.00000000
808.00000000 531.00000000 0.00000000 554.00000000
630.00000000 892.00000000 1.00000000 552.00000000
408.00000000 987.00000000 1.00000000 552.00000000
346.00000000 856.00000000 1.00000000 551.00000000
809.00000000 532.00000000 1.00000000 547.00000000
644.00000000 526.00000000 0.00000000 547.00000000
339.00000000 608.00000000 2.00000000 546.00000000
741.00000000 533.00000000 1.00000000 546.00000000
76.00000000 217.00000000 1.00000000 545.00000000
722.00000000 638.00000000 2.00000000 545.00000000
340.00000000 608.00000000 4.00000000 543.00000000
367.00000000 544.00000000 1.00000000 541.00000000
630.00000000 536.00000000 0.00000000 541.00000000
366.00000000 886.00000000 2.00000000 541.00000000
569.00000000 205.00000000 0.00000000 540.00000000
63.00000000 285.00000000 1.00000000 530.00000000
192.00000000 604.00000000 4.00000000 529.00000000
352.00000000 248.00000000 2.00000000 523.00000000
195.00000000 602.00000000 2.00000000 515.00000000
711.00000000 315.00000000 1.00000000 502.00000000
216.00000000 918.00000000 2.00000000 486.00000000
396.00000000 296.00000000 2.00000000 483.00000000
545.00000000 999.00000000 1.00000000 477.00000000
510.00000000 540.00000000 1.00000000 460.00000000
145.00000000 656.00000000 1.00000000 455.00000000
395.00000000 294.00000000 2.00000000 455.00000000
878.00000000 920.00000000 1.00000000 454.00000000
681.00000000 533.00000000 1.00000000 450.00000000
625.00000000 701.00000000 2.00000000 449.00000000
147.00000000 574.00000000 1.00000000 444.00000000
