845.00000000 555.00000000 0.00000000 858.00000000
422.00000000 854.00000000 0.00000000 808.00000000
478.00000000 838.00000000 0.00000000 778.00000000
664.00000000 885.00000000 0.00000000 762.00000000
640.00000000 824.00000000 4.00000000 738.00000000
664.00000000 886.00000000 1.00000000 724.00000000
644.00000000 820.00000000 1.00000000 721.00000000
436.00000000 123.00000000 1.00000000 694.00000000
587.00000000 799.00000000 0.00000000 683.00000000
488.00000000 520.00000000 0.00000000 682.00000000
483.00000000 135.00000000 0.00000000 678.00000000
478.00000000 839.00000000 1.00000000 677.00000000
483.00000000 136.00000000 1.00000000 665.00000000
639.00000000 825.00000000 5.00000000 663.00000000
644.00000000 819.00000000 0.00000000 653.00000000
778.00000000 765.00000000 1.00000000 650.00000000
750.00000000 485.00000000 0.00000000 649.00000000
643.00000000 821.00000000 1.00000000 648.00000000
636.00000000 805.00000000 1.00000000 647.00000000
587.00000000 808.00000000 0.00000000 646.00000000
605.00000000 153.00000000 0.00000000 644.00000000
693.00000000 165.00000000 0.00000000 632.00000000
441.00000000 527.00000000 0.00000000 627.00000000
518.00000000 131.00000000 0.00000000 627.00000000
504.00000000 625.00000000 0.00000000 624.00000000
788.00000000 179.00000000 0.00000000 620.00000000
436.00000000 123.00000000 0.00000000 618.00000000
545.00000000 568.00000000 2.00000000 618.00000000
603.00000000 504.00000000 0.00000000 615.00000000
777.00000000 765.00000000 1.00000000 610.00000000
620.00000000 426.00000000 0.00000000 608.00000000
437.00000000 844.00000000 0.00000000 605.00000000
686.00000000 206.00000000 1.00000000 605.00000000
405.00000000 864.00000000 0.00000000 601.00000000
583.00000000 150.00000000 0.00000000 594.00000000
636.00000000 806.00000000 1.00000000 590.00000000
504.00000000 626.00000000 1.00000000 589.00000000
544.00000000 568.00000000 4.00000000 588.00000000
489.00000000 521.00000000 1.00000000 588.00000000
414.00000000 125.00000000 0.00000000 582.00000000
414.00000000 126.00000000 1.00000000 575.00000000
546.00000000 568.00000000 2.00000000 574.00000000
620.00000000 427.00000000 1.00000000 573.00000000
846.00000000 555.00000000 1.00000000 573.00000000
636.00000000 803.00000000 0.00000000 570.00000000
642.00000000 824.00000000 2.00000000 569.00000000
481.00000000 122.00000000 0.00000000 566.00000000
639.00000000 823.00000000 2.00000000 563.00000000
876.00000000 193.00000000 0.00000000 562.00000000
410.00000000 530.00000000 0.00000000 562.00000000
788.00000000 180.00000000 1.00000000 560.00000000
854.00000000 593.00000000 0.00000000 553.00000000
774.00000000 746.00000000 2.00000000 552.00000000
514.00000000 140.00000000 0.00000000 548.00000000
876.00000000 194.00000000 1.00000000 546.00000000
693.00000000 166.00000000 1.00000000 546.00000000
879.00000000 299.00000000 0.00000000 546.00000000
644.00000000 556.00000000 2.00000000 544.00000000
750.00000000 174.00000000 0.00000000 541.00000000
873.00000000 550.00000000 0.00000000 539.00000000
583.00000000 151.00000000 1.00000000 531.00000000
692.00000000 927.00000000 2.00000000 518.00000000
644.00000000 557.00000000 2.00000000 518.00000000
773.00000000 745.00000000 1.00000000 517.00000000
666.00000000 497.00000000 0.00000000 517.00000000
956.00000000 207.00000000 0.00000000 517.00000000
693.00000000 927.00000000 1.00000000 514.00000000
750.00000000 175.00000000 1.00000000 514.00000000
882.00000000 721.00000000 1.00000000 513.00000000
864.00000000 470.00000000 0.00000000 513.00000000
640.00000000 784.00000000 0.00000000 512.00000000
956.00000000 208.00000000 1.00000000 510.00000000
625.00000000 785.00000000 0.00000000 509.00000000
905.00000000 197.00000000 0.00000000 509.00000000
441.00000000 527.00000000 1.00000000 506.00000000
854.00000000 593.00000000 1.00000000 506.00000000
685.00000000 205.00000000 1.00000000 505.00000000
480.00000000 229.00000000 1.00000000 504.00000000
411.00000000 531.00000000 1.00000000 504.00000000
750.00000000 486.00000000 1.00000000 502.00000000
435.00000000 123.00000000 1.00000000 502.00000000
422.00000000 855.00000000 1.00000000 500.00000000
837.00000000 473.00000000 0.00000000 499.00000000
882.00000000 721.00000000 1.00000000 492.00000000
603.00000000 505.00000000 1.00000000 491.00000000
808.00000000 179.00000000 0.00000000 491.00000000
510.00000000 543.00000000 1.00000000 488.00000000
487.00000000 920.00000000 0.00000000 487.00000000
787.00000000 193.00000000 0.00000000 486.00000000
842.00000000 188.00000000 0.00000000 484.00000000
446.00000000 850.00000000 0.00000000 483.00000000
850.00000000 189.00000000 0.00000000 478.00000000
737.00000000 164.00000000 0.00000000 477.00000000
823.00000000 185.00000000 0.00000000 477.00000000
508.00000000 131.00000000 0.00000000 475.00000000
816.00000000 183.00000000 0.00000000 473.00000000
793.00000000 610.00000000 1.00000000 470.00000000
794.00000000 614.00000000 2.00000000 469.00000000
724.00000000 361.00000000 1.00000000 468.00000000
727.00000000 864.00000000 0.00000000 467.00000000
643.00000000 555.00000000 1.00000000 466.00000000
511.00000000 543.00000000 1.00000000 464.00000000
458.00000000 668.00000000 0.00000000 463.00000000
480.00000000 230.00000000 2.00000000 463.00000000
428.00000000 867.00000000 0.00000000 461.00000000
793.00000000 610.00000000 1.00000000 461.00000000
693.00000000 927.00000000 0.00000000 460.00000000
545.00000000 568.00000000 1.00000000 459.00000000
405.00000000 865.00000000 1.00000000 458.00000000
587.00000000 808.00000000 1.00000000 457.00000000
707.00000000 326.00000000 0.00000000 455.00000000
460.00000000 131.00000000 0.00000000 453.00000000
639.00000000 772.00000000 0.00000000 451.00000000
430.00000000 523.00000000 0.00000000 450.00000000
719.00000000 165.00000000 0.00000000 445.00000000
466.00000000 217.00000000 1.00000000 444.00000000
692.00000000 181.00000000 0.00000000 442.00000000
790.00000000 512.00000000 2.00000000 440.00000000
660.00000000 896.00000000 2.00000000 437.00000000
830.00000000 659.00000000 0.00000000 435.00000000
475.00000000 902.00000000 0.00000000 434.00000000
540.00000000 697.00000000 0.00000000 434.00000000
505.00000000 560.00000000 0.00000000 430.00000000
474.00000000 510.00000000 0.00000000 428.00000000
572.00000000 458.00000000 1.00000000 421.00000000
502.00000000 627.00000000 1.00000000 415.00000000
414.00000000 125.00000000 1.00000000 414.00000000
