644.00000000 581.00000000 1.00000000 1099.00000000
524.00000000 446.00000000 1.00000000 836.00000000
523.00000000 444.00000000 0.00000000 812.00000000
575.00000000 582.00000000 1.00000000 750.00000000
644.00000000 581.00000000 1.00000000 737.00000000
244.00000000 180.00000000 1.00000000 726.00000000
576.00000000 583.00000000 1.00000000 720.00000000
362.00000000 974.00000000 2.00000000 701.00000000
644.00000000 580.00000000 0.00000000 700.00000000
363.00000000 971.00000000 1.00000000 696.00000000
379.00000000 470.00000000 0.00000000 696.00000000
379.00000000 471.00000000 1.00000000 693.00000000
556.00000000 171.00000000 0.00000000 676.00000000
491.00000000 452.00000000 0.00000000 659.00000000
322.00000000 866.00000000 1.00000000 657.00000000
505.00000000 450.00000000 0.00000000 642.00000000
557.00000000 172.00000000 1.00000000 633.00000000
243.00000000 179.00000000 1.00000000 627.00000000
550.00000000 852.00000000 1.00000000 623.00000000
664.00000000 921.00000000 0.00000000 619.00000000
350.00000000 80.00000000 0.00000000 614.00000000
584.00000000 438.00000000 1.00000000 609.00000000
459.00000000 836.00000000 0.00000000 602.00000000
550.00000000 851.00000000 0.00000000 600.00000000
800.00000000 402.00000000 1.00000000 599.00000000
491.00000000 453.00000000 1.00000000 599.00000000
316.00000000 859.00000000 5.00000000 591.00000000
350.00000000 81.00000000 1.00000000 590.00000000
800.00000000 401.00000000 1.00000000 590.00000000
322.00000000 868.00000000 2.00000000 589.00000000
704.00000000 877.00000000 1.00000000 587.00000000
323.00000000 866.00000000 1.00000000 584.00000000
458.00000000 825.00000000 0.00000000 583.00000000
431.00000000 463.00000000 0.00000000 581.00000000
800.00000000 891.00000000 1.00000000 581.00000000
721.00000000 565.00000000 1.00000000 580.00000000
661.00000000 426.00000000 1.00000000 578.00000000
261.00000000 805.00000000 0.00000000 578.00000000
311.00000000 841.00000000 1.00000000 568.00000000
582.00000000 857.00000000 0.00000000 566.00000000
362.00000000 975.00000000 2.00000000 566.00000000
489.00000000 441.00000000 0.00000000 562.00000000
635.00000000 464.00000000 1.00000000 562.00000000
576.00000000 584.00000000 2.00000000 557.00000000
189.00000000 554.00000000 2.00000000 555.00000000
243.00000000 137.00000000 0.00000000 552.00000000
703.00000000 876.00000000 0.00000000 551.00000000
458.00000000 826.00000000 1.00000000 548.00000000
378.00000000 60.00000000 0.00000000 544.00000000
421.00000000 825.00000000 0.00000000 542.00000000
675.00000000 428.00000000 0.00000000 542.00000000
584.00000000 437.00000000 0.00000000 542.00000000
522.00000000 847.00000000 0.00000000 539.00000000
612.00000000 861.00000000 0.00000000 538.00000000
797.00000000 1162.00000000 1.00000000 537.00000000
612.00000000 861.00000000 1.00000000 535.00000000
634.00000000 463.00000000 1.00000000 531.00000000
854.00000000 900.00000000 1.00000000 531.00000000
614.00000000 427.00000000 1.00000000 530.00000000
702.00000000 878.00000000 1.00000000 528.00000000
278.00000000 804.00000000 0.00000000 525.00000000
524.00000000 446.00000000 1.00000000 523.00000000
854.00000000 900.00000000 1.00000000 522.00000000
310.00000000 842.00000000 2.00000000 519.00000000
466.00000000 18.00000000 0.00000000 515.00000000
646.00000000 582.00000000 2.00000000 515.00000000
406.00000000 826.00000000 0.00000000 515.00000000
311.00000000 840.00000000 1.00000000 512.00000000
585.00000000 454.00000000 1.00000000 511.00000000
582.00000000 857.00000000 1.00000000 509.00000000
296.00000000 810.00000000 0.00000000 506.00000000
660.00000000 425.00000000 0.00000000 505.00000000
331.00000000 816.00000000 0.00000000 504.00000000
646.00000000 427.00000000 0.00000000 503.00000000
274.00000000 216.00000000 2.00000000 503.00000000
514.00000000 902.00000000 2.00000000 502.00000000
614.00000000 427.00000000 0.00000000 502.00000000
244.00000000 178.00000000 2.00000000 500.00000000
363.00000000 971.00000000 1.00000000 499.00000000
489.00000000 442.00000000 1.00000000 499.00000000
739.00000000 412.00000000 0.00000000 497.00000000
462.00000000 458.00000000 1.00000000 494.00000000
506.00000000 844.00000000 0.00000000 494.00000000
790.00000000 1148.00000000 1.00000000 493.00000000
584.00000000 438.00000000 1.00000000 492.00000000
442.00000000 465.00000000 0.00000000 490.00000000
676.00000000 429.00000000 1.00000000 489.00000000
756.00000000 886.00000000 1.00000000 487.00000000
699.00000000 403.00000000 1.00000000 485.00000000
378.00000000 61.00000000 1.00000000 483.00000000
243.00000000 179.00000000 0.00000000 483.00000000
188.00000000 556.00000000 4.00000000 483.00000000
800.00000000 890.00000000 0.00000000 482.00000000
576.00000000 582.00000000 0.00000000 481.00000000
799.00000000 1178.00000000 1.00000000 480.00000000
424.00000000 132.00000000 4.00000000 479.00000000
463.00000000 456.00000000 0.00000000 476.00000000
476.00000000 455.00000000 0.00000000 475.00000000
721.00000000 565.00000000 1.00000000 470.00000000
796.00000000 1192.00000000 1.00000000 469.00000000
225.00000000 417.00000000 0.00000000 467.00000000
546.00000000 152.00000000 0.00000000 464.00000000
281.00000000 487.00000000 0.00000000 457.00000000
268.00000000 554.00000000 2.00000000 456.00000000
433.00000000 36.00000000 0.00000000 453.00000000
489.00000000 661.00000000 2.00000000 449.00000000
727.00000000 415.00000000 0.00000000 449.00000000
287.00000000 808.00000000 0.00000000 445.00000000
323.00000000 865.00000000 0.00000000 439.00000000
347.00000000 958.00000000 0.00000000 439.00000000
447.00000000 28.00000000 0.00000000 437.00000000
437.00000000 833.00000000 0.00000000 425.00000000
646.00000000 868.00000000 0.00000000 424.00000000
613.00000000 651.00000000 0.00000000 421.00000000
575.00000000 917.00000000 0.00000000 420.00000000
169.00000000 602.00000000 0.00000000 416.00000000
352.00000000 820.00000000 0.00000000 416.00000000
799.00000000 401.00000000 0.00000000 410.00000000
756.00000000 885.00000000 0.00000000 408.00000000
412.00000000 51.00000000 0.00000000 407.00000000
466.00000000 38.00000000 0.00000000 400.00000000
302.00000000 106.00000000 0.00000000 400.00000000
478.00000000 14.00000000 0.00000000 398.00000000
181.00000000 792.00000000 0.00000000 396.00000000
435.00000000 476.00000000 0.00000000 389.00000000
700.00000000 418.00000000 0.00000000 384.00000000
854.00000000 899.00000000 0.00000000 380.00000000
