576.00000000 549.00000000 1.00000000 957.00000000
576.00000000 548.00000000 0.00000000 899.00000000
476.00000000 418.00000000 0.00000000 812.00000000
431.00000000 784.00000000 0.00000000 779.00000000
599.00000000 400.00000000 0.00000000 744.00000000
567.00000000 436.00000000 1.00000000 723.00000000
598.00000000 876.00000000 0.00000000 721.00000000
361.00000000 444.00000000 0.00000000 713.00000000
701.00000000 373.00000000 1.00000000 709.00000000
477.00000000 419.00000000 1.00000000 700.00000000
521.00000000 551.00000000 1.00000000 686.00000000
630.00000000 835.00000000 1.00000000 675.00000000
325.00000000 821.00000000 1.00000000 671.00000000
249.00000000 170.00000000 1.00000000 664.00000000
505.00000000 809.00000000 0.00000000 661.00000000
709.00000000 849.00000000 0.00000000 660.00000000
709.00000000 850.00000000 1.00000000 655.00000000
576.00000000 548.00000000 1.00000000 655.00000000
700.00000000 373.00000000 1.00000000 654.00000000
357.00000000 922.00000000 1.00000000 654.00000000
361.00000000 445.00000000 1.00000000 642.00000000
586.00000000 398.00000000 0.00000000 641.00000000
325.00000000 821.00000000 1.00000000 638.00000000
630.00000000 835.00000000 0.00000000 632.00000000
587.00000000 398.00000000 1.00000000 632.00000000
450.00000000 426.00000000 0.00000000 629.00000000
431.00000000 785.00000000 1.00000000 624.00000000
549.00000000 400.00000000 0.00000000 624.00000000
754.00000000 859.00000000 1.00000000 622.00000000
525.00000000 411.00000000 1.00000000 621.00000000
358.00000000 924.00000000 2.00000000 620.00000000
520.00000000 551.00000000 1.00000000 618.00000000
505.00000000 809.00000000 1.00000000 616.00000000
330.00000000 71.00000000 0.00000000 615.00000000
639.00000000 533.00000000 1.00000000 609.00000000
531.00000000 815.00000000 0.00000000 603.00000000
448.00000000 415.00000000 0.00000000 602.00000000
461.00000000 424.00000000 0.00000000 601.00000000
526.00000000 426.00000000 1.00000000 596.00000000
248.00000000 169.00000000 1.00000000 595.00000000
525.00000000 410.00000000 0.00000000 592.00000000
324.00000000 822.00000000 2.00000000 586.00000000
315.00000000 775.00000000 0.00000000 585.00000000
549.00000000 400.00000000 1.00000000 582.00000000
497.00000000 154.00000000 0.00000000 582.00000000
651.00000000 383.00000000 0.00000000 579.00000000
401.00000000 784.00000000 0.00000000 577.00000000
432.00000000 794.00000000 0.00000000 575.00000000
712.00000000 1113.00000000 1.00000000 575.00000000
288.00000000 762.00000000 0.00000000 573.00000000
276.00000000 772.00000000 0.00000000 571.00000000
330.00000000 72.00000000 1.00000000 570.00000000
403.00000000 436.00000000 0.00000000 567.00000000
288.00000000 762.00000000 1.00000000 559.00000000
352.00000000 51.00000000 0.00000000 553.00000000
555.00000000 819.00000000 1.00000000 550.00000000
673.00000000 844.00000000 1.00000000 550.00000000
753.00000000 859.00000000 1.00000000 548.00000000
629.00000000 835.00000000 1.00000000 548.00000000
311.00000000 760.00000000 0.00000000 547.00000000
714.00000000 1127.00000000 1.00000000 545.00000000
700.00000000 372.00000000 0.00000000 543.00000000
411.00000000 439.00000000 0.00000000 538.00000000
527.00000000 872.00000000 0.00000000 537.00000000
642.00000000 842.00000000 0.00000000 536.00000000
641.00000000 386.00000000 0.00000000 535.00000000
212.00000000 750.00000000 0.00000000 534.00000000
618.00000000 375.00000000 1.00000000 533.00000000
407.00000000 19.00000000 0.00000000 531.00000000
498.00000000 154.00000000 1.00000000 531.00000000
212.00000000 526.00000000 2.00000000 530.00000000
575.00000000 400.00000000 0.00000000 529.00000000
489.00000000 135.00000000 1.00000000 529.00000000
553.00000000 617.00000000 1.00000000 529.00000000
315.00000000 796.00000000 1.00000000 528.00000000
567.00000000 436.00000000 0.00000000 527.00000000
247.00000000 129.00000000 0.00000000 525.00000000
710.00000000 833.00000000 0.00000000 521.00000000
416.00000000 480.00000000 4.00000000 520.00000000
450.00000000 427.00000000 1.00000000 518.00000000
555.00000000 819.00000000 0.00000000 517.00000000
531.00000000 815.00000000 1.00000000 517.00000000
313.00000000 796.00000000 1.00000000 516.00000000
432.00000000 794.00000000 1.00000000 515.00000000
482.00000000 804.00000000 0.00000000 512.00000000
320.00000000 816.00000000 4.00000000 511.00000000
521.00000000 552.00000000 0.00000000 511.00000000
302.00000000 767.00000000 0.00000000 511.00000000
649.00000000 895.00000000 0.00000000 507.00000000
389.00000000 784.00000000 0.00000000 506.00000000
427.00000000 431.00000000 0.00000000 503.00000000
524.00000000 411.00000000 1.00000000 502.00000000
567.00000000 435.00000000 1.00000000 501.00000000
476.00000000 420.00000000 1.00000000 499.00000000
705.00000000 1098.00000000 1.00000000 498.00000000
239.00000000 396.00000000 0.00000000 496.00000000
522.00000000 552.00000000 2.00000000 492.00000000
578.00000000 550.00000000 2.00000000 492.00000000
526.00000000 426.00000000 0.00000000 491.00000000
322.00000000 823.00000000 2.00000000 490.00000000
714.00000000 1127.00000000 1.00000000 490.00000000
488.00000000 134.00000000 0.00000000 485.00000000
275.00000000 762.00000000 0.00000000 485.00000000
248.00000000 170.00000000 0.00000000 482.00000000
411.00000000 779.00000000 0.00000000 481.00000000
552.00000000 617.00000000 0.00000000 479.00000000
753.00000000 858.00000000 0.00000000 478.00000000
390.00000000 118.00000000 2.00000000 478.00000000
330.00000000 774.00000000 0.00000000 478.00000000
618.00000000 374.00000000 0.00000000 477.00000000
702.00000000 374.00000000 2.00000000 476.00000000
673.00000000 844.00000000 0.00000000 475.00000000
476.00000000 856.00000000 2.00000000 474.00000000
314.00000000 798.00000000 2.00000000 474.00000000
347.00000000 777.00000000 0.00000000 473.00000000
379.00000000 42.00000000 0.00000000 472.00000000
700.00000000 1084.00000000 1.00000000 466.00000000
406.00000000 449.00000000 0.00000000 464.00000000
214.00000000 526.00000000 2.00000000 463.00000000
670.00000000 363.00000000 0.00000000 461.00000000
356.00000000 924.00000000 2.00000000 459.00000000
639.00000000 533.00000000 1.00000000 458.00000000
485.00000000 818.00000000 0.00000000 457.00000000
578.00000000 206.00000000 0.00000000 453.00000000
518.00000000 430.00000000 0.00000000 450.00000000
412.00000000 480.00000000 5.00000000 449.00000000
349.00000000 788.00000000 0.00000000 446.00000000
