684.00000000 610.00000000 1.00000000 1112.00000000
553.00000000 473.00000000 1.00000000 954.00000000
684.00000000 610.00000000 1.00000000 867.00000000
553.00000000 473.00000000 0.00000000 810.00000000
603.00000000 210.00000000 1.00000000 782.00000000
332.00000000 1004.00000000 2.00000000 767.00000000
412.00000000 850.00000000 0.00000000 758.00000000
606.00000000 609.00000000 1.00000000 757.00000000
608.00000000 610.00000000 1.00000000 750.00000000
692.00000000 936.00000000 0.00000000 735.00000000
591.00000000 936.00000000 0.00000000 711.00000000
57.00000000 811.00000000 0.00000000 708.00000000
531.00000000 477.00000000 0.00000000 704.00000000
287.00000000 893.00000000 1.00000000 698.00000000
566.00000000 872.00000000 0.00000000 697.00000000
458.00000000 859.00000000 0.00000000 697.00000000
603.00000000 210.00000000 0.00000000 693.00000000
566.00000000 873.00000000 1.00000000 687.00000000
841.00000000 904.00000000 1.00000000 686.00000000
333.00000000 1002.00000000 1.00000000 681.00000000
514.00000000 478.00000000 0.00000000 677.00000000
738.00000000 893.00000000 1.00000000 670.00000000
441.00000000 485.00000000 0.00000000 669.00000000
219.00000000 179.00000000 1.00000000 668.00000000
770.00000000 597.00000000 1.00000000 668.00000000
608.00000000 610.00000000 2.00000000 667.00000000
286.00000000 896.00000000 2.00000000 665.00000000
210.00000000 831.00000000 0.00000000 665.00000000
458.00000000 849.00000000 0.00000000 662.00000000
602.00000000 877.00000000 0.00000000 658.00000000
288.00000000 894.00000000 1.00000000 655.00000000
841.00000000 904.00000000 0.00000000 655.00000000
243.00000000 835.00000000 0.00000000 655.00000000
377.00000000 490.00000000 0.00000000 653.00000000
897.00000000 911.00000000 1.00000000 652.00000000
277.00000000 888.00000000 5.00000000 652.00000000
255.00000000 836.00000000 0.00000000 649.00000000
737.00000000 893.00000000 0.00000000 649.00000000
275.00000000 844.00000000 0.00000000 648.00000000
861.00000000 448.00000000 1.00000000 647.00000000
514.00000000 479.00000000 1.00000000 647.00000000
684.00000000 609.00000000 0.00000000 645.00000000
378.00000000 490.00000000 1.00000000 643.00000000
533.00000000 869.00000000 0.00000000 641.00000000
457.00000000 850.00000000 1.00000000 637.00000000
434.00000000 850.00000000 0.00000000 633.00000000
554.00000000 473.00000000 1.00000000 632.00000000
861.00000000 448.00000000 1.00000000 631.00000000
455.00000000 487.00000000 0.00000000 621.00000000
103.00000000 821.00000000 1.00000000 618.00000000
69.00000000 808.00000000 0.00000000 618.00000000
710.00000000 462.00000000 1.00000000 614.00000000
442.00000000 485.00000000 1.00000000 610.00000000
102.00000000 820.00000000 0.00000000 604.00000000
623.00000000 469.00000000 1.00000000 603.00000000
211.00000000 842.00000000 0.00000000 600.00000000
330.00000000 1006.00000000 2.00000000 597.00000000
396.00000000 76.00000000 0.00000000 595.00000000
220.00000000 180.00000000 1.00000000 593.00000000
412.00000000 850.00000000 1.00000000 591.00000000
709.00000000 461.00000000 0.00000000 591.00000000
459.00000000 860.00000000 1.00000000 591.00000000
300.00000000 842.00000000 0.00000000 591.00000000
726.00000000 465.00000000 0.00000000 588.00000000
395.00000000 864.00000000 0.00000000 586.00000000
896.00000000 912.00000000 1.00000000 586.00000000
232.00000000 830.00000000 0.00000000 585.00000000
783.00000000 456.00000000 1.00000000 583.00000000
221.00000000 135.00000000 0.00000000 582.00000000
101.00000000 821.00000000 1.00000000 581.00000000
272.00000000 868.00000000 1.00000000 579.00000000
210.00000000 832.00000000 1.00000000 578.00000000
512.00000000 466.00000000 0.00000000 576.00000000
531.00000000 477.00000000 1.00000000 571.00000000
827.00000000 1160.00000000 1.00000000 569.00000000
602.00000000 878.00000000 1.00000000 568.00000000
211.00000000 843.00000000 1.00000000 568.00000000
828.00000000 1173.00000000 1.00000000 567.00000000
124.00000000 568.00000000 4.00000000 567.00000000
360.00000000 92.00000000 1.00000000 567.00000000
397.00000000 77.00000000 1.00000000 567.00000000
255.00000000 837.00000000 1.00000000 566.00000000
512.00000000 467.00000000 1.00000000 565.00000000
272.00000000 870.00000000 2.00000000 563.00000000
636.00000000 881.00000000 0.00000000 560.00000000
537.00000000 820.00000000 0.00000000 555.00000000
252.00000000 501.00000000 0.00000000 555.00000000
515.00000000 866.00000000 0.00000000 552.00000000
657.00000000 461.00000000 0.00000000 550.00000000
45.00000000 813.00000000 0.00000000 547.00000000
620.00000000 12.00000000 0.00000000 540.00000000
377.00000000 490.00000000 1.00000000 538.00000000
686.00000000 610.00000000 2.00000000 538.00000000
769.00000000 596.00000000 1.00000000 536.00000000
824.00000000 1187.00000000 1.00000000 532.00000000
623.00000000 468.00000000 0.00000000 530.00000000
497.00000000 480.00000000 0.00000000 529.00000000
592.00000000 188.00000000 0.00000000 529.00000000
828.00000000 1173.00000000 1.00000000 529.00000000
220.00000000 180.00000000 2.00000000 528.00000000
608.00000000 610.00000000 0.00000000 527.00000000
861.00000000 447.00000000 0.00000000 522.00000000
736.00000000 895.00000000 1.00000000 522.00000000
794.00000000 900.00000000 0.00000000 521.00000000
693.00000000 463.00000000 0.00000000 521.00000000
393.00000000 850.00000000 0.00000000 521.00000000
480.00000000 480.00000000 0.00000000 520.00000000
520.00000000 924.00000000 2.00000000 520.00000000
72.00000000 518.00000000 0.00000000 519.00000000
360.00000000 91.00000000 0.00000000 519.00000000
432.00000000 857.00000000 0.00000000 518.00000000
314.00000000 988.00000000 0.00000000 518.00000000
124.00000000 568.00000000 2.00000000 517.00000000
15.00000000 522.00000000 0.00000000 517.00000000
820.00000000 1146.00000000 1.00000000 516.00000000
674.00000000 886.00000000 0.00000000 515.00000000
271.00000000 828.00000000 0.00000000 514.00000000
796.00000000 453.00000000 0.00000000 509.00000000
783.00000000 456.00000000 0.00000000 509.00000000
177.00000000 507.00000000 0.00000000 507.00000000
288.00000000 893.00000000 0.00000000 506.00000000
896.00000000 910.00000000 0.00000000 502.00000000
128.00000000 570.00000000 2.00000000 496.00000000
232.00000000 572.00000000 4.00000000 494.00000000
515.00000000 493.00000000 0.00000000 492.00000000
285.00000000 896.00000000 2.00000000 476.00000000
257.00000000 220.00000000 2.00000000 438.00000000
