684.00000000 16.00000000 1.00000000 579.00000000
684.00000000 16.00000000 0.00000000 568.00000000
332.00000000 275.00000000 1.00000000 528.00000000
762.00000000 117.00000000 0.00000000 512.00000000
107.00000000 123.00000000 0.00000000 498.00000000
750.00000000 167.00000000 0.00000000 494.00000000
410.00000000 194.00000000 0.00000000 451.00000000
785.00000000 55.00000000 0.00000000 449.00000000
332.00000000 274.00000000 0.00000000 446.00000000
332.00000000 275.00000000 1.00000000 445.00000000
762.00000000 117.00000000 1.00000000 439.00000000
919.00000000 63.00000000 0.00000000 437.00000000
226.00000000 468.00000000 1.00000000 422.00000000
770.00000000 47.00000000 1.00000000 420.00000000
224.00000000 468.00000000 1.00000000 418.00000000
564.00000000 272.00000000 4.00000000 414.00000000
763.00000000 106.00000000 0.00000000 410.00000000
107.00000000 124.00000000 1.00000000 405.00000000
154.00000000 124.00000000 1.00000000 403.00000000
565.00000000 277.00000000 5.00000000 398.00000000
785.00000000 57.00000000 1.00000000 397.00000000
644.00000000 74.00000000 1.00000000 388.00000000
405.00000000 115.00000000 0.00000000 384.00000000
560.00000000 82.00000000 0.00000000 384.00000000
919.00000000 64.00000000 1.00000000 383.00000000
779.00000000 121.00000000 0.00000000 376.00000000
700.00000000 95.00000000 0.00000000 375.00000000
154.00000000 123.00000000 0.00000000 372.00000000
644.00000000 73.00000000 0.00000000 369.00000000
605.00000000 288.00000000 0.00000000 365.00000000
544.00000000 306.00000000 2.00000000 362.00000000
662.00000000 82.00000000 0.00000000 362.00000000
769.00000000 46.00000000 1.00000000 361.00000000
544.00000000 304.00000000 1.00000000 354.00000000
226.00000000 468.00000000 0.00000000 353.00000000
699.00000000 96.00000000 1.00000000 351.00000000
374.00000000 520.00000000 2.00000000 346.00000000
596.00000000 308.00000000 1.00000000 345.00000000
596.00000000 307.00000000 1.00000000 344.00000000
492.00000000 21.00000000 0.00000000 344.00000000
224.00000000 468.00000000 2.00000000 340.00000000
543.00000000 203.00000000 1.00000000 340.00000000
154.00000000 123.00000000 1.00000000 339.00000000
544.00000000 302.00000000 1.00000000 335.00000000
374.00000000 519.00000000 1.00000000 333.00000000
410.00000000 195.00000000 1.00000000 331.00000000
395.00000000 194.00000000 0.00000000 331.00000000
643.00000000 74.00000000 1.00000000 328.00000000
789.00000000 23.00000000 0.00000000 328.00000000
796.00000000 61.00000000 1.00000000 328.00000000
751.00000000 168.00000000 1.00000000 327.00000000
671.00000000 70.00000000 0.00000000 327.00000000
888.00000000 144.00000000 0.00000000 326.00000000
734.00000000 108.00000000 0.00000000 325.00000000
358.00000000 523.00000000 0.00000000 324.00000000
452.00000000 322.00000000 1.00000000 324.00000000
613.00000000 80.00000000 1.00000000 323.00000000
562.00000000 45.00000000 0.00000000 322.00000000
796.00000000 61.00000000 0.00000000 320.00000000
454.00000000 264.00000000 1.00000000 319.00000000
453.00000000 264.00000000 1.00000000 317.00000000
789.00000000 126.00000000 0.00000000 316.00000000
662.00000000 83.00000000 1.00000000 314.00000000
770.00000000 46.00000000 0.00000000 314.00000000
789.00000000 24.00000000 1.00000000 310.00000000
544.00000000 206.00000000 2.00000000 307.00000000
718.00000000 183.00000000 1.00000000 304.00000000
721.00000000 101.00000000 0.00000000 303.00000000
183.00000000 102.00000000 0.00000000 296.00000000
729.00000000 25.00000000 0.00000000 293.00000000
545.00000000 311.00000000 2.00000000 292.00000000
560.00000000 82.00000000 1.00000000 290.00000000
574.00000000 48.00000000 0.00000000 290.00000000
701.00000000 82.00000000 0.00000000 288.00000000
332.00000000 276.00000000 2.00000000 285.00000000
544.00000000 301.00000000 0.00000000 284.00000000
335.00000000 326.00000000 0.00000000 282.00000000
920.00000000 147.00000000 0.00000000 282.00000000
453.00000000 321.00000000 1.00000000 282.00000000
562.00000000 268.00000000 2.00000000 282.00000000
799.00000000 30.00000000 0.00000000 278.00000000
395.00000000 195.00000000 1.00000000 278.00000000
598.00000000 308.00000000 2.00000000 277.00000000
671.00000000 82.00000000 0.00000000 277.00000000
593.00000000 79.00000000 1.00000000 277.00000000
333.00000000 304.00000000 1.00000000 276.00000000
335.00000000 327.00000000 1.00000000 274.00000000
408.00000000 216.00000000 0.00000000 271.00000000
516.00000000 172.00000000 4.00000000 270.00000000
452.00000000 322.00000000 2.00000000 270.00000000
325.00000000 257.00000000 1.00000000 270.00000000
960.00000000 145.00000000 1.00000000 269.00000000
204.00000000 509.00000000 1.00000000 269.00000000
613.00000000 79.00000000 0.00000000 268.00000000
189.00000000 128.00000000 1.00000000 267.00000000
326.00000000 258.00000000 2.00000000 266.00000000
402.00000000 192.00000000 0.00000000 266.00000000
334.00000000 304.00000000 1.00000000 266.00000000
375.00000000 518.00000000 1.00000000 265.00000000
896.00000000 33.00000000 0.00000000 264.00000000
799.00000000 30.00000000 1.00000000 262.00000000
297.00000000 454.00000000 0.00000000 262.00000000
280.00000000 528.00000000 0.00000000 261.00000000
147.00000000 177.00000000 0.00000000 260.00000000
544.00000000 201.00000000 1.00000000 259.00000000
592.00000000 78.00000000 0.00000000 258.00000000
960.00000000 144.00000000 0.00000000 257.00000000
373.00000000 523.00000000 2.00000000 257.00000000
741.00000000 97.00000000 0.00000000 255.00000000
894.00000000 64.00000000 0.00000000 255.00000000
188.00000000 127.00000000 0.00000000 252.00000000
454.00000000 261.00000000 0.00000000 248.00000000
204.00000000 509.00000000 0.00000000 248.00000000
901.00000000 376.00000000 0.00000000 247.00000000
596.00000000 307.00000000 0.00000000 247.00000000
762.00000000 117.00000000 1.00000000 246.00000000
509.00000000 260.00000000 2.00000000 243.00000000
680.00000000 359.00000000 1.00000000 242.00000000
741.00000000 108.00000000 0.00000000 241.00000000
253.00000000 533.00000000 0.00000000 236.00000000
325.00000000 194.00000000 0.00000000 236.00000000
805.00000000 76.00000000 0.00000000 235.00000000
916.00000000 85.00000000 0.00000000 233.00000000
195.00000000 145.00000000 0.00000000 232.00000000
409.00000000 207.00000000 0.00000000 232.00000000
615.00000000 64.00000000 0.00000000 231.00000000
202.00000000 499.00000000 0.00000000 228.00000000
