784.00000000 147.00000000 0.00000000 649.00000000
794.00000000 20.00000000 0.00000000 569.00000000
794.00000000 21.00000000 1.00000000 557.00000000
891.00000000 118.00000000 0.00000000 539.00000000
891.00000000 119.00000000 1.00000000 504.00000000
784.00000000 147.00000000 1.00000000 493.00000000
815.00000000 99.00000000 0.00000000 490.00000000
576.00000000 305.00000000 1.00000000 484.00000000
303.00000000 274.00000000 1.00000000 480.00000000
760.00000000 172.00000000 0.00000000 478.00000000
888.00000000 153.00000000 1.00000000 477.00000000
576.00000000 305.00000000 1.00000000 472.00000000
747.00000000 126.00000000 1.00000000 469.00000000
888.00000000 152.00000000 0.00000000 466.00000000
815.00000000 100.00000000 1.00000000 463.00000000
518.00000000 304.00000000 2.00000000 458.00000000
898.00000000 45.00000000 1.00000000 454.00000000
759.00000000 173.00000000 1.00000000 450.00000000
506.00000000 21.00000000 0.00000000 447.00000000
302.00000000 273.00000000 0.00000000 444.00000000
714.00000000 119.00000000 1.00000000 442.00000000
793.00000000 21.00000000 1.00000000 438.00000000
748.00000000 125.00000000 0.00000000 436.00000000
528.00000000 103.00000000 1.00000000 434.00000000
537.00000000 277.00000000 5.00000000 434.00000000
374.00000000 207.00000000 0.00000000 432.00000000
918.00000000 54.00000000 1.00000000 431.00000000
527.00000000 103.00000000 1.00000000 431.00000000
772.00000000 89.00000000 0.00000000 426.00000000
838.00000000 142.00000000 0.00000000 425.00000000
813.00000000 137.00000000 0.00000000 424.00000000
857.00000000 110.00000000 0.00000000 422.00000000
517.00000000 299.00000000 1.00000000 422.00000000
536.00000000 276.00000000 4.00000000 422.00000000
898.00000000 45.00000000 1.00000000 415.00000000
112.00000000 161.00000000 0.00000000 415.00000000
213.00000000 423.00000000 1.00000000 414.00000000
912.00000000 122.00000000 0.00000000 408.00000000
893.00000000 106.00000000 0.00000000 406.00000000
918.00000000 53.00000000 0.00000000 404.00000000
812.00000000 138.00000000 1.00000000 400.00000000
528.00000000 103.00000000 0.00000000 398.00000000
908.00000000 156.00000000 0.00000000 394.00000000
714.00000000 118.00000000 0.00000000 394.00000000
714.00000000 120.00000000 1.00000000 393.00000000
517.00000000 305.00000000 2.00000000 391.00000000
421.00000000 314.00000000 1.00000000 390.00000000
517.00000000 299.00000000 1.00000000 389.00000000
421.00000000 313.00000000 1.00000000 382.00000000
717.00000000 188.00000000 1.00000000 380.00000000
585.00000000 287.00000000 0.00000000 373.00000000
359.00000000 207.00000000 0.00000000 372.00000000
659.00000000 60.00000000 0.00000000 370.00000000
463.00000000 69.00000000 0.00000000 368.00000000
855.00000000 145.00000000 0.00000000 367.00000000
657.00000000 107.00000000 0.00000000 366.00000000
781.00000000 77.00000000 0.00000000 366.00000000
510.00000000 212.00000000 1.00000000 366.00000000
214.00000000 423.00000000 0.00000000 365.00000000
148.00000000 159.00000000 0.00000000 364.00000000
816.00000000 86.00000000 0.00000000 363.00000000
771.00000000 374.00000000 0.00000000 362.00000000
771.00000000 89.00000000 1.00000000 361.00000000
148.00000000 160.00000000 1.00000000 357.00000000
924.00000000 127.00000000 0.00000000 355.00000000
746.00000000 127.00000000 1.00000000 346.00000000
354.00000000 62.00000000 1.00000000 346.00000000
420.00000000 265.00000000 1.00000000 345.00000000
578.00000000 306.00000000 2.00000000 344.00000000
583.00000000 92.00000000 0.00000000 343.00000000
584.00000000 41.00000000 0.00000000 343.00000000
302.00000000 274.00000000 1.00000000 343.00000000
848.00000000 25.00000000 0.00000000 342.00000000
781.00000000 77.00000000 1.00000000 341.00000000
888.00000000 152.00000000 1.00000000 340.00000000
510.00000000 214.00000000 2.00000000 338.00000000
506.00000000 22.00000000 1.00000000 337.00000000
335.00000000 479.00000000 0.00000000 337.00000000
903.00000000 10.00000000 0.00000000 335.00000000
365.00000000 142.00000000 0.00000000 332.00000000
816.00000000 87.00000000 1.00000000 332.00000000
865.00000000 99.00000000 0.00000000 328.00000000
781.00000000 89.00000000 0.00000000 325.00000000
349.00000000 476.00000000 1.00000000 323.00000000
537.00000000 271.00000000 2.00000000 322.00000000
350.00000000 478.00000000 2.00000000 322.00000000
420.00000000 314.00000000 2.00000000 321.00000000
934.00000000 25.00000000 0.00000000 319.00000000
305.00000000 295.00000000 1.00000000 318.00000000
213.00000000 422.00000000 1.00000000 315.00000000
921.00000000 20.00000000 1.00000000 315.00000000
583.00000000 93.00000000 1.00000000 314.00000000
681.00000000 354.00000000 1.00000000 312.00000000
398.00000000 58.00000000 2.00000000 307.00000000
898.00000000 45.00000000 0.00000000 307.00000000
838.00000000 143.00000000 1.00000000 306.00000000
931.00000000 58.00000000 1.00000000 304.00000000
681.00000000 355.00000000 1.00000000 304.00000000
908.00000000 157.00000000 1.00000000 302.00000000
922.00000000 19.00000000 0.00000000 301.00000000
878.00000000 113.00000000 0.00000000 301.00000000
857.00000000 111.00000000 1.00000000 300.00000000
864.00000000 110.00000000 0.00000000 300.00000000
864.00000000 32.00000000 0.00000000 300.00000000
912.00000000 123.00000000 1.00000000 299.00000000
688.00000000 250.00000000 0.00000000 297.00000000
716.00000000 190.00000000 2.00000000 294.00000000
576.00000000 304.00000000 0.00000000 293.00000000
693.00000000 80.00000000 0.00000000 292.00000000
770.00000000 128.00000000 0.00000000 291.00000000
226.00000000 26.00000000 0.00000000 290.00000000
931.00000000 57.00000000 0.00000000 289.00000000
505.00000000 77.00000000 0.00000000 289.00000000
523.00000000 24.00000000 0.00000000 284.00000000
420.00000000 312.00000000 0.00000000 282.00000000
627.00000000 101.00000000 0.00000000 281.00000000
933.00000000 172.00000000 0.00000000 281.00000000
789.00000000 245.00000000 0.00000000 280.00000000
520.00000000 87.00000000 0.00000000 279.00000000
353.00000000 62.00000000 0.00000000 279.00000000
398.00000000 59.00000000 2.00000000 278.00000000
366.00000000 205.00000000 0.00000000 274.00000000
943.00000000 72.00000000 0.00000000 274.00000000
799.00000000 93.00000000 0.00000000 272.00000000
528.00000000 102.00000000 2.00000000 271.00000000
480.00000000 188.00000000 4.00000000 253.00000000
483.00000000 183.00000000 2.00000000 243.00000000
