415.00000000 16.00000000 1.00000000 653.00000000
415.00000000 14.00000000 0.00000000 649.00000000
625.00000000 41.00000000 0.00000000 621.00000000
417.00000000 69.00000000 0.00000000 598.00000000
625.00000000 42.00000000 1.00000000 589.00000000
336.00000000 81.00000000 1.00000000 588.00000000
336.00000000 80.00000000 0.00000000 573.00000000
382.00000000 74.00000000 0.00000000 562.00000000
777.00000000 444.00000000 0.00000000 554.00000000
571.00000000 49.00000000 1.00000000 550.00000000
732.00000000 254.00000000 0.00000000 526.00000000
572.00000000 48.00000000 0.00000000 521.00000000
490.00000000 497.00000000 0.00000000 489.00000000
418.00000000 70.00000000 1.00000000 472.00000000
382.00000000 20.00000000 1.00000000 462.00000000
733.00000000 255.00000000 1.00000000 458.00000000
154.00000000 45.00000000 0.00000000 456.00000000
446.00000000 277.00000000 5.00000000 454.00000000
154.00000000 67.00000000 0.00000000 448.00000000
333.00000000 31.00000000 0.00000000 447.00000000
334.00000000 32.00000000 1.00000000 445.00000000
382.00000000 75.00000000 1.00000000 444.00000000
37.00000000 213.00000000 1.00000000 435.00000000
154.00000000 68.00000000 1.00000000 431.00000000
382.00000000 19.00000000 0.00000000 416.00000000
732.00000000 183.00000000 0.00000000 413.00000000
505.00000000 57.00000000 1.00000000 398.00000000
777.00000000 445.00000000 1.00000000 397.00000000
37.00000000 213.00000000 0.00000000 390.00000000
753.00000000 23.00000000 1.00000000 388.00000000
154.00000000 95.00000000 0.00000000 386.00000000
865.00000000 134.00000000 0.00000000 384.00000000
504.00000000 324.00000000 2.00000000 384.00000000
753.00000000 22.00000000 0.00000000 379.00000000
688.00000000 338.00000000 0.00000000 377.00000000
503.00000000 325.00000000 1.00000000 377.00000000
945.00000000 57.00000000 1.00000000 372.00000000
733.00000000 163.00000000 0.00000000 369.00000000
154.00000000 53.00000000 0.00000000 364.00000000
381.00000000 21.00000000 1.00000000 360.00000000
515.00000000 300.00000000 1.00000000 355.00000000
35.00000000 213.00000000 1.00000000 350.00000000
688.00000000 339.00000000 1.00000000 350.00000000
726.00000000 451.00000000 0.00000000 345.00000000
625.00000000 41.00000000 1.00000000 344.00000000
538.00000000 511.00000000 0.00000000 344.00000000
333.00000000 33.00000000 1.00000000 344.00000000
448.00000000 276.00000000 4.00000000 341.00000000
921.00000000 99.00000000 0.00000000 338.00000000
154.00000000 55.00000000 1.00000000 335.00000000
154.00000000 46.00000000 1.00000000 335.00000000
259.00000000 258.00000000 0.00000000 334.00000000
508.00000000 411.00000000 1.00000000 334.00000000
945.00000000 56.00000000 0.00000000 333.00000000
908.00000000 558.00000000 2.00000000 332.00000000
505.00000000 56.00000000 0.00000000 331.00000000
907.00000000 558.00000000 1.00000000 331.00000000
180.00000000 209.00000000 1.00000000 330.00000000
12.00000000 259.00000000 0.00000000 329.00000000
960.00000000 425.00000000 1.00000000 328.00000000
571.00000000 48.00000000 1.00000000 328.00000000
282.00000000 14.00000000 0.00000000 326.00000000
125.00000000 99.00000000 0.00000000 324.00000000
332.00000000 34.00000000 2.00000000 324.00000000
732.00000000 185.00000000 1.00000000 321.00000000
426.00000000 308.00000000 2.00000000 316.00000000
732.00000000 254.00000000 1.00000000 315.00000000
246.00000000 23.00000000 0.00000000 314.00000000
180.00000000 209.00000000 0.00000000 314.00000000
126.00000000 263.00000000 1.00000000 314.00000000
282.00000000 15.00000000 1.00000000 314.00000000
921.00000000 99.00000000 1.00000000 313.00000000
259.00000000 259.00000000 1.00000000 313.00000000
917.00000000 169.00000000 0.00000000 312.00000000
753.00000000 22.00000000 1.00000000 312.00000000
726.00000000 452.00000000 1.00000000 311.00000000
917.00000000 170.00000000 1.00000000 310.00000000
515.00000000 300.00000000 0.00000000 310.00000000
293.00000000 444.00000000 1.00000000 308.00000000
503.00000000 57.00000000 1.00000000 306.00000000
754.00000000 82.00000000 0.00000000 305.00000000
503.00000000 325.00000000 2.00000000 304.00000000
155.00000000 96.00000000 1.00000000 303.00000000
28.00000000 186.00000000 1.00000000 302.00000000
424.00000000 311.00000000 2.00000000 298.00000000
425.00000000 305.00000000 1.00000000 296.00000000
812.00000000 128.00000000 4.00000000 295.00000000
293.00000000 443.00000000 0.00000000 289.00000000
152.00000000 69.00000000 1.00000000 289.00000000
815.00000000 424.00000000 0.00000000 278.00000000
414.00000000 200.00000000 2.00000000 278.00000000
154.00000000 118.00000000 2.00000000 276.00000000
31.00000000 193.00000000 0.00000000 275.00000000
28.00000000 189.00000000 1.00000000 274.00000000
726.00000000 454.00000000 2.00000000 274.00000000
508.00000000 410.00000000 0.00000000 272.00000000
779.00000000 130.00000000 0.00000000 272.00000000
726.00000000 455.00000000 2.00000000 271.00000000
178.00000000 209.00000000 1.00000000 271.00000000
825.00000000 191.00000000 0.00000000 269.00000000
771.00000000 170.00000000 0.00000000 267.00000000
113.00000000 214.00000000 1.00000000 265.00000000
646.00000000 36.00000000 1.00000000 264.00000000
309.00000000 34.00000000 0.00000000 259.00000000
520.00000000 71.00000000 0.00000000 259.00000000
777.00000000 191.00000000 0.00000000 258.00000000
152.00000000 121.00000000 2.00000000 255.00000000
299.00000000 201.00000000 0.00000000 255.00000000
803.00000000 109.00000000 0.00000000 254.00000000
960.00000000 425.00000000 0.00000000 251.00000000
940.00000000 465.00000000 0.00000000 251.00000000
122.00000000 61.00000000 0.00000000 250.00000000
685.00000000 89.00000000 0.00000000 249.00000000
494.00000000 171.00000000 0.00000000 249.00000000
115.00000000 214.00000000 0.00000000 248.00000000
621.00000000 28.00000000 0.00000000 246.00000000
180.00000000 190.00000000 0.00000000 245.00000000
569.00000000 387.00000000 0.00000000 245.00000000
28.00000000 184.00000000 0.00000000 245.00000000
519.00000000 406.00000000 0.00000000 245.00000000
444.00000000 194.00000000 0.00000000 244.00000000
181.00000000 231.00000000 0.00000000 243.00000000
19.00000000 275.00000000 0.00000000 243.00000000
112.00000000 214.00000000 2.00000000 239.00000000
745.00000000 128.00000000 0.00000000 238.00000000
666.00000000 481.00000000 0.00000000 238.00000000
263.00000000 294.00000000 0.00000000 237.00000000
