451.00000000 141.00000000 1.00000000 676.00000000
451.00000000 140.00000000 1.00000000 652.00000000
450.00000000 144.00000000 2.00000000 634.00000000
47.00000000 45.00000000 1.00000000 577.00000000
451.00000000 139.00000000 0.00000000 559.00000000
582.00000000 151.00000000 1.00000000 541.00000000
46.00000000 46.00000000 1.00000000 540.00000000
603.00000000 363.00000000 1.00000000 519.00000000
47.00000000 43.00000000 0.00000000 504.00000000
562.00000000 130.00000000 1.00000000 494.00000000
512.00000000 140.00000000 2.00000000 489.00000000
581.00000000 150.00000000 0.00000000 486.00000000
448.00000000 122.00000000 2.00000000 464.00000000
446.00000000 121.00000000 2.00000000 463.00000000
282.00000000 156.00000000 1.00000000 462.00000000
514.00000000 134.00000000 1.00000000 460.00000000
943.00000000 190.00000000 0.00000000 460.00000000
87.00000000 138.00000000 1.00000000 457.00000000
582.00000000 151.00000000 1.00000000 455.00000000
584.00000000 124.00000000 4.00000000 443.00000000
604.00000000 364.00000000 1.00000000 438.00000000
514.00000000 133.00000000 0.00000000 438.00000000
562.00000000 128.00000000 0.00000000 435.00000000
513.00000000 137.00000000 1.00000000 434.00000000
87.00000000 137.00000000 0.00000000 433.00000000
86.00000000 34.00000000 0.00000000 428.00000000
942.00000000 191.00000000 1.00000000 421.00000000
912.00000000 498.00000000 1.00000000 418.00000000
87.00000000 118.00000000 0.00000000 412.00000000
784.00000000 306.00000000 0.00000000 410.00000000
86.00000000 35.00000000 1.00000000 404.00000000
329.00000000 102.00000000 1.00000000 402.00000000
224.00000000 168.00000000 2.00000000 402.00000000
604.00000000 364.00000000 2.00000000 398.00000000
556.00000000 332.00000000 4.00000000 393.00000000
554.00000000 328.00000000 5.00000000 393.00000000
363.00000000 98.00000000 0.00000000 388.00000000
560.00000000 136.00000000 2.00000000 388.00000000
445.00000000 356.00000000 1.00000000 379.00000000
282.00000000 155.00000000 0.00000000 374.00000000
534.00000000 356.00000000 2.00000000 371.00000000
223.00000000 169.00000000 2.00000000 371.00000000
963.00000000 345.00000000 0.00000000 370.00000000
279.00000000 111.00000000 1.00000000 369.00000000
363.00000000 99.00000000 1.00000000 368.00000000
86.00000000 38.00000000 1.00000000 367.00000000
534.00000000 353.00000000 1.00000000 366.00000000
523.00000000 271.00000000 1.00000000 366.00000000
224.00000000 168.00000000 1.00000000 365.00000000
582.00000000 118.00000000 2.00000000 365.00000000
366.00000000 148.00000000 1.00000000 360.00000000
366.00000000 147.00000000 0.00000000 352.00000000
279.00000000 110.00000000 0.00000000 351.00000000
912.00000000 497.00000000 1.00000000 350.00000000
329.00000000 103.00000000 1.00000000 349.00000000
820.00000000 432.00000000 0.00000000 346.00000000
561.00000000 131.00000000 1.00000000 343.00000000
225.00000000 168.00000000 1.00000000 342.00000000
87.00000000 165.00000000 0.00000000 341.00000000
329.00000000 101.00000000 0.00000000 341.00000000
87.00000000 118.00000000 1.00000000 341.00000000
522.00000000 274.00000000 2.00000000 339.00000000
412.00000000 127.00000000 1.00000000 337.00000000
534.00000000 359.00000000 2.00000000 335.00000000
445.00000000 356.00000000 1.00000000 333.00000000
86.00000000 125.00000000 0.00000000 328.00000000
963.00000000 19.00000000 0.00000000 327.00000000
940.00000000 408.00000000 0.00000000 326.00000000
281.00000000 156.00000000 1.00000000 325.00000000
364.00000000 321.00000000 0.00000000 325.00000000
560.00000000 72.00000000 0.00000000 321.00000000
183.00000000 98.00000000 0.00000000 313.00000000
558.00000000 114.00000000 1.00000000 313.00000000
782.00000000 261.00000000 0.00000000 310.00000000
83.00000000 331.00000000 1.00000000 309.00000000
445.00000000 356.00000000 0.00000000 309.00000000
917.00000000 184.00000000 0.00000000 309.00000000
225.00000000 166.00000000 0.00000000 307.00000000
443.00000000 317.00000000 1.00000000 307.00000000
815.00000000 38.00000000 0.00000000 306.00000000
94.00000000 288.00000000 1.00000000 304.00000000
533.00000000 351.00000000 1.00000000 304.00000000
88.00000000 166.00000000 1.00000000 304.00000000
753.00000000 365.00000000 0.00000000 304.00000000
198.00000000 267.00000000 0.00000000 303.00000000
87.00000000 126.00000000 1.00000000 301.00000000
964.00000000 19.00000000 1.00000000 295.00000000
95.00000000 308.00000000 1.00000000 295.00000000
73.00000000 284.00000000 1.00000000 294.00000000
782.00000000 264.00000000 1.00000000 292.00000000
755.00000000 43.00000000 0.00000000 287.00000000
49.00000000 168.00000000 0.00000000 286.00000000
562.00000000 141.00000000 1.00000000 285.00000000
330.00000000 150.00000000 0.00000000 282.00000000
224.00000000 28.00000000 0.00000000 282.00000000
523.00000000 270.00000000 1.00000000 281.00000000
408.00000000 273.00000000 0.00000000 280.00000000
784.00000000 307.00000000 1.00000000 280.00000000
49.00000000 170.00000000 1.00000000 278.00000000
670.00000000 57.00000000 0.00000000 276.00000000
784.00000000 440.00000000 0.00000000 275.00000000
87.00000000 183.00000000 0.00000000 275.00000000
26.00000000 21.00000000 0.00000000 273.00000000
44.00000000 14.00000000 0.00000000 272.00000000
398.00000000 473.00000000 0.00000000 270.00000000
609.00000000 427.00000000 0.00000000 270.00000000
443.00000000 317.00000000 0.00000000 269.00000000
46.00000000 132.00000000 0.00000000 265.00000000
449.00000000 86.00000000 0.00000000 265.00000000
73.00000000 284.00000000 0.00000000 258.00000000
635.00000000 501.00000000 0.00000000 256.00000000
366.00000000 336.00000000 0.00000000 251.00000000
451.00000000 151.00000000 0.00000000 250.00000000
21.00000000 329.00000000 0.00000000 249.00000000
673.00000000 117.00000000 0.00000000 249.00000000
86.00000000 50.00000000 0.00000000 247.00000000
618.00000000 423.00000000 0.00000000 246.00000000
872.00000000 393.00000000 0.00000000 245.00000000
818.00000000 254.00000000 0.00000000 244.00000000
559.00000000 117.00000000 0.00000000 242.00000000
320.00000000 412.00000000 0.00000000 240.00000000
902.00000000 24.00000000 0.00000000 238.00000000
287.00000000 478.00000000 0.00000000 237.00000000
533.00000000 350.00000000 0.00000000 235.00000000
835.00000000 498.00000000 0.00000000 235.00000000
661.00000000 405.00000000 0.00000000 235.00000000
224.00000000 92.00000000 0.00000000 233.00000000
