213.00000000 88.00000000 0.00000000 639.00000000
213.00000000 89.00000000 1.00000000 567.00000000
221.00000000 67.00000000 1.00000000 511.00000000
220.00000000 67.00000000 1.00000000 495.00000000
222.00000000 66.00000000 0.00000000 463.00000000
72.00000000 194.00000000 1.00000000 460.00000000
72.00000000 194.00000000 0.00000000 460.00000000
220.00000000 70.00000000 2.00000000 423.00000000
223.00000000 25.00000000 0.00000000 405.00000000
364.00000000 45.00000000 0.00000000 401.00000000
223.00000000 26.00000000 1.00000000 399.00000000
55.00000000 61.00000000 0.00000000 377.00000000
222.00000000 26.00000000 1.00000000 376.00000000
56.00000000 62.00000000 1.00000000 368.00000000
536.00000000 25.00000000 0.00000000 362.00000000
363.00000000 67.00000000 1.00000000 355.00000000
586.00000000 11.00000000 0.00000000 352.00000000
222.00000000 30.00000000 2.00000000 333.00000000
70.00000000 195.00000000 1.00000000 331.00000000
101.00000000 171.00000000 1.00000000 318.00000000
212.00000000 89.00000000 1.00000000 314.00000000
187.00000000 256.00000000 0.00000000 312.00000000
849.00000000 361.00000000 1.00000000 311.00000000
890.00000000 380.00000000 2.00000000 299.00000000
899.00000000 321.00000000 1.00000000 297.00000000
363.00000000 67.00000000 0.00000000 294.00000000
60.00000000 159.00000000 0.00000000 285.00000000
872.00000000 569.00000000 1.00000000 283.00000000
900.00000000 320.00000000 2.00000000 283.00000000
464.00000000 493.00000000 1.00000000 283.00000000
365.00000000 45.00000000 1.00000000 282.00000000
104.00000000 173.00000000 0.00000000 281.00000000
510.00000000 29.00000000 1.00000000 272.00000000
872.00000000 570.00000000 2.00000000 269.00000000
487.00000000 10.00000000 0.00000000 268.00000000
55.00000000 62.00000000 1.00000000 266.00000000
30.00000000 47.00000000 1.00000000 265.00000000
68.00000000 196.00000000 2.00000000 263.00000000
61.00000000 159.00000000 1.00000000 262.00000000
849.00000000 360.00000000 0.00000000 260.00000000
29.00000000 46.00000000 0.00000000 259.00000000
364.00000000 53.00000000 0.00000000 257.00000000
104.00000000 173.00000000 1.00000000 252.00000000
866.00000000 369.00000000 1.00000000 248.00000000
849.00000000 362.00000000 1.00000000 247.00000000
193.00000000 243.00000000 1.00000000 245.00000000
511.00000000 30.00000000 1.00000000 244.00000000
89.00000000 253.00000000 0.00000000 243.00000000
130.00000000 243.00000000 0.00000000 243.00000000
536.00000000 26.00000000 1.00000000 239.00000000
890.00000000 381.00000000 2.00000000 239.00000000
448.00000000 250.00000000 0.00000000 237.00000000
448.00000000 250.00000000 1.00000000 235.00000000
195.00000000 191.00000000 0.00000000 235.00000000
899.00000000 322.00000000 1.00000000 233.00000000
890.00000000 377.00000000 1.00000000 232.00000000
195.00000000 192.00000000 1.00000000 230.00000000
175.00000000 101.00000000 1.00000000 228.00000000
89.00000000 253.00000000 1.00000000 225.00000000
463.00000000 493.00000000 1.00000000 224.00000000
129.00000000 243.00000000 1.00000000 223.00000000
620.00000000 371.00000000 0.00000000 223.00000000
59.00000000 158.00000000 1.00000000 222.00000000
400.00000000 221.00000000 1.00000000 217.00000000
867.00000000 369.00000000 1.00000000 217.00000000
364.00000000 54.00000000 1.00000000 216.00000000
453.00000000 19.00000000 0.00000000 215.00000000
511.00000000 29.00000000 0.00000000 215.00000000
29.00000000 48.00000000 1.00000000 214.00000000
102.00000000 172.00000000 2.00000000 213.00000000
363.00000000 67.00000000 1.00000000 212.00000000
872.00000000 570.00000000 1.00000000 210.00000000
178.00000000 308.00000000 2.00000000 208.00000000
871.00000000 571.00000000 2.00000000 207.00000000
490.00000000 63.00000000 1.00000000 206.00000000
899.00000000 322.00000000 2.00000000 204.00000000
217.00000000 70.00000000 2.00000000 204.00000000
175.00000000 100.00000000 0.00000000 203.00000000
120.00000000 118.00000000 0.00000000 201.00000000
197.00000000 141.00000000 1.00000000 201.00000000
176.00000000 57.00000000 0.00000000 200.00000000
309.00000000 159.00000000 0.00000000 194.00000000
169.00000000 173.00000000 0.00000000 191.00000000
101.00000000 166.00000000 0.00000000 190.00000000
16.00000000 276.00000000 0.00000000 189.00000000
391.00000000 276.00000000 0.00000000 189.00000000
431.00000000 282.00000000 0.00000000 188.00000000
106.00000000 548.00000000 0.00000000 188.00000000
364.00000000 210.00000000 0.00000000 185.00000000
490.00000000 62.00000000 0.00000000 184.00000000
193.00000000 271.00000000 0.00000000 183.00000000
944.00000000 230.00000000 1.00000000 182.00000000
892.00000000 388.00000000 4.00000000 182.00000000
170.00000000 173.00000000 1.00000000 182.00000000
239.00000000 321.00000000 0.00000000 181.00000000
164.00000000 163.00000000 1.00000000 181.00000000
900.00000000 321.00000000 0.00000000 180.00000000
176.00000000 57.00000000 1.00000000 180.00000000
43.00000000 283.00000000 1.00000000 179.00000000
410.00000000 329.00000000 0.00000000 177.00000000
540.00000000 16.00000000 0.00000000 176.00000000
196.00000000 216.00000000 4.00000000 175.00000000
351.00000000 231.00000000 0.00000000 174.00000000
178.00000000 252.00000000 0.00000000 173.00000000
943.00000000 229.00000000 0.00000000 172.00000000
193.00000000 243.00000000 0.00000000 170.00000000
647.00000000 430.00000000 0.00000000 170.00000000
65.00000000 270.00000000 0.00000000 168.00000000
99.00000000 79.00000000 0.00000000 166.00000000
176.00000000 14.00000000 0.00000000 164.00000000
194.00000000 152.00000000 0.00000000 163.00000000
16.00000000 208.00000000 0.00000000 163.00000000
400.00000000 221.00000000 0.00000000 163.00000000
464.00000000 492.00000000 0.00000000 160.00000000
43.00000000 282.00000000 0.00000000 157.00000000
390.00000000 401.00000000 5.00000000 157.00000000
221.00000000 79.00000000 0.00000000 156.00000000
836.00000000 630.00000000 0.00000000 154.00000000
53.00000000 284.00000000 0.00000000 154.00000000
464.00000000 87.00000000 0.00000000 154.00000000
197.00000000 140.00000000 0.00000000 150.00000000
688.00000000 557.00000000 0.00000000 149.00000000
365.00000000 28.00000000 0.00000000 147.00000000
194.00000000 255.00000000 0.00000000 146.00000000
221.00000000 106.00000000 0.00000000 146.00000000
414.00000000 55.00000000 0.00000000 143.00000000
835.00000000 639.00000000 0.00000000 143.00000000
