848.00000000 649.00000000 0.00000000 747.00000000
849.00000000 649.00000000 1.00000000 682.00000000
676.00000000 151.00000000 0.00000000 657.00000000
1467.00000000 84.00000000 1.00000000 631.00000000
1272.00000000 492.00000000 0.00000000 623.00000000
1217.00000000 272.00000000 0.00000000 588.00000000
1467.00000000 84.00000000 0.00000000 584.00000000
1217.00000000 273.00000000 1.00000000 566.00000000
876.00000000 384.00000000 2.00000000 544.00000000
1466.00000000 84.00000000 1.00000000 521.00000000
937.00000000 651.00000000 1.00000000 514.00000000
1272.00000000 492.00000000 1.00000000 508.00000000
413.00000000 192.00000000 1.00000000 493.00000000
1554.00000000 433.00000000 1.00000000 482.00000000
1780.00000000 381.00000000 0.00000000 470.00000000
398.00000000 189.00000000 1.00000000 464.00000000
287.00000000 299.00000000 1.00000000 463.00000000
288.00000000 299.00000000 1.00000000 458.00000000
1606.00000000 429.00000000 0.00000000 457.00000000
1218.00000000 165.00000000 0.00000000 441.00000000
395.00000000 84.00000000 1.00000000 436.00000000
1216.00000000 190.00000000 1.00000000 432.00000000
880.00000000 384.00000000 4.00000000 432.00000000
412.00000000 190.00000000 0.00000000 432.00000000
13.00000000 135.00000000 0.00000000 431.00000000
677.00000000 151.00000000 1.00000000 430.00000000
937.00000000 651.00000000 0.00000000 427.00000000
878.00000000 384.00000000 2.00000000 422.00000000
1410.00000000 592.00000000 2.00000000 421.00000000
1466.00000000 84.00000000 2.00000000 421.00000000
1431.00000000 71.00000000 1.00000000 413.00000000
1489.00000000 336.00000000 0.00000000 412.00000000
1410.00000000 111.00000000 0.00000000 411.00000000
1359.00000000 142.00000000 0.00000000 410.00000000
914.00000000 21.00000000 0.00000000 409.00000000
767.00000000 188.00000000 0.00000000 408.00000000
1411.00000000 592.00000000 1.00000000 406.00000000
724.00000000 372.00000000 4.00000000 404.00000000
1489.00000000 337.00000000 1.00000000 404.00000000
410.00000000 222.00000000 1.00000000 403.00000000
146.00000000 526.00000000 1.00000000 403.00000000
724.00000000 367.00000000 2.00000000 400.00000000
1162.00000000 378.00000000 1.00000000 398.00000000
1554.00000000 434.00000000 0.00000000 397.00000000
1216.00000000 189.00000000 0.00000000 396.00000000
395.00000000 84.00000000 0.00000000 396.00000000
506.00000000 379.00000000 2.00000000 396.00000000
1217.00000000 272.00000000 1.00000000 396.00000000
768.00000000 190.00000000 1.00000000 396.00000000
60.00000000 131.00000000 1.00000000 395.00000000
1431.00000000 71.00000000 0.00000000 390.00000000
1213.00000000 511.00000000 1.00000000 390.00000000
1784.00000000 321.00000000 0.00000000 386.00000000
724.00000000 379.00000000 5.00000000 385.00000000
412.00000000 190.00000000 1.00000000 385.00000000
1240.00000000 75.00000000 0.00000000 384.00000000
1454.00000000 440.00000000 1.00000000 383.00000000
508.00000000 378.00000000 2.00000000 379.00000000
1780.00000000 381.00000000 1.00000000 377.00000000
244.00000000 528.00000000 0.00000000 376.00000000
1554.00000000 434.00000000 1.00000000 375.00000000
1218.00000000 165.00000000 1.00000000 372.00000000
1206.00000000 188.00000000 0.00000000 365.00000000
145.00000000 524.00000000 1.00000000 363.00000000
701.00000000 195.00000000 2.00000000 357.00000000
60.00000000 130.00000000 0.00000000 357.00000000
287.00000000 298.00000000 0.00000000 354.00000000
387.00000000 94.00000000 0.00000000 353.00000000
1799.00000000 138.00000000 1.00000000 353.00000000
1162.00000000 376.00000000 0.00000000 353.00000000
1320.00000000 201.00000000 0.00000000 351.00000000
376.00000000 645.00000000 0.00000000 349.00000000
386.00000000 192.00000000 1.00000000 347.00000000
1212.00000000 511.00000000 0.00000000 346.00000000
1610.00000000 359.00000000 0.00000000 346.00000000
1531.00000000 119.00000000 1.00000000 344.00000000
1626.00000000 361.00000000 0.00000000 344.00000000
410.00000000 221.00000000 0.00000000 343.00000000
1313.00000000 461.00000000 0.00000000 341.00000000
1568.00000000 602.00000000 2.00000000 340.00000000
1607.00000000 130.00000000 1.00000000 339.00000000
721.00000000 501.00000000 0.00000000 338.00000000
1523.00000000 206.00000000 1.00000000 336.00000000
1789.00000000 209.00000000 0.00000000 336.00000000
286.00000000 300.00000000 2.00000000 335.00000000
1270.00000000 131.00000000 0.00000000 334.00000000
1272.00000000 492.00000000 1.00000000 333.00000000
1454.00000000 441.00000000 0.00000000 333.00000000
1524.00000000 208.00000000 2.00000000 333.00000000
914.00000000 21.00000000 1.00000000 333.00000000
504.00000000 285.00000000 0.00000000 333.00000000
1410.00000000 111.00000000 1.00000000 331.00000000
1568.00000000 279.00000000 1.00000000 330.00000000
902.00000000 342.00000000 0.00000000 325.00000000
376.00000000 176.00000000 0.00000000 324.00000000
244.00000000 536.00000000 0.00000000 324.00000000
386.00000000 192.00000000 1.00000000 322.00000000
1241.00000000 75.00000000 1.00000000 322.00000000
346.00000000 651.00000000 1.00000000 317.00000000
90.00000000 105.00000000 0.00000000 315.00000000
724.00000000 364.00000000 2.00000000 315.00000000
1621.00000000 432.00000000 0.00000000 315.00000000
147.00000000 526.00000000 0.00000000 314.00000000
1569.00000000 278.00000000 0.00000000 312.00000000
1453.00000000 439.00000000 1.00000000 311.00000000
767.00000000 217.00000000 0.00000000 309.00000000
937.00000000 651.00000000 1.00000000 309.00000000
1408.00000000 181.00000000 0.00000000 309.00000000
398.00000000 188.00000000 0.00000000 308.00000000
1537.00000000 266.00000000 0.00000000 307.00000000
1488.00000000 437.00000000 0.00000000 306.00000000
1564.00000000 309.00000000 0.00000000 304.00000000
59.00000000 130.00000000 1.00000000 300.00000000
555.00000000 76.00000000 0.00000000 298.00000000
1295.00000000 111.00000000 0.00000000 298.00000000
1278.00000000 126.00000000 0.00000000 297.00000000
1321.00000000 193.00000000 0.00000000 297.00000000
767.00000000 189.00000000 1.00000000 294.00000000
936.00000000 674.00000000 0.00000000 292.00000000
437.00000000 161.00000000 0.00000000 290.00000000
1607.00000000 130.00000000 1.00000000 290.00000000
1438.00000000 485.00000000 0.00000000 289.00000000
407.00000000 644.00000000 0.00000000 289.00000000
1608.00000000 381.00000000 0.00000000 289.00000000
1294.00000000 606.00000000 1.00000000 287.00000000
1798.00000000 213.00000000 0.00000000 286.00000000
1752.00000000 182.00000000 0.00000000 286.00000000
