323.00000000 423.00000000 0.00000000 620.00000000
653.00000000 285.00000000 1.00000000 496.00000000
627.00000000 324.00000000 1.00000000 454.00000000
654.00000000 285.00000000 1.00000000 435.00000000
320.00000000 362.00000000 0.00000000 433.00000000
652.00000000 286.00000000 2.00000000 404.00000000
362.00000000 1359.00000000 0.00000000 401.00000000
322.00000000 400.00000000 0.00000000 361.00000000
627.00000000 325.00000000 1.00000000 361.00000000
324.00000000 440.00000000 0.00000000 356.00000000
333.00000000 615.00000000 0.00000000 337.00000000
301.00000000 597.00000000 0.00000000 329.00000000
360.00000000 1205.00000000 0.00000000 328.00000000
627.00000000 323.00000000 0.00000000 322.00000000
329.00000000 545.00000000 0.00000000 314.00000000
361.00000000 1360.00000000 1.00000000 311.00000000
654.00000000 284.00000000 0.00000000 310.00000000
354.00000000 1066.00000000 0.00000000 309.00000000
652.00000000 258.00000000 2.00000000 302.00000000
777.00000000 458.00000000 0.00000000 291.00000000
321.00000000 379.00000000 0.00000000 288.00000000
772.00000000 120.00000000 2.00000000 285.00000000
350.00000000 919.00000000 0.00000000 283.00000000
356.00000000 1304.00000000 4.00000000 279.00000000
326.00000000 474.00000000 0.00000000 279.00000000
331.00000000 579.00000000 0.00000000 279.00000000
359.00000000 1301.00000000 2.00000000 278.00000000
363.00000000 1407.00000000 1.00000000 263.00000000
363.00000000 1407.00000000 0.00000000 263.00000000
329.00000000 546.00000000 1.00000000 262.00000000
602.00000000 548.00000000 1.00000000 251.00000000
770.00000000 121.00000000 1.00000000 250.00000000
314.00000000 334.00000000 1.00000000 250.00000000
602.00000000 549.00000000 1.00000000 249.00000000
799.00000000 491.00000000 1.00000000 248.00000000
702.00000000 217.00000000 1.00000000 248.00000000
810.00000000 514.00000000 1.00000000 247.00000000
313.00000000 217.00000000 0.00000000 246.00000000
364.00000000 744.00000000 4.00000000 239.00000000
772.00000000 118.00000000 2.00000000 235.00000000
354.00000000 1220.00000000 2.00000000 234.00000000
810.00000000 516.00000000 2.00000000 234.00000000
324.00000000 424.00000000 1.00000000 233.00000000
310.00000000 166.00000000 0.00000000 233.00000000
651.00000000 258.00000000 1.00000000 233.00000000
353.00000000 1059.00000000 0.00000000 231.00000000
321.00000000 380.00000000 1.00000000 231.00000000
811.00000000 517.00000000 2.00000000 230.00000000
352.00000000 1030.00000000 0.00000000 227.00000000
591.00000000 270.00000000 1.00000000 223.00000000
777.00000000 458.00000000 1.00000000 221.00000000
650.00000000 285.00000000 2.00000000 221.00000000
340.00000000 772.00000000 0.00000000 220.00000000
467.00000000 996.00000000 1.00000000 219.00000000
363.00000000 1407.00000000 1.00000000 219.00000000
360.00000000 1360.00000000 1.00000000 218.00000000
606.00000000 725.00000000 1.00000000 216.00000000
799.00000000 490.00000000 0.00000000 214.00000000
360.00000000 1364.00000000 2.00000000 213.00000000
454.00000000 840.00000000 2.00000000 210.00000000
591.00000000 272.00000000 1.00000000 209.00000000
322.00000000 400.00000000 1.00000000 209.00000000
313.00000000 333.00000000 1.00000000 207.00000000
344.00000000 855.00000000 1.00000000 205.00000000
347.00000000 929.00000000 0.00000000 204.00000000
313.00000000 335.00000000 0.00000000 203.00000000
345.00000000 854.00000000 0.00000000 201.00000000
342.00000000 821.00000000 0.00000000 200.00000000
358.00000000 1300.00000000 2.00000000 199.00000000
591.00000000 272.00000000 0.00000000 199.00000000
319.00000000 252.00000000 0.00000000 199.00000000
700.00000000 230.00000000 1.00000000 199.00000000
355.00000000 1238.00000000 1.00000000 198.00000000
693.00000000 362.00000000 0.00000000 197.00000000
810.00000000 513.00000000 1.00000000 197.00000000
289.00000000 429.00000000 0.00000000 196.00000000
653.00000000 260.00000000 1.00000000 195.00000000
321.00000000 484.00000000 1.00000000 195.00000000
350.00000000 1001.00000000 0.00000000 193.00000000
704.00000000 21.00000000 1.00000000 192.00000000
679.00000000 374.00000000 0.00000000 192.00000000
700.00000000 231.00000000 0.00000000 191.00000000
605.00000000 782.00000000 0.00000000 189.00000000
842.00000000 677.00000000 1.00000000 189.00000000
313.00000000 150.00000000 0.00000000 189.00000000
713.00000000 87.00000000 1.00000000 188.00000000
793.00000000 480.00000000 0.00000000 187.00000000
693.00000000 363.00000000 1.00000000 186.00000000
467.00000000 995.00000000 0.00000000 185.00000000
342.00000000 868.00000000 0.00000000 185.00000000
680.00000000 389.00000000 0.00000000 185.00000000
799.00000000 492.00000000 1.00000000 184.00000000
352.00000000 1060.00000000 1.00000000 184.00000000
468.00000000 807.00000000 1.00000000 183.00000000
528.00000000 1295.00000000 1.00000000 182.00000000
333.00000000 694.00000000 0.00000000 182.00000000
697.00000000 322.00000000 1.00000000 181.00000000
654.00000000 422.00000000 0.00000000 180.00000000
302.00000000 597.00000000 1.00000000 179.00000000
842.00000000 677.00000000 0.00000000 179.00000000
701.00000000 216.00000000 1.00000000 177.00000000
820.00000000 554.00000000 1.00000000 176.00000000
305.00000000 57.00000000 0.00000000 176.00000000
324.00000000 441.00000000 1.00000000 176.00000000
361.00000000 1312.00000000 0.00000000 175.00000000
370.00000000 1557.00000000 1.00000000 175.00000000
362.00000000 1240.00000000 0.00000000 175.00000000
354.00000000 1081.00000000 0.00000000 175.00000000
697.00000000 322.00000000 0.00000000 174.00000000
333.00000000 722.00000000 0.00000000 173.00000000
692.00000000 362.00000000 1.00000000 170.00000000
367.00000000 741.00000000 5.00000000 169.00000000
321.00000000 484.00000000 0.00000000 168.00000000
591.00000000 261.00000000 0.00000000 168.00000000
605.00000000 726.00000000 0.00000000 168.00000000
369.00000000 1557.00000000 0.00000000 167.00000000
335.00000000 656.00000000 0.00000000 166.00000000
362.00000000 1253.00000000 0.00000000 164.00000000
288.00000000 419.00000000 0.00000000 163.00000000
753.00000000 1132.00000000 0.00000000 163.00000000
702.00000000 217.00000000 0.00000000 163.00000000
713.00000000 87.00000000 0.00000000 161.00000000
319.00000000 485.00000000 1.00000000 160.00000000
602.00000000 549.00000000 0.00000000 159.00000000
359.00000000 1193.00000000 0.00000000 157.00000000
697.00000000 562.00000000 0.00000000 157.00000000
308.00000000 148.00000000 0.00000000 156.00000000
