157.00000000 449.00000000 0.00000000 687.00000000
513.00000000 360.00000000 1.00000000 520.00000000
154.00000000 398.00000000 0.00000000 492.00000000
203.00000000 1252.00000000 0.00000000 434.00000000
513.00000000 360.00000000 1.00000000 428.00000000
203.00000000 1252.00000000 1.00000000 426.00000000
156.00000000 429.00000000 0.00000000 416.00000000
546.00000000 324.00000000 1.00000000 391.00000000
544.00000000 326.00000000 2.00000000 388.00000000
168.00000000 610.00000000 0.00000000 365.00000000
544.00000000 325.00000000 1.00000000 352.00000000
200.00000000 1117.00000000 0.00000000 344.00000000
513.00000000 359.00000000 0.00000000 342.00000000
694.00000000 170.00000000 2.00000000 335.00000000
547.00000000 323.00000000 0.00000000 319.00000000
166.00000000 580.00000000 0.00000000 315.00000000
158.00000000 463.00000000 0.00000000 314.00000000
193.00000000 997.00000000 0.00000000 314.00000000
152.00000000 309.00000000 0.00000000 313.00000000
544.00000000 300.00000000 2.00000000 312.00000000
709.00000000 479.00000000 0.00000000 306.00000000
205.00000000 1294.00000000 1.00000000 302.00000000
710.00000000 479.00000000 1.00000000 300.00000000
154.00000000 412.00000000 0.00000000 299.00000000
740.00000000 510.00000000 1.00000000 297.00000000
692.00000000 169.00000000 2.00000000 295.00000000
308.00000000 808.00000000 2.00000000 294.00000000
483.00000000 560.00000000 1.00000000 292.00000000
694.00000000 169.00000000 1.00000000 292.00000000
143.00000000 239.00000000 0.00000000 280.00000000
543.00000000 325.00000000 2.00000000 279.00000000
202.00000000 1254.00000000 1.00000000 278.00000000
205.00000000 1294.00000000 0.00000000 275.00000000
147.00000000 376.00000000 0.00000000 273.00000000
137.00000000 149.00000000 0.00000000 272.00000000
485.00000000 560.00000000 1.00000000 272.00000000
696.00000000 164.00000000 4.00000000 272.00000000
602.00000000 67.00000000 2.00000000 268.00000000
212.00000000 1428.00000000 0.00000000 264.00000000
308.00000000 807.00000000 1.00000000 258.00000000
732.00000000 500.00000000 1.00000000 258.00000000
197.00000000 1199.00000000 2.00000000 257.00000000
202.00000000 1256.00000000 2.00000000 255.00000000
604.00000000 68.00000000 2.00000000 255.00000000
213.00000000 1428.00000000 1.00000000 255.00000000
145.00000000 279.00000000 0.00000000 252.00000000
196.00000000 1200.00000000 4.00000000 250.00000000
689.00000000 1110.00000000 0.00000000 250.00000000
202.00000000 1149.00000000 0.00000000 250.00000000
604.00000000 273.00000000 1.00000000 249.00000000
158.00000000 450.00000000 1.00000000 247.00000000
135.00000000 593.00000000 0.00000000 246.00000000
605.00000000 84.00000000 1.00000000 246.00000000
212.00000000 1110.00000000 2.00000000 245.00000000
545.00000000 302.00000000 1.00000000 243.00000000
195.00000000 1145.00000000 1.00000000 242.00000000
400.00000000 1224.00000000 1.00000000 242.00000000
138.00000000 164.00000000 0.00000000 240.00000000
603.00000000 67.00000000 1.00000000 240.00000000
468.00000000 313.00000000 1.00000000 237.00000000
512.00000000 362.00000000 2.00000000 236.00000000
205.00000000 1294.00000000 1.00000000 234.00000000
695.00000000 169.00000000 1.00000000 233.00000000
146.00000000 376.00000000 1.00000000 233.00000000
544.00000000 301.00000000 1.00000000 231.00000000
160.00000000 492.00000000 0.00000000 230.00000000
978.00000000 593.00000000 1.00000000 230.00000000
195.00000000 1145.00000000 0.00000000 229.00000000
770.00000000 569.00000000 1.00000000 228.00000000
714.00000000 538.00000000 0.00000000 226.00000000
731.00000000 499.00000000 0.00000000 224.00000000
145.00000000 309.00000000 0.00000000 224.00000000
164.00000000 550.00000000 0.00000000 224.00000000
598.00000000 392.00000000 1.00000000 222.00000000
485.00000000 559.00000000 0.00000000 221.00000000
200.00000000 1107.00000000 0.00000000 220.00000000
468.00000000 314.00000000 1.00000000 220.00000000
598.00000000 392.00000000 0.00000000 220.00000000
752.00000000 537.00000000 5.00000000 220.00000000
739.00000000 510.00000000 1.00000000 218.00000000
154.00000000 376.00000000 0.00000000 216.00000000
605.00000000 68.00000000 1.00000000 215.00000000
156.00000000 430.00000000 1.00000000 215.00000000
506.00000000 327.00000000 0.00000000 213.00000000
147.00000000 224.00000000 0.00000000 213.00000000
598.00000000 391.00000000 1.00000000 211.00000000
266.00000000 812.00000000 1.00000000 210.00000000
581.00000000 417.00000000 0.00000000 210.00000000
799.00000000 661.00000000 1.00000000 209.00000000
140.00000000 224.00000000 0.00000000 209.00000000
769.00000000 569.00000000 1.00000000 209.00000000
618.00000000 144.00000000 1.00000000 206.00000000
606.00000000 86.00000000 1.00000000 205.00000000
212.00000000 1431.00000000 1.00000000 204.00000000
803.00000000 687.00000000 1.00000000 202.00000000
604.00000000 273.00000000 0.00000000 202.00000000
468.00000000 315.00000000 0.00000000 200.00000000
191.00000000 965.00000000 0.00000000 199.00000000
177.00000000 743.00000000 0.00000000 199.00000000
185.00000000 878.00000000 0.00000000 195.00000000
740.00000000 509.00000000 0.00000000 194.00000000
182.00000000 839.00000000 0.00000000 194.00000000
691.00000000 517.00000000 0.00000000 194.00000000
188.00000000 841.00000000 0.00000000 191.00000000
803.00000000 686.00000000 0.00000000 191.00000000
202.00000000 1160.00000000 0.00000000 190.00000000
309.00000000 805.00000000 1.00000000 190.00000000
199.00000000 1089.00000000 0.00000000 190.00000000
201.00000000 1130.00000000 0.00000000 189.00000000
618.00000000 144.00000000 0.00000000 189.00000000
601.00000000 355.00000000 1.00000000 189.00000000
603.00000000 315.00000000 1.00000000 188.00000000
579.00000000 403.00000000 0.00000000 186.00000000
770.00000000 568.00000000 0.00000000 186.00000000
605.00000000 67.00000000 0.00000000 184.00000000
400.00000000 1223.00000000 1.00000000 181.00000000
729.00000000 485.00000000 0.00000000 181.00000000
491.00000000 717.00000000 1.00000000 181.00000000
155.00000000 413.00000000 1.00000000 180.00000000
710.00000000 548.00000000 0.00000000 180.00000000
630.00000000 289.00000000 0.00000000 180.00000000
136.00000000 139.00000000 0.00000000 179.00000000
718.00000000 528.00000000 0.00000000 178.00000000
185.00000000 972.00000000 0.00000000 178.00000000
545.00000000 301.00000000 0.00000000 178.00000000
196.00000000 1040.00000000 0.00000000 177.00000000
584.00000000 685.00000000 0.00000000 175.00000000
