412.00000000 308.00000000 1.00000000 463.00000000
442.00000000 266.00000000 2.00000000 419.00000000
199.00000000 1084.00000000 1.00000000 371.00000000
412.00000000 307.00000000 0.00000000 364.00000000
698.00000000 475.00000000 1.00000000 364.00000000
733.00000000 422.00000000 1.00000000 355.00000000
750.00000000 435.00000000 1.00000000 343.00000000
411.00000000 308.00000000 1.00000000 330.00000000
444.00000000 240.00000000 2.00000000 321.00000000
689.00000000 398.00000000 1.00000000 309.00000000
706.00000000 462.00000000 1.00000000 308.00000000
734.00000000 423.00000000 1.00000000 298.00000000
199.00000000 1084.00000000 1.00000000 291.00000000
444.00000000 265.00000000 1.00000000 284.00000000
384.00000000 499.00000000 1.00000000 284.00000000
688.00000000 398.00000000 1.00000000 284.00000000
752.00000000 436.00000000 2.00000000 282.00000000
441.00000000 265.00000000 2.00000000 281.00000000
691.00000000 489.00000000 1.00000000 278.00000000
741.00000000 1104.00000000 1.00000000 271.00000000
655.00000000 1192.00000000 1.00000000 269.00000000
316.00000000 1045.00000000 1.00000000 268.00000000
734.00000000 424.00000000 2.00000000 265.00000000
655.00000000 1192.00000000 0.00000000 263.00000000
199.00000000 1083.00000000 0.00000000 262.00000000
751.00000000 435.00000000 1.00000000 261.00000000
655.00000000 449.00000000 0.00000000 260.00000000
317.00000000 1045.00000000 1.00000000 255.00000000
189.00000000 919.00000000 1.00000000 251.00000000
445.00000000 240.00000000 1.00000000 251.00000000
643.00000000 1054.00000000 1.00000000 248.00000000
656.00000000 450.00000000 1.00000000 247.00000000
908.00000000 707.00000000 1.00000000 246.00000000
441.00000000 240.00000000 2.00000000 244.00000000
698.00000000 475.00000000 0.00000000 244.00000000
190.00000000 602.00000000 2.00000000 243.00000000
896.00000000 666.00000000 2.00000000 242.00000000
744.00000000 1104.00000000 2.00000000 241.00000000
690.00000000 397.00000000 0.00000000 236.00000000
497.00000000 635.00000000 1.00000000 236.00000000
444.00000000 240.00000000 1.00000000 235.00000000
253.00000000 31.00000000 1.00000000 234.00000000
896.00000000 664.00000000 2.00000000 232.00000000
916.00000000 763.00000000 2.00000000 232.00000000
517.00000000 186.00000000 1.00000000 230.00000000
728.00000000 403.00000000 1.00000000 226.00000000
385.00000000 499.00000000 1.00000000 226.00000000
496.00000000 637.00000000 1.00000000 226.00000000
366.00000000 275.00000000 1.00000000 223.00000000
741.00000000 1104.00000000 1.00000000 223.00000000
248.00000000 684.00000000 1.00000000 221.00000000
921.00000000 782.00000000 1.00000000 218.00000000
252.00000000 30.00000000 2.00000000 212.00000000
705.00000000 461.00000000 0.00000000 211.00000000
684.00000000 504.00000000 1.00000000 210.00000000
644.00000000 1053.00000000 0.00000000 209.00000000
708.00000000 979.00000000 1.00000000 200.00000000
518.00000000 186.00000000 1.00000000 200.00000000
666.00000000 1204.00000000 0.00000000 198.00000000
367.00000000 275.00000000 1.00000000 197.00000000
691.00000000 489.00000000 0.00000000 196.00000000
254.00000000 671.00000000 0.00000000 194.00000000
622.00000000 135.00000000 5.00000000 194.00000000
666.00000000 1204.00000000 1.00000000 192.00000000
511.00000000 319.00000000 1.00000000 191.00000000
820.00000000 518.00000000 1.00000000 191.00000000
908.00000000 707.00000000 0.00000000 190.00000000
497.00000000 634.00000000 0.00000000 185.00000000
250.00000000 683.00000000 1.00000000 184.00000000
593.00000000 1166.00000000 1.00000000 181.00000000
197.00000000 867.00000000 1.00000000 181.00000000
728.00000000 403.00000000 0.00000000 179.00000000
197.00000000 866.00000000 0.00000000 179.00000000
661.00000000 438.00000000 0.00000000 178.00000000
707.00000000 979.00000000 0.00000000 177.00000000
640.00000000 340.00000000 4.00000000 175.00000000
190.00000000 919.00000000 1.00000000 175.00000000
701.00000000 385.00000000 1.00000000 172.00000000
624.00000000 679.00000000 0.00000000 167.00000000
920.00000000 782.00000000 0.00000000 167.00000000
511.00000000 318.00000000 0.00000000 167.00000000
393.00000000 646.00000000 1.00000000 167.00000000
317.00000000 1045.00000000 0.00000000 162.00000000
734.00000000 423.00000000 0.00000000 159.00000000
685.00000000 503.00000000 0.00000000 156.00000000
366.00000000 276.00000000 0.00000000 155.00000000
408.00000000 628.00000000 4.00000000 155.00000000
649.00000000 463.00000000 0.00000000 155.00000000
178.00000000 679.00000000 0.00000000 154.00000000
820.00000000 518.00000000 0.00000000 153.00000000
446.00000000 240.00000000 0.00000000 153.00000000
449.00000000 262.00000000 0.00000000 150.00000000
658.00000000 458.00000000 0.00000000 149.00000000
751.00000000 434.00000000 0.00000000 147.00000000
506.00000000 342.00000000 0.00000000 142.00000000
675.00000000 452.00000000 0.00000000 141.00000000
386.00000000 499.00000000 0.00000000 141.00000000
518.00000000 354.00000000 0.00000000 139.00000000
835.00000000 761.00000000 0.00000000 135.00000000
785.00000000 459.00000000 0.00000000 132.00000000
651.00000000 470.00000000 0.00000000 132.00000000
593.00000000 1165.00000000 0.00000000 130.00000000
701.00000000 385.00000000 0.00000000 129.00000000
869.00000000 750.00000000 0.00000000 127.00000000
523.00000000 516.00000000 0.00000000 127.00000000
490.00000000 1303.00000000 0.00000000 126.00000000
187.00000000 873.00000000 0.00000000 126.00000000
152.00000000 265.00000000 0.00000000 125.00000000
574.00000000 224.00000000 0.00000000 124.00000000
508.00000000 639.00000000 0.00000000 123.00000000
670.00000000 463.00000000 0.00000000 121.00000000
193.00000000 960.00000000 0.00000000 121.00000000
166.00000000 511.00000000 0.00000000 120.00000000
195.00000000 989.00000000 0.00000000 119.00000000
519.00000000 185.00000000 0.00000000 119.00000000
893.00000000 618.00000000 0.00000000 118.00000000
177.00000000 663.00000000 0.00000000 118.00000000
149.00000000 217.00000000 0.00000000 117.00000000
574.00000000 236.00000000 0.00000000 117.00000000
555.00000000 193.00000000 0.00000000 115.00000000
852.00000000 561.00000000 0.00000000 115.00000000
161.00000000 410.00000000 0.00000000 115.00000000
376.00000000 320.00000000 0.00000000 112.00000000
939.00000000 939.00000000 0.00000000 112.00000000
197.00000000 874.00000000 0.00000000 110.00000000
162.00000000 432.00000000 0.00000000 109.00000000
154.00000000 294.00000000 0.00000000 107.00000000
