398.00000000 250.00000000 2.00000000 555.00000000
398.00000000 250.00000000 1.00000000 454.00000000
372.00000000 301.00000000 1.00000000 409.00000000
371.00000000 302.00000000 1.00000000 347.00000000
203.00000000 843.00000000 0.00000000 312.00000000
395.00000000 217.00000000 2.00000000 310.00000000
201.00000000 820.00000000 0.00000000 300.00000000
395.00000000 251.00000000 2.00000000 288.00000000
372.00000000 301.00000000 0.00000000 283.00000000
683.00000000 435.00000000 1.00000000 277.00000000
398.00000000 218.00000000 2.00000000 264.00000000
172.00000000 620.00000000 4.00000000 263.00000000
399.00000000 250.00000000 1.00000000 253.00000000
702.00000000 452.00000000 2.00000000 253.00000000
169.00000000 622.00000000 5.00000000 253.00000000
684.00000000 436.00000000 2.00000000 249.00000000
176.00000000 508.00000000 0.00000000 241.00000000
201.00000000 821.00000000 1.00000000 239.00000000
367.00000000 680.00000000 0.00000000 226.00000000
356.00000000 522.00000000 1.00000000 225.00000000
462.00000000 312.00000000 1.00000000 225.00000000
701.00000000 451.00000000 1.00000000 223.00000000
172.00000000 622.00000000 2.00000000 219.00000000
203.00000000 843.00000000 1.00000000 219.00000000
862.00000000 749.00000000 2.00000000 218.00000000
376.00000000 708.00000000 2.00000000 214.00000000
356.00000000 521.00000000 1.00000000 213.00000000
409.00000000 391.00000000 0.00000000 213.00000000
458.00000000 339.00000000 1.00000000 211.00000000
591.00000000 527.00000000 0.00000000 211.00000000
591.00000000 527.00000000 1.00000000 209.00000000
463.00000000 149.00000000 1.00000000 206.00000000
376.00000000 705.00000000 1.00000000 201.00000000
397.00000000 219.00000000 1.00000000 198.00000000
168.00000000 412.00000000 0.00000000 198.00000000
376.00000000 683.00000000 0.00000000 196.00000000
332.00000000 254.00000000 1.00000000 194.00000000
441.00000000 328.00000000 1.00000000 192.00000000
888.00000000 876.00000000 4.00000000 192.00000000
409.00000000 391.00000000 1.00000000 191.00000000
458.00000000 684.00000000 1.00000000 190.00000000
636.00000000 404.00000000 1.00000000 190.00000000
367.00000000 680.00000000 1.00000000 188.00000000
461.00000000 311.00000000 1.00000000 187.00000000
192.00000000 693.00000000 0.00000000 187.00000000
176.00000000 514.00000000 0.00000000 184.00000000
459.00000000 684.00000000 1.00000000 182.00000000
647.00000000 501.00000000 1.00000000 180.00000000
200.00000000 844.00000000 1.00000000 180.00000000
176.00000000 508.00000000 1.00000000 179.00000000
862.00000000 750.00000000 2.00000000 179.00000000
386.00000000 753.00000000 1.00000000 178.00000000
168.00000000 412.00000000 1.00000000 177.00000000
209.00000000 963.00000000 1.00000000 177.00000000
465.00000000 150.00000000 1.00000000 175.00000000
462.00000000 359.00000000 1.00000000 175.00000000
333.00000000 253.00000000 0.00000000 173.00000000
683.00000000 435.00000000 1.00000000 173.00000000
593.00000000 499.00000000 0.00000000 171.00000000
637.00000000 404.00000000 1.00000000 171.00000000
354.00000000 225.00000000 0.00000000 170.00000000
410.00000000 726.00000000 2.00000000 169.00000000
180.00000000 543.00000000 0.00000000 169.00000000
180.00000000 760.00000000 2.00000000 165.00000000
641.00000000 518.00000000 1.00000000 163.00000000
200.00000000 1001.00000000 1.00000000 163.00000000
458.00000000 339.00000000 1.00000000 161.00000000
462.00000000 358.00000000 0.00000000 154.00000000
701.00000000 450.00000000 1.00000000 153.00000000
356.00000000 522.00000000 0.00000000 151.00000000
354.00000000 226.00000000 1.00000000 151.00000000
634.00000000 535.00000000 1.00000000 143.00000000
366.00000000 689.00000000 0.00000000 142.00000000
39.00000000 20.00000000 1.00000000 139.00000000
387.00000000 752.00000000 1.00000000 138.00000000
450.00000000 320.00000000 1.00000000 136.00000000
200.00000000 796.00000000 0.00000000 135.00000000
398.00000000 251.00000000 0.00000000 135.00000000
17.00000000 63.00000000 1.00000000 135.00000000
191.00000000 694.00000000 1.00000000 135.00000000
602.00000000 533.00000000 1.00000000 133.00000000
594.00000000 500.00000000 1.00000000 132.00000000
518.00000000 196.00000000 1.00000000 131.00000000
458.00000000 338.00000000 0.00000000 131.00000000
598.00000000 484.00000000 0.00000000 128.00000000
370.00000000 739.00000000 0.00000000 126.00000000
200.00000000 830.00000000 0.00000000 126.00000000
193.00000000 711.00000000 0.00000000 124.00000000
170.00000000 430.00000000 0.00000000 124.00000000
178.00000000 531.00000000 0.00000000 123.00000000
443.00000000 349.00000000 0.00000000 121.00000000
517.00000000 388.00000000 0.00000000 117.00000000
605.00000000 469.00000000 0.00000000 115.00000000
158.00000000 296.00000000 0.00000000 115.00000000
181.00000000 560.00000000 0.00000000 114.00000000
173.00000000 471.00000000 0.00000000 113.00000000
461.00000000 312.00000000 0.00000000 112.00000000
441.00000000 327.00000000 0.00000000 112.00000000
599.00000000 521.00000000 0.00000000 111.00000000
620.00000000 486.00000000 0.00000000 111.00000000
381.00000000 737.00000000 0.00000000 110.00000000
647.00000000 500.00000000 0.00000000 109.00000000
605.00000000 505.00000000 0.00000000 107.00000000
602.00000000 533.00000000 0.00000000 106.00000000
459.00000000 683.00000000 0.00000000 105.00000000
446.00000000 359.00000000 0.00000000 103.00000000
178.00000000 553.00000000 0.00000000 102.00000000
195.00000000 735.00000000 0.00000000 102.00000000
450.00000000 321.00000000 0.00000000 101.00000000
465.00000000 205.00000000 0.00000000 101.00000000
161.00000000 345.00000000 0.00000000 100.00000000
596.00000000 509.00000000 0.00000000 99.00000000
640.00000000 518.00000000 0.00000000 98.00000000
617.00000000 475.00000000 0.00000000 98.00000000
463.00000000 135.00000000 0.00000000 98.00000000
188.00000000 633.00000000 0.00000000 97.00000000
171.00000000 446.00000000 0.00000000 97.00000000
158.00000000 416.00000000 0.00000000 96.00000000
164.00000000 362.00000000 0.00000000 94.00000000
164.00000000 383.00000000 0.00000000 94.00000000
465.00000000 224.00000000 0.00000000 94.00000000
340.00000000 308.00000000 0.00000000 94.00000000
469.00000000 687.00000000 0.00000000 93.00000000
331.00000000 267.00000000 0.00000000 93.00000000
163.00000000 354.00000000 0.00000000 93.00000000
518.00000000 196.00000000 0.00000000 92.00000000
464.00000000 149.00000000 0.00000000 92.00000000
