654.00000000 356.00000000 2.00000000 299.00000000
654.00000000 356.00000000 1.00000000 266.00000000
828.00000000 214.00000000 2.00000000 236.00000000
288.00000000 1026.00000000 2.00000000 235.00000000
290.00000000 1026.00000000 2.00000000 219.00000000
830.00000000 216.00000000 2.00000000 211.00000000
832.00000000 212.00000000 4.00000000 210.00000000
729.00000000 141.00000000 5.00000000 209.00000000
592.00000000 698.00000000 1.00000000 195.00000000
729.00000000 135.00000000 2.00000000 194.00000000
888.00000000 544.00000000 4.00000000 190.00000000
653.00000000 356.00000000 2.00000000 174.00000000
730.00000000 136.00000000 2.00000000 170.00000000
594.00000000 696.00000000 1.00000000 158.00000000
622.00000000 387.00000000 1.00000000 158.00000000
289.00000000 1070.00000000 1.00000000 154.00000000
830.00000000 216.00000000 1.00000000 152.00000000
592.00000000 700.00000000 2.00000000 149.00000000
290.00000000 1072.00000000 2.00000000 149.00000000
288.00000000 892.00000000 2.00000000 149.00000000
886.00000000 542.00000000 2.00000000 147.00000000
288.00000000 890.00000000 1.00000000 146.00000000
289.00000000 1025.00000000 1.00000000 145.00000000
655.00000000 356.00000000 1.00000000 144.00000000
622.00000000 387.00000000 1.00000000 139.00000000
291.00000000 1213.00000000 1.00000000 134.00000000
729.00000000 135.00000000 1.00000000 133.00000000
403.00000000 736.00000000 1.00000000 132.00000000
290.00000000 1070.00000000 1.00000000 128.00000000
941.00000000 721.00000000 1.00000000 126.00000000
576.00000000 340.00000000 1.00000000 124.00000000
470.00000000 1090.00000000 1.00000000 123.00000000
886.00000000 541.00000000 1.00000000 123.00000000
584.00000000 551.00000000 1.00000000 120.00000000
319.00000000 659.00000000 1.00000000 117.00000000
289.00000000 890.00000000 1.00000000 112.00000000
584.00000000 551.00000000 1.00000000 110.00000000
291.00000000 1212.00000000 1.00000000 109.00000000
941.00000000 722.00000000 1.00000000 108.00000000
595.00000000 719.00000000 1.00000000 107.00000000
869.00000000 521.00000000 1.00000000 106.00000000
289.00000000 1069.00000000 0.00000000 106.00000000
289.00000000 864.00000000 1.00000000 105.00000000
622.00000000 386.00000000 0.00000000 105.00000000
705.00000000 447.00000000 1.00000000 103.00000000
710.00000000 413.00000000 1.00000000 101.00000000
578.00000000 340.00000000 1.00000000 101.00000000
716.00000000 379.00000000 1.00000000 100.00000000
829.00000000 218.00000000 1.00000000 98.00000000
307.00000000 959.00000000 1.00000000 97.00000000
683.00000000 667.00000000 1.00000000 97.00000000
471.00000000 1089.00000000 1.00000000 97.00000000
706.00000000 431.00000000 1.00000000 97.00000000
724.00000000 300.00000000 1.00000000 96.00000000
595.00000000 720.00000000 0.00000000 91.00000000
887.00000000 541.00000000 1.00000000 89.00000000
593.00000000 694.00000000 0.00000000 88.00000000
763.00000000 353.00000000 1.00000000 83.00000000
935.00000000 664.00000000 1.00000000 83.00000000
287.00000000 727.00000000 1.00000000 80.00000000
289.00000000 1023.00000000 1.00000000 80.00000000
709.00000000 412.00000000 0.00000000 80.00000000
404.00000000 737.00000000 1.00000000 77.00000000
289.00000000 839.00000000 1.00000000 76.00000000
603.00000000 733.00000000 1.00000000 76.00000000
859.00000000 513.00000000 1.00000000 74.00000000
730.00000000 135.00000000 1.00000000 73.00000000
288.00000000 972.00000000 1.00000000 73.00000000
291.00000000 1211.00000000 0.00000000 68.00000000
287.00000000 971.00000000 0.00000000 67.00000000
699.00000000 415.00000000 0.00000000 67.00000000
705.00000000 430.00000000 0.00000000 66.00000000
289.00000000 889.00000000 0.00000000 66.00000000
683.00000000 667.00000000 0.00000000 65.00000000
868.00000000 521.00000000 0.00000000 65.00000000
941.00000000 722.00000000 0.00000000 64.00000000
584.00000000 551.00000000 0.00000000 62.00000000
762.00000000 352.00000000 0.00000000 60.00000000
288.00000000 864.00000000 0.00000000 60.00000000
716.00000000 379.00000000 0.00000000 58.00000000
289.00000000 1023.00000000 0.00000000 58.00000000
286.00000000 799.00000000 0.00000000 58.00000000
828.00000000 218.00000000 0.00000000 57.00000000
724.00000000 299.00000000 0.00000000 55.00000000
287.00000000 875.00000000 0.00000000 53.00000000
654.00000000 356.00000000 0.00000000 53.00000000
289.00000000 839.00000000 0.00000000 53.00000000
306.00000000 958.00000000 0.00000000 53.00000000
578.00000000 339.00000000 0.00000000 52.00000000
286.00000000 778.00000000 0.00000000 52.00000000
704.00000000 447.00000000 0.00000000 52.00000000
472.00000000 1088.00000000 0.00000000 52.00000000
286.00000000 735.00000000 0.00000000 51.00000000
886.00000000 540.00000000 0.00000000 51.00000000
287.00000000 564.00000000 0.00000000 51.00000000
582.00000000 676.00000000 0.00000000 50.00000000
608.00000000 324.00000000 0.00000000 50.00000000
287.00000000 726.00000000 0.00000000 49.00000000
284.00000000 574.00000000 0.00000000 49.00000000
835.00000000 543.00000000 0.00000000 48.00000000
656.00000000 334.00000000 0.00000000 48.00000000
689.00000000 420.00000000 0.00000000 48.00000000
289.00000000 808.00000000 0.00000000 47.00000000
859.00000000 512.00000000 0.00000000 46.00000000
724.00000000 291.00000000 0.00000000 44.00000000
906.00000000 893.00000000 0.00000000 44.00000000
934.00000000 664.00000000 0.00000000 43.00000000
873.00000000 533.00000000 0.00000000 42.00000000
714.00000000 400.00000000 0.00000000 42.00000000
284.00000000 443.00000000 0.00000000 42.00000000
287.00000000 825.00000000 0.00000000 42.00000000
286.00000000 745.00000000 0.00000000 41.00000000
751.00000000 470.00000000 0.00000000 41.00000000
764.00000000 390.00000000 0.00000000 41.00000000
808.00000000 209.00000000 0.00000000 40.00000000
577.00000000 346.00000000 0.00000000 40.00000000
285.00000000 622.00000000 0.00000000 40.00000000
283.00000000 552.00000000 0.00000000 39.00000000
284.00000000 690.00000000 0.00000000 39.00000000
776.00000000 446.00000000 0.00000000 39.00000000
283.00000000 543.00000000 0.00000000 37.00000000
830.00000000 553.00000000 0.00000000 37.00000000
629.00000000 402.00000000 0.00000000 37.00000000
284.00000000 701.00000000 0.00000000 36.00000000
945.00000000 952.00000000 0.00000000 36.00000000
283.00000000 510.00000000 0.00000000 36.00000000
833.00000000 491.00000000 0.00000000 36.00000000
