58.00000000 1004.00000000 1.00000000 465.00000000
58.00000000 1003.00000000 0.00000000 445.00000000
292.00000000 422.00000000 0.00000000 443.00000000
292.00000000 423.00000000 1.00000000 428.00000000
54.00000000 906.00000000 0.00000000 394.00000000
54.00000000 906.00000000 1.00000000 369.00000000
490.00000000 261.00000000 1.00000000 356.00000000
362.00000000 643.00000000 1.00000000 356.00000000
319.00000000 398.00000000 1.00000000 344.00000000
265.00000000 552.00000000 1.00000000 341.00000000
490.00000000 262.00000000 2.00000000 341.00000000
362.00000000 642.00000000 0.00000000 339.00000000
143.00000000 214.00000000 1.00000000 338.00000000
491.00000000 261.00000000 1.00000000 330.00000000
142.00000000 213.00000000 1.00000000 329.00000000
318.00000000 400.00000000 2.00000000 326.00000000
57.00000000 1004.00000000 1.00000000 325.00000000
543.00000000 511.00000000 1.00000000 316.00000000
384.00000000 226.00000000 5.00000000 313.00000000
189.00000000 949.00000000 1.00000000 308.00000000
549.00000000 918.00000000 1.00000000 303.00000000
291.00000000 424.00000000 1.00000000 303.00000000
489.00000000 260.00000000 2.00000000 299.00000000
554.00000000 518.00000000 1.00000000 298.00000000
52.00000000 874.00000000 1.00000000 293.00000000
386.00000000 226.00000000 1.00000000 288.00000000
384.00000000 354.00000000 1.00000000 287.00000000
384.00000000 354.00000000 0.00000000 272.00000000
511.00000000 494.00000000 0.00000000 266.00000000
264.00000000 551.00000000 1.00000000 265.00000000
486.00000000 987.00000000 0.00000000 265.00000000
518.00000000 540.00000000 0.00000000 264.00000000
321.00000000 380.00000000 1.00000000 263.00000000
371.00000000 647.00000000 1.00000000 263.00000000
144.00000000 214.00000000 0.00000000 262.00000000
512.00000000 494.00000000 1.00000000 260.00000000
53.00000000 906.00000000 1.00000000 259.00000000
513.00000000 548.00000000 0.00000000 258.00000000
61.00000000 832.00000000 1.00000000 257.00000000
52.00000000 873.00000000 0.00000000 256.00000000
386.00000000 225.00000000 0.00000000 255.00000000
60.00000000 626.00000000 2.00000000 253.00000000
491.00000000 260.00000000 0.00000000 253.00000000
31.00000000 453.00000000 0.00000000 250.00000000
488.00000000 260.00000000 4.00000000 250.00000000
550.00000000 917.00000000 1.00000000 250.00000000
52.00000000 875.00000000 1.00000000 248.00000000
543.00000000 510.00000000 0.00000000 245.00000000
384.00000000 220.00000000 4.00000000 244.00000000
548.00000000 918.00000000 0.00000000 241.00000000
50.00000000 838.00000000 0.00000000 239.00000000
59.00000000 625.00000000 2.00000000 237.00000000
377.00000000 437.00000000 1.00000000 235.00000000
386.00000000 226.00000000 1.00000000 234.00000000
62.00000000 628.00000000 1.00000000 233.00000000
188.00000000 948.00000000 1.00000000 232.00000000
189.00000000 948.00000000 0.00000000 231.00000000
376.00000000 437.00000000 0.00000000 230.00000000
55.00000000 928.00000000 0.00000000 230.00000000
371.00000000 644.00000000 0.00000000 228.00000000
52.00000000 876.00000000 2.00000000 226.00000000
381.00000000 409.00000000 1.00000000 226.00000000
265.00000000 551.00000000 0.00000000 226.00000000
555.00000000 518.00000000 0.00000000 225.00000000
62.00000000 832.00000000 1.00000000 222.00000000
324.00000000 395.00000000 0.00000000 220.00000000
647.00000000 649.00000000 1.00000000 220.00000000
467.00000000 258.00000000 1.00000000 219.00000000
251.00000000 398.00000000 0.00000000 219.00000000
60.00000000 831.00000000 0.00000000 216.00000000
125.00000000 685.00000000 1.00000000 216.00000000
388.00000000 239.00000000 1.00000000 216.00000000
678.00000000 924.00000000 1.00000000 215.00000000
28.00000000 425.00000000 0.00000000 213.00000000
124.00000000 240.00000000 1.00000000 213.00000000
34.00000000 574.00000000 2.00000000 212.00000000
383.00000000 382.00000000 1.00000000 212.00000000
647.00000000 649.00000000 1.00000000 210.00000000
390.00000000 240.00000000 1.00000000 208.00000000
475.00000000 458.00000000 2.00000000 207.00000000
321.00000000 381.00000000 1.00000000 205.00000000
142.00000000 212.00000000 2.00000000 202.00000000
381.00000000 217.00000000 2.00000000 199.00000000
318.00000000 378.00000000 2.00000000 199.00000000
427.00000000 384.00000000 0.00000000 198.00000000
523.00000000 532.00000000 0.00000000 198.00000000
510.00000000 219.00000000 1.00000000 197.00000000
382.00000000 216.00000000 2.00000000 196.00000000
680.00000000 925.00000000 1.00000000 195.00000000
56.00000000 723.00000000 0.00000000 194.00000000
98.00000000 556.00000000 1.00000000 194.00000000
508.00000000 557.00000000 0.00000000 192.00000000
486.00000000 988.00000000 1.00000000 191.00000000
50.00000000 838.00000000 1.00000000 189.00000000
24.00000000 321.00000000 0.00000000 181.00000000
62.00000000 628.00000000 0.00000000 180.00000000
350.00000000 1097.00000000 0.00000000 178.00000000
51.00000000 861.00000000 0.00000000 176.00000000
125.00000000 684.00000000 0.00000000 174.00000000
477.00000000 901.00000000 0.00000000 172.00000000
25.00000000 362.00000000 0.00000000 170.00000000
36.00000000 572.00000000 0.00000000 169.00000000
467.00000000 257.00000000 0.00000000 167.00000000
383.00000000 382.00000000 0.00000000 166.00000000
400.00000000 263.00000000 0.00000000 163.00000000
437.00000000 982.00000000 0.00000000 161.00000000
538.00000000 499.00000000 0.00000000 161.00000000
381.00000000 408.00000000 0.00000000 161.00000000
372.00000000 452.00000000 0.00000000 160.00000000
277.00000000 379.00000000 0.00000000 157.00000000
522.00000000 526.00000000 0.00000000 153.00000000
577.00000000 533.00000000 0.00000000 151.00000000
61.00000000 1069.00000000 0.00000000 149.00000000
504.00000000 565.00000000 0.00000000 147.00000000
508.00000000 518.00000000 0.00000000 147.00000000
654.00000000 671.00000000 0.00000000 145.00000000
47.00000000 772.00000000 0.00000000 145.00000000
362.00000000 1219.00000000 0.00000000 145.00000000
487.00000000 523.00000000 0.00000000 144.00000000
357.00000000 445.00000000 0.00000000 144.00000000
427.00000000 391.00000000 0.00000000 143.00000000
33.00000000 492.00000000 0.00000000 141.00000000
490.00000000 1239.00000000 0.00000000 141.00000000
31.00000000 462.00000000 0.00000000 141.00000000
35.00000000 545.00000000 0.00000000 140.00000000
71.00000000 693.00000000 0.00000000 140.00000000
27.00000000 392.00000000 0.00000000 139.00000000
