514.00000000 768.00000000 1.00000000 723.00000000
316.00000000 190.00000000 0.00000000 698.00000000
427.00000000 81.00000000 1.00000000 661.00000000
513.00000000 769.00000000 1.00000000 647.00000000
258.00000000 281.00000000 0.00000000 640.00000000
680.00000000 603.00000000 1.00000000 635.00000000
680.00000000 602.00000000 1.00000000 581.00000000
364.00000000 342.00000000 0.00000000 580.00000000
334.00000000 293.00000000 1.00000000 574.00000000
427.00000000 80.00000000 1.00000000 565.00000000
431.00000000 303.00000000 0.00000000 565.00000000
259.00000000 281.00000000 1.00000000 563.00000000
427.00000000 80.00000000 0.00000000 554.00000000
514.00000000 767.00000000 0.00000000 553.00000000
438.00000000 581.00000000 0.00000000 543.00000000
325.00000000 141.00000000 2.00000000 542.00000000
335.00000000 164.00000000 0.00000000 540.00000000
719.00000000 569.00000000 1.00000000 533.00000000
255.00000000 195.00000000 0.00000000 528.00000000
719.00000000 567.00000000 0.00000000 517.00000000
431.00000000 265.00000000 0.00000000 515.00000000
316.00000000 172.00000000 0.00000000 514.00000000
334.00000000 292.00000000 0.00000000 510.00000000
426.00000000 80.00000000 2.00000000 508.00000000
438.00000000 582.00000000 1.00000000 508.00000000
373.00000000 105.00000000 1.00000000 507.00000000
328.00000000 390.00000000 0.00000000 503.00000000
545.00000000 556.00000000 0.00000000 493.00000000
258.00000000 245.00000000 0.00000000 492.00000000
418.00000000 285.00000000 1.00000000 490.00000000
354.00000000 301.00000000 1.00000000 489.00000000
373.00000000 106.00000000 1.00000000 486.00000000
354.00000000 301.00000000 0.00000000 486.00000000
387.00000000 277.00000000 0.00000000 484.00000000
326.00000000 142.00000000 2.00000000 479.00000000
586.00000000 562.00000000 2.00000000 476.00000000
615.00000000 667.00000000 1.00000000 475.00000000
265.00000000 263.00000000 0.00000000 473.00000000
317.00000000 191.00000000 1.00000000 467.00000000
418.00000000 285.00000000 0.00000000 461.00000000
364.00000000 343.00000000 1.00000000 454.00000000
615.00000000 667.00000000 1.00000000 454.00000000
502.00000000 574.00000000 0.00000000 446.00000000
325.00000000 350.00000000 0.00000000 446.00000000
592.00000000 663.00000000 1.00000000 445.00000000
431.00000000 303.00000000 1.00000000 441.00000000
642.00000000 663.00000000 0.00000000 440.00000000
327.00000000 147.00000000 1.00000000 438.00000000
359.00000000 379.00000000 0.00000000 434.00000000
613.00000000 680.00000000 0.00000000 431.00000000
370.00000000 297.00000000 1.00000000 431.00000000
642.00000000 748.00000000 0.00000000 430.00000000
326.00000000 145.00000000 1.00000000 426.00000000
719.00000000 568.00000000 1.00000000 425.00000000
331.00000000 257.00000000 1.00000000 425.00000000
366.00000000 378.00000000 0.00000000 422.00000000
372.00000000 106.00000000 2.00000000 421.00000000
331.00000000 49.00000000 1.00000000 420.00000000
284.00000000 559.00000000 0.00000000 420.00000000
333.00000000 294.00000000 1.00000000 419.00000000
514.00000000 768.00000000 2.00000000 418.00000000
406.00000000 504.00000000 1.00000000 418.00000000
373.00000000 104.00000000 0.00000000 418.00000000
429.00000000 280.00000000 1.00000000 418.00000000
217.00000000 180.00000000 0.00000000 415.00000000
274.00000000 197.00000000 0.00000000 414.00000000
331.00000000 47.00000000 0.00000000 412.00000000
234.00000000 267.00000000 0.00000000 411.00000000
376.00000000 339.00000000 1.00000000 410.00000000
166.00000000 28.00000000 1.00000000 408.00000000
287.00000000 203.00000000 0.00000000 407.00000000
273.00000000 198.00000000 1.00000000 406.00000000
407.00000000 502.00000000 0.00000000 405.00000000
167.00000000 28.00000000 1.00000000 405.00000000
328.00000000 390.00000000 1.00000000 403.00000000
376.00000000 337.00000000 0.00000000 403.00000000
633.00000000 169.00000000 5.00000000 401.00000000
316.00000000 173.00000000 1.00000000 395.00000000
568.00000000 265.00000000 0.00000000 394.00000000
327.00000000 147.00000000 0.00000000 394.00000000
429.00000000 274.00000000 2.00000000 392.00000000
316.00000000 181.00000000 0.00000000 390.00000000
370.00000000 297.00000000 0.00000000 388.00000000
568.00000000 265.00000000 1.00000000 387.00000000
596.00000000 718.00000000 0.00000000 386.00000000
642.00000000 749.00000000 1.00000000 386.00000000
348.00000000 289.00000000 1.00000000 385.00000000
429.00000000 280.00000000 1.00000000 382.00000000
671.00000000 135.00000000 0.00000000 382.00000000
335.00000000 164.00000000 1.00000000 381.00000000
388.00000000 292.00000000 0.00000000 381.00000000
235.00000000 267.00000000 1.00000000 380.00000000
632.00000000 168.00000000 4.00000000 380.00000000
217.00000000 180.00000000 1.00000000 378.00000000
257.00000000 370.00000000 1.00000000 376.00000000
585.00000000 565.00000000 2.00000000 376.00000000
260.00000000 229.00000000 0.00000000 375.00000000
236.00000000 235.00000000 0.00000000 374.00000000
590.00000000 622.00000000 2.00000000 373.00000000
123.00000000 21.00000000 0.00000000 373.00000000
258.00000000 256.00000000 0.00000000 371.00000000
330.00000000 258.00000000 1.00000000 369.00000000
589.00000000 620.00000000 1.00000000 368.00000000
319.00000000 311.00000000 0.00000000 367.00000000
236.00000000 560.00000000 0.00000000 366.00000000
453.00000000 89.00000000 1.00000000 364.00000000
442.00000000 738.00000000 1.00000000 363.00000000
442.00000000 738.00000000 2.00000000 363.00000000
257.00000000 369.00000000 0.00000000 361.00000000
454.00000000 90.00000000 2.00000000 360.00000000
680.00000000 603.00000000 0.00000000 360.00000000
585.00000000 561.00000000 1.00000000 359.00000000
243.00000000 10.00000000 0.00000000 358.00000000
251.00000000 152.00000000 0.00000000 358.00000000
217.00000000 571.00000000 0.00000000 352.00000000
224.00000000 24.00000000 0.00000000 351.00000000
598.00000000 502.00000000 0.00000000 348.00000000
310.00000000 301.00000000 0.00000000 347.00000000
573.00000000 252.00000000 0.00000000 347.00000000
639.00000000 691.00000000 0.00000000 346.00000000
238.00000000 291.00000000 0.00000000 346.00000000
424.00000000 82.00000000 2.00000000 345.00000000
615.00000000 666.00000000 0.00000000 344.00000000
147.00000000 197.00000000 0.00000000 342.00000000
374.00000000 135.00000000 0.00000000 339.00000000
794.00000000 215.00000000 0.00000000 339.00000000
324.00000000 144.00000000 4.00000000 288.00000000
