777.00000000 328.00000000 1.00000000 631.00000000
257.00000000 217.00000000 0.00000000 626.00000000
777.00000000 327.00000000 0.00000000 614.00000000
662.00000000 53.00000000 0.00000000 598.00000000
257.00000000 217.00000000 1.00000000 582.00000000
907.00000000 614.00000000 1.00000000 571.00000000
662.00000000 53.00000000 1.00000000 570.00000000
907.00000000 615.00000000 1.00000000 556.00000000
876.00000000 599.00000000 0.00000000 535.00000000
354.00000000 816.00000000 1.00000000 520.00000000
342.00000000 829.00000000 1.00000000 510.00000000
354.00000000 816.00000000 0.00000000 505.00000000
408.00000000 300.00000000 1.00000000 494.00000000
853.00000000 239.00000000 1.00000000 478.00000000
296.00000000 674.00000000 0.00000000 468.00000000
917.00000000 572.00000000 0.00000000 459.00000000
876.00000000 587.00000000 0.00000000 458.00000000
408.00000000 299.00000000 0.00000000 453.00000000
304.00000000 815.00000000 1.00000000 443.00000000
719.00000000 236.00000000 0.00000000 441.00000000
341.00000000 828.00000000 0.00000000 441.00000000
854.00000000 240.00000000 1.00000000 436.00000000
907.00000000 613.00000000 0.00000000 434.00000000
788.00000000 328.00000000 0.00000000 432.00000000
689.00000000 62.00000000 1.00000000 430.00000000
877.00000000 600.00000000 1.00000000 430.00000000
689.00000000 61.00000000 0.00000000 430.00000000
908.00000000 517.00000000 0.00000000 421.00000000
774.00000000 158.00000000 0.00000000 418.00000000
633.00000000 48.00000000 1.00000000 418.00000000
673.00000000 273.00000000 0.00000000 418.00000000
679.00000000 173.00000000 0.00000000 417.00000000
722.00000000 517.00000000 1.00000000 416.00000000
789.00000000 329.00000000 1.00000000 415.00000000
674.00000000 274.00000000 1.00000000 408.00000000
611.00000000 557.00000000 0.00000000 406.00000000
523.00000000 723.00000000 1.00000000 405.00000000
705.00000000 296.00000000 1.00000000 403.00000000
853.00000000 238.00000000 0.00000000 402.00000000
704.00000000 296.00000000 0.00000000 402.00000000
656.00000000 541.00000000 1.00000000 400.00000000
159.00000000 211.00000000 0.00000000 400.00000000
656.00000000 539.00000000 0.00000000 400.00000000
417.00000000 804.00000000 1.00000000 397.00000000
652.00000000 52.00000000 0.00000000 397.00000000
295.00000000 806.00000000 0.00000000 397.00000000
498.00000000 207.00000000 0.00000000 397.00000000
760.00000000 249.00000000 0.00000000 394.00000000
642.00000000 47.00000000 0.00000000 394.00000000
915.00000000 534.00000000 0.00000000 394.00000000
723.00000000 518.00000000 1.00000000 393.00000000
948.00000000 436.00000000 0.00000000 393.00000000
662.00000000 139.00000000 0.00000000 391.00000000
702.00000000 225.00000000 0.00000000 390.00000000
770.00000000 393.00000000 0.00000000 390.00000000
523.00000000 722.00000000 0.00000000 389.00000000
555.00000000 770.00000000 1.00000000 387.00000000
774.00000000 159.00000000 1.00000000 387.00000000
483.00000000 673.00000000 0.00000000 386.00000000
398.00000000 78.00000000 1.00000000 385.00000000
713.00000000 149.00000000 1.00000000 384.00000000
304.00000000 815.00000000 0.00000000 383.00000000
722.00000000 516.00000000 2.00000000 377.00000000
398.00000000 78.00000000 0.00000000 377.00000000
633.00000000 48.00000000 0.00000000 377.00000000
837.00000000 335.00000000 1.00000000 372.00000000
506.00000000 202.00000000 0.00000000 372.00000000
876.00000000 559.00000000 0.00000000 368.00000000
795.00000000 366.00000000 0.00000000 367.00000000
675.00000000 246.00000000 0.00000000 366.00000000
856.00000000 596.00000000 1.00000000 363.00000000
328.00000000 755.00000000 0.00000000 362.00000000
493.00000000 613.00000000 1.00000000 358.00000000
417.00000000 803.00000000 0.00000000 358.00000000
917.00000000 572.00000000 1.00000000 358.00000000
910.00000000 616.00000000 2.00000000 358.00000000
816.00000000 420.00000000 2.00000000 357.00000000
693.00000000 665.00000000 0.00000000 356.00000000
608.00000000 468.00000000 0.00000000 355.00000000
347.00000000 695.00000000 0.00000000 355.00000000
489.00000000 784.00000000 1.00000000 355.00000000
779.00000000 754.00000000 0.00000000 354.00000000
903.00000000 490.00000000 0.00000000 354.00000000
791.00000000 337.00000000 0.00000000 350.00000000
312.00000000 586.00000000 1.00000000 348.00000000
908.00000000 625.00000000 0.00000000 347.00000000
816.00000000 642.00000000 2.00000000 346.00000000
838.00000000 224.00000000 0.00000000 346.00000000
520.00000000 738.00000000 0.00000000 340.00000000
903.00000000 491.00000000 1.00000000 339.00000000
857.00000000 596.00000000 1.00000000 339.00000000
743.00000000 332.00000000 0.00000000 338.00000000
353.00000000 817.00000000 1.00000000 335.00000000
714.00000000 148.00000000 1.00000000 335.00000000
566.00000000 542.00000000 1.00000000 334.00000000
548.00000000 665.00000000 0.00000000 334.00000000
816.00000000 642.00000000 1.00000000 332.00000000
934.00000000 502.00000000 0.00000000 331.00000000
760.00000000 236.00000000 0.00000000 331.00000000
304.00000000 816.00000000 1.00000000 329.00000000
704.00000000 295.00000000 1.00000000 327.00000000
767.00000000 364.00000000 0.00000000 327.00000000
292.00000000 773.00000000 0.00000000 326.00000000
770.00000000 222.00000000 1.00000000 325.00000000
779.00000000 755.00000000 1.00000000 325.00000000
770.00000000 220.00000000 2.00000000 324.00000000
805.00000000 366.00000000 0.00000000 324.00000000
817.00000000 644.00000000 2.00000000 323.00000000
726.00000000 663.00000000 1.00000000 323.00000000
514.00000000 10.00000000 0.00000000 322.00000000
678.00000000 182.00000000 0.00000000 321.00000000
539.00000000 732.00000000 0.00000000 321.00000000
566.00000000 541.00000000 0.00000000 321.00000000
328.00000000 756.00000000 1.00000000 321.00000000
803.00000000 337.00000000 1.00000000 321.00000000
494.00000000 613.00000000 1.00000000 319.00000000
705.00000000 367.00000000 1.00000000 319.00000000
838.00000000 334.00000000 2.00000000 317.00000000
257.00000000 216.00000000 1.00000000 313.00000000
312.00000000 586.00000000 2.00000000 302.00000000
814.00000000 421.00000000 2.00000000 284.00000000
311.00000000 707.00000000 5.00000000 282.00000000
330.00000000 528.00000000 2.00000000 274.00000000
350.00000000 257.00000000 2.00000000 269.00000000
769.00000000 217.00000000 2.00000000 265.00000000
500.00000000 236.00000000 4.00000000 244.00000000
348.00000000 264.00000000 4.00000000 243.00000000
