807.00000000 687.00000000 1.00000000 816.00000000
893.00000000 729.00000000 2.00000000 814.00000000
807.00000000 687.00000000 1.00000000 783.00000000
896.00000000 728.00000000 2.00000000 744.00000000
632.00000000 335.00000000 0.00000000 722.00000000
158.00000000 30.00000000 1.00000000 720.00000000
397.00000000 128.00000000 0.00000000 717.00000000
606.00000000 370.00000000 0.00000000 707.00000000
397.00000000 139.00000000 1.00000000 702.00000000
398.00000000 138.00000000 0.00000000 680.00000000
468.00000000 187.00000000 0.00000000 678.00000000
613.00000000 337.00000000 0.00000000 674.00000000
613.00000000 338.00000000 1.00000000 666.00000000
569.00000000 291.00000000 1.00000000 651.00000000
398.00000000 215.00000000 0.00000000 646.00000000
807.00000000 686.00000000 0.00000000 644.00000000
98.00000000 320.00000000 0.00000000 628.00000000
896.00000000 732.00000000 4.00000000 617.00000000
19.00000000 24.00000000 1.00000000 610.00000000
469.00000000 187.00000000 1.00000000 609.00000000
156.00000000 31.00000000 1.00000000 606.00000000
442.00000000 266.00000000 1.00000000 602.00000000
806.00000000 668.00000000 1.00000000 600.00000000
571.00000000 290.00000000 1.00000000 589.00000000
805.00000000 625.00000000 1.00000000 584.00000000
572.00000000 289.00000000 0.00000000 583.00000000
364.00000000 553.00000000 1.00000000 579.00000000
202.00000000 713.00000000 1.00000000 572.00000000
158.00000000 28.00000000 0.00000000 570.00000000
135.00000000 33.00000000 0.00000000 566.00000000
441.00000000 265.00000000 0.00000000 565.00000000
806.00000000 668.00000000 1.00000000 565.00000000
987.00000000 548.00000000 1.00000000 565.00000000
560.00000000 150.00000000 2.00000000 564.00000000
987.00000000 548.00000000 0.00000000 562.00000000
61.00000000 746.00000000 0.00000000 559.00000000
135.00000000 34.00000000 1.00000000 557.00000000
560.00000000 151.00000000 1.00000000 554.00000000
531.00000000 294.00000000 0.00000000 549.00000000
710.00000000 311.00000000 0.00000000 546.00000000
633.00000000 284.00000000 0.00000000 545.00000000
19.00000000 724.00000000 0.00000000 542.00000000
649.00000000 283.00000000 0.00000000 542.00000000
632.00000000 130.00000000 1.00000000 539.00000000
485.00000000 535.00000000 0.00000000 539.00000000
896.00000000 728.00000000 1.00000000 537.00000000
83.00000000 132.00000000 0.00000000 536.00000000
633.00000000 336.00000000 1.00000000 536.00000000
890.00000000 522.00000000 2.00000000 535.00000000
719.00000000 674.00000000 1.00000000 534.00000000
557.00000000 147.00000000 2.00000000 533.00000000
557.00000000 379.00000000 0.00000000 528.00000000
395.00000000 247.00000000 1.00000000 525.00000000
633.00000000 286.00000000 1.00000000 521.00000000
720.00000000 674.00000000 2.00000000 519.00000000
633.00000000 129.00000000 1.00000000 514.00000000
752.00000000 113.00000000 1.00000000 513.00000000
541.00000000 192.00000000 0.00000000 512.00000000
196.00000000 28.00000000 1.00000000 510.00000000
181.00000000 26.00000000 0.00000000 508.00000000
615.00000000 369.00000000 0.00000000 505.00000000
922.00000000 616.00000000 0.00000000 504.00000000
186.00000000 214.00000000 0.00000000 502.00000000
710.00000000 121.00000000 0.00000000 502.00000000
554.00000000 341.00000000 0.00000000 502.00000000
889.00000000 521.00000000 1.00000000 500.00000000
922.00000000 617.00000000 1.00000000 499.00000000
793.00000000 535.00000000 0.00000000 498.00000000
714.00000000 545.00000000 0.00000000 497.00000000
99.00000000 320.00000000 1.00000000 496.00000000
386.00000000 262.00000000 0.00000000 495.00000000
26.00000000 753.00000000 0.00000000 492.00000000
421.00000000 132.00000000 1.00000000 492.00000000
709.00000000 279.00000000 0.00000000 492.00000000
561.00000000 153.00000000 1.00000000 489.00000000
363.00000000 554.00000000 1.00000000 488.00000000
19.00000000 24.00000000 0.00000000 487.00000000
570.00000000 292.00000000 2.00000000 487.00000000
707.00000000 291.00000000 1.00000000 486.00000000
53.00000000 753.00000000 0.00000000 485.00000000
1005.00000000 169.00000000 1.00000000 485.00000000
752.00000000 676.00000000 2.00000000 484.00000000
616.00000000 371.00000000 1.00000000 483.00000000
531.00000000 295.00000000 1.00000000 483.00000000
710.00000000 122.00000000 1.00000000 482.00000000
950.00000000 653.00000000 0.00000000 482.00000000
888.00000000 526.00000000 2.00000000 481.00000000
558.00000000 379.00000000 1.00000000 479.00000000
807.00000000 643.00000000 1.00000000 479.00000000
398.00000000 216.00000000 1.00000000 476.00000000
153.00000000 48.00000000 1.00000000 476.00000000
922.00000000 598.00000000 1.00000000 475.00000000
922.00000000 662.00000000 0.00000000 475.00000000
110.00000000 37.00000000 0.00000000 475.00000000
560.00000000 189.00000000 0.00000000 472.00000000
666.00000000 480.00000000 0.00000000 471.00000000
26.00000000 732.00000000 0.00000000 469.00000000
568.00000000 63.00000000 1.00000000 467.00000000
752.00000000 675.00000000 1.00000000 466.00000000
458.00000000 789.00000000 1.00000000 466.00000000
749.00000000 675.00000000 2.00000000 465.00000000
560.00000000 173.00000000 0.00000000 459.00000000
565.00000000 258.00000000 1.00000000 458.00000000
634.00000000 130.00000000 2.00000000 458.00000000
540.00000000 174.00000000 0.00000000 449.00000000
693.00000000 171.00000000 0.00000000 447.00000000
619.00000000 178.00000000 0.00000000 444.00000000
366.00000000 155.00000000 0.00000000 444.00000000
635.00000000 178.00000000 0.00000000 437.00000000
318.00000000 446.00000000 0.00000000 437.00000000
256.00000000 770.00000000 0.00000000 436.00000000
572.00000000 372.00000000 0.00000000 435.00000000
661.00000000 164.00000000 0.00000000 434.00000000
922.00000000 608.00000000 0.00000000 432.00000000
632.00000000 127.00000000 0.00000000 428.00000000
161.00000000 656.00000000 0.00000000 427.00000000
531.00000000 574.00000000 0.00000000 427.00000000
202.00000000 712.00000000 0.00000000 426.00000000
951.00000000 593.00000000 0.00000000 421.00000000
196.00000000 26.00000000 0.00000000 418.00000000
706.00000000 292.00000000 0.00000000 417.00000000
603.00000000 300.00000000 0.00000000 416.00000000
555.00000000 106.00000000 0.00000000 413.00000000
805.00000000 625.00000000 0.00000000 411.00000000
808.00000000 688.00000000 2.00000000 411.00000000
656.00000000 728.00000000 4.00000000 403.00000000
899.00000000 735.00000000 5.00000000 361.00000000
