365.00000000 159.00000000 0.00000000 714.00000000
480.00000000 269.00000000 0.00000000 603.00000000
366.00000000 160.00000000 1.00000000 601.00000000
481.00000000 269.00000000 1.00000000 515.00000000
653.00000000 38.00000000 0.00000000 482.00000000
724.00000000 320.00000000 0.00000000 479.00000000
285.00000000 151.00000000 1.00000000 467.00000000
492.00000000 825.00000000 1.00000000 446.00000000
765.00000000 240.00000000 0.00000000 437.00000000
801.00000000 553.00000000 0.00000000 436.00000000
282.00000000 140.00000000 0.00000000 433.00000000
452.00000000 55.00000000 0.00000000 408.00000000
653.00000000 39.00000000 1.00000000 407.00000000
662.00000000 261.00000000 1.00000000 403.00000000
285.00000000 150.00000000 0.00000000 402.00000000
661.00000000 260.00000000 0.00000000 401.00000000
766.00000000 241.00000000 1.00000000 398.00000000
595.00000000 772.00000000 1.00000000 395.00000000
475.00000000 22.00000000 0.00000000 392.00000000
452.00000000 56.00000000 1.00000000 389.00000000
695.00000000 505.00000000 1.00000000 389.00000000
545.00000000 794.00000000 1.00000000 380.00000000
694.00000000 504.00000000 1.00000000 375.00000000
451.00000000 55.00000000 1.00000000 372.00000000
731.00000000 321.00000000 0.00000000 367.00000000
593.00000000 772.00000000 1.00000000 365.00000000
549.00000000 610.00000000 1.00000000 363.00000000
781.00000000 580.00000000 0.00000000 363.00000000
273.00000000 143.00000000 0.00000000 357.00000000
627.00000000 548.00000000 0.00000000 354.00000000
492.00000000 823.00000000 0.00000000 348.00000000
569.00000000 725.00000000 0.00000000 346.00000000
439.00000000 709.00000000 0.00000000 345.00000000
398.00000000 690.00000000 0.00000000 344.00000000
366.00000000 159.00000000 1.00000000 344.00000000
681.00000000 285.00000000 1.00000000 343.00000000
541.00000000 675.00000000 0.00000000 340.00000000
394.00000000 806.00000000 0.00000000 335.00000000
705.00000000 436.00000000 1.00000000 334.00000000
729.00000000 736.00000000 1.00000000 328.00000000
671.00000000 743.00000000 0.00000000 326.00000000
546.00000000 793.00000000 1.00000000 322.00000000
549.00000000 610.00000000 0.00000000 321.00000000
640.00000000 29.00000000 0.00000000 321.00000000
545.00000000 177.00000000 0.00000000 321.00000000
596.00000000 531.00000000 0.00000000 321.00000000
680.00000000 214.00000000 0.00000000 320.00000000
627.00000000 463.00000000 0.00000000 320.00000000
412.00000000 586.00000000 1.00000000 316.00000000
481.00000000 50.00000000 0.00000000 310.00000000
796.00000000 592.00000000 0.00000000 309.00000000
551.00000000 172.00000000 0.00000000 309.00000000
625.00000000 557.00000000 0.00000000 307.00000000
450.00000000 54.00000000 2.00000000 306.00000000
684.00000000 169.00000000 0.00000000 301.00000000
723.00000000 235.00000000 0.00000000 301.00000000
681.00000000 285.00000000 0.00000000 300.00000000
394.00000000 806.00000000 1.00000000 300.00000000
285.00000000 149.00000000 1.00000000 300.00000000
548.00000000 609.00000000 1.00000000 299.00000000
716.00000000 205.00000000 0.00000000 299.00000000
822.00000000 456.00000000 0.00000000 298.00000000
797.00000000 593.00000000 1.00000000 297.00000000
756.00000000 329.00000000 1.00000000 297.00000000
547.00000000 462.00000000 0.00000000 296.00000000
438.00000000 212.00000000 2.00000000 294.00000000
401.00000000 548.00000000 1.00000000 294.00000000
526.00000000 807.00000000 1.00000000 291.00000000
624.00000000 456.00000000 0.00000000 291.00000000
652.00000000 173.00000000 0.00000000 290.00000000
542.00000000 675.00000000 1.00000000 289.00000000
705.00000000 436.00000000 0.00000000 288.00000000
587.00000000 661.00000000 0.00000000 286.00000000
581.00000000 647.00000000 0.00000000 286.00000000
315.00000000 141.00000000 1.00000000 286.00000000
609.00000000 773.00000000 1.00000000 285.00000000
729.00000000 734.00000000 0.00000000 283.00000000
596.00000000 819.00000000 0.00000000 283.00000000
683.00000000 355.00000000 1.00000000 281.00000000
724.00000000 321.00000000 1.00000000 281.00000000
642.00000000 680.00000000 0.00000000 281.00000000
653.00000000 39.00000000 1.00000000 280.00000000
475.00000000 22.00000000 1.00000000 280.00000000
422.00000000 782.00000000 0.00000000 278.00000000
656.00000000 125.00000000 0.00000000 278.00000000
423.00000000 782.00000000 1.00000000 278.00000000
469.00000000 292.00000000 1.00000000 277.00000000
596.00000000 644.00000000 0.00000000 277.00000000
683.00000000 354.00000000 0.00000000 276.00000000
760.00000000 363.00000000 1.00000000 276.00000000
720.00000000 156.00000000 0.00000000 274.00000000
545.00000000 203.00000000 2.00000000 274.00000000
781.00000000 580.00000000 1.00000000 274.00000000
416.00000000 712.00000000 4.00000000 274.00000000
400.00000000 548.00000000 0.00000000 273.00000000
267.00000000 492.00000000 0.00000000 273.00000000
609.00000000 773.00000000 1.00000000 270.00000000
411.00000000 586.00000000 1.00000000 270.00000000
505.00000000 66.00000000 0.00000000 270.00000000
738.00000000 331.00000000 0.00000000 269.00000000
581.00000000 647.00000000 1.00000000 268.00000000
468.00000000 654.00000000 0.00000000 268.00000000
412.00000000 718.00000000 5.00000000 268.00000000
642.00000000 634.00000000 0.00000000 268.00000000
766.00000000 241.00000000 1.00000000 268.00000000
695.00000000 505.00000000 0.00000000 267.00000000
755.00000000 223.00000000 1.00000000 266.00000000
682.00000000 652.00000000 0.00000000 266.00000000
744.00000000 634.00000000 0.00000000 265.00000000
544.00000000 208.00000000 4.00000000 265.00000000
717.00000000 206.00000000 1.00000000 263.00000000
567.00000000 741.00000000 0.00000000 262.00000000
452.00000000 717.00000000 0.00000000 262.00000000
748.00000000 621.00000000 0.00000000 261.00000000
672.00000000 743.00000000 1.00000000 261.00000000
717.00000000 356.00000000 0.00000000 261.00000000
607.00000000 551.00000000 1.00000000 259.00000000
694.00000000 504.00000000 2.00000000 259.00000000
422.00000000 554.00000000 1.00000000 258.00000000
412.00000000 588.00000000 2.00000000 256.00000000
438.00000000 214.00000000 2.00000000 246.00000000
470.00000000 292.00000000 2.00000000 229.00000000
565.00000000 113.00000000 2.00000000 227.00000000
460.00000000 314.00000000 2.00000000 226.00000000
415.00000000 709.00000000 2.00000000 221.00000000
682.00000000 354.00000000 2.00000000 219.00000000
682.00000000 308.00000000 2.00000000 215.00000000
