890.00000000 621.00000000 1.00000000 814.00000000
952.00000000 648.00000000 2.00000000 801.00000000
890.00000000 621.00000000 0.00000000 759.00000000
330.00000000 58.00000000 1.00000000 754.00000000
565.00000000 178.00000000 0.00000000 714.00000000
745.00000000 353.00000000 0.00000000 693.00000000
547.00000000 57.00000000 1.00000000 692.00000000
951.00000000 647.00000000 1.00000000 684.00000000
889.00000000 607.00000000 0.00000000 680.00000000
889.00000000 607.00000000 1.00000000 677.00000000
565.00000000 171.00000000 0.00000000 665.00000000
330.00000000 57.00000000 0.00000000 639.00000000
306.00000000 58.00000000 1.00000000 637.00000000
712.00000000 314.00000000 1.00000000 631.00000000
329.00000000 59.00000000 1.00000000 628.00000000
212.00000000 721.00000000 0.00000000 618.00000000
889.00000000 574.00000000 0.00000000 615.00000000
531.00000000 530.00000000 1.00000000 612.00000000
953.00000000 650.00000000 2.00000000 612.00000000
547.00000000 57.00000000 0.00000000 610.00000000
132.00000000 268.00000000 0.00000000 610.00000000
535.00000000 58.00000000 0.00000000 605.00000000
763.00000000 190.00000000 1.00000000 598.00000000
325.00000000 74.00000000 1.00000000 591.00000000
761.00000000 352.00000000 0.00000000 589.00000000
603.00000000 288.00000000 0.00000000 585.00000000
306.00000000 57.00000000 0.00000000 581.00000000
1013.00000000 513.00000000 0.00000000 580.00000000
711.00000000 315.00000000 1.00000000 569.00000000
325.00000000 74.00000000 1.00000000 563.00000000
627.00000000 224.00000000 0.00000000 560.00000000
952.00000000 647.00000000 1.00000000 559.00000000
584.00000000 56.00000000 0.00000000 557.00000000
202.00000000 729.00000000 0.00000000 555.00000000
534.00000000 60.00000000 1.00000000 551.00000000
359.00000000 228.00000000 0.00000000 551.00000000
522.00000000 58.00000000 1.00000000 546.00000000
171.00000000 712.00000000 1.00000000 542.00000000
170.00000000 732.00000000 0.00000000 541.00000000
712.00000000 133.00000000 1.00000000 541.00000000
704.00000000 200.00000000 2.00000000 535.00000000
704.00000000 202.00000000 1.00000000 534.00000000
354.00000000 57.00000000 0.00000000 533.00000000
704.00000000 203.00000000 1.00000000 531.00000000
948.00000000 496.00000000 1.00000000 529.00000000
583.00000000 57.00000000 1.00000000 528.00000000
279.00000000 57.00000000 0.00000000 527.00000000
740.00000000 379.00000000 0.00000000 525.00000000
712.00000000 313.00000000 0.00000000 524.00000000
563.00000000 243.00000000 0.00000000 523.00000000
250.00000000 142.00000000 0.00000000 519.00000000
762.00000000 312.00000000 0.00000000 518.00000000
679.00000000 316.00000000 0.00000000 517.00000000
826.00000000 615.00000000 1.00000000 513.00000000
700.00000000 384.00000000 0.00000000 509.00000000
679.00000000 316.00000000 1.00000000 509.00000000
763.00000000 190.00000000 1.00000000 506.00000000
889.00000000 575.00000000 1.00000000 506.00000000
565.00000000 179.00000000 1.00000000 504.00000000
849.00000000 615.00000000 1.00000000 504.00000000
212.00000000 722.00000000 1.00000000 502.00000000
784.00000000 466.00000000 0.00000000 500.00000000
171.00000000 712.00000000 0.00000000 498.00000000
626.00000000 225.00000000 1.00000000 493.00000000
522.00000000 57.00000000 0.00000000 491.00000000
175.00000000 32.00000000 1.00000000 490.00000000
948.00000000 496.00000000 1.00000000 489.00000000
263.00000000 319.00000000 0.00000000 488.00000000
970.00000000 597.00000000 0.00000000 488.00000000
774.00000000 311.00000000 0.00000000 488.00000000
825.00000000 616.00000000 1.00000000 486.00000000
850.00000000 202.00000000 1.00000000 484.00000000
617.00000000 722.00000000 1.00000000 478.00000000
849.00000000 203.00000000 1.00000000 478.00000000
948.00000000 498.00000000 2.00000000 476.00000000
162.00000000 704.00000000 0.00000000 474.00000000
279.00000000 58.00000000 1.00000000 473.00000000
531.00000000 529.00000000 0.00000000 469.00000000
970.00000000 564.00000000 0.00000000 468.00000000
370.00000000 677.00000000 1.00000000 468.00000000
850.00000000 614.00000000 2.00000000 467.00000000
774.00000000 659.00000000 2.00000000 463.00000000
850.00000000 615.00000000 1.00000000 461.00000000
890.00000000 622.00000000 1.00000000 461.00000000
586.00000000 175.00000000 0.00000000 460.00000000
603.00000000 288.00000000 1.00000000 457.00000000
720.00000000 751.00000000 0.00000000 456.00000000
970.00000000 551.00000000 0.00000000 455.00000000
1014.00000000 513.00000000 1.00000000 455.00000000
954.00000000 529.00000000 1.00000000 455.00000000
762.00000000 189.00000000 0.00000000 454.00000000
1028.00000000 243.00000000 0.00000000 454.00000000
697.00000000 354.00000000 0.00000000 453.00000000
639.00000000 511.00000000 0.00000000 452.00000000
707.00000000 767.00000000 0.00000000 451.00000000
113.00000000 729.00000000 0.00000000 451.00000000
745.00000000 354.00000000 1.00000000 450.00000000
712.00000000 132.00000000 1.00000000 447.00000000
547.00000000 57.00000000 1.00000000 447.00000000
164.00000000 21.00000000 0.00000000 445.00000000
712.00000000 132.00000000 0.00000000 440.00000000
190.00000000 671.00000000 0.00000000 431.00000000
704.00000000 203.00000000 0.00000000 429.00000000
688.00000000 219.00000000 0.00000000 429.00000000
530.00000000 530.00000000 1.00000000 428.00000000
850.00000000 201.00000000 0.00000000 427.00000000
820.00000000 335.00000000 0.00000000 425.00000000
854.00000000 185.00000000 0.00000000 425.00000000
822.00000000 189.00000000 0.00000000 422.00000000
820.00000000 316.00000000 2.00000000 421.00000000
370.00000000 60.00000000 1.00000000 420.00000000
704.00000000 197.00000000 2.00000000 415.00000000
774.00000000 753.00000000 0.00000000 412.00000000
600.00000000 217.00000000 0.00000000 412.00000000
688.00000000 233.00000000 0.00000000 411.00000000
818.00000000 320.00000000 0.00000000 411.00000000
552.00000000 282.00000000 0.00000000 410.00000000
126.00000000 25.00000000 0.00000000 408.00000000
850.00000000 204.00000000 2.00000000 406.00000000
747.00000000 379.00000000 0.00000000 403.00000000
560.00000000 270.00000000 0.00000000 403.00000000
776.00000000 658.00000000 2.00000000 398.00000000
764.00000000 192.00000000 2.00000000 392.00000000
989.00000000 288.00000000 2.00000000 389.00000000
175.00000000 633.00000000 5.00000000 383.00000000
992.00000000 292.00000000 4.00000000 354.00000000
956.00000000 652.00000000 4.00000000 343.00000000
