659.00000000 794.00000000 1.00000000 769.00000000
659.00000000 793.00000000 1.00000000 736.00000000
471.00000000 374.00000000 0.00000000 679.00000000
465.00000000 410.00000000 0.00000000 664.00000000
557.00000000 338.00000000 0.00000000 654.00000000
473.00000000 409.00000000 0.00000000 639.00000000
334.00000000 307.00000000 0.00000000 636.00000000
410.00000000 221.00000000 0.00000000 631.00000000
334.00000000 308.00000000 1.00000000 630.00000000
434.00000000 325.00000000 1.00000000 619.00000000
472.00000000 374.00000000 1.00000000 605.00000000
434.00000000 323.00000000 0.00000000 593.00000000
354.00000000 224.00000000 0.00000000 591.00000000
554.00000000 123.00000000 1.00000000 591.00000000
424.00000000 172.00000000 2.00000000 590.00000000
557.00000000 301.00000000 0.00000000 588.00000000
148.00000000 108.00000000 0.00000000 585.00000000
857.00000000 632.00000000 1.00000000 579.00000000
488.00000000 369.00000000 0.00000000 579.00000000
434.00000000 324.00000000 1.00000000 577.00000000
330.00000000 221.00000000 0.00000000 569.00000000
857.00000000 633.00000000 1.00000000 565.00000000
410.00000000 202.00000000 0.00000000 556.00000000
659.00000000 791.00000000 0.00000000 551.00000000
45.00000000 120.00000000 0.00000000 545.00000000
554.00000000 123.00000000 0.00000000 543.00000000
485.00000000 142.00000000 1.00000000 542.00000000
502.00000000 311.00000000 0.00000000 540.00000000
425.00000000 176.00000000 1.00000000 534.00000000
552.00000000 123.00000000 1.00000000 522.00000000
657.00000000 770.00000000 1.00000000 521.00000000
744.00000000 592.00000000 2.00000000 517.00000000
660.00000000 794.00000000 2.00000000 516.00000000
424.00000000 420.00000000 0.00000000 514.00000000
435.00000000 196.00000000 0.00000000 511.00000000
301.00000000 292.00000000 1.00000000 509.00000000
366.00000000 589.00000000 0.00000000 509.00000000
302.00000000 260.00000000 0.00000000 505.00000000
314.00000000 33.00000000 1.00000000 504.00000000
301.00000000 292.00000000 0.00000000 503.00000000
333.00000000 271.00000000 0.00000000 502.00000000
485.00000000 142.00000000 1.00000000 502.00000000
424.00000000 174.00000000 2.00000000 497.00000000
461.00000000 333.00000000 0.00000000 496.00000000
564.00000000 611.00000000 0.00000000 495.00000000
422.00000000 379.00000000 0.00000000 494.00000000
425.00000000 420.00000000 1.00000000 493.00000000
426.00000000 178.00000000 1.00000000 493.00000000
432.00000000 81.00000000 1.00000000 492.00000000
411.00000000 221.00000000 1.00000000 489.00000000
287.00000000 45.00000000 0.00000000 485.00000000
113.00000000 377.00000000 0.00000000 484.00000000
743.00000000 593.00000000 2.00000000 481.00000000
488.00000000 371.00000000 1.00000000 479.00000000
354.00000000 224.00000000 1.00000000 477.00000000
300.00000000 181.00000000 0.00000000 477.00000000
557.00000000 339.00000000 1.00000000 477.00000000
643.00000000 604.00000000 0.00000000 476.00000000
146.00000000 30.00000000 0.00000000 476.00000000
780.00000000 706.00000000 0.00000000 476.00000000
436.00000000 197.00000000 1.00000000 473.00000000
486.00000000 144.00000000 2.00000000 473.00000000
781.00000000 694.00000000 1.00000000 471.00000000
813.00000000 690.00000000 0.00000000 470.00000000
695.00000000 587.00000000 0.00000000 469.00000000
554.00000000 317.00000000 1.00000000 467.00000000
277.00000000 602.00000000 1.00000000 465.00000000
69.00000000 120.00000000 0.00000000 459.00000000
814.00000000 770.00000000 0.00000000 454.00000000
565.00000000 612.00000000 1.00000000 454.00000000
780.00000000 719.00000000 1.00000000 449.00000000
552.00000000 122.00000000 2.00000000 448.00000000
522.00000000 535.00000000 1.00000000 447.00000000
554.00000000 311.00000000 2.00000000 446.00000000
431.00000000 82.00000000 1.00000000 445.00000000
331.00000000 221.00000000 1.00000000 444.00000000
815.00000000 771.00000000 1.00000000 440.00000000
902.00000000 599.00000000 0.00000000 438.00000000
485.00000000 140.00000000 0.00000000 437.00000000
70.00000000 751.00000000 0.00000000 435.00000000
570.00000000 766.00000000 2.00000000 435.00000000
803.00000000 226.00000000 5.00000000 432.00000000
758.00000000 743.00000000 0.00000000 432.00000000
176.00000000 55.00000000 0.00000000 432.00000000
400.00000000 634.00000000 0.00000000 431.00000000
432.00000000 80.00000000 0.00000000 429.00000000
402.00000000 331.00000000 0.00000000 428.00000000
487.00000000 195.00000000 0.00000000 427.00000000
314.00000000 32.00000000 0.00000000 427.00000000
602.00000000 772.00000000 2.00000000 426.00000000
168.00000000 762.00000000 0.00000000 425.00000000
554.00000000 315.00000000 1.00000000 424.00000000
436.00000000 413.00000000 0.00000000 422.00000000
782.00000000 694.00000000 1.00000000 421.00000000
422.00000000 380.00000000 1.00000000 420.00000000
511.00000000 178.00000000 0.00000000 419.00000000
540.00000000 321.00000000 0.00000000 419.00000000
299.00000000 172.00000000 0.00000000 419.00000000
902.00000000 600.00000000 1.00000000 419.00000000
487.00000000 313.00000000 0.00000000 415.00000000
172.00000000 102.00000000 1.00000000 413.00000000
171.00000000 101.00000000 0.00000000 411.00000000
571.00000000 766.00000000 1.00000000 411.00000000
69.00000000 121.00000000 1.00000000 410.00000000
656.00000000 754.00000000 0.00000000 409.00000000
279.00000000 202.00000000 0.00000000 409.00000000
588.00000000 134.00000000 2.00000000 408.00000000
426.00000000 178.00000000 0.00000000 408.00000000
745.00000000 592.00000000 1.00000000 407.00000000
231.00000000 689.00000000 0.00000000 405.00000000
523.00000000 533.00000000 0.00000000 404.00000000
721.00000000 543.00000000 1.00000000 403.00000000
587.00000000 129.00000000 0.00000000 403.00000000
288.00000000 45.00000000 1.00000000 402.00000000
644.00000000 605.00000000 1.00000000 402.00000000
722.00000000 310.00000000 0.00000000 400.00000000
800.00000000 224.00000000 4.00000000 398.00000000
169.00000000 749.00000000 0.00000000 394.00000000
279.00000000 50.00000000 0.00000000 394.00000000
429.00000000 289.00000000 1.00000000 393.00000000
424.00000000 172.00000000 4.00000000 392.00000000
277.00000000 601.00000000 0.00000000 391.00000000
185.00000000 50.00000000 0.00000000 391.00000000
902.00000000 601.00000000 1.00000000 390.00000000
588.00000000 132.00000000 1.00000000 389.00000000
599.00000000 774.00000000 2.00000000 388.00000000
782.00000000 680.00000000 1.00000000 387.00000000
