387.00000000 74.00000000 1.00000000 215.00000000
388.00000000 74.00000000 1.00000000 213.00000000
527.00000000 314.00000000 1.00000000 211.00000000
527.00000000 313.00000000 0.00000000 199.00000000
187.00000000 474.00000000 0.00000000 198.00000000
380.00000000 376.00000000 0.00000000 193.00000000
470.00000000 134.00000000 1.00000000 169.00000000
505.00000000 127.00000000 0.00000000 169.00000000
249.00000000 124.00000000 1.00000000 168.00000000
505.00000000 128.00000000 1.00000000 167.00000000
380.00000000 375.00000000 1.00000000 165.00000000
357.00000000 89.00000000 0.00000000 165.00000000
456.00000000 268.00000000 2.00000000 165.00000000
388.00000000 74.00000000 0.00000000 162.00000000
187.00000000 474.00000000 1.00000000 161.00000000
447.00000000 141.00000000 0.00000000 155.00000000
455.00000000 267.00000000 1.00000000 155.00000000
485.00000000 201.00000000 0.00000000 155.00000000
563.00000000 104.00000000 1.00000000 154.00000000
576.00000000 124.00000000 1.00000000 154.00000000
294.00000000 246.00000000 0.00000000 153.00000000
248.00000000 123.00000000 0.00000000 153.00000000
592.00000000 240.00000000 1.00000000 152.00000000
485.00000000 201.00000000 1.00000000 152.00000000
391.00000000 185.00000000 1.00000000 152.00000000
280.00000000 21.00000000 1.00000000 150.00000000
463.00000000 311.00000000 0.00000000 146.00000000
219.00000000 241.00000000 1.00000000 146.00000000
576.00000000 124.00000000 1.00000000 146.00000000
131.00000000 313.00000000 0.00000000 145.00000000
294.00000000 112.00000000 2.00000000 143.00000000
428.00000000 53.00000000 1.00000000 143.00000000
322.00000000 332.00000000 2.00000000 143.00000000
564.00000000 104.00000000 1.00000000 141.00000000
294.00000000 113.00000000 1.00000000 139.00000000
358.00000000 89.00000000 1.00000000 138.00000000
446.00000000 277.00000000 5.00000000 138.00000000
379.00000000 376.00000000 1.00000000 135.00000000
433.00000000 393.00000000 0.00000000 133.00000000
592.00000000 239.00000000 0.00000000 133.00000000
463.00000000 312.00000000 1.00000000 132.00000000
469.00000000 133.00000000 0.00000000 132.00000000
294.00000000 246.00000000 1.00000000 128.00000000
329.00000000 20.00000000 1.00000000 128.00000000
596.00000000 294.00000000 2.00000000 127.00000000
388.00000000 74.00000000 2.00000000 127.00000000
404.00000000 272.00000000 0.00000000 127.00000000
314.00000000 164.00000000 0.00000000 126.00000000
280.00000000 21.00000000 0.00000000 126.00000000
392.00000000 186.00000000 2.00000000 126.00000000
614.00000000 192.00000000 2.00000000 125.00000000
527.00000000 315.00000000 1.00000000 123.00000000
28.00000000 25.00000000 0.00000000 123.00000000
294.00000000 112.00000000 1.00000000 122.00000000
428.00000000 53.00000000 1.00000000 122.00000000
282.00000000 418.00000000 0.00000000 121.00000000
557.00000000 343.00000000 1.00000000 121.00000000
596.00000000 336.00000000 2.00000000 121.00000000
613.00000000 192.00000000 1.00000000 120.00000000
596.00000000 336.00000000 2.00000000 117.00000000
360.00000000 424.00000000 1.00000000 117.00000000
408.00000000 311.00000000 0.00000000 115.00000000
485.00000000 202.00000000 1.00000000 115.00000000
563.00000000 103.00000000 0.00000000 115.00000000
486.00000000 92.00000000 1.00000000 114.00000000
103.00000000 323.00000000 0.00000000 114.00000000
269.00000000 100.00000000 1.00000000 114.00000000
414.00000000 149.00000000 1.00000000 113.00000000
381.00000000 278.00000000 0.00000000 113.00000000
214.00000000 274.00000000 2.00000000 112.00000000
615.00000000 412.00000000 1.00000000 112.00000000
513.00000000 117.00000000 1.00000000 112.00000000
360.00000000 424.00000000 0.00000000 112.00000000
550.00000000 210.00000000 0.00000000 110.00000000
314.00000000 164.00000000 1.00000000 110.00000000
549.00000000 183.00000000 0.00000000 110.00000000
612.00000000 242.00000000 2.00000000 109.00000000
69.00000000 388.00000000 0.00000000 109.00000000
11.00000000 314.00000000 0.00000000 109.00000000
658.00000000 40.00000000 1.00000000 107.00000000
457.00000000 268.00000000 1.00000000 107.00000000
550.00000000 210.00000000 1.00000000 107.00000000
415.00000000 465.00000000 0.00000000 107.00000000
28.00000000 25.00000000 1.00000000 106.00000000
283.00000000 419.00000000 1.00000000 106.00000000
528.00000000 323.00000000 1.00000000 105.00000000
120.00000000 259.00000000 0.00000000 105.00000000
13.00000000 429.00000000 0.00000000 105.00000000
294.00000000 113.00000000 2.00000000 103.00000000
325.00000000 327.00000000 1.00000000 103.00000000
487.00000000 91.00000000 0.00000000 102.00000000
168.00000000 284.00000000 0.00000000 102.00000000
543.00000000 365.00000000 1.00000000 102.00000000
594.00000000 284.00000000 0.00000000 101.00000000
216.00000000 438.00000000 0.00000000 101.00000000
408.00000000 311.00000000 1.00000000 100.00000000
619.00000000 261.00000000 0.00000000 100.00000000
216.00000000 438.00000000 1.00000000 100.00000000
528.00000000 322.00000000 0.00000000 99.00000000
268.00000000 312.00000000 4.00000000 99.00000000
533.00000000 349.00000000 0.00000000 98.00000000
105.00000000 66.00000000 0.00000000 98.00000000
446.00000000 195.00000000 0.00000000 97.00000000
294.00000000 111.00000000 0.00000000 97.00000000
531.00000000 79.00000000 0.00000000 95.00000000
400.00000000 311.00000000 0.00000000 95.00000000
538.00000000 103.00000000 0.00000000 94.00000000
318.00000000 391.00000000 0.00000000 94.00000000
357.00000000 365.00000000 0.00000000 93.00000000
234.00000000 94.00000000 0.00000000 93.00000000
357.00000000 451.00000000 0.00000000 93.00000000
252.00000000 465.00000000 0.00000000 93.00000000
327.00000000 103.00000000 0.00000000 92.00000000
113.00000000 493.00000000 0.00000000 92.00000000
470.00000000 337.00000000 0.00000000 91.00000000
408.00000000 292.00000000 0.00000000 91.00000000
410.00000000 42.00000000 0.00000000 91.00000000
507.00000000 140.00000000 0.00000000 91.00000000
427.00000000 53.00000000 0.00000000 90.00000000
329.00000000 20.00000000 0.00000000 90.00000000
434.00000000 319.00000000 0.00000000 90.00000000
176.00000000 394.00000000 0.00000000 89.00000000
26.00000000 43.00000000 0.00000000 89.00000000
217.00000000 385.00000000 0.00000000 88.00000000
321.00000000 328.00000000 0.00000000 88.00000000
456.00000000 425.00000000 0.00000000 88.00000000
596.00000000 296.00000000 4.00000000 87.00000000
