467.00000000 299.00000000 0.00000000 353.00000000
467.00000000 300.00000000 1.00000000 351.00000000
740.00000000 476.00000000 1.00000000 316.00000000
491.00000000 406.00000000 1.00000000 295.00000000
490.00000000 405.00000000 1.00000000 291.00000000
500.00000000 312.00000000 0.00000000 287.00000000
740.00000000 476.00000000 0.00000000 286.00000000
525.00000000 220.00000000 0.00000000 276.00000000
500.00000000 312.00000000 1.00000000 272.00000000
523.00000000 219.00000000 1.00000000 266.00000000
504.00000000 324.00000000 0.00000000 256.00000000
504.00000000 325.00000000 1.00000000 247.00000000
574.00000000 282.00000000 1.00000000 243.00000000
492.00000000 488.00000000 0.00000000 240.00000000
525.00000000 220.00000000 1.00000000 230.00000000
739.00000000 476.00000000 1.00000000 219.00000000
492.00000000 489.00000000 1.00000000 215.00000000
516.00000000 490.00000000 0.00000000 214.00000000
574.00000000 281.00000000 1.00000000 209.00000000
492.00000000 406.00000000 2.00000000 206.00000000
360.00000000 217.00000000 1.00000000 204.00000000
573.00000000 282.00000000 0.00000000 204.00000000
334.00000000 413.00000000 1.00000000 204.00000000
550.00000000 305.00000000 0.00000000 202.00000000
414.00000000 324.00000000 0.00000000 198.00000000
422.00000000 202.00000000 0.00000000 197.00000000
524.00000000 406.00000000 1.00000000 195.00000000
491.00000000 405.00000000 0.00000000 195.00000000
333.00000000 414.00000000 1.00000000 193.00000000
343.00000000 248.00000000 1.00000000 191.00000000
524.00000000 218.00000000 2.00000000 190.00000000
331.00000000 432.00000000 0.00000000 189.00000000
362.00000000 218.00000000 2.00000000 189.00000000
494.00000000 301.00000000 0.00000000 188.00000000
238.00000000 332.00000000 1.00000000 183.00000000
528.00000000 121.00000000 0.00000000 182.00000000
466.00000000 299.00000000 1.00000000 181.00000000
364.00000000 441.00000000 1.00000000 181.00000000
299.00000000 359.00000000 1.00000000 178.00000000
421.00000000 203.00000000 1.00000000 174.00000000
484.00000000 227.00000000 1.00000000 171.00000000
195.00000000 437.00000000 1.00000000 170.00000000
332.00000000 414.00000000 2.00000000 169.00000000
300.00000000 360.00000000 2.00000000 168.00000000
363.00000000 442.00000000 1.00000000 165.00000000
234.00000000 470.00000000 1.00000000 163.00000000
494.00000000 302.00000000 1.00000000 163.00000000
499.00000000 495.00000000 0.00000000 163.00000000
234.00000000 470.00000000 0.00000000 161.00000000
503.00000000 325.00000000 1.00000000 161.00000000
184.00000000 436.00000000 4.00000000 160.00000000
455.00000000 234.00000000 2.00000000 160.00000000
264.00000000 327.00000000 0.00000000 160.00000000
507.00000000 271.00000000 1.00000000 159.00000000
456.00000000 236.00000000 4.00000000 159.00000000
361.00000000 218.00000000 1.00000000 158.00000000
506.00000000 270.00000000 1.00000000 157.00000000
331.00000000 432.00000000 1.00000000 157.00000000
500.00000000 312.00000000 1.00000000 156.00000000
458.00000000 234.00000000 2.00000000 154.00000000
749.00000000 447.00000000 1.00000000 153.00000000
483.00000000 227.00000000 1.00000000 153.00000000
192.00000000 435.00000000 2.00000000 152.00000000
748.00000000 460.00000000 1.00000000 152.00000000
393.00000000 231.00000000 1.00000000 152.00000000
194.00000000 438.00000000 2.00000000 150.00000000
598.00000000 226.00000000 1.00000000 149.00000000
680.00000000 212.00000000 0.00000000 149.00000000
425.00000000 251.00000000 0.00000000 149.00000000
736.00000000 458.00000000 0.00000000 148.00000000
523.00000000 406.00000000 0.00000000 148.00000000
237.00000000 333.00000000 1.00000000 148.00000000
137.00000000 390.00000000 0.00000000 147.00000000
450.00000000 320.00000000 1.00000000 146.00000000
458.00000000 235.00000000 1.00000000 146.00000000
291.00000000 136.00000000 0.00000000 146.00000000
364.00000000 441.00000000 0.00000000 146.00000000
334.00000000 412.00000000 0.00000000 145.00000000
433.00000000 134.00000000 1.00000000 144.00000000
458.00000000 234.00000000 1.00000000 144.00000000
659.00000000 424.00000000 0.00000000 142.00000000
196.00000000 15.00000000 1.00000000 141.00000000
195.00000000 436.00000000 0.00000000 141.00000000
193.00000000 438.00000000 1.00000000 141.00000000
237.00000000 333.00000000 0.00000000 141.00000000
555.00000000 62.00000000 1.00000000 140.00000000
132.00000000 399.00000000 0.00000000 138.00000000
506.00000000 270.00000000 2.00000000 137.00000000
337.00000000 276.00000000 1.00000000 137.00000000
307.00000000 469.00000000 1.00000000 135.00000000
732.00000000 481.00000000 0.00000000 134.00000000
241.00000000 284.00000000 0.00000000 134.00000000
539.00000000 405.00000000 0.00000000 134.00000000
343.00000000 249.00000000 0.00000000 133.00000000
712.00000000 492.00000000 0.00000000 132.00000000
453.00000000 103.00000000 0.00000000 131.00000000
603.00000000 132.00000000 0.00000000 130.00000000
307.00000000 468.00000000 0.00000000 129.00000000
536.00000000 325.00000000 0.00000000 127.00000000
214.00000000 299.00000000 0.00000000 125.00000000
597.00000000 226.00000000 0.00000000 125.00000000
432.00000000 134.00000000 0.00000000 124.00000000
457.00000000 153.00000000 0.00000000 124.00000000
357.00000000 372.00000000 0.00000000 123.00000000
135.00000000 254.00000000 0.00000000 123.00000000
555.00000000 62.00000000 0.00000000 122.00000000
252.00000000 351.00000000 0.00000000 122.00000000
506.00000000 271.00000000 0.00000000 120.00000000
717.00000000 283.00000000 0.00000000 119.00000000
388.00000000 475.00000000 0.00000000 119.00000000
79.00000000 365.00000000 0.00000000 118.00000000
145.00000000 411.00000000 0.00000000 118.00000000
397.00000000 148.00000000 0.00000000 117.00000000
340.00000000 321.00000000 0.00000000 117.00000000
176.00000000 195.00000000 0.00000000 117.00000000
743.00000000 83.00000000 0.00000000 116.00000000
702.00000000 337.00000000 0.00000000 116.00000000
340.00000000 478.00000000 0.00000000 116.00000000
698.00000000 227.00000000 0.00000000 115.00000000
336.00000000 276.00000000 0.00000000 115.00000000
627.00000000 296.00000000 0.00000000 115.00000000
526.00000000 349.00000000 0.00000000 115.00000000
395.00000000 183.00000000 0.00000000 114.00000000
508.00000000 145.00000000 0.00000000 113.00000000
299.00000000 359.00000000 2.00000000 103.00000000
384.00000000 469.00000000 2.00000000 100.00000000
458.00000000 237.00000000 5.00000000 83.00000000
