700.00000000 295.00000000 1.00000000 302.00000000
701.00000000 294.00000000 1.00000000 260.00000000
631.00000000 118.00000000 1.00000000 245.00000000
443.00000000 285.00000000 1.00000000 240.00000000
382.00000000 320.00000000 1.00000000 233.00000000
696.00000000 292.00000000 4.00000000 232.00000000
695.00000000 291.00000000 2.00000000 229.00000000
700.00000000 296.00000000 2.00000000 213.00000000
442.00000000 285.00000000 1.00000000 212.00000000
381.00000000 321.00000000 1.00000000 201.00000000
443.00000000 284.00000000 0.00000000 198.00000000
630.00000000 117.00000000 0.00000000 196.00000000
440.00000000 288.00000000 2.00000000 192.00000000
616.00000000 101.00000000 1.00000000 191.00000000
616.00000000 101.00000000 1.00000000 186.00000000
409.00000000 477.00000000 1.00000000 178.00000000
300.00000000 348.00000000 4.00000000 172.00000000
448.00000000 411.00000000 1.00000000 172.00000000
446.00000000 411.00000000 1.00000000 168.00000000
468.00000000 405.00000000 1.00000000 167.00000000
299.00000000 350.00000000 2.00000000 165.00000000
486.00000000 277.00000000 0.00000000 160.00000000
266.00000000 428.00000000 2.00000000 159.00000000
617.00000000 103.00000000 0.00000000 157.00000000
408.00000000 476.00000000 0.00000000 157.00000000
97.00000000 171.00000000 1.00000000 151.00000000
265.00000000 427.00000000 2.00000000 151.00000000
365.00000000 235.00000000 1.00000000 150.00000000
737.00000000 83.00000000 1.00000000 150.00000000
511.00000000 154.00000000 1.00000000 149.00000000
602.00000000 328.00000000 2.00000000 149.00000000
450.00000000 245.00000000 1.00000000 149.00000000
96.00000000 172.00000000 2.00000000 148.00000000
630.00000000 117.00000000 1.00000000 146.00000000
444.00000000 118.00000000 2.00000000 146.00000000
555.00000000 128.00000000 0.00000000 146.00000000
299.00000000 350.00000000 5.00000000 141.00000000
300.00000000 350.00000000 2.00000000 139.00000000
485.00000000 314.00000000 0.00000000 138.00000000
609.00000000 403.00000000 1.00000000 137.00000000
714.00000000 484.00000000 0.00000000 136.00000000
741.00000000 226.00000000 1.00000000 135.00000000
543.00000000 260.00000000 0.00000000 135.00000000
741.00000000 225.00000000 0.00000000 135.00000000
468.00000000 404.00000000 2.00000000 134.00000000
557.00000000 325.00000000 0.00000000 134.00000000
736.00000000 83.00000000 1.00000000 134.00000000
362.00000000 164.00000000 1.00000000 134.00000000
408.00000000 478.00000000 1.00000000 133.00000000
594.00000000 190.00000000 0.00000000 133.00000000
448.00000000 410.00000000 0.00000000 132.00000000
673.00000000 50.00000000 1.00000000 132.00000000
557.00000000 326.00000000 1.00000000 131.00000000
618.00000000 102.00000000 2.00000000 131.00000000
348.00000000 474.00000000 1.00000000 130.00000000
364.00000000 234.00000000 1.00000000 128.00000000
381.00000000 320.00000000 0.00000000 128.00000000
469.00000000 407.00000000 1.00000000 128.00000000
651.00000000 499.00000000 0.00000000 127.00000000
484.00000000 315.00000000 1.00000000 127.00000000
579.00000000 226.00000000 1.00000000 127.00000000
283.00000000 445.00000000 1.00000000 127.00000000
555.00000000 129.00000000 1.00000000 127.00000000
97.00000000 169.00000000 1.00000000 126.00000000
608.00000000 403.00000000 0.00000000 125.00000000
511.00000000 154.00000000 1.00000000 125.00000000
574.00000000 407.00000000 0.00000000 124.00000000
674.00000000 48.00000000 1.00000000 124.00000000
533.00000000 490.00000000 1.00000000 123.00000000
448.00000000 244.00000000 1.00000000 122.00000000
737.00000000 82.00000000 0.00000000 121.00000000
150.00000000 476.00000000 1.00000000 121.00000000
701.00000000 294.00000000 0.00000000 121.00000000
420.00000000 296.00000000 0.00000000 121.00000000
580.00000000 225.00000000 1.00000000 121.00000000
541.00000000 358.00000000 1.00000000 121.00000000
449.00000000 245.00000000 0.00000000 120.00000000
622.00000000 94.00000000 0.00000000 119.00000000
420.00000000 128.00000000 1.00000000 116.00000000
201.00000000 382.00000000 1.00000000 115.00000000
594.00000000 190.00000000 1.00000000 115.00000000
544.00000000 373.00000000 1.00000000 115.00000000
299.00000000 349.00000000 1.00000000 115.00000000
737.00000000 92.00000000 0.00000000 114.00000000
740.00000000 417.00000000 0.00000000 114.00000000
444.00000000 122.00000000 1.00000000 114.00000000
374.00000000 246.00000000 0.00000000 114.00000000
541.00000000 357.00000000 0.00000000 113.00000000
364.00000000 234.00000000 0.00000000 113.00000000
670.00000000 62.00000000 0.00000000 111.00000000
588.00000000 488.00000000 0.00000000 111.00000000
575.00000000 185.00000000 1.00000000 111.00000000
717.00000000 411.00000000 0.00000000 110.00000000
444.00000000 122.00000000 0.00000000 109.00000000
468.00000000 408.00000000 0.00000000 109.00000000
469.00000000 350.00000000 0.00000000 105.00000000
499.00000000 64.00000000 0.00000000 105.00000000
488.00000000 189.00000000 0.00000000 104.00000000
516.00000000 77.00000000 0.00000000 103.00000000
569.00000000 344.00000000 0.00000000 102.00000000
533.00000000 490.00000000 0.00000000 101.00000000
611.00000000 383.00000000 0.00000000 101.00000000
615.00000000 78.00000000 0.00000000 100.00000000
237.00000000 432.00000000 0.00000000 99.00000000
591.00000000 151.00000000 0.00000000 99.00000000
656.00000000 449.00000000 0.00000000 98.00000000
348.00000000 475.00000000 0.00000000 98.00000000
150.00000000 475.00000000 0.00000000 97.00000000
381.00000000 307.00000000 0.00000000 97.00000000
652.00000000 308.00000000 0.00000000 97.00000000
663.00000000 159.00000000 0.00000000 96.00000000
481.00000000 352.00000000 0.00000000 96.00000000
432.00000000 461.00000000 0.00000000 96.00000000
589.00000000 77.00000000 0.00000000 96.00000000
263.00000000 499.00000000 0.00000000 92.00000000
626.00000000 458.00000000 0.00000000 92.00000000
434.00000000 200.00000000 0.00000000 90.00000000
313.00000000 103.00000000 0.00000000 89.00000000
448.00000000 113.00000000 0.00000000 89.00000000
344.00000000 94.00000000 0.00000000 88.00000000
575.00000000 185.00000000 0.00000000 88.00000000
250.00000000 347.00000000 0.00000000 88.00000000
412.00000000 306.00000000 0.00000000 87.00000000
515.00000000 410.00000000 0.00000000 87.00000000
620.00000000 380.00000000 0.00000000 86.00000000
604.00000000 164.00000000 0.00000000 86.00000000
719.00000000 169.00000000 0.00000000 86.00000000
