115.00000000 147.00000000 1.00000000 432.00000000
686.00000000 115.00000000 0.00000000 383.00000000
686.00000000 117.00000000 1.00000000 361.00000000
115.00000000 146.00000000 0.00000000 346.00000000
178.00000000 116.00000000 0.00000000 319.00000000
550.00000000 115.00000000 0.00000000 310.00000000
256.00000000 113.00000000 0.00000000 295.00000000
486.00000000 426.00000000 0.00000000 273.00000000
114.00000000 147.00000000 1.00000000 263.00000000
486.00000000 426.00000000 1.00000000 261.00000000
346.00000000 177.00000000 1.00000000 260.00000000
158.00000000 143.00000000 1.00000000 260.00000000
591.00000000 463.00000000 0.00000000 244.00000000
590.00000000 464.00000000 1.00000000 235.00000000
473.00000000 469.00000000 0.00000000 233.00000000
334.00000000 165.00000000 1.00000000 230.00000000
550.00000000 115.00000000 1.00000000 230.00000000
662.00000000 341.00000000 0.00000000 223.00000000
195.00000000 65.00000000 1.00000000 222.00000000
51.00000000 164.00000000 1.00000000 221.00000000
473.00000000 470.00000000 1.00000000 221.00000000
662.00000000 341.00000000 1.00000000 220.00000000
322.00000000 179.00000000 1.00000000 220.00000000
177.00000000 117.00000000 1.00000000 217.00000000
345.00000000 176.00000000 0.00000000 215.00000000
494.00000000 194.00000000 1.00000000 214.00000000
494.00000000 73.00000000 0.00000000 208.00000000
334.00000000 165.00000000 0.00000000 206.00000000
685.00000000 117.00000000 1.00000000 201.00000000
461.00000000 142.00000000 0.00000000 200.00000000
683.00000000 235.00000000 0.00000000 198.00000000
96.00000000 240.00000000 0.00000000 198.00000000
401.00000000 292.00000000 1.00000000 191.00000000
401.00000000 292.00000000 0.00000000 183.00000000
333.00000000 165.00000000 1.00000000 182.00000000
661.00000000 340.00000000 1.00000000 181.00000000
98.00000000 173.00000000 0.00000000 179.00000000
493.00000000 193.00000000 1.00000000 178.00000000
97.00000000 241.00000000 1.00000000 178.00000000
257.00000000 113.00000000 1.00000000 177.00000000
346.00000000 178.00000000 1.00000000 173.00000000
596.00000000 116.00000000 4.00000000 171.00000000
485.00000000 427.00000000 1.00000000 169.00000000
683.00000000 235.00000000 1.00000000 169.00000000
102.00000000 446.00000000 1.00000000 163.00000000
101.00000000 446.00000000 0.00000000 162.00000000
320.00000000 73.00000000 0.00000000 161.00000000
613.00000000 156.00000000 0.00000000 160.00000000
34.00000000 176.00000000 0.00000000 158.00000000
176.00000000 115.00000000 1.00000000 158.00000000
316.00000000 83.00000000 0.00000000 158.00000000
158.00000000 142.00000000 1.00000000 157.00000000
24.00000000 102.00000000 0.00000000 155.00000000
494.00000000 74.00000000 1.00000000 155.00000000
395.00000000 296.00000000 2.00000000 155.00000000
34.00000000 131.00000000 1.00000000 152.00000000
195.00000000 65.00000000 0.00000000 151.00000000
144.00000000 130.00000000 2.00000000 150.00000000
589.00000000 465.00000000 1.00000000 148.00000000
89.00000000 39.00000000 0.00000000 148.00000000
616.00000000 245.00000000 0.00000000 148.00000000
372.00000000 205.00000000 0.00000000 148.00000000
38.00000000 412.00000000 0.00000000 147.00000000
12.00000000 161.00000000 0.00000000 146.00000000
113.00000000 121.00000000 1.00000000 146.00000000
457.00000000 229.00000000 0.00000000 146.00000000
373.00000000 253.00000000 0.00000000 145.00000000
323.00000000 126.00000000 1.00000000 145.00000000
52.00000000 163.00000000 0.00000000 145.00000000
472.00000000 470.00000000 1.00000000 144.00000000
34.00000000 130.00000000 0.00000000 144.00000000
599.00000000 339.00000000 1.00000000 143.00000000
322.00000000 179.00000000 1.00000000 143.00000000
176.00000000 201.00000000 0.00000000 142.00000000
195.00000000 63.00000000 1.00000000 142.00000000
31.00000000 195.00000000 0.00000000 141.00000000
319.00000000 115.00000000 0.00000000 141.00000000
613.00000000 157.00000000 1.00000000 141.00000000
601.00000000 338.00000000 1.00000000 140.00000000
464.00000000 324.00000000 1.00000000 140.00000000
88.00000000 170.00000000 0.00000000 139.00000000
50.00000000 165.00000000 1.00000000 139.00000000
246.00000000 107.00000000 2.00000000 138.00000000
32.00000000 132.00000000 1.00000000 138.00000000
26.00000000 169.00000000 0.00000000 138.00000000
316.00000000 310.00000000 2.00000000 136.00000000
549.00000000 123.00000000 0.00000000 135.00000000
224.00000000 132.00000000 0.00000000 135.00000000
113.00000000 120.00000000 0.00000000 134.00000000
262.00000000 331.00000000 1.00000000 134.00000000
169.00000000 149.00000000 0.00000000 132.00000000
96.00000000 141.00000000 2.00000000 132.00000000
125.00000000 96.00000000 0.00000000 132.00000000
176.00000000 202.00000000 1.00000000 131.00000000
103.00000000 79.00000000 0.00000000 131.00000000
659.00000000 263.00000000 0.00000000 131.00000000
96.00000000 144.00000000 4.00000000 130.00000000
166.00000000 20.00000000 0.00000000 129.00000000
684.00000000 118.00000000 2.00000000 128.00000000
294.00000000 278.00000000 0.00000000 128.00000000
40.00000000 183.00000000 0.00000000 128.00000000
176.00000000 116.00000000 2.00000000 127.00000000
576.00000000 64.00000000 0.00000000 127.00000000
102.00000000 419.00000000 0.00000000 127.00000000
439.00000000 337.00000000 1.00000000 126.00000000
340.00000000 320.00000000 1.00000000 126.00000000
531.00000000 131.00000000 1.00000000 126.00000000
150.00000000 468.00000000 0.00000000 125.00000000
74.00000000 204.00000000 0.00000000 124.00000000
682.00000000 228.00000000 2.00000000 124.00000000
16.00000000 177.00000000 0.00000000 123.00000000
123.00000000 137.00000000 0.00000000 122.00000000
531.00000000 130.00000000 0.00000000 121.00000000
593.00000000 118.00000000 5.00000000 121.00000000
130.00000000 59.00000000 0.00000000 121.00000000
142.00000000 421.00000000 0.00000000 120.00000000
340.00000000 319.00000000 0.00000000 120.00000000
262.00000000 331.00000000 0.00000000 119.00000000
322.00000000 125.00000000 0.00000000 117.00000000
494.00000000 193.00000000 0.00000000 115.00000000
406.00000000 105.00000000 0.00000000 115.00000000
385.00000000 132.00000000 0.00000000 115.00000000
473.00000000 259.00000000 0.00000000 114.00000000
732.00000000 254.00000000 2.00000000 110.00000000
334.00000000 166.00000000 2.00000000 109.00000000
108.00000000 182.00000000 2.00000000 105.00000000
600.00000000 340.00000000 2.00000000 103.00000000
