305.00000000 64.00000000 0.00000000 368.00000000
306.00000000 70.00000000 2.00000000 367.00000000
307.00000000 72.00000000 1.00000000 327.00000000
305.00000000 70.00000000 1.00000000 320.00000000
307.00000000 72.00000000 0.00000000 299.00000000
534.00000000 79.00000000 1.00000000 297.00000000
446.00000000 48.00000000 0.00000000 296.00000000
280.00000000 226.00000000 1.00000000 288.00000000
683.00000000 34.00000000 0.00000000 273.00000000
216.00000000 189.00000000 1.00000000 264.00000000
420.00000000 82.00000000 1.00000000 260.00000000
305.00000000 70.00000000 2.00000000 258.00000000
280.00000000 227.00000000 1.00000000 244.00000000
281.00000000 226.00000000 0.00000000 241.00000000
534.00000000 80.00000000 2.00000000 238.00000000
684.00000000 34.00000000 1.00000000 237.00000000
156.00000000 103.00000000 0.00000000 230.00000000
420.00000000 83.00000000 1.00000000 226.00000000
357.00000000 180.00000000 1.00000000 225.00000000
536.00000000 80.00000000 1.00000000 224.00000000
526.00000000 22.00000000 1.00000000 223.00000000
420.00000000 82.00000000 0.00000000 222.00000000
216.00000000 189.00000000 0.00000000 220.00000000
157.00000000 104.00000000 1.00000000 218.00000000
368.00000000 280.00000000 1.00000000 217.00000000
742.00000000 159.00000000 0.00000000 215.00000000
357.00000000 180.00000000 0.00000000 214.00000000
313.00000000 221.00000000 0.00000000 213.00000000
330.00000000 303.00000000 0.00000000 211.00000000
447.00000000 183.00000000 1.00000000 210.00000000
446.00000000 47.00000000 1.00000000 195.00000000
526.00000000 22.00000000 1.00000000 194.00000000
588.00000000 267.00000000 0.00000000 192.00000000
328.00000000 264.00000000 2.00000000 190.00000000
736.00000000 42.00000000 1.00000000 190.00000000
277.00000000 187.00000000 0.00000000 187.00000000
721.00000000 101.00000000 0.00000000 184.00000000
409.00000000 91.00000000 1.00000000 183.00000000
321.00000000 114.00000000 1.00000000 182.00000000
446.00000000 183.00000000 0.00000000 178.00000000
67.00000000 282.00000000 1.00000000 178.00000000
350.00000000 152.00000000 5.00000000 178.00000000
98.00000000 391.00000000 0.00000000 177.00000000
485.00000000 394.00000000 1.00000000 176.00000000
316.00000000 173.00000000 0.00000000 176.00000000
721.00000000 101.00000000 1.00000000 174.00000000
536.00000000 79.00000000 0.00000000 174.00000000
702.00000000 213.00000000 1.00000000 173.00000000
649.00000000 178.00000000 0.00000000 172.00000000
359.00000000 156.00000000 0.00000000 171.00000000
23.00000000 61.00000000 0.00000000 170.00000000
446.00000000 427.00000000 0.00000000 170.00000000
449.00000000 202.00000000 0.00000000 169.00000000
304.00000000 72.00000000 4.00000000 167.00000000
367.00000000 281.00000000 1.00000000 167.00000000
168.00000000 354.00000000 1.00000000 166.00000000
485.00000000 393.00000000 0.00000000 166.00000000
509.00000000 318.00000000 1.00000000 166.00000000
589.00000000 267.00000000 1.00000000 166.00000000
643.00000000 250.00000000 1.00000000 166.00000000
389.00000000 239.00000000 0.00000000 165.00000000
356.00000000 156.00000000 4.00000000 164.00000000
347.00000000 109.00000000 1.00000000 163.00000000
347.00000000 108.00000000 0.00000000 162.00000000
398.00000000 367.00000000 1.00000000 162.00000000
367.00000000 280.00000000 0.00000000 162.00000000
710.00000000 190.00000000 2.00000000 161.00000000
706.00000000 113.00000000 0.00000000 161.00000000
168.00000000 354.00000000 0.00000000 161.00000000
328.00000000 263.00000000 1.00000000 161.00000000
362.00000000 57.00000000 0.00000000 161.00000000
198.00000000 207.00000000 0.00000000 161.00000000
317.00000000 174.00000000 1.00000000 160.00000000
639.00000000 54.00000000 0.00000000 159.00000000
220.00000000 278.00000000 2.00000000 159.00000000
309.00000000 101.00000000 0.00000000 159.00000000
310.00000000 87.00000000 1.00000000 158.00000000
97.00000000 59.00000000 0.00000000 158.00000000
99.00000000 392.00000000 1.00000000 157.00000000
450.00000000 203.00000000 1.00000000 157.00000000
643.00000000 250.00000000 1.00000000 157.00000000
325.00000000 310.00000000 0.00000000 154.00000000
308.00000000 89.00000000 1.00000000 152.00000000
255.00000000 496.00000000 1.00000000 152.00000000
310.00000000 86.00000000 0.00000000 152.00000000
607.00000000 284.00000000 0.00000000 151.00000000
87.00000000 298.00000000 1.00000000 151.00000000
534.00000000 79.00000000 2.00000000 151.00000000
704.00000000 213.00000000 1.00000000 150.00000000
359.00000000 156.00000000 1.00000000 150.00000000
606.00000000 144.00000000 1.00000000 150.00000000
278.00000000 230.00000000 2.00000000 149.00000000
216.00000000 189.00000000 1.00000000 149.00000000
314.00000000 221.00000000 1.00000000 148.00000000
255.00000000 495.00000000 0.00000000 148.00000000
88.00000000 298.00000000 1.00000000 148.00000000
340.00000000 75.00000000 0.00000000 148.00000000
631.00000000 36.00000000 0.00000000 148.00000000
156.00000000 104.00000000 1.00000000 147.00000000
357.00000000 156.00000000 1.00000000 147.00000000
363.00000000 140.00000000 0.00000000 147.00000000
710.00000000 421.00000000 0.00000000 146.00000000
510.00000000 316.00000000 2.00000000 145.00000000
391.00000000 210.00000000 0.00000000 145.00000000
645.00000000 231.00000000 0.00000000 144.00000000
118.00000000 276.00000000 0.00000000 143.00000000
514.00000000 314.00000000 0.00000000 142.00000000
205.00000000 175.00000000 0.00000000 141.00000000
126.00000000 269.00000000 0.00000000 140.00000000
704.00000000 214.00000000 2.00000000 140.00000000
662.00000000 149.00000000 0.00000000 140.00000000
659.00000000 16.00000000 0.00000000 139.00000000
225.00000000 471.00000000 0.00000000 139.00000000
258.00000000 151.00000000 0.00000000 139.00000000
449.00000000 195.00000000 0.00000000 138.00000000
526.00000000 22.00000000 0.00000000 137.00000000
176.00000000 168.00000000 0.00000000 136.00000000
413.00000000 224.00000000 0.00000000 135.00000000
409.00000000 91.00000000 0.00000000 134.00000000
369.00000000 79.00000000 0.00000000 134.00000000
393.00000000 22.00000000 0.00000000 134.00000000
736.00000000 41.00000000 0.00000000 133.00000000
497.00000000 217.00000000 0.00000000 132.00000000
714.00000000 451.00000000 0.00000000 132.00000000
328.00000000 265.00000000 2.00000000 131.00000000
671.00000000 29.00000000 0.00000000 131.00000000
370.00000000 84.00000000 2.00000000 115.00000000
