593.00000000 470.00000000 1.00000000 256.00000000
593.00000000 469.00000000 0.00000000 239.00000000
495.00000000 364.00000000 0.00000000 201.00000000
697.00000000 356.00000000 1.00000000 200.00000000
266.00000000 480.00000000 2.00000000 190.00000000
254.00000000 108.00000000 1.00000000 183.00000000
352.00000000 420.00000000 4.00000000 178.00000000
254.00000000 110.00000000 2.00000000 174.00000000
496.00000000 365.00000000 1.00000000 174.00000000
697.00000000 473.00000000 0.00000000 167.00000000
455.00000000 448.00000000 1.00000000 165.00000000
356.00000000 418.00000000 5.00000000 165.00000000
698.00000000 356.00000000 2.00000000 164.00000000
255.00000000 383.00000000 1.00000000 160.00000000
490.00000000 349.00000000 1.00000000 149.00000000
663.00000000 490.00000000 0.00000000 147.00000000
255.00000000 108.00000000 1.00000000 147.00000000
491.00000000 349.00000000 1.00000000 145.00000000
267.00000000 478.00000000 1.00000000 144.00000000
591.00000000 488.00000000 1.00000000 143.00000000
568.00000000 241.00000000 1.00000000 141.00000000
256.00000000 384.00000000 2.00000000 141.00000000
456.00000000 446.00000000 1.00000000 139.00000000
541.00000000 449.00000000 1.00000000 138.00000000
542.00000000 450.00000000 2.00000000 138.00000000
586.00000000 357.00000000 1.00000000 133.00000000
350.00000000 421.00000000 2.00000000 133.00000000
492.00000000 348.00000000 2.00000000 133.00000000
251.00000000 110.00000000 2.00000000 131.00000000
255.00000000 382.00000000 1.00000000 131.00000000
696.00000000 473.00000000 1.00000000 131.00000000
745.00000000 431.00000000 1.00000000 129.00000000
742.00000000 255.00000000 0.00000000 129.00000000
35.00000000 354.00000000 1.00000000 129.00000000
591.00000000 487.00000000 0.00000000 128.00000000
570.00000000 241.00000000 1.00000000 127.00000000
497.00000000 453.00000000 0.00000000 127.00000000
497.00000000 454.00000000 1.00000000 126.00000000
388.00000000 412.00000000 0.00000000 125.00000000
318.00000000 417.00000000 0.00000000 122.00000000
742.00000000 256.00000000 1.00000000 122.00000000
750.00000000 280.00000000 0.00000000 122.00000000
432.00000000 67.00000000 0.00000000 122.00000000
650.00000000 274.00000000 2.00000000 119.00000000
724.00000000 408.00000000 2.00000000 119.00000000
697.00000000 355.00000000 1.00000000 119.00000000
432.00000000 67.00000000 1.00000000 116.00000000
722.00000000 408.00000000 1.00000000 116.00000000
432.00000000 67.00000000 1.00000000 115.00000000
224.00000000 398.00000000 1.00000000 115.00000000
725.00000000 475.00000000 1.00000000 114.00000000
724.00000000 409.00000000 1.00000000 113.00000000
560.00000000 338.00000000 0.00000000 113.00000000
434.00000000 70.00000000 2.00000000 112.00000000
134.00000000 318.00000000 1.00000000 111.00000000
512.00000000 183.00000000 0.00000000 111.00000000
492.00000000 347.00000000 2.00000000 110.00000000
35.00000000 354.00000000 1.00000000 109.00000000
435.00000000 74.00000000 0.00000000 108.00000000
491.00000000 349.00000000 0.00000000 108.00000000
535.00000000 431.00000000 0.00000000 107.00000000
512.00000000 184.00000000 1.00000000 106.00000000
717.00000000 388.00000000 1.00000000 106.00000000
44.00000000 46.00000000 1.00000000 106.00000000
165.00000000 343.00000000 0.00000000 105.00000000
421.00000000 447.00000000 1.00000000 105.00000000
724.00000000 410.00000000 0.00000000 105.00000000
158.00000000 223.00000000 1.00000000 105.00000000
44.00000000 45.00000000 0.00000000 105.00000000
113.00000000 464.00000000 1.00000000 104.00000000
34.00000000 353.00000000 0.00000000 103.00000000
373.00000000 275.00000000 1.00000000 103.00000000
701.00000000 24.00000000 1.00000000 103.00000000
319.00000000 417.00000000 1.00000000 102.00000000
388.00000000 413.00000000 1.00000000 102.00000000
604.00000000 229.00000000 0.00000000 102.00000000
40.00000000 250.00000000 1.00000000 100.00000000
560.00000000 338.00000000 1.00000000 100.00000000
673.00000000 304.00000000 0.00000000 100.00000000
584.00000000 416.00000000 0.00000000 100.00000000
678.00000000 417.00000000 0.00000000 99.00000000
586.00000000 357.00000000 0.00000000 99.00000000
663.00000000 490.00000000 1.00000000 99.00000000
589.00000000 233.00000000 1.00000000 99.00000000
441.00000000 386.00000000 0.00000000 98.00000000
606.00000000 419.00000000 1.00000000 98.00000000
561.00000000 188.00000000 1.00000000 97.00000000
359.00000000 207.00000000 1.00000000 97.00000000
457.00000000 445.00000000 0.00000000 97.00000000
725.00000000 475.00000000 0.00000000 97.00000000
603.00000000 272.00000000 0.00000000 96.00000000
420.00000000 446.00000000 0.00000000 96.00000000
690.00000000 406.00000000 0.00000000 96.00000000
745.00000000 431.00000000 0.00000000 95.00000000
528.00000000 222.00000000 0.00000000 94.00000000
706.00000000 234.00000000 0.00000000 93.00000000
205.00000000 265.00000000 0.00000000 92.00000000
589.00000000 232.00000000 0.00000000 92.00000000
579.00000000 332.00000000 0.00000000 92.00000000
652.00000000 272.00000000 4.00000000 90.00000000
585.00000000 477.00000000 0.00000000 90.00000000
685.00000000 248.00000000 0.00000000 90.00000000
596.00000000 280.00000000 0.00000000 89.00000000
255.00000000 108.00000000 0.00000000 89.00000000
461.00000000 437.00000000 0.00000000 88.00000000
510.00000000 449.00000000 0.00000000 88.00000000
649.00000000 336.00000000 0.00000000 87.00000000
424.00000000 295.00000000 0.00000000 87.00000000
601.00000000 457.00000000 0.00000000 86.00000000
593.00000000 183.00000000 0.00000000 86.00000000
39.00000000 249.00000000 0.00000000 85.00000000
716.00000000 41.00000000 0.00000000 84.00000000
610.00000000 221.00000000 0.00000000 83.00000000
649.00000000 326.00000000 0.00000000 83.00000000
254.00000000 381.00000000 0.00000000 83.00000000
306.00000000 442.00000000 0.00000000 82.00000000
561.00000000 188.00000000 0.00000000 82.00000000
672.00000000 495.00000000 0.00000000 82.00000000
262.00000000 425.00000000 0.00000000 81.00000000
516.00000000 386.00000000 0.00000000 81.00000000
41.00000000 303.00000000 0.00000000 80.00000000
267.00000000 239.00000000 0.00000000 79.00000000
429.00000000 478.00000000 0.00000000 79.00000000
650.00000000 379.00000000 0.00000000 78.00000000
700.00000000 24.00000000 0.00000000 77.00000000
642.00000000 321.00000000 0.00000000 76.00000000
717.00000000 388.00000000 0.00000000 76.00000000
