627.00000000 1020.00000000 0.00000000 717.00000000
569.00000000 1020.00000000 0.00000000 565.00000000
627.00000000 1021.00000000 1.00000000 435.00000000
649.00000000 1019.00000000 0.00000000 404.00000000
775.00000000 1011.00000000 1.00000000 394.00000000
774.00000000 1011.00000000 0.00000000 382.00000000
801.00000000 796.00000000 1.00000000 382.00000000
248.00000000 1023.00000000 0.00000000 377.00000000
284.00000000 1023.00000000 0.00000000 371.00000000
569.00000000 1021.00000000 1.00000000 368.00000000
538.00000000 1020.00000000 0.00000000 359.00000000
725.00000000 1021.00000000 1.00000000 355.00000000
724.00000000 1020.00000000 0.00000000 352.00000000
438.00000000 1020.00000000 0.00000000 351.00000000
229.00000000 1029.00000000 0.00000000 349.00000000
312.00000000 1029.00000000 0.00000000 349.00000000
801.00000000 796.00000000 0.00000000 345.00000000
305.00000000 1030.00000000 0.00000000 339.00000000
156.00000000 1025.00000000 0.00000000 326.00000000
452.00000000 497.00000000 5.00000000 322.00000000
697.00000000 1019.00000000 0.00000000 320.00000000
714.00000000 849.00000000 1.00000000 317.00000000
620.00000000 1020.00000000 0.00000000 316.00000000
312.00000000 1029.00000000 1.00000000 315.00000000
715.00000000 849.00000000 1.00000000 309.00000000
172.00000000 855.00000000 1.00000000 306.00000000
438.00000000 1020.00000000 1.00000000 304.00000000
662.00000000 847.00000000 1.00000000 303.00000000
714.00000000 852.00000000 2.00000000 301.00000000
593.00000000 984.00000000 1.00000000 298.00000000
656.00000000 984.00000000 1.00000000 296.00000000
661.00000000 849.00000000 1.00000000 296.00000000
716.00000000 860.00000000 4.00000000 288.00000000
662.00000000 847.00000000 0.00000000 286.00000000
656.00000000 982.00000000 1.00000000 285.00000000
229.00000000 1023.00000000 0.00000000 283.00000000
222.00000000 1023.00000000 0.00000000 282.00000000
172.00000000 854.00000000 0.00000000 281.00000000
801.00000000 797.00000000 1.00000000 281.00000000
715.00000000 854.00000000 2.00000000 280.00000000
171.00000000 857.00000000 1.00000000 280.00000000
248.00000000 1024.00000000 1.00000000 274.00000000
656.00000000 981.00000000 0.00000000 274.00000000
174.00000000 1025.00000000 0.00000000 273.00000000
229.00000000 1029.00000000 1.00000000 273.00000000
239.00000000 1023.00000000 0.00000000 265.00000000
568.00000000 1022.00000000 1.00000000 264.00000000
725.00000000 1022.00000000 1.00000000 264.00000000
776.00000000 1011.00000000 1.00000000 264.00000000
583.00000000 1020.00000000 0.00000000 262.00000000
523.00000000 1023.00000000 1.00000000 262.00000000
371.00000000 1021.00000000 0.00000000 258.00000000
594.00000000 983.00000000 1.00000000 255.00000000
274.00000000 1028.00000000 1.00000000 252.00000000
311.00000000 1028.00000000 1.00000000 249.00000000
522.00000000 1024.00000000 2.00000000 246.00000000
604.00000000 1026.00000000 0.00000000 245.00000000
142.00000000 1029.00000000 1.00000000 242.00000000
802.00000000 798.00000000 2.00000000 240.00000000
619.00000000 545.00000000 2.00000000 236.00000000
620.00000000 546.00000000 2.00000000 234.00000000
456.00000000 496.00000000 4.00000000 232.00000000
555.00000000 1021.00000000 0.00000000 232.00000000
294.00000000 1029.00000000 1.00000000 231.00000000
170.00000000 860.00000000 2.00000000 231.00000000
656.00000000 986.00000000 2.00000000 231.00000000
274.00000000 1025.00000000 1.00000000 229.00000000
662.00000000 852.00000000 2.00000000 229.00000000
496.00000000 1093.00000000 1.00000000 227.00000000
724.00000000 1024.00000000 2.00000000 227.00000000
524.00000000 1022.00000000 1.00000000 225.00000000
475.00000000 1021.00000000 0.00000000 224.00000000
207.00000000 1028.00000000 1.00000000 223.00000000
673.00000000 1026.00000000 0.00000000 223.00000000
247.00000000 1030.00000000 0.00000000 222.00000000
276.00000000 1023.00000000 0.00000000 222.00000000
627.00000000 1023.00000000 1.00000000 221.00000000
400.00000000 1028.00000000 0.00000000 220.00000000
539.00000000 1021.00000000 1.00000000 217.00000000
649.00000000 1020.00000000 1.00000000 216.00000000
455.00000000 1022.00000000 1.00000000 214.00000000
496.00000000 1093.00000000 0.00000000 213.00000000
714.00000000 848.00000000 0.00000000 211.00000000
408.00000000 1027.00000000 0.00000000 207.00000000
181.00000000 1026.00000000 0.00000000 205.00000000
428.00000000 981.00000000 1.00000000 204.00000000
520.00000000 1026.00000000 2.00000000 204.00000000
525.00000000 1020.00000000 0.00000000 203.00000000
178.00000000 1031.00000000 0.00000000 201.00000000
415.00000000 1027.00000000 0.00000000 198.00000000
144.00000000 1025.00000000 1.00000000 198.00000000
432.00000000 1028.00000000 0.00000000 198.00000000
332.00000000 456.00000000 1.00000000 193.00000000
763.00000000 234.00000000 2.00000000 191.00000000
628.00000000 1027.00000000 0.00000000 189.00000000
491.00000000 1110.00000000 1.00000000 187.00000000
623.00000000 850.00000000 1.00000000 185.00000000
680.00000000 1026.00000000 0.00000000 183.00000000
521.00000000 1044.00000000 0.00000000 180.00000000
636.00000000 1026.00000000 0.00000000 179.00000000
491.00000000 1109.00000000 0.00000000 172.00000000
623.00000000 850.00000000 0.00000000 171.00000000
681.00000000 1024.00000000 1.00000000 170.00000000
346.00000000 1040.00000000 0.00000000 169.00000000
372.00000000 1023.00000000 1.00000000 169.00000000
583.00000000 1021.00000000 1.00000000 169.00000000
346.00000000 1026.00000000 1.00000000 168.00000000
208.00000000 1027.00000000 1.00000000 168.00000000
623.00000000 940.00000000 1.00000000 166.00000000
428.00000000 980.00000000 0.00000000 162.00000000
144.00000000 1024.00000000 0.00000000 161.00000000
429.00000000 990.00000000 0.00000000 152.00000000
656.00000000 989.00000000 0.00000000 152.00000000
455.00000000 1021.00000000 0.00000000 151.00000000
541.00000000 1029.00000000 0.00000000 150.00000000
378.00000000 1030.00000000 0.00000000 149.00000000
611.00000000 1024.00000000 0.00000000 148.00000000
594.00000000 982.00000000 0.00000000 146.00000000
482.00000000 1020.00000000 0.00000000 145.00000000
258.00000000 1030.00000000 0.00000000 143.00000000
302.00000000 990.00000000 1.00000000 142.00000000
118.00000000 1030.00000000 0.00000000 142.00000000
360.00000000 1040.00000000 0.00000000 141.00000000
688.00000000 1023.00000000 0.00000000 141.00000000
636.00000000 1019.00000000 0.00000000 140.00000000
301.00000000 990.00000000 0.00000000 137.00000000
427.00000000 1038.00000000 0.00000000 135.00000000
