86.00000000 331.00000000 1.00000000 319.00000000
345.00000000 424.00000000 5.00000000 315.00000000
344.00000000 424.00000000 4.00000000 302.00000000
84.00000000 328.00000000 2.00000000 300.00000000
82.00000000 321.00000000 1.00000000 290.00000000
84.00000000 332.00000000 4.00000000 289.00000000
86.00000000 330.00000000 0.00000000 278.00000000
345.00000000 421.00000000 2.00000000 273.00000000
82.00000000 320.00000000 0.00000000 272.00000000
348.00000000 422.00000000 2.00000000 269.00000000
86.00000000 332.00000000 1.00000000 268.00000000
82.00000000 321.00000000 1.00000000 267.00000000
405.00000000 864.00000000 0.00000000 262.00000000
347.00000000 421.00000000 1.00000000 261.00000000
435.00000000 881.00000000 0.00000000 235.00000000
82.00000000 322.00000000 2.00000000 230.00000000
521.00000000 920.00000000 0.00000000 229.00000000
824.00000000 627.00000000 0.00000000 225.00000000
384.00000000 853.00000000 0.00000000 218.00000000
480.00000000 745.00000000 1.00000000 217.00000000
480.00000000 743.00000000 1.00000000 216.00000000
451.00000000 731.00000000 0.00000000 206.00000000
822.00000000 670.00000000 0.00000000 205.00000000
480.00000000 748.00000000 2.00000000 204.00000000
794.00000000 622.00000000 0.00000000 199.00000000
384.00000000 854.00000000 1.00000000 199.00000000
480.00000000 749.00000000 2.00000000 195.00000000
806.00000000 625.00000000 0.00000000 189.00000000
804.00000000 634.00000000 0.00000000 184.00000000
406.00000000 865.00000000 1.00000000 183.00000000
424.00000000 452.00000000 2.00000000 178.00000000
66.00000000 484.00000000 2.00000000 177.00000000
490.00000000 916.00000000 1.00000000 177.00000000
287.00000000 799.00000000 0.00000000 177.00000000
267.00000000 40.00000000 1.00000000 175.00000000
811.00000000 659.00000000 0.00000000 175.00000000
490.00000000 916.00000000 1.00000000 175.00000000
522.00000000 921.00000000 1.00000000 173.00000000
455.00000000 890.00000000 0.00000000 172.00000000
267.00000000 41.00000000 1.00000000 172.00000000
490.00000000 914.00000000 0.00000000 171.00000000
463.00000000 898.00000000 1.00000000 168.00000000
791.00000000 714.00000000 0.00000000 167.00000000
480.00000000 742.00000000 0.00000000 166.00000000
534.00000000 708.00000000 1.00000000 163.00000000
824.00000000 628.00000000 1.00000000 161.00000000
774.00000000 653.00000000 0.00000000 160.00000000
348.00000000 422.00000000 1.00000000 156.00000000
784.00000000 730.00000000 0.00000000 154.00000000
424.00000000 430.00000000 1.00000000 154.00000000
402.00000000 426.00000000 2.00000000 152.00000000
451.00000000 732.00000000 1.00000000 151.00000000
266.00000000 39.00000000 0.00000000 150.00000000
534.00000000 707.00000000 0.00000000 150.00000000
808.00000000 666.00000000 0.00000000 149.00000000
52.00000000 455.00000000 1.00000000 149.00000000
66.00000000 483.00000000 1.00000000 149.00000000
401.00000000 424.00000000 2.00000000 148.00000000
253.00000000 668.00000000 0.00000000 148.00000000
425.00000000 451.00000000 1.00000000 148.00000000
67.00000000 483.00000000 1.00000000 147.00000000
811.00000000 710.00000000 0.00000000 145.00000000
429.00000000 421.00000000 1.00000000 145.00000000
68.00000000 497.00000000 0.00000000 141.00000000
799.00000000 674.00000000 0.00000000 140.00000000
65.00000000 424.00000000 1.00000000 139.00000000
98.00000000 634.00000000 2.00000000 138.00000000
65.00000000 423.00000000 1.00000000 138.00000000
808.00000000 719.00000000 0.00000000 138.00000000
824.00000000 713.00000000 0.00000000 138.00000000
448.00000000 738.00000000 2.00000000 137.00000000
429.00000000 420.00000000 1.00000000 136.00000000
449.00000000 738.00000000 1.00000000 136.00000000
52.00000000 456.00000000 1.00000000 135.00000000
383.00000000 854.00000000 1.00000000 135.00000000
804.00000000 634.00000000 1.00000000 133.00000000
67.00000000 482.00000000 0.00000000 132.00000000
429.00000000 727.00000000 1.00000000 132.00000000
429.00000000 726.00000000 0.00000000 132.00000000
299.00000000 808.00000000 0.00000000 131.00000000
435.00000000 882.00000000 1.00000000 131.00000000
418.00000000 838.00000000 1.00000000 130.00000000
828.00000000 653.00000000 0.00000000 130.00000000
70.00000000 333.00000000 0.00000000 129.00000000
422.00000000 872.00000000 0.00000000 129.00000000
246.00000000 776.00000000 1.00000000 129.00000000
813.00000000 729.00000000 0.00000000 128.00000000
403.00000000 425.00000000 1.00000000 128.00000000
828.00000000 688.00000000 0.00000000 127.00000000
279.00000000 587.00000000 1.00000000 125.00000000
98.00000000 636.00000000 1.00000000 125.00000000
450.00000000 855.00000000 1.00000000 124.00000000
432.00000000 807.00000000 1.00000000 123.00000000
787.00000000 671.00000000 0.00000000 120.00000000
798.00000000 708.00000000 0.00000000 118.00000000
369.00000000 915.00000000 0.00000000 118.00000000
464.00000000 897.00000000 1.00000000 117.00000000
814.00000000 738.00000000 0.00000000 117.00000000
474.00000000 902.00000000 0.00000000 116.00000000
782.00000000 713.00000000 0.00000000 116.00000000
797.00000000 708.00000000 1.00000000 116.00000000
52.00000000 454.00000000 0.00000000 116.00000000
774.00000000 661.00000000 0.00000000 116.00000000
294.00000000 802.00000000 0.00000000 115.00000000
246.00000000 776.00000000 0.00000000 115.00000000
100.00000000 636.00000000 1.00000000 114.00000000
130.00000000 1057.00000000 1.00000000 113.00000000
523.00000000 974.00000000 0.00000000 112.00000000
789.00000000 597.00000000 0.00000000 112.00000000
253.00000000 669.00000000 1.00000000 111.00000000
791.00000000 794.00000000 0.00000000 110.00000000
424.00000000 456.00000000 1.00000000 110.00000000
370.00000000 914.00000000 1.00000000 110.00000000
825.00000000 704.00000000 0.00000000 109.00000000
777.00000000 630.00000000 0.00000000 109.00000000
432.00000000 806.00000000 0.00000000 109.00000000
795.00000000 733.00000000 0.00000000 107.00000000
354.00000000 834.00000000 0.00000000 107.00000000
465.00000000 900.00000000 0.00000000 105.00000000
787.00000000 680.00000000 0.00000000 104.00000000
803.00000000 649.00000000 0.00000000 104.00000000
481.00000000 784.00000000 0.00000000 103.00000000
796.00000000 698.00000000 0.00000000 103.00000000
450.00000000 854.00000000 0.00000000 102.00000000
429.00000000 420.00000000 0.00000000 102.00000000
534.00000000 717.00000000 0.00000000 102.00000000
372.00000000 903.00000000 0.00000000 101.00000000
