436.00000000 668.00000000 2.00000000 306.00000000
486.00000000 408.00000000 2.00000000 269.00000000
435.00000000 667.00000000 2.00000000 265.00000000
436.00000000 1051.00000000 0.00000000 263.00000000
486.00000000 408.00000000 1.00000000 250.00000000
681.00000000 42.00000000 1.00000000 246.00000000
486.00000000 410.00000000 2.00000000 240.00000000
448.00000000 1039.00000000 0.00000000 230.00000000
681.00000000 41.00000000 0.00000000 213.00000000
682.00000000 42.00000000 2.00000000 211.00000000
375.00000000 889.00000000 0.00000000 210.00000000
405.00000000 1074.00000000 1.00000000 208.00000000
447.00000000 1040.00000000 1.00000000 208.00000000
681.00000000 42.00000000 1.00000000 204.00000000
486.00000000 409.00000000 1.00000000 203.00000000
436.00000000 668.00000000 1.00000000 203.00000000
456.00000000 1029.00000000 1.00000000 197.00000000
375.00000000 891.00000000 1.00000000 196.00000000
420.00000000 1056.00000000 0.00000000 195.00000000
405.00000000 1074.00000000 0.00000000 189.00000000
601.00000000 82.00000000 1.00000000 186.00000000
436.00000000 1051.00000000 1.00000000 182.00000000
537.00000000 452.00000000 5.00000000 182.00000000
475.00000000 1012.00000000 0.00000000 179.00000000
435.00000000 1050.00000000 1.00000000 176.00000000
600.00000000 82.00000000 2.00000000 174.00000000
684.00000000 42.00000000 2.00000000 172.00000000
437.00000000 671.00000000 1.00000000 170.00000000
418.00000000 1067.00000000 1.00000000 170.00000000
374.00000000 893.00000000 1.00000000 167.00000000
456.00000000 1028.00000000 0.00000000 167.00000000
417.00000000 1067.00000000 1.00000000 165.00000000
474.00000000 1012.00000000 1.00000000 163.00000000
484.00000000 412.00000000 4.00000000 163.00000000
446.00000000 1039.00000000 1.00000000 160.00000000
601.00000000 80.00000000 1.00000000 158.00000000
397.00000000 1086.00000000 0.00000000 151.00000000
434.00000000 709.00000000 1.00000000 148.00000000
585.00000000 623.00000000 1.00000000 144.00000000
359.00000000 1113.00000000 0.00000000 144.00000000
465.00000000 1022.00000000 1.00000000 143.00000000
548.00000000 937.00000000 0.00000000 142.00000000
574.00000000 917.00000000 0.00000000 142.00000000
404.00000000 1074.00000000 1.00000000 139.00000000
613.00000000 876.00000000 0.00000000 138.00000000
614.00000000 754.00000000 2.00000000 137.00000000
600.00000000 892.00000000 1.00000000 134.00000000
602.00000000 84.00000000 2.00000000 133.00000000
547.00000000 938.00000000 1.00000000 131.00000000
465.00000000 1022.00000000 0.00000000 130.00000000
585.00000000 622.00000000 1.00000000 130.00000000
372.00000000 912.00000000 4.00000000 130.00000000
434.00000000 708.00000000 2.00000000 130.00000000
486.00000000 408.00000000 0.00000000 130.00000000
547.00000000 940.00000000 1.00000000 128.00000000
612.00000000 883.00000000 0.00000000 124.00000000
395.00000000 1087.00000000 1.00000000 124.00000000
591.00000000 902.00000000 0.00000000 123.00000000
397.00000000 1086.00000000 1.00000000 122.00000000
374.00000000 896.00000000 2.00000000 122.00000000
372.00000000 1063.00000000 1.00000000 122.00000000
586.00000000 622.00000000 2.00000000 122.00000000
615.00000000 744.00000000 0.00000000 122.00000000
436.00000000 643.00000000 1.00000000 121.00000000
397.00000000 405.00000000 1.00000000 121.00000000
437.00000000 644.00000000 1.00000000 121.00000000
649.00000000 970.00000000 1.00000000 120.00000000
435.00000000 709.00000000 1.00000000 120.00000000
473.00000000 1013.00000000 1.00000000 117.00000000
599.00000000 891.00000000 0.00000000 117.00000000
601.00000000 78.00000000 0.00000000 116.00000000
649.00000000 970.00000000 1.00000000 113.00000000
437.00000000 671.00000000 0.00000000 113.00000000
582.00000000 906.00000000 0.00000000 112.00000000
598.00000000 759.00000000 1.00000000 111.00000000
573.00000000 881.00000000 1.00000000 110.00000000
583.00000000 907.00000000 1.00000000 110.00000000
476.00000000 1028.00000000 1.00000000 109.00000000
584.00000000 613.00000000 1.00000000 107.00000000
397.00000000 404.00000000 0.00000000 106.00000000
372.00000000 1063.00000000 0.00000000 106.00000000
451.00000000 993.00000000 1.00000000 105.00000000
476.00000000 1028.00000000 0.00000000 104.00000000
495.00000000 991.00000000 1.00000000 104.00000000
497.00000000 986.00000000 0.00000000 103.00000000
437.00000000 662.00000000 0.00000000 103.00000000
573.00000000 880.00000000 0.00000000 101.00000000
465.00000000 1033.00000000 0.00000000 101.00000000
592.00000000 870.00000000 0.00000000 100.00000000
419.00000000 1067.00000000 0.00000000 100.00000000
706.00000000 671.00000000 1.00000000 100.00000000
591.00000000 902.00000000 1.00000000 99.00000000
614.00000000 760.00000000 0.00000000 99.00000000
595.00000000 502.00000000 1.00000000 99.00000000
592.00000000 870.00000000 1.00000000 98.00000000
438.00000000 644.00000000 0.00000000 97.00000000
374.00000000 1105.00000000 0.00000000 97.00000000
706.00000000 671.00000000 0.00000000 97.00000000
613.00000000 778.00000000 0.00000000 96.00000000
465.00000000 388.00000000 0.00000000 96.00000000
514.00000000 966.00000000 0.00000000 94.00000000
435.00000000 709.00000000 0.00000000 94.00000000
451.00000000 993.00000000 0.00000000 92.00000000
649.00000000 969.00000000 0.00000000 91.00000000
584.00000000 837.00000000 0.00000000 88.00000000
406.00000000 476.00000000 0.00000000 86.00000000
564.00000000 921.00000000 0.00000000 83.00000000
592.00000000 863.00000000 0.00000000 82.00000000
510.00000000 931.00000000 0.00000000 81.00000000
481.00000000 1006.00000000 0.00000000 81.00000000
596.00000000 486.00000000 0.00000000 80.00000000
462.00000000 436.00000000 0.00000000 80.00000000
535.00000000 1030.00000000 0.00000000 79.00000000
467.00000000 980.00000000 0.00000000 78.00000000
583.00000000 610.00000000 0.00000000 78.00000000
531.00000000 958.00000000 0.00000000 77.00000000
464.00000000 1040.00000000 0.00000000 77.00000000
486.00000000 533.00000000 0.00000000 76.00000000
504.00000000 982.00000000 0.00000000 75.00000000
587.00000000 762.00000000 0.00000000 75.00000000
584.00000000 621.00000000 0.00000000 75.00000000
413.00000000 438.00000000 0.00000000 74.00000000
521.00000000 960.00000000 0.00000000 74.00000000
487.00000000 1018.00000000 0.00000000 74.00000000
555.00000000 936.00000000 0.00000000 74.00000000
487.00000000 1001.00000000 0.00000000 72.00000000
588.00000000 123.00000000 0.00000000 72.00000000
