519.00000000 837.00000000 0.00000000 401.00000000
396.00000000 468.00000000 4.00000000 374.00000000
395.00000000 469.00000000 5.00000000 362.00000000
478.00000000 833.00000000 0.00000000 329.00000000
589.00000000 842.00000000 0.00000000 328.00000000
625.00000000 838.00000000 0.00000000 322.00000000
309.00000000 825.00000000 0.00000000 321.00000000
579.00000000 719.00000000 1.00000000 321.00000000
642.00000000 682.00000000 0.00000000 311.00000000
642.00000000 683.00000000 1.00000000 309.00000000
395.00000000 466.00000000 2.00000000 303.00000000
265.00000000 115.00000000 1.00000000 302.00000000
539.00000000 812.00000000 1.00000000 297.00000000
266.00000000 116.00000000 2.00000000 296.00000000
542.00000000 717.00000000 1.00000000 293.00000000
579.00000000 721.00000000 1.00000000 290.00000000
495.00000000 809.00000000 1.00000000 285.00000000
510.00000000 500.00000000 2.00000000 276.00000000
626.00000000 838.00000000 1.00000000 271.00000000
542.00000000 715.00000000 0.00000000 271.00000000
589.00000000 843.00000000 1.00000000 271.00000000
510.00000000 500.00000000 1.00000000 267.00000000
221.00000000 706.00000000 1.00000000 266.00000000
221.00000000 704.00000000 0.00000000 264.00000000
579.00000000 724.00000000 2.00000000 264.00000000
267.00000000 114.00000000 1.00000000 261.00000000
579.00000000 718.00000000 0.00000000 261.00000000
447.00000000 833.00000000 1.00000000 261.00000000
284.00000000 820.00000000 0.00000000 259.00000000
390.00000000 826.00000000 0.00000000 259.00000000
580.00000000 722.00000000 2.00000000 258.00000000
519.00000000 838.00000000 1.00000000 253.00000000
541.00000000 718.00000000 1.00000000 246.00000000
285.00000000 822.00000000 1.00000000 244.00000000
588.00000000 844.00000000 1.00000000 242.00000000
538.00000000 811.00000000 0.00000000 239.00000000
272.00000000 618.00000000 2.00000000 238.00000000
538.00000000 813.00000000 1.00000000 238.00000000
668.00000000 21.00000000 0.00000000 237.00000000
478.00000000 834.00000000 1.00000000 236.00000000
265.00000000 118.00000000 2.00000000 233.00000000
309.00000000 824.00000000 1.00000000 231.00000000
534.00000000 837.00000000 0.00000000 230.00000000
268.00000000 819.00000000 0.00000000 229.00000000
398.00000000 470.00000000 2.00000000 226.00000000
447.00000000 832.00000000 0.00000000 226.00000000
268.00000000 821.00000000 1.00000000 223.00000000
643.00000000 684.00000000 1.00000000 222.00000000
272.00000000 619.00000000 1.00000000 220.00000000
580.00000000 728.00000000 4.00000000 219.00000000
668.00000000 23.00000000 1.00000000 217.00000000
445.00000000 832.00000000 1.00000000 210.00000000
220.00000000 708.00000000 1.00000000 207.00000000
266.00000000 113.00000000 0.00000000 206.00000000
494.00000000 808.00000000 1.00000000 203.00000000
205.00000000 815.00000000 0.00000000 202.00000000
494.00000000 808.00000000 0.00000000 202.00000000
271.00000000 616.00000000 2.00000000 201.00000000
274.00000000 620.00000000 1.00000000 199.00000000
330.00000000 825.00000000 0.00000000 194.00000000
557.00000000 841.00000000 0.00000000 193.00000000
205.00000000 817.00000000 1.00000000 193.00000000
487.00000000 834.00000000 0.00000000 191.00000000
244.00000000 819.00000000 0.00000000 189.00000000
298.00000000 824.00000000 1.00000000 186.00000000
557.00000000 842.00000000 1.00000000 184.00000000
244.00000000 819.00000000 1.00000000 178.00000000
383.00000000 803.00000000 1.00000000 178.00000000
588.00000000 844.00000000 2.00000000 177.00000000
644.00000000 686.00000000 2.00000000 177.00000000
488.00000000 836.00000000 1.00000000 175.00000000
457.00000000 832.00000000 0.00000000 174.00000000
258.00000000 820.00000000 0.00000000 172.00000000
514.00000000 717.00000000 0.00000000 170.00000000
331.00000000 825.00000000 1.00000000 170.00000000
540.00000000 720.00000000 2.00000000 168.00000000
557.00000000 841.00000000 1.00000000 164.00000000
398.00000000 470.00000000 1.00000000 163.00000000
298.00000000 822.00000000 0.00000000 162.00000000
510.00000000 500.00000000 1.00000000 162.00000000
667.00000000 22.00000000 1.00000000 158.00000000
390.00000000 827.00000000 1.00000000 155.00000000
485.00000000 766.00000000 1.00000000 153.00000000
429.00000000 879.00000000 0.00000000 153.00000000
383.00000000 800.00000000 1.00000000 152.00000000
223.00000000 794.00000000 1.00000000 149.00000000
514.00000000 717.00000000 1.00000000 148.00000000
515.00000000 780.00000000 1.00000000 147.00000000
321.00000000 836.00000000 1.00000000 146.00000000
274.00000000 620.00000000 0.00000000 143.00000000
490.00000000 725.00000000 1.00000000 143.00000000
383.00000000 799.00000000 0.00000000 141.00000000
240.00000000 463.00000000 1.00000000 141.00000000
515.00000000 779.00000000 0.00000000 136.00000000
401.00000000 828.00000000 0.00000000 132.00000000
347.00000000 824.00000000 0.00000000 129.00000000
425.00000000 890.00000000 0.00000000 129.00000000
318.00000000 825.00000000 0.00000000 129.00000000
246.00000000 490.00000000 0.00000000 128.00000000
516.00000000 813.00000000 0.00000000 127.00000000
239.00000000 463.00000000 0.00000000 127.00000000
223.00000000 794.00000000 0.00000000 125.00000000
690.00000000 980.00000000 0.00000000 121.00000000
490.00000000 725.00000000 0.00000000 121.00000000
627.00000000 876.00000000 0.00000000 117.00000000
485.00000000 766.00000000 0.00000000 112.00000000
446.00000000 433.00000000 0.00000000 112.00000000
449.00000000 811.00000000 0.00000000 110.00000000
383.00000000 805.00000000 0.00000000 108.00000000
301.00000000 799.00000000 0.00000000 107.00000000
315.00000000 441.00000000 0.00000000 106.00000000
321.00000000 836.00000000 0.00000000 105.00000000
426.00000000 830.00000000 0.00000000 104.00000000
569.00000000 840.00000000 0.00000000 100.00000000
467.00000000 217.00000000 0.00000000 100.00000000
550.00000000 842.00000000 0.00000000 99.00000000
643.00000000 705.00000000 0.00000000 92.00000000
364.00000000 825.00000000 0.00000000 91.00000000
579.00000000 748.00000000 0.00000000 88.00000000
502.00000000 839.00000000 0.00000000 85.00000000
497.00000000 837.00000000 0.00000000 83.00000000
613.00000000 844.00000000 0.00000000 83.00000000
398.00000000 842.00000000 0.00000000 83.00000000
338.00000000 825.00000000 0.00000000 81.00000000
337.00000000 453.00000000 0.00000000 80.00000000
195.00000000 817.00000000 0.00000000 80.00000000
263.00000000 634.00000000 0.00000000 80.00000000
