324.00000000 332.00000000 2.00000000 355.00000000
229.00000000 628.00000000 0.00000000 352.00000000
718.00000000 517.00000000 0.00000000 335.00000000
864.00000000 342.00000000 1.00000000 300.00000000
400.00000000 10.00000000 0.00000000 286.00000000
864.00000000 487.00000000 1.00000000 280.00000000
226.00000000 424.00000000 5.00000000 279.00000000
232.00000000 424.00000000 4.00000000 277.00000000
217.00000000 264.00000000 0.00000000 276.00000000
878.00000000 446.00000000 0.00000000 276.00000000
323.00000000 330.00000000 1.00000000 276.00000000
593.00000000 311.00000000 0.00000000 274.00000000
685.00000000 544.00000000 1.00000000 272.00000000
878.00000000 446.00000000 1.00000000 271.00000000
418.00000000 752.00000000 1.00000000 269.00000000
593.00000000 312.00000000 1.00000000 266.00000000
470.00000000 77.00000000 1.00000000 263.00000000
814.00000000 540.00000000 2.00000000 263.00000000
64.00000000 316.00000000 0.00000000 261.00000000
379.00000000 180.00000000 1.00000000 255.00000000
880.00000000 432.00000000 4.00000000 255.00000000
864.00000000 465.00000000 0.00000000 252.00000000
64.00000000 316.00000000 1.00000000 252.00000000
230.00000000 629.00000000 1.00000000 250.00000000
882.00000000 429.00000000 2.00000000 249.00000000
889.00000000 545.00000000 1.00000000 248.00000000
804.00000000 510.00000000 0.00000000 248.00000000
470.00000000 79.00000000 1.00000000 245.00000000
775.00000000 403.00000000 1.00000000 245.00000000
864.00000000 342.00000000 0.00000000 245.00000000
790.00000000 447.00000000 1.00000000 243.00000000
267.00000000 251.00000000 0.00000000 242.00000000
814.00000000 467.00000000 1.00000000 240.00000000
803.00000000 466.00000000 1.00000000 240.00000000
864.00000000 484.00000000 2.00000000 236.00000000
237.00000000 430.00000000 1.00000000 236.00000000
774.00000000 403.00000000 0.00000000 236.00000000
217.00000000 264.00000000 1.00000000 235.00000000
805.00000000 511.00000000 1.00000000 234.00000000
842.00000000 469.00000000 1.00000000 231.00000000
100.00000000 384.00000000 1.00000000 228.00000000
864.00000000 343.00000000 1.00000000 228.00000000
322.00000000 330.00000000 2.00000000 227.00000000
237.00000000 431.00000000 1.00000000 226.00000000
909.00000000 435.00000000 1.00000000 226.00000000
311.00000000 355.00000000 1.00000000 226.00000000
864.00000000 486.00000000 1.00000000 225.00000000
888.00000000 545.00000000 0.00000000 224.00000000
154.00000000 537.00000000 1.00000000 223.00000000
592.00000000 312.00000000 1.00000000 222.00000000
932.00000000 452.00000000 0.00000000 222.00000000
429.00000000 383.00000000 1.00000000 222.00000000
379.00000000 179.00000000 0.00000000 221.00000000
101.00000000 384.00000000 1.00000000 221.00000000
864.00000000 487.00000000 0.00000000 220.00000000
417.00000000 753.00000000 1.00000000 217.00000000
428.00000000 383.00000000 1.00000000 215.00000000
90.00000000 362.00000000 2.00000000 213.00000000
506.00000000 120.00000000 0.00000000 213.00000000
771.00000000 575.00000000 1.00000000 212.00000000
806.00000000 511.00000000 1.00000000 211.00000000
395.00000000 120.00000000 1.00000000 211.00000000
864.00000000 465.00000000 1.00000000 210.00000000
92.00000000 362.00000000 2.00000000 210.00000000
814.00000000 469.00000000 1.00000000 210.00000000
245.00000000 313.00000000 1.00000000 209.00000000
842.00000000 433.00000000 0.00000000 209.00000000
909.00000000 436.00000000 1.00000000 207.00000000
932.00000000 454.00000000 1.00000000 207.00000000
377.00000000 181.00000000 1.00000000 207.00000000
862.00000000 458.00000000 0.00000000 206.00000000
685.00000000 544.00000000 1.00000000 206.00000000
311.00000000 354.00000000 1.00000000 205.00000000
802.00000000 465.00000000 0.00000000 205.00000000
367.00000000 322.00000000 1.00000000 205.00000000
876.00000000 454.00000000 0.00000000 203.00000000
360.00000000 466.00000000 2.00000000 203.00000000
720.00000000 552.00000000 1.00000000 201.00000000
51.00000000 399.00000000 1.00000000 199.00000000
363.00000000 297.00000000 1.00000000 196.00000000
237.00000000 430.00000000 0.00000000 195.00000000
884.00000000 428.00000000 2.00000000 194.00000000
472.00000000 78.00000000 2.00000000 193.00000000
750.00000000 205.00000000 0.00000000 193.00000000
685.00000000 543.00000000 0.00000000 191.00000000
639.00000000 520.00000000 0.00000000 191.00000000
633.00000000 543.00000000 0.00000000 189.00000000
839.00000000 546.00000000 0.00000000 188.00000000
789.00000000 446.00000000 0.00000000 186.00000000
712.00000000 482.00000000 2.00000000 184.00000000
864.00000000 450.00000000 0.00000000 183.00000000
917.00000000 444.00000000 0.00000000 183.00000000
813.00000000 466.00000000 0.00000000 180.00000000
930.00000000 458.00000000 2.00000000 180.00000000
96.00000000 340.00000000 0.00000000 179.00000000
111.00000000 315.00000000 0.00000000 178.00000000
417.00000000 752.00000000 0.00000000 178.00000000
232.00000000 602.00000000 0.00000000 177.00000000
429.00000000 383.00000000 0.00000000 177.00000000
673.00000000 548.00000000 0.00000000 176.00000000
831.00000000 476.00000000 0.00000000 176.00000000
46.00000000 464.00000000 0.00000000 176.00000000
22.00000000 487.00000000 0.00000000 175.00000000
579.00000000 531.00000000 0.00000000 174.00000000
1035.00000000 523.00000000 0.00000000 173.00000000
773.00000000 412.00000000 0.00000000 172.00000000
933.00000000 550.00000000 0.00000000 171.00000000
118.00000000 125.00000000 0.00000000 169.00000000
362.00000000 297.00000000 0.00000000 168.00000000
311.00000000 355.00000000 0.00000000 165.00000000
384.00000000 298.00000000 0.00000000 165.00000000
395.00000000 727.00000000 0.00000000 164.00000000
779.00000000 489.00000000 0.00000000 164.00000000
909.00000000 434.00000000 0.00000000 163.00000000
760.00000000 534.00000000 0.00000000 163.00000000
52.00000000 398.00000000 0.00000000 162.00000000
101.00000000 384.00000000 0.00000000 161.00000000
720.00000000 551.00000000 0.00000000 161.00000000
858.00000000 409.00000000 0.00000000 160.00000000
760.00000000 508.00000000 0.00000000 160.00000000
842.00000000 469.00000000 0.00000000 160.00000000
844.00000000 487.00000000 0.00000000 158.00000000
482.00000000 463.00000000 0.00000000 158.00000000
231.00000000 280.00000000 0.00000000 157.00000000
199.00000000 507.00000000 0.00000000 157.00000000
245.00000000 313.00000000 0.00000000 156.00000000
391.00000000 733.00000000 0.00000000 156.00000000
