462.00000000 898.00000000 1.00000000 305.00000000
537.00000000 435.00000000 5.00000000 300.00000000
704.00000000 52.00000000 0.00000000 270.00000000
540.00000000 436.00000000 4.00000000 269.00000000
704.00000000 52.00000000 1.00000000 266.00000000
462.00000000 898.00000000 0.00000000 256.00000000
422.00000000 919.00000000 1.00000000 250.00000000
375.00000000 774.00000000 0.00000000 247.00000000
375.00000000 776.00000000 1.00000000 246.00000000
642.00000000 687.00000000 0.00000000 238.00000000
411.00000000 924.00000000 0.00000000 236.00000000
652.00000000 388.00000000 4.00000000 229.00000000
610.00000000 475.00000000 1.00000000 229.00000000
643.00000000 688.00000000 1.00000000 226.00000000
424.00000000 912.00000000 0.00000000 220.00000000
564.00000000 844.00000000 1.00000000 218.00000000
564.00000000 842.00000000 0.00000000 215.00000000
594.00000000 800.00000000 1.00000000 214.00000000
709.00000000 50.00000000 2.00000000 214.00000000
355.00000000 956.00000000 0.00000000 211.00000000
439.00000000 910.00000000 1.00000000 210.00000000
540.00000000 435.00000000 2.00000000 204.00000000
564.00000000 844.00000000 1.00000000 198.00000000
411.00000000 923.00000000 1.00000000 195.00000000
374.00000000 777.00000000 1.00000000 186.00000000
618.00000000 787.00000000 0.00000000 186.00000000
642.00000000 694.00000000 2.00000000 185.00000000
650.00000000 384.00000000 2.00000000 185.00000000
453.00000000 905.00000000 1.00000000 182.00000000
356.00000000 946.00000000 0.00000000 181.00000000
593.00000000 801.00000000 1.00000000 180.00000000
612.00000000 476.00000000 2.00000000 179.00000000
423.00000000 919.00000000 1.00000000 177.00000000
441.00000000 907.00000000 0.00000000 177.00000000
432.00000000 640.00000000 1.00000000 174.00000000
610.00000000 458.00000000 0.00000000 174.00000000
607.00000000 823.00000000 0.00000000 169.00000000
627.00000000 814.00000000 1.00000000 168.00000000
607.00000000 823.00000000 1.00000000 167.00000000
441.00000000 907.00000000 1.00000000 167.00000000
704.00000000 52.00000000 1.00000000 167.00000000
627.00000000 813.00000000 0.00000000 166.00000000
594.00000000 799.00000000 0.00000000 163.00000000
453.00000000 905.00000000 0.00000000 161.00000000
461.00000000 899.00000000 1.00000000 158.00000000
643.00000000 690.00000000 1.00000000 155.00000000
644.00000000 803.00000000 0.00000000 155.00000000
673.00000000 642.00000000 0.00000000 154.00000000
652.00000000 382.00000000 2.00000000 153.00000000
355.00000000 950.00000000 1.00000000 153.00000000
526.00000000 859.00000000 0.00000000 153.00000000
610.00000000 473.00000000 1.00000000 152.00000000
611.00000000 459.00000000 1.00000000 151.00000000
376.00000000 907.00000000 1.00000000 151.00000000
342.00000000 746.00000000 2.00000000 151.00000000
662.00000000 788.00000000 0.00000000 146.00000000
456.00000000 868.00000000 1.00000000 146.00000000
706.00000000 52.00000000 2.00000000 144.00000000
540.00000000 440.00000000 2.00000000 144.00000000
376.00000000 906.00000000 1.00000000 144.00000000
564.00000000 846.00000000 2.00000000 143.00000000
618.00000000 789.00000000 1.00000000 142.00000000
376.00000000 907.00000000 0.00000000 141.00000000
431.00000000 640.00000000 1.00000000 141.00000000
608.00000000 699.00000000 0.00000000 141.00000000
584.00000000 832.00000000 0.00000000 141.00000000
374.00000000 906.00000000 2.00000000 140.00000000
673.00000000 643.00000000 1.00000000 139.00000000
599.00000000 574.00000000 1.00000000 139.00000000
533.00000000 857.00000000 0.00000000 138.00000000
599.00000000 572.00000000 1.00000000 137.00000000
622.00000000 696.00000000 1.00000000 137.00000000
352.00000000 956.00000000 2.00000000 135.00000000
369.00000000 947.00000000 1.00000000 134.00000000
379.00000000 941.00000000 0.00000000 133.00000000
691.00000000 890.00000000 1.00000000 133.00000000
477.00000000 399.00000000 1.00000000 132.00000000
344.00000000 958.00000000 0.00000000 132.00000000
337.00000000 960.00000000 0.00000000 132.00000000
455.00000000 868.00000000 1.00000000 131.00000000
365.00000000 943.00000000 0.00000000 131.00000000
456.00000000 868.00000000 0.00000000 130.00000000
431.00000000 626.00000000 1.00000000 130.00000000
471.00000000 894.00000000 1.00000000 130.00000000
506.00000000 873.00000000 0.00000000 129.00000000
481.00000000 888.00000000 1.00000000 126.00000000
521.00000000 830.00000000 0.00000000 125.00000000
656.00000000 377.00000000 1.00000000 124.00000000
541.00000000 444.00000000 1.00000000 123.00000000
692.00000000 891.00000000 1.00000000 121.00000000
622.00000000 692.00000000 0.00000000 120.00000000
432.00000000 640.00000000 0.00000000 118.00000000
549.00000000 544.00000000 1.00000000 116.00000000
478.00000000 398.00000000 0.00000000 116.00000000
606.00000000 763.00000000 0.00000000 116.00000000
432.00000000 627.00000000 1.00000000 113.00000000
371.00000000 948.00000000 0.00000000 113.00000000
576.00000000 402.00000000 1.00000000 111.00000000
400.00000000 930.00000000 1.00000000 110.00000000
576.00000000 402.00000000 0.00000000 108.00000000
453.00000000 383.00000000 0.00000000 108.00000000
424.00000000 919.00000000 0.00000000 107.00000000
597.00000000 830.00000000 0.00000000 106.00000000
521.00000000 838.00000000 0.00000000 105.00000000
673.00000000 649.00000000 0.00000000 105.00000000
770.00000000 538.00000000 0.00000000 104.00000000
662.00000000 822.00000000 0.00000000 102.00000000
514.00000000 871.00000000 0.00000000 101.00000000
656.00000000 376.00000000 0.00000000 101.00000000
572.00000000 837.00000000 0.00000000 96.00000000
601.00000000 647.00000000 0.00000000 95.00000000
484.00000000 902.00000000 0.00000000 93.00000000
712.00000000 39.00000000 0.00000000 92.00000000
589.00000000 310.00000000 0.00000000 92.00000000
432.00000000 611.00000000 0.00000000 91.00000000
473.00000000 905.00000000 0.00000000 90.00000000
764.00000000 635.00000000 0.00000000 89.00000000
402.00000000 931.00000000 0.00000000 89.00000000
610.00000000 480.00000000 0.00000000 88.00000000
692.00000000 891.00000000 0.00000000 87.00000000
566.00000000 820.00000000 0.00000000 87.00000000
599.00000000 572.00000000 0.00000000 87.00000000
613.00000000 422.00000000 0.00000000 85.00000000
396.00000000 933.00000000 0.00000000 83.00000000
540.00000000 444.00000000 0.00000000 79.00000000
616.00000000 820.00000000 0.00000000 78.00000000
552.00000000 917.00000000 0.00000000 77.00000000
