240.00000000 421.00000000 1.00000000 349.00000000
660.00000000 397.00000000 1.00000000 349.00000000
298.00000000 96.00000000 2.00000000 326.00000000
298.00000000 93.00000000 1.00000000 315.00000000
184.00000000 508.00000000 4.00000000 309.00000000
587.00000000 594.00000000 0.00000000 299.00000000
296.00000000 96.00000000 2.00000000 297.00000000
987.00000000 305.00000000 1.00000000 295.00000000
240.00000000 422.00000000 2.00000000 294.00000000
662.00000000 638.00000000 1.00000000 294.00000000
662.00000000 638.00000000 0.00000000 288.00000000
987.00000000 304.00000000 0.00000000 288.00000000
659.00000000 396.00000000 0.00000000 272.00000000
660.00000000 397.00000000 1.00000000 262.00000000
241.00000000 421.00000000 1.00000000 261.00000000
701.00000000 519.00000000 0.00000000 259.00000000
484.00000000 628.00000000 1.00000000 259.00000000
299.00000000 92.00000000 1.00000000 257.00000000
668.00000000 504.00000000 4.00000000 255.00000000
587.00000000 595.00000000 1.00000000 253.00000000
645.00000000 535.00000000 0.00000000 252.00000000
670.00000000 500.00000000 2.00000000 250.00000000
626.00000000 549.00000000 1.00000000 248.00000000
700.00000000 488.00000000 0.00000000 243.00000000
980.00000000 203.00000000 1.00000000 239.00000000
818.00000000 620.00000000 1.00000000 235.00000000
717.00000000 528.00000000 0.00000000 231.00000000
581.00000000 522.00000000 1.00000000 229.00000000
845.00000000 437.00000000 0.00000000 228.00000000
702.00000000 499.00000000 0.00000000 226.00000000
520.00000000 647.00000000 2.00000000 226.00000000
625.00000000 527.00000000 1.00000000 222.00000000
381.00000000 509.00000000 2.00000000 221.00000000
625.00000000 527.00000000 1.00000000 219.00000000
704.00000000 645.00000000 0.00000000 217.00000000
987.00000000 305.00000000 1.00000000 213.00000000
644.00000000 566.00000000 2.00000000 211.00000000
384.00000000 508.00000000 2.00000000 211.00000000
645.00000000 569.00000000 1.00000000 210.00000000
646.00000000 544.00000000 0.00000000 210.00000000
580.00000000 521.00000000 0.00000000 205.00000000
990.00000000 350.00000000 0.00000000 204.00000000
663.00000000 639.00000000 1.00000000 204.00000000
672.00000000 500.00000000 2.00000000 204.00000000
570.00000000 474.00000000 1.00000000 203.00000000
569.00000000 472.00000000 1.00000000 202.00000000
277.00000000 271.00000000 1.00000000 202.00000000
675.00000000 501.00000000 1.00000000 199.00000000
716.00000000 529.00000000 1.00000000 199.00000000
980.00000000 203.00000000 0.00000000 199.00000000
645.00000000 536.00000000 1.00000000 198.00000000
589.00000000 545.00000000 1.00000000 197.00000000
484.00000000 627.00000000 0.00000000 197.00000000
701.00000000 519.00000000 1.00000000 196.00000000
371.00000000 66.00000000 1.00000000 196.00000000
568.00000000 472.00000000 2.00000000 195.00000000
485.00000000 629.00000000 1.00000000 194.00000000
181.00000000 509.00000000 5.00000000 194.00000000
663.00000000 521.00000000 1.00000000 193.00000000
589.00000000 544.00000000 0.00000000 191.00000000
569.00000000 485.00000000 1.00000000 191.00000000
615.00000000 637.00000000 0.00000000 191.00000000
660.00000000 531.00000000 0.00000000 191.00000000
524.00000000 650.00000000 2.00000000 190.00000000
646.00000000 545.00000000 1.00000000 190.00000000
980.00000000 203.00000000 1.00000000 190.00000000
372.00000000 68.00000000 2.00000000 189.00000000
622.00000000 495.00000000 0.00000000 189.00000000
818.00000000 620.00000000 0.00000000 188.00000000
450.00000000 601.00000000 0.00000000 188.00000000
548.00000000 590.00000000 0.00000000 186.00000000
714.00000000 534.00000000 1.00000000 184.00000000
662.00000000 521.00000000 0.00000000 183.00000000
270.00000000 103.00000000 1.00000000 183.00000000
552.00000000 665.00000000 1.00000000 182.00000000
660.00000000 532.00000000 1.00000000 182.00000000
626.00000000 548.00000000 1.00000000 181.00000000
568.00000000 484.00000000 0.00000000 181.00000000
588.00000000 596.00000000 1.00000000 181.00000000
970.00000000 87.00000000 0.00000000 180.00000000
647.00000000 478.00000000 1.00000000 180.00000000
990.00000000 351.00000000 1.00000000 180.00000000
287.00000000 807.00000000 1.00000000 179.00000000
625.00000000 548.00000000 0.00000000 179.00000000
705.00000000 646.00000000 1.00000000 179.00000000
641.00000000 644.00000000 1.00000000 176.00000000
615.00000000 637.00000000 1.00000000 176.00000000
581.00000000 523.00000000 1.00000000 176.00000000
548.00000000 591.00000000 1.00000000 174.00000000
989.00000000 335.00000000 0.00000000 174.00000000
647.00000000 478.00000000 0.00000000 174.00000000
982.00000000 235.00000000 0.00000000 171.00000000
656.00000000 579.00000000 0.00000000 171.00000000
700.00000000 489.00000000 1.00000000 170.00000000
512.00000000 601.00000000 0.00000000 170.00000000
784.00000000 434.00000000 0.00000000 164.00000000
924.00000000 222.00000000 0.00000000 162.00000000
615.00000000 557.00000000 0.00000000 161.00000000
630.00000000 506.00000000 0.00000000 158.00000000
712.00000000 569.00000000 0.00000000 156.00000000
569.00000000 474.00000000 0.00000000 155.00000000
589.00000000 557.00000000 0.00000000 152.00000000
991.00000000 365.00000000 0.00000000 150.00000000
299.00000000 91.00000000 0.00000000 149.00000000
965.00000000 16.00000000 0.00000000 148.00000000
644.00000000 569.00000000 0.00000000 147.00000000
974.00000000 123.00000000 0.00000000 146.00000000
979.00000000 190.00000000 0.00000000 144.00000000
641.00000000 644.00000000 0.00000000 143.00000000
511.00000000 637.00000000 0.00000000 142.00000000
643.00000000 581.00000000 0.00000000 141.00000000
425.00000000 383.00000000 0.00000000 140.00000000
565.00000000 245.00000000 0.00000000 138.00000000
674.00000000 499.00000000 0.00000000 138.00000000
632.00000000 399.00000000 0.00000000 138.00000000
987.00000000 295.00000000 0.00000000 137.00000000
745.00000000 425.00000000 0.00000000 136.00000000
835.00000000 361.00000000 0.00000000 136.00000000
690.00000000 485.00000000 0.00000000 133.00000000
992.00000000 374.00000000 0.00000000 132.00000000
599.00000000 545.00000000 0.00000000 130.00000000
625.00000000 527.00000000 0.00000000 127.00000000
649.00000000 526.00000000 0.00000000 125.00000000
581.00000000 533.00000000 0.00000000 125.00000000
978.00000000 183.00000000 0.00000000 124.00000000
982.00000000 242.00000000 0.00000000 120.00000000
444.00000000 624.00000000 0.00000000 120.00000000
