854.00000000 135.00000000 5.00000000 482.00000000
856.00000000 132.00000000 4.00000000 442.00000000
857.00000000 130.00000000 2.00000000 427.00000000
856.00000000 128.00000000 2.00000000 421.00000000
857.00000000 127.00000000 1.00000000 419.00000000
407.00000000 673.00000000 0.00000000 396.00000000
848.00000000 52.00000000 1.00000000 390.00000000
452.00000000 376.00000000 2.00000000 389.00000000
857.00000000 127.00000000 1.00000000 381.00000000
482.00000000 12.00000000 0.00000000 358.00000000
708.00000000 564.00000000 2.00000000 339.00000000
548.00000000 743.00000000 0.00000000 330.00000000
643.00000000 16.00000000 0.00000000 326.00000000
624.00000000 15.00000000 1.00000000 322.00000000
452.00000000 374.00000000 1.00000000 321.00000000
759.00000000 43.00000000 0.00000000 316.00000000
548.00000000 744.00000000 1.00000000 308.00000000
670.00000000 14.00000000 0.00000000 297.00000000
797.00000000 54.00000000 1.00000000 290.00000000
366.00000000 564.00000000 1.00000000 290.00000000
367.00000000 564.00000000 1.00000000 286.00000000
854.00000000 73.00000000 1.00000000 283.00000000
847.00000000 52.00000000 0.00000000 282.00000000
708.00000000 564.00000000 1.00000000 279.00000000
760.00000000 44.00000000 1.00000000 275.00000000
857.00000000 126.00000000 0.00000000 275.00000000
482.00000000 215.00000000 1.00000000 270.00000000
247.00000000 431.00000000 1.00000000 269.00000000
837.00000000 50.00000000 0.00000000 267.00000000
350.00000000 292.00000000 0.00000000 266.00000000
384.00000000 476.00000000 4.00000000 266.00000000
725.00000000 443.00000000 1.00000000 265.00000000
395.00000000 282.00000000 0.00000000 262.00000000
492.00000000 508.00000000 1.00000000 256.00000000
772.00000000 462.00000000 1.00000000 256.00000000
625.00000000 15.00000000 0.00000000 256.00000000
449.00000000 376.00000000 2.00000000 252.00000000
797.00000000 54.00000000 0.00000000 252.00000000
617.00000000 11.00000000 0.00000000 250.00000000
740.00000000 546.00000000 2.00000000 250.00000000
492.00000000 509.00000000 1.00000000 249.00000000
247.00000000 431.00000000 1.00000000 249.00000000
531.00000000 733.00000000 0.00000000 247.00000000
725.00000000 50.00000000 1.00000000 247.00000000
770.00000000 25.00000000 0.00000000 246.00000000
725.00000000 50.00000000 0.00000000 245.00000000
748.00000000 34.00000000 0.00000000 244.00000000
772.00000000 461.00000000 1.00000000 242.00000000
854.00000000 72.00000000 0.00000000 241.00000000
824.00000000 63.00000000 0.00000000 241.00000000
391.00000000 479.00000000 1.00000000 240.00000000
848.00000000 52.00000000 1.00000000 238.00000000
719.00000000 26.00000000 0.00000000 236.00000000
824.00000000 63.00000000 1.00000000 236.00000000
608.00000000 470.00000000 2.00000000 231.00000000
329.00000000 599.00000000 1.00000000 231.00000000
480.00000000 214.00000000 1.00000000 230.00000000
246.00000000 430.00000000 2.00000000 229.00000000
366.00000000 563.00000000 0.00000000 229.00000000
772.00000000 41.00000000 0.00000000 228.00000000
407.00000000 674.00000000 1.00000000 228.00000000
725.00000000 443.00000000 0.00000000 228.00000000
608.00000000 469.00000000 2.00000000 228.00000000
610.00000000 469.00000000 1.00000000 226.00000000
770.00000000 462.00000000 2.00000000 226.00000000
837.00000000 50.00000000 1.00000000 226.00000000
741.00000000 545.00000000 2.00000000 226.00000000
492.00000000 567.00000000 1.00000000 225.00000000
490.00000000 510.00000000 2.00000000 224.00000000
390.00000000 479.00000000 1.00000000 222.00000000
350.00000000 293.00000000 1.00000000 222.00000000
704.00000000 41.00000000 0.00000000 221.00000000
492.00000000 566.00000000 0.00000000 220.00000000
492.00000000 508.00000000 0.00000000 220.00000000
633.00000000 367.00000000 1.00000000 219.00000000
685.00000000 554.00000000 0.00000000 219.00000000
709.00000000 563.00000000 1.00000000 206.00000000
705.00000000 42.00000000 1.00000000 204.00000000
406.00000000 649.00000000 0.00000000 204.00000000
692.00000000 36.00000000 0.00000000 204.00000000
263.00000000 602.00000000 1.00000000 204.00000000
742.00000000 545.00000000 1.00000000 204.00000000
399.00000000 651.00000000 0.00000000 202.00000000
480.00000000 342.00000000 0.00000000 202.00000000
399.00000000 651.00000000 1.00000000 200.00000000
482.00000000 214.00000000 0.00000000 200.00000000
761.00000000 99.00000000 1.00000000 200.00000000
758.00000000 36.00000000 0.00000000 199.00000000
534.00000000 429.00000000 0.00000000 198.00000000
582.00000000 45.00000000 1.00000000 198.00000000
391.00000000 479.00000000 0.00000000 198.00000000
396.00000000 283.00000000 1.00000000 197.00000000
612.00000000 470.00000000 1.00000000 196.00000000
724.00000000 442.00000000 1.00000000 195.00000000
451.00000000 372.00000000 0.00000000 195.00000000
654.00000000 24.00000000 0.00000000 194.00000000
692.00000000 37.00000000 1.00000000 194.00000000
734.00000000 32.00000000 1.00000000 191.00000000
762.00000000 62.00000000 0.00000000 191.00000000
633.00000000 367.00000000 1.00000000 191.00000000
572.00000000 169.00000000 0.00000000 188.00000000
497.00000000 343.00000000 0.00000000 188.00000000
452.00000000 373.00000000 1.00000000 188.00000000
519.00000000 123.00000000 0.00000000 187.00000000
686.00000000 554.00000000 1.00000000 185.00000000
632.00000000 550.00000000 0.00000000 184.00000000
446.00000000 453.00000000 0.00000000 183.00000000
490.00000000 145.00000000 0.00000000 183.00000000
212.00000000 341.00000000 0.00000000 182.00000000
480.00000000 313.00000000 0.00000000 181.00000000
772.00000000 461.00000000 0.00000000 181.00000000
521.00000000 439.00000000 0.00000000 180.00000000
342.00000000 401.00000000 0.00000000 179.00000000
663.00000000 538.00000000 0.00000000 175.00000000
799.00000000 72.00000000 0.00000000 174.00000000
398.00000000 660.00000000 0.00000000 174.00000000
753.00000000 477.00000000 0.00000000 171.00000000
633.00000000 365.00000000 0.00000000 171.00000000
761.00000000 98.00000000 0.00000000 170.00000000
573.00000000 500.00000000 0.00000000 170.00000000
720.00000000 31.00000000 0.00000000 170.00000000
593.00000000 492.00000000 0.00000000 169.00000000
247.00000000 431.00000000 0.00000000 169.00000000
656.00000000 67.00000000 0.00000000 168.00000000
363.00000000 224.00000000 0.00000000 166.00000000
298.00000000 824.00000000 0.00000000 165.00000000
734.00000000 11.00000000 0.00000000 164.00000000
