408.00000000 21.00000000 1.00000000 475.00000000
410.00000000 20.00000000 1.00000000 418.00000000
364.00000000 396.00000000 2.00000000 358.00000000
899.00000000 394.00000000 1.00000000 351.00000000
410.00000000 19.00000000 0.00000000 331.00000000
496.00000000 809.00000000 1.00000000 289.00000000
899.00000000 393.00000000 0.00000000 286.00000000
854.00000000 593.00000000 2.00000000 280.00000000
277.00000000 497.00000000 5.00000000 279.00000000
302.00000000 702.00000000 0.00000000 277.00000000
734.00000000 601.00000000 1.00000000 269.00000000
852.00000000 596.00000000 4.00000000 267.00000000
242.00000000 323.00000000 0.00000000 264.00000000
912.00000000 499.00000000 0.00000000 264.00000000
405.00000000 225.00000000 1.00000000 263.00000000
493.00000000 104.00000000 1.00000000 261.00000000
830.00000000 501.00000000 0.00000000 256.00000000
899.00000000 394.00000000 1.00000000 249.00000000
916.00000000 483.00000000 2.00000000 249.00000000
404.00000000 226.00000000 1.00000000 246.00000000
280.00000000 496.00000000 4.00000000 244.00000000
899.00000000 518.00000000 0.00000000 243.00000000
362.00000000 395.00000000 2.00000000 243.00000000
135.00000000 456.00000000 1.00000000 241.00000000
830.00000000 502.00000000 1.00000000 241.00000000
765.00000000 574.00000000 0.00000000 241.00000000
844.00000000 564.00000000 0.00000000 239.00000000
842.00000000 521.00000000 1.00000000 238.00000000
496.00000000 810.00000000 1.00000000 236.00000000
243.00000000 323.00000000 1.00000000 233.00000000
913.00000000 499.00000000 1.00000000 231.00000000
494.00000000 104.00000000 2.00000000 231.00000000
635.00000000 366.00000000 0.00000000 231.00000000
635.00000000 368.00000000 1.00000000 231.00000000
535.00000000 155.00000000 0.00000000 230.00000000
496.00000000 809.00000000 0.00000000 230.00000000
815.00000000 458.00000000 1.00000000 230.00000000
876.00000000 504.00000000 1.00000000 229.00000000
363.00000000 394.00000000 1.00000000 229.00000000
853.00000000 521.00000000 1.00000000 227.00000000
899.00000000 518.00000000 1.00000000 227.00000000
900.00000000 538.00000000 2.00000000 225.00000000
121.00000000 432.00000000 2.00000000 225.00000000
845.00000000 565.00000000 1.00000000 222.00000000
880.00000000 523.00000000 1.00000000 221.00000000
900.00000000 539.00000000 1.00000000 219.00000000
912.00000000 508.00000000 0.00000000 219.00000000
493.00000000 105.00000000 1.00000000 218.00000000
82.00000000 382.00000000 1.00000000 217.00000000
842.00000000 521.00000000 0.00000000 216.00000000
476.00000000 448.00000000 1.00000000 215.00000000
634.00000000 369.00000000 1.00000000 213.00000000
295.00000000 307.00000000 0.00000000 213.00000000
402.00000000 226.00000000 2.00000000 213.00000000
920.00000000 482.00000000 2.00000000 212.00000000
123.00000000 409.00000000 1.00000000 211.00000000
898.00000000 511.00000000 0.00000000 210.00000000
734.00000000 601.00000000 0.00000000 210.00000000
100.00000000 123.00000000 0.00000000 209.00000000
415.00000000 155.00000000 1.00000000 207.00000000
815.00000000 627.00000000 1.00000000 206.00000000
899.00000000 538.00000000 1.00000000 206.00000000
735.00000000 602.00000000 1.00000000 206.00000000
899.00000000 517.00000000 1.00000000 204.00000000
535.00000000 156.00000000 1.00000000 204.00000000
468.00000000 794.00000000 0.00000000 202.00000000
416.00000000 155.00000000 1.00000000 201.00000000
135.00000000 457.00000000 1.00000000 201.00000000
183.00000000 342.00000000 1.00000000 201.00000000
362.00000000 22.00000000 1.00000000 201.00000000
815.00000000 458.00000000 0.00000000 200.00000000
758.00000000 540.00000000 2.00000000 199.00000000
922.00000000 596.00000000 1.00000000 199.00000000
941.00000000 487.00000000 1.00000000 198.00000000
767.00000000 608.00000000 1.00000000 196.00000000
414.00000000 536.00000000 2.00000000 194.00000000
134.00000000 456.00000000 2.00000000 193.00000000
214.00000000 616.00000000 1.00000000 193.00000000
852.00000000 521.00000000 0.00000000 192.00000000
135.00000000 381.00000000 0.00000000 192.00000000
302.00000000 702.00000000 1.00000000 191.00000000
814.00000000 456.00000000 1.00000000 190.00000000
876.00000000 504.00000000 1.00000000 190.00000000
820.00000000 544.00000000 0.00000000 189.00000000
408.00000000 384.00000000 1.00000000 189.00000000
922.00000000 596.00000000 0.00000000 188.00000000
788.00000000 249.00000000 0.00000000 187.00000000
535.00000000 528.00000000 1.00000000 184.00000000
900.00000000 503.00000000 0.00000000 184.00000000
405.00000000 224.00000000 0.00000000 184.00000000
476.00000000 447.00000000 0.00000000 181.00000000
879.00000000 523.00000000 0.00000000 180.00000000
82.00000000 381.00000000 0.00000000 179.00000000
900.00000000 539.00000000 0.00000000 176.00000000
879.00000000 487.00000000 0.00000000 176.00000000
876.00000000 598.00000000 0.00000000 173.00000000
842.00000000 531.00000000 0.00000000 166.00000000
941.00000000 486.00000000 0.00000000 165.00000000
535.00000000 528.00000000 0.00000000 164.00000000
767.00000000 607.00000000 0.00000000 163.00000000
876.00000000 504.00000000 0.00000000 162.00000000
685.00000000 602.00000000 0.00000000 161.00000000
944.00000000 471.00000000 0.00000000 160.00000000
959.00000000 524.00000000 0.00000000 160.00000000
948.00000000 497.00000000 0.00000000 160.00000000
634.00000000 591.00000000 0.00000000 159.00000000
882.00000000 541.00000000 0.00000000 157.00000000
963.00000000 504.00000000 0.00000000 157.00000000
458.00000000 120.00000000 0.00000000 157.00000000
202.00000000 235.00000000 0.00000000 155.00000000
424.00000000 357.00000000 0.00000000 155.00000000
869.00000000 530.00000000 0.00000000 152.00000000
638.00000000 408.00000000 0.00000000 151.00000000
922.00000000 481.00000000 0.00000000 150.00000000
690.00000000 579.00000000 0.00000000 144.00000000
802.00000000 562.00000000 0.00000000 144.00000000
368.00000000 396.00000000 0.00000000 143.00000000
876.00000000 495.00000000 0.00000000 141.00000000
183.00000000 342.00000000 0.00000000 141.00000000
225.00000000 358.00000000 0.00000000 139.00000000
286.00000000 502.00000000 0.00000000 139.00000000
825.00000000 300.00000000 0.00000000 139.00000000
259.00000000 257.00000000 0.00000000 138.00000000
871.00000000 478.00000000 0.00000000 136.00000000
813.00000000 468.00000000 0.00000000 136.00000000
345.00000000 311.00000000 0.00000000 136.00000000
815.00000000 627.00000000 0.00000000 135.00000000
