399.00000000 20.00000000 1.00000000 503.00000000
398.00000000 21.00000000 1.00000000 492.00000000
333.00000000 337.00000000 1.00000000 417.00000000
399.00000000 19.00000000 0.00000000 364.00000000
334.00000000 338.00000000 2.00000000 362.00000000
254.00000000 424.00000000 5.00000000 346.00000000
409.00000000 711.00000000 1.00000000 338.00000000
821.00000000 337.00000000 1.00000000 334.00000000
260.00000000 424.00000000 4.00000000 330.00000000
409.00000000 710.00000000 0.00000000 321.00000000
547.00000000 830.00000000 0.00000000 316.00000000
272.00000000 814.00000000 0.00000000 308.00000000
673.00000000 509.00000000 0.00000000 297.00000000
642.00000000 534.00000000 1.00000000 285.00000000
812.00000000 459.00000000 0.00000000 284.00000000
468.00000000 823.00000000 0.00000000 284.00000000
834.00000000 424.00000000 2.00000000 282.00000000
450.00000000 819.00000000 0.00000000 282.00000000
753.00000000 503.00000000 1.00000000 275.00000000
828.00000000 441.00000000 0.00000000 274.00000000
821.00000000 337.00000000 0.00000000 270.00000000
369.00000000 819.00000000 0.00000000 270.00000000
760.00000000 531.00000000 2.00000000 269.00000000
323.00000000 360.00000000 1.00000000 268.00000000
753.00000000 502.00000000 0.00000000 268.00000000
150.00000000 370.00000000 2.00000000 267.00000000
158.00000000 389.00000000 1.00000000 265.00000000
792.00000000 463.00000000 1.00000000 264.00000000
830.00000000 538.00000000 0.00000000 263.00000000
832.00000000 428.00000000 4.00000000 263.00000000
831.00000000 538.00000000 1.00000000 261.00000000
811.00000000 481.00000000 1.00000000 261.00000000
567.00000000 313.00000000 1.00000000 258.00000000
812.00000000 460.00000000 1.00000000 257.00000000
421.00000000 385.00000000 1.00000000 257.00000000
462.00000000 84.00000000 1.00000000 256.00000000
1110.00000000 281.00000000 0.00000000 251.00000000
462.00000000 85.00000000 1.00000000 251.00000000
380.00000000 192.00000000 1.00000000 250.00000000
743.00000000 441.00000000 0.00000000 249.00000000
601.00000000 511.00000000 0.00000000 249.00000000
880.00000000 447.00000000 0.00000000 248.00000000
810.00000000 478.00000000 2.00000000 247.00000000
744.00000000 441.00000000 1.00000000 246.00000000
567.00000000 311.00000000 0.00000000 245.00000000
1110.00000000 282.00000000 1.00000000 245.00000000
754.00000000 461.00000000 1.00000000 245.00000000
410.00000000 711.00000000 1.00000000 245.00000000
764.00000000 461.00000000 1.00000000 245.00000000
794.00000000 427.00000000 0.00000000 245.00000000
567.00000000 313.00000000 1.00000000 244.00000000
821.00000000 337.00000000 1.00000000 242.00000000
246.00000000 277.00000000 0.00000000 242.00000000
224.00000000 802.00000000 0.00000000 240.00000000
712.00000000 500.00000000 1.00000000 238.00000000
450.00000000 828.00000000 0.00000000 238.00000000
362.00000000 25.00000000 1.00000000 237.00000000
828.00000000 441.00000000 1.00000000 237.00000000
790.00000000 445.00000000 1.00000000 236.00000000
370.00000000 328.00000000 1.00000000 236.00000000
865.00000000 439.00000000 0.00000000 236.00000000
753.00000000 504.00000000 1.00000000 232.00000000
813.00000000 459.00000000 1.00000000 230.00000000
421.00000000 384.00000000 0.00000000 230.00000000
731.00000000 399.00000000 0.00000000 229.00000000
377.00000000 193.00000000 1.00000000 228.00000000
811.00000000 479.00000000 1.00000000 228.00000000
370.00000000 328.00000000 0.00000000 228.00000000
754.00000000 460.00000000 0.00000000 225.00000000
712.00000000 500.00000000 0.00000000 225.00000000
366.00000000 305.00000000 0.00000000 223.00000000
548.00000000 520.00000000 0.00000000 223.00000000
423.00000000 819.00000000 0.00000000 222.00000000
670.00000000 476.00000000 1.00000000 222.00000000
154.00000000 349.00000000 0.00000000 221.00000000
731.00000000 399.00000000 1.00000000 220.00000000
836.00000000 424.00000000 2.00000000 219.00000000
783.00000000 538.00000000 0.00000000 215.00000000
156.00000000 388.00000000 1.00000000 215.00000000
323.00000000 359.00000000 0.00000000 215.00000000
814.00000000 445.00000000 1.00000000 214.00000000
880.00000000 448.00000000 1.00000000 213.00000000
202.00000000 521.00000000 1.00000000 213.00000000
791.00000000 463.00000000 0.00000000 211.00000000
402.00000000 360.00000000 1.00000000 208.00000000
712.00000000 502.00000000 1.00000000 208.00000000
333.00000000 336.00000000 1.00000000 207.00000000
709.00000000 514.00000000 1.00000000 207.00000000
811.00000000 481.00000000 0.00000000 207.00000000
260.00000000 424.00000000 2.00000000 206.00000000
760.00000000 534.00000000 2.00000000 206.00000000
643.00000000 534.00000000 1.00000000 205.00000000
977.00000000 519.00000000 0.00000000 205.00000000
330.00000000 339.00000000 2.00000000 205.00000000
630.00000000 537.00000000 0.00000000 205.00000000
765.00000000 463.00000000 1.00000000 204.00000000
121.00000000 402.00000000 1.00000000 203.00000000
811.00000000 453.00000000 0.00000000 203.00000000
365.00000000 460.00000000 1.00000000 203.00000000
866.00000000 422.00000000 0.00000000 202.00000000
128.00000000 328.00000000 0.00000000 201.00000000
596.00000000 531.00000000 0.00000000 201.00000000
814.00000000 445.00000000 0.00000000 200.00000000
670.00000000 476.00000000 2.00000000 199.00000000
465.00000000 458.00000000 0.00000000 198.00000000
764.00000000 460.00000000 0.00000000 197.00000000
864.00000000 414.00000000 0.00000000 196.00000000
380.00000000 191.00000000 0.00000000 196.00000000
120.00000000 401.00000000 0.00000000 195.00000000
825.00000000 449.00000000 0.00000000 195.00000000
261.00000000 600.00000000 0.00000000 195.00000000
873.00000000 543.00000000 0.00000000 194.00000000
876.00000000 454.00000000 2.00000000 194.00000000
641.00000000 533.00000000 0.00000000 191.00000000
362.00000000 460.00000000 2.00000000 191.00000000
797.00000000 420.00000000 0.00000000 190.00000000
792.00000000 482.00000000 0.00000000 187.00000000
354.00000000 812.00000000 0.00000000 186.00000000
537.00000000 825.00000000 0.00000000 184.00000000
781.00000000 470.00000000 0.00000000 181.00000000
811.00000000 404.00000000 0.00000000 181.00000000
719.00000000 200.00000000 0.00000000 181.00000000
440.00000000 818.00000000 0.00000000 179.00000000
673.00000000 540.00000000 0.00000000 178.00000000
158.00000000 388.00000000 0.00000000 176.00000000
388.00000000 694.00000000 0.00000000 175.00000000
753.00000000 470.00000000 0.00000000 174.00000000
