336.00000000 460.00000000 4.00000000 493.00000000
333.00000000 463.00000000 5.00000000 488.00000000
336.00000000 461.00000000 2.00000000 390.00000000
443.00000000 872.00000000 0.00000000 323.00000000
409.00000000 861.00000000 0.00000000 299.00000000
538.00000000 894.00000000 0.00000000 287.00000000
494.00000000 747.00000000 1.00000000 273.00000000
430.00000000 496.00000000 2.00000000 267.00000000
383.00000000 854.00000000 1.00000000 266.00000000
539.00000000 894.00000000 1.00000000 262.00000000
383.00000000 854.00000000 0.00000000 259.00000000
240.00000000 115.00000000 1.00000000 256.00000000
240.00000000 115.00000000 1.00000000 251.00000000
552.00000000 712.00000000 1.00000000 245.00000000
494.00000000 749.00000000 1.00000000 244.00000000
461.00000000 739.00000000 0.00000000 244.00000000
219.00000000 696.00000000 0.00000000 241.00000000
429.00000000 496.00000000 1.00000000 240.00000000
494.00000000 752.00000000 2.00000000 232.00000000
494.00000000 750.00000000 2.00000000 230.00000000
552.00000000 712.00000000 0.00000000 228.00000000
240.00000000 118.00000000 2.00000000 224.00000000
336.00000000 458.00000000 2.00000000 221.00000000
383.00000000 855.00000000 1.00000000 220.00000000
200.00000000 668.00000000 2.00000000 220.00000000
461.00000000 740.00000000 1.00000000 217.00000000
263.00000000 817.00000000 0.00000000 212.00000000
409.00000000 862.00000000 1.00000000 211.00000000
504.00000000 893.00000000 1.00000000 211.00000000
494.00000000 746.00000000 0.00000000 209.00000000
460.00000000 847.00000000 1.00000000 199.00000000
200.00000000 668.00000000 1.00000000 198.00000000
239.00000000 114.00000000 0.00000000 197.00000000
459.00000000 743.00000000 1.00000000 194.00000000
443.00000000 873.00000000 1.00000000 192.00000000
505.00000000 894.00000000 1.00000000 191.00000000
423.00000000 837.00000000 1.00000000 191.00000000
820.00000000 634.00000000 0.00000000 188.00000000
496.00000000 756.00000000 4.00000000 186.00000000
504.00000000 894.00000000 2.00000000 182.00000000
438.00000000 466.00000000 2.00000000 180.00000000
460.00000000 846.00000000 0.00000000 175.00000000
218.00000000 697.00000000 1.00000000 173.00000000
279.00000000 823.00000000 0.00000000 171.00000000
505.00000000 893.00000000 0.00000000 170.00000000
253.00000000 617.00000000 1.00000000 169.00000000
436.00000000 466.00000000 1.00000000 167.00000000
552.00000000 712.00000000 1.00000000 166.00000000
251.00000000 616.00000000 1.00000000 164.00000000
458.00000000 744.00000000 2.00000000 160.00000000
487.00000000 886.00000000 0.00000000 155.00000000
197.00000000 667.00000000 2.00000000 154.00000000
227.00000000 462.00000000 1.00000000 154.00000000
422.00000000 837.00000000 1.00000000 153.00000000
430.00000000 497.00000000 1.00000000 152.00000000
476.00000000 886.00000000 0.00000000 150.00000000
794.00000000 632.00000000 0.00000000 148.00000000
456.00000000 876.00000000 0.00000000 146.00000000
437.00000000 737.00000000 1.00000000 146.00000000
391.00000000 854.00000000 0.00000000 145.00000000
210.00000000 800.00000000 0.00000000 145.00000000
436.00000000 736.00000000 0.00000000 144.00000000
209.00000000 801.00000000 1.00000000 142.00000000
459.00000000 848.00000000 1.00000000 142.00000000
217.00000000 698.00000000 1.00000000 142.00000000
495.00000000 781.00000000 1.00000000 138.00000000
222.00000000 656.00000000 1.00000000 137.00000000
432.00000000 494.00000000 2.00000000 136.00000000
213.00000000 448.00000000 1.00000000 133.00000000
253.00000000 617.00000000 0.00000000 133.00000000
477.00000000 885.00000000 1.00000000 132.00000000
294.00000000 828.00000000 0.00000000 131.00000000
339.00000000 838.00000000 0.00000000 130.00000000
235.00000000 810.00000000 0.00000000 129.00000000
366.00000000 912.00000000 0.00000000 129.00000000
439.00000000 808.00000000 1.00000000 127.00000000
805.00000000 633.00000000 0.00000000 127.00000000
494.00000000 781.00000000 0.00000000 126.00000000
279.00000000 824.00000000 1.00000000 126.00000000
439.00000000 808.00000000 1.00000000 125.00000000
262.00000000 818.00000000 1.00000000 123.00000000
202.00000000 668.00000000 1.00000000 123.00000000
389.00000000 188.00000000 0.00000000 122.00000000
440.00000000 846.00000000 0.00000000 122.00000000
414.00000000 788.00000000 1.00000000 122.00000000
227.00000000 461.00000000 0.00000000 121.00000000
367.00000000 912.00000000 1.00000000 120.00000000
285.00000000 827.00000000 0.00000000 119.00000000
429.00000000 477.00000000 1.00000000 119.00000000
790.00000000 613.00000000 0.00000000 118.00000000
803.00000000 640.00000000 0.00000000 117.00000000
369.00000000 900.00000000 0.00000000 117.00000000
422.00000000 837.00000000 0.00000000 116.00000000
819.00000000 666.00000000 0.00000000 116.00000000
417.00000000 863.00000000 0.00000000 116.00000000
278.00000000 437.00000000 1.00000000 115.00000000
272.00000000 821.00000000 0.00000000 114.00000000
278.00000000 437.00000000 0.00000000 114.00000000
389.00000000 187.00000000 1.00000000 113.00000000
417.00000000 744.00000000 1.00000000 113.00000000
334.00000000 814.00000000 1.00000000 110.00000000
251.00000000 813.00000000 0.00000000 110.00000000
777.00000000 656.00000000 0.00000000 108.00000000
456.00000000 876.00000000 1.00000000 107.00000000
222.00000000 656.00000000 1.00000000 106.00000000
465.00000000 877.00000000 0.00000000 105.00000000
439.00000000 807.00000000 0.00000000 104.00000000
552.00000000 719.00000000 0.00000000 101.00000000
813.00000000 719.00000000 0.00000000 101.00000000
832.00000000 720.00000000 0.00000000 100.00000000
540.00000000 939.00000000 0.00000000 99.00000000
787.00000000 714.00000000 0.00000000 99.00000000
811.00000000 615.00000000 0.00000000 99.00000000
791.00000000 749.00000000 0.00000000 97.00000000
221.00000000 782.00000000 0.00000000 96.00000000
809.00000000 659.00000000 0.00000000 95.00000000
385.00000000 832.00000000 0.00000000 94.00000000
377.00000000 424.00000000 0.00000000 93.00000000
526.00000000 254.00000000 0.00000000 92.00000000
793.00000000 702.00000000 0.00000000 92.00000000
417.00000000 743.00000000 0.00000000 92.00000000
274.00000000 797.00000000 0.00000000 90.00000000
334.00000000 815.00000000 0.00000000 89.00000000
334.00000000 808.00000000 0.00000000 88.00000000
794.00000000 762.00000000 0.00000000 86.00000000
429.00000000 476.00000000 0.00000000 85.00000000
546.00000000 106.00000000 0.00000000 85.00000000
