383.00000000 771.00000000 0.00000000 430.00000000
383.00000000 771.00000000 1.00000000 392.00000000
440.00000000 422.00000000 2.00000000 373.00000000
1101.00000000 45.00000000 1.00000000 358.00000000
299.00000000 336.00000000 1.00000000 327.00000000
359.00000000 319.00000000 0.00000000 326.00000000
438.00000000 421.00000000 2.00000000 309.00000000
298.00000000 335.00000000 0.00000000 302.00000000
360.00000000 320.00000000 1.00000000 300.00000000
478.00000000 230.00000000 1.00000000 297.00000000
943.00000000 421.00000000 1.00000000 291.00000000
350.00000000 543.00000000 5.00000000 291.00000000
958.00000000 506.00000000 2.00000000 282.00000000
1101.00000000 44.00000000 1.00000000 280.00000000
714.00000000 391.00000000 0.00000000 278.00000000
943.00000000 421.00000000 0.00000000 274.00000000
908.00000000 616.00000000 4.00000000 271.00000000
910.00000000 616.00000000 2.00000000 270.00000000
889.00000000 527.00000000 1.00000000 268.00000000
927.00000000 527.00000000 1.00000000 267.00000000
770.00000000 609.00000000 0.00000000 264.00000000
714.00000000 392.00000000 1.00000000 263.00000000
848.00000000 642.00000000 2.00000000 259.00000000
479.00000000 230.00000000 1.00000000 256.00000000
960.00000000 506.00000000 2.00000000 256.00000000
1098.00000000 46.00000000 2.00000000 252.00000000
172.00000000 496.00000000 2.00000000 251.00000000
771.00000000 609.00000000 1.00000000 247.00000000
810.00000000 629.00000000 1.00000000 246.00000000
765.00000000 632.00000000 0.00000000 240.00000000
561.00000000 479.00000000 1.00000000 238.00000000
488.00000000 409.00000000 1.00000000 237.00000000
888.00000000 526.00000000 0.00000000 237.00000000
357.00000000 545.00000000 1.00000000 233.00000000
612.00000000 161.00000000 0.00000000 233.00000000
875.00000000 484.00000000 1.00000000 229.00000000
714.00000000 393.00000000 1.00000000 229.00000000
910.00000000 616.00000000 2.00000000 228.00000000
381.00000000 741.00000000 0.00000000 226.00000000
166.00000000 404.00000000 1.00000000 225.00000000
623.00000000 564.00000000 1.00000000 225.00000000
476.00000000 230.00000000 2.00000000 225.00000000
568.00000000 101.00000000 1.00000000 224.00000000
930.00000000 545.00000000 1.00000000 221.00000000
172.00000000 496.00000000 1.00000000 221.00000000
850.00000000 644.00000000 2.00000000 221.00000000
97.00000000 404.00000000 1.00000000 221.00000000
828.00000000 564.00000000 4.00000000 220.00000000
927.00000000 527.00000000 0.00000000 220.00000000
356.00000000 545.00000000 1.00000000 218.00000000
930.00000000 545.00000000 0.00000000 218.00000000
927.00000000 527.00000000 1.00000000 215.00000000
612.00000000 162.00000000 1.00000000 215.00000000
488.00000000 410.00000000 0.00000000 215.00000000
96.00000000 404.00000000 1.00000000 214.00000000
899.00000000 544.00000000 0.00000000 213.00000000
680.00000000 524.00000000 2.00000000 212.00000000
489.00000000 151.00000000 1.00000000 208.00000000
106.00000000 81.00000000 1.00000000 208.00000000
852.00000000 642.00000000 1.00000000 208.00000000
622.00000000 563.00000000 0.00000000 208.00000000
560.00000000 479.00000000 1.00000000 207.00000000
131.00000000 402.00000000 1.00000000 207.00000000
479.00000000 379.00000000 1.00000000 206.00000000
963.00000000 504.00000000 1.00000000 205.00000000
718.00000000 625.00000000 0.00000000 203.00000000
1100.00000000 43.00000000 0.00000000 202.00000000
879.00000000 650.00000000 1.00000000 201.00000000
655.00000000 553.00000000 1.00000000 201.00000000
298.00000000 336.00000000 1.00000000 201.00000000
227.00000000 357.00000000 1.00000000 201.00000000
766.00000000 632.00000000 1.00000000 200.00000000
875.00000000 484.00000000 0.00000000 198.00000000
946.00000000 561.00000000 1.00000000 198.00000000
382.00000000 743.00000000 1.00000000 198.00000000
489.00000000 149.00000000 1.00000000 197.00000000
130.00000000 402.00000000 0.00000000 197.00000000
476.00000000 345.00000000 1.00000000 197.00000000
504.00000000 379.00000000 1.00000000 195.00000000
487.00000000 408.00000000 1.00000000 194.00000000
325.00000000 643.00000000 1.00000000 194.00000000
430.00000000 450.00000000 1.00000000 194.00000000
176.00000000 618.00000000 0.00000000 192.00000000
902.00000000 586.00000000 0.00000000 192.00000000
965.00000000 613.00000000 0.00000000 191.00000000
561.00000000 479.00000000 0.00000000 190.00000000
480.00000000 229.00000000 0.00000000 188.00000000
166.00000000 404.00000000 0.00000000 187.00000000
867.00000000 587.00000000 0.00000000 183.00000000
357.00000000 545.00000000 0.00000000 183.00000000
946.00000000 561.00000000 0.00000000 182.00000000
848.00000000 275.00000000 0.00000000 181.00000000
290.00000000 458.00000000 0.00000000 178.00000000
317.00000000 299.00000000 0.00000000 176.00000000
956.00000000 521.00000000 0.00000000 176.00000000
835.00000000 600.00000000 0.00000000 173.00000000
116.00000000 323.00000000 0.00000000 172.00000000
809.00000000 628.00000000 0.00000000 172.00000000
347.00000000 152.00000000 0.00000000 171.00000000
503.00000000 379.00000000 0.00000000 171.00000000
219.00000000 222.00000000 0.00000000 166.00000000
321.00000000 357.00000000 0.00000000 165.00000000
444.00000000 422.00000000 0.00000000 164.00000000
532.00000000 116.00000000 0.00000000 164.00000000
252.00000000 335.00000000 0.00000000 162.00000000
106.00000000 81.00000000 0.00000000 162.00000000
261.00000000 458.00000000 0.00000000 159.00000000
346.00000000 454.00000000 0.00000000 159.00000000
964.00000000 505.00000000 0.00000000 159.00000000
945.00000000 540.00000000 0.00000000 159.00000000
837.00000000 633.00000000 0.00000000 157.00000000
718.00000000 434.00000000 0.00000000 157.00000000
430.00000000 450.00000000 0.00000000 157.00000000
927.00000000 31.00000000 0.00000000 155.00000000
96.00000000 463.00000000 0.00000000 154.00000000
875.00000000 493.00000000 0.00000000 152.00000000
500.00000000 574.00000000 0.00000000 152.00000000
441.00000000 460.00000000 0.00000000 150.00000000
104.00000000 516.00000000 0.00000000 150.00000000
745.00000000 18.00000000 0.00000000 148.00000000
791.00000000 636.00000000 0.00000000 147.00000000
655.00000000 552.00000000 0.00000000 147.00000000
315.00000000 258.00000000 0.00000000 145.00000000
227.00000000 357.00000000 0.00000000 144.00000000
922.00000000 552.00000000 0.00000000 143.00000000
929.00000000 618.00000000 0.00000000 143.00000000
488.00000000 148.00000000 0.00000000 141.00000000
