924.00000000 217.00000000 2.00000000 490.00000000
924.00000000 216.00000000 2.00000000 449.00000000
924.00000000 220.00000000 4.00000000 415.00000000
924.00000000 214.00000000 1.00000000 410.00000000
766.00000000 507.00000000 1.00000000 371.00000000
238.00000000 47.00000000 0.00000000 329.00000000
902.00000000 142.00000000 0.00000000 311.00000000
890.00000000 349.00000000 0.00000000 307.00000000
968.00000000 53.00000000 0.00000000 301.00000000
661.00000000 222.00000000 0.00000000 293.00000000
929.00000000 422.00000000 0.00000000 287.00000000
961.00000000 222.00000000 1.00000000 285.00000000
926.00000000 156.00000000 0.00000000 279.00000000
619.00000000 229.00000000 1.00000000 279.00000000
619.00000000 228.00000000 0.00000000 274.00000000
925.00000000 139.00000000 0.00000000 270.00000000
384.00000000 351.00000000 1.00000000 267.00000000
383.00000000 350.00000000 0.00000000 265.00000000
562.00000000 447.00000000 1.00000000 260.00000000
951.00000000 554.00000000 0.00000000 259.00000000
871.00000000 465.00000000 1.00000000 256.00000000
924.00000000 210.00000000 0.00000000 253.00000000
766.00000000 508.00000000 1.00000000 252.00000000
961.00000000 222.00000000 0.00000000 249.00000000
930.00000000 422.00000000 1.00000000 246.00000000
872.00000000 466.00000000 2.00000000 245.00000000
528.00000000 344.00000000 0.00000000 245.00000000
970.00000000 82.00000000 1.00000000 244.00000000
562.00000000 447.00000000 0.00000000 243.00000000
909.00000000 365.00000000 0.00000000 238.00000000
972.00000000 82.00000000 0.00000000 238.00000000
867.00000000 109.00000000 1.00000000 237.00000000
924.00000000 230.00000000 0.00000000 237.00000000
652.00000000 348.00000000 0.00000000 236.00000000
924.00000000 211.00000000 1.00000000 234.00000000
484.00000000 502.00000000 2.00000000 233.00000000
888.00000000 299.00000000 0.00000000 232.00000000
886.00000000 538.00000000 0.00000000 232.00000000
860.00000000 262.00000000 1.00000000 230.00000000
731.00000000 451.00000000 1.00000000 227.00000000
652.00000000 349.00000000 1.00000000 227.00000000
961.00000000 222.00000000 1.00000000 226.00000000
661.00000000 223.00000000 1.00000000 223.00000000
969.00000000 53.00000000 1.00000000 222.00000000
864.00000000 158.00000000 1.00000000 220.00000000
864.00000000 157.00000000 0.00000000 219.00000000
528.00000000 344.00000000 1.00000000 218.00000000
925.00000000 140.00000000 1.00000000 216.00000000
868.00000000 108.00000000 1.00000000 216.00000000
953.00000000 277.00000000 0.00000000 215.00000000
732.00000000 452.00000000 2.00000000 214.00000000
212.00000000 248.00000000 1.00000000 214.00000000
674.00000000 625.00000000 0.00000000 210.00000000
868.00000000 108.00000000 0.00000000 210.00000000
766.00000000 508.00000000 2.00000000 209.00000000
731.00000000 452.00000000 1.00000000 209.00000000
973.00000000 310.00000000 0.00000000 209.00000000
767.00000000 452.00000000 0.00000000 208.00000000
598.00000000 335.00000000 1.00000000 205.00000000
859.00000000 262.00000000 0.00000000 205.00000000
731.00000000 452.00000000 0.00000000 204.00000000
858.00000000 289.00000000 1.00000000 204.00000000
859.00000000 261.00000000 1.00000000 203.00000000
619.00000000 230.00000000 1.00000000 201.00000000
376.00000000 336.00000000 0.00000000 199.00000000
875.00000000 542.00000000 0.00000000 198.00000000
212.00000000 248.00000000 1.00000000 198.00000000
597.00000000 391.00000000 0.00000000 198.00000000
668.00000000 276.00000000 0.00000000 198.00000000
186.00000000 38.00000000 0.00000000 197.00000000
485.00000000 502.00000000 1.00000000 196.00000000
368.00000000 72.00000000 0.00000000 193.00000000
924.00000000 584.00000000 4.00000000 192.00000000
653.00000000 349.00000000 1.00000000 191.00000000
960.00000000 524.00000000 1.00000000 190.00000000
598.00000000 335.00000000 0.00000000 188.00000000
779.00000000 436.00000000 0.00000000 187.00000000
169.00000000 373.00000000 5.00000000 186.00000000
466.00000000 462.00000000 1.00000000 185.00000000
561.00000000 448.00000000 1.00000000 185.00000000
358.00000000 132.00000000 0.00000000 183.00000000
311.00000000 10.00000000 0.00000000 182.00000000
467.00000000 449.00000000 0.00000000 181.00000000
951.00000000 554.00000000 1.00000000 181.00000000
938.00000000 453.00000000 0.00000000 181.00000000
483.00000000 503.00000000 2.00000000 181.00000000
858.00000000 289.00000000 0.00000000 180.00000000
578.00000000 90.00000000 0.00000000 180.00000000
666.00000000 286.00000000 0.00000000 179.00000000
887.00000000 289.00000000 0.00000000 178.00000000
909.00000000 366.00000000 1.00000000 178.00000000
858.00000000 288.00000000 1.00000000 176.00000000
19.00000000 159.00000000 0.00000000 176.00000000
853.00000000 446.00000000 1.00000000 176.00000000
384.00000000 352.00000000 1.00000000 176.00000000
859.00000000 275.00000000 0.00000000 176.00000000
853.00000000 446.00000000 0.00000000 174.00000000
702.00000000 592.00000000 1.00000000 174.00000000
466.00000000 461.00000000 0.00000000 173.00000000
859.00000000 275.00000000 1.00000000 173.00000000
951.00000000 538.00000000 0.00000000 173.00000000
467.00000000 462.00000000 1.00000000 173.00000000
868.00000000 110.00000000 2.00000000 171.00000000
20.00000000 160.00000000 1.00000000 171.00000000
938.00000000 474.00000000 2.00000000 170.00000000
906.00000000 399.00000000 1.00000000 168.00000000
921.00000000 188.00000000 0.00000000 167.00000000
963.00000000 374.00000000 0.00000000 166.00000000
753.00000000 462.00000000 0.00000000 166.00000000
888.00000000 465.00000000 0.00000000 166.00000000
368.00000000 72.00000000 1.00000000 165.00000000
940.00000000 424.00000000 0.00000000 165.00000000
951.00000000 435.00000000 0.00000000 165.00000000
378.00000000 582.00000000 1.00000000 165.00000000
903.00000000 282.00000000 0.00000000 163.00000000
950.00000000 438.00000000 2.00000000 162.00000000
485.00000000 176.00000000 0.00000000 162.00000000
166.00000000 174.00000000 1.00000000 162.00000000
187.00000000 51.00000000 0.00000000 161.00000000
485.00000000 176.00000000 1.00000000 161.00000000
857.00000000 340.00000000 0.00000000 160.00000000
683.00000000 152.00000000 0.00000000 158.00000000
456.00000000 424.00000000 0.00000000 158.00000000
248.00000000 50.00000000 0.00000000 157.00000000
485.00000000 152.00000000 0.00000000 157.00000000
924.00000000 579.00000000 2.00000000 154.00000000
427.00000000 237.00000000 2.00000000 137.00000000
