172.00000000 376.00000000 0.00000000 418.00000000
304.00000000 337.00000000 0.00000000 411.00000000
294.00000000 328.00000000 0.00000000 399.00000000
307.00000000 313.00000000 0.00000000 387.00000000
144.00000000 352.00000000 0.00000000 383.00000000
317.00000000 322.00000000 0.00000000 377.00000000
210.00000000 409.00000000 0.00000000 375.00000000
210.00000000 409.00000000 1.00000000 371.00000000
243.00000000 36.00000000 0.00000000 369.00000000
12.00000000 236.00000000 0.00000000 369.00000000
241.00000000 140.00000000 0.00000000 358.00000000
238.00000000 433.00000000 0.00000000 354.00000000
173.00000000 376.00000000 1.00000000 354.00000000
428.00000000 203.00000000 1.00000000 354.00000000
429.00000000 202.00000000 0.00000000 338.00000000
424.00000000 204.00000000 2.00000000 330.00000000
265.00000000 333.00000000 0.00000000 327.00000000
145.00000000 352.00000000 1.00000000 325.00000000
284.00000000 398.00000000 0.00000000 318.00000000
217.00000000 386.00000000 0.00000000 313.00000000
244.00000000 37.00000000 1.00000000 298.00000000
427.00000000 202.00000000 1.00000000 296.00000000
347.00000000 127.00000000 0.00000000 296.00000000
330.00000000 383.00000000 1.00000000 294.00000000
238.00000000 434.00000000 1.00000000 294.00000000
241.00000000 359.00000000 0.00000000 293.00000000
309.00000000 371.00000000 0.00000000 285.00000000
275.00000000 345.00000000 1.00000000 285.00000000
318.00000000 322.00000000 1.00000000 281.00000000
340.00000000 248.00000000 0.00000000 280.00000000
281.00000000 70.00000000 1.00000000 275.00000000
276.00000000 344.00000000 1.00000000 275.00000000
241.00000000 140.00000000 1.00000000 275.00000000
310.00000000 94.00000000 1.00000000 274.00000000
304.00000000 337.00000000 1.00000000 273.00000000
215.00000000 11.00000000 0.00000000 272.00000000
228.00000000 162.00000000 0.00000000 271.00000000
284.00000000 319.00000000 0.00000000 269.00000000
308.00000000 313.00000000 1.00000000 268.00000000
364.00000000 222.00000000 0.00000000 266.00000000
331.00000000 383.00000000 1.00000000 266.00000000
281.00000000 70.00000000 0.00000000 265.00000000
295.00000000 328.00000000 1.00000000 264.00000000
347.00000000 127.00000000 1.00000000 264.00000000
300.00000000 368.00000000 2.00000000 260.00000000
297.00000000 304.00000000 0.00000000 259.00000000
309.00000000 93.00000000 0.00000000 257.00000000
384.00000000 287.00000000 0.00000000 256.00000000
299.00000000 366.00000000 1.00000000 256.00000000
260.00000000 424.00000000 0.00000000 251.00000000
173.00000000 388.00000000 0.00000000 250.00000000
375.00000000 151.00000000 1.00000000 247.00000000
174.00000000 389.00000000 1.00000000 246.00000000
374.00000000 151.00000000 0.00000000 244.00000000
373.00000000 175.00000000 5.00000000 244.00000000
373.00000000 172.00000000 2.00000000 239.00000000
424.00000000 203.00000000 2.00000000 235.00000000
372.00000000 176.00000000 4.00000000 233.00000000
283.00000000 383.00000000 1.00000000 226.00000000
388.00000000 195.00000000 0.00000000 225.00000000
332.00000000 304.00000000 2.00000000 223.00000000
282.00000000 383.00000000 1.00000000 222.00000000
265.00000000 333.00000000 1.00000000 221.00000000
276.00000000 348.00000000 2.00000000 219.00000000
324.00000000 359.00000000 1.00000000 213.00000000
217.00000000 386.00000000 1.00000000 212.00000000
385.00000000 287.00000000 1.00000000 212.00000000
325.00000000 359.00000000 1.00000000 211.00000000
241.00000000 359.00000000 1.00000000 210.00000000
432.00000000 234.00000000 0.00000000 209.00000000
285.00000000 398.00000000 1.00000000 206.00000000
338.00000000 344.00000000 1.00000000 202.00000000
365.00000000 222.00000000 1.00000000 201.00000000
374.00000000 174.00000000 2.00000000 199.00000000
334.00000000 306.00000000 1.00000000 198.00000000
337.00000000 345.00000000 1.00000000 196.00000000
341.00000000 249.00000000 1.00000000 195.00000000
284.00000000 320.00000000 1.00000000 194.00000000
231.00000000 130.00000000 0.00000000 192.00000000
229.00000000 422.00000000 1.00000000 192.00000000
229.00000000 162.00000000 1.00000000 190.00000000
411.00000000 183.00000000 0.00000000 189.00000000
210.00000000 408.00000000 1.00000000 187.00000000
330.00000000 270.00000000 2.00000000 187.00000000
374.00000000 172.00000000 1.00000000 184.00000000
504.00000000 229.00000000 0.00000000 184.00000000
96.00000000 321.00000000 0.00000000 181.00000000
261.00000000 425.00000000 1.00000000 180.00000000
371.00000000 296.00000000 1.00000000 178.00000000
333.00000000 305.00000000 2.00000000 174.00000000
172.00000000 376.00000000 1.00000000 173.00000000
144.00000000 352.00000000 1.00000000 169.00000000
173.00000000 390.00000000 1.00000000 169.00000000
608.00000000 265.00000000 2.00000000 168.00000000
337.00000000 344.00000000 0.00000000 167.00000000
370.00000000 298.00000000 2.00000000 166.00000000
291.00000000 347.00000000 0.00000000 165.00000000
608.00000000 268.00000000 4.00000000 165.00000000
275.00000000 344.00000000 0.00000000 159.00000000
283.00000000 383.00000000 0.00000000 157.00000000
282.00000000 386.00000000 2.00000000 156.00000000
666.00000000 429.00000000 1.00000000 155.00000000
333.00000000 305.00000000 1.00000000 152.00000000
154.00000000 372.00000000 0.00000000 151.00000000
752.00000000 475.00000000 0.00000000 150.00000000
332.00000000 383.00000000 0.00000000 149.00000000
376.00000000 173.00000000 0.00000000 146.00000000
439.00000000 209.00000000 0.00000000 146.00000000
334.00000000 306.00000000 0.00000000 144.00000000
324.00000000 359.00000000 0.00000000 144.00000000
357.00000000 273.00000000 0.00000000 143.00000000
665.00000000 429.00000000 0.00000000 142.00000000
221.00000000 155.00000000 0.00000000 140.00000000
398.00000000 206.00000000 0.00000000 140.00000000
372.00000000 296.00000000 0.00000000 139.00000000
41.00000000 262.00000000 0.00000000 139.00000000
262.00000000 123.00000000 0.00000000 132.00000000
77.00000000 304.00000000 0.00000000 131.00000000
57.00000000 287.00000000 0.00000000 126.00000000
422.00000000 195.00000000 0.00000000 125.00000000
72.00000000 287.00000000 0.00000000 120.00000000
101.00000000 346.00000000 0.00000000 120.00000000
328.00000000 317.00000000 0.00000000 118.00000000
106.00000000 198.00000000 0.00000000 118.00000000
619.00000000 374.00000000 0.00000000 116.00000000
449.00000000 109.00000000 0.00000000 114.00000000
188.00000000 410.00000000 0.00000000 114.00000000
