20.00000000 228.00000000 1.00000000 850.00000000
21.00000000 227.00000000 1.00000000 663.00000000
77.00000000 276.00000000 1.00000000 622.00000000
77.00000000 275.00000000 0.00000000 619.00000000
512.00000000 427.00000000 0.00000000 611.00000000
497.00000000 414.00000000 0.00000000 606.00000000
21.00000000 227.00000000 0.00000000 600.00000000
498.00000000 414.00000000 1.00000000 578.00000000
315.00000000 486.00000000 1.00000000 555.00000000
513.00000000 427.00000000 1.00000000 553.00000000
273.00000000 449.00000000 1.00000000 536.00000000
518.00000000 392.00000000 1.00000000 533.00000000
517.00000000 391.00000000 0.00000000 528.00000000
482.00000000 400.00000000 0.00000000 524.00000000
533.00000000 405.00000000 1.00000000 511.00000000
371.00000000 536.00000000 1.00000000 508.00000000
453.00000000 420.00000000 0.00000000 497.00000000
381.00000000 500.00000000 0.00000000 496.00000000
453.00000000 421.00000000 1.00000000 489.00000000
483.00000000 519.00000000 0.00000000 474.00000000
447.00000000 560.00000000 0.00000000 473.00000000
532.00000000 405.00000000 0.00000000 469.00000000
418.00000000 131.00000000 1.00000000 468.00000000
502.00000000 379.00000000 0.00000000 465.00000000
381.00000000 501.00000000 1.00000000 449.00000000
483.00000000 519.00000000 1.00000000 447.00000000
417.00000000 461.00000000 0.00000000 439.00000000
417.00000000 461.00000000 1.00000000 432.00000000
272.00000000 449.00000000 1.00000000 430.00000000
370.00000000 535.00000000 1.00000000 429.00000000
492.00000000 442.00000000 0.00000000 417.00000000
519.00000000 479.00000000 0.00000000 416.00000000
315.00000000 486.00000000 1.00000000 410.00000000
398.00000000 164.00000000 0.00000000 409.00000000
702.00000000 224.00000000 1.00000000 406.00000000
315.00000000 485.00000000 0.00000000 405.00000000
520.00000000 479.00000000 1.00000000 402.00000000
399.00000000 165.00000000 1.00000000 396.00000000
482.00000000 401.00000000 1.00000000 392.00000000
577.00000000 111.00000000 1.00000000 390.00000000
702.00000000 224.00000000 1.00000000 376.00000000
554.00000000 498.00000000 2.00000000 375.00000000
417.00000000 130.00000000 0.00000000 375.00000000
77.00000000 275.00000000 1.00000000 373.00000000
639.00000000 214.00000000 0.00000000 370.00000000
567.00000000 294.00000000 0.00000000 368.00000000
603.00000000 254.00000000 1.00000000 366.00000000
513.00000000 427.00000000 1.00000000 365.00000000
502.00000000 379.00000000 1.00000000 364.00000000
273.00000000 449.00000000 0.00000000 362.00000000
533.00000000 404.00000000 1.00000000 362.00000000
568.00000000 294.00000000 1.00000000 356.00000000
698.00000000 226.00000000 2.00000000 350.00000000
603.00000000 254.00000000 0.00000000 344.00000000
371.00000000 535.00000000 0.00000000 339.00000000
593.00000000 331.00000000 0.00000000 336.00000000
497.00000000 414.00000000 1.00000000 336.00000000
470.00000000 440.00000000 2.00000000 333.00000000
640.00000000 214.00000000 1.00000000 332.00000000
517.00000000 391.00000000 1.00000000 331.00000000
509.00000000 472.00000000 2.00000000 331.00000000
521.00000000 60.00000000 1.00000000 327.00000000
634.00000000 352.00000000 1.00000000 327.00000000
387.00000000 154.00000000 0.00000000 326.00000000
702.00000000 224.00000000 0.00000000 316.00000000
522.00000000 60.00000000 1.00000000 316.00000000
554.00000000 496.00000000 1.00000000 312.00000000
469.00000000 438.00000000 1.00000000 309.00000000
176.00000000 362.00000000 1.00000000 309.00000000
376.00000000 144.00000000 0.00000000 307.00000000
707.00000000 272.00000000 0.00000000 305.00000000
506.00000000 472.00000000 2.00000000 304.00000000
418.00000000 130.00000000 1.00000000 304.00000000
578.00000000 110.00000000 1.00000000 299.00000000
403.00000000 118.00000000 1.00000000 299.00000000
176.00000000 362.00000000 0.00000000 297.00000000
403.00000000 117.00000000 0.00000000 297.00000000
702.00000000 224.00000000 2.00000000 296.00000000
707.00000000 272.00000000 1.00000000 295.00000000
453.00000000 420.00000000 1.00000000 289.00000000
478.00000000 25.00000000 1.00000000 289.00000000
619.00000000 148.00000000 1.00000000 288.00000000
197.00000000 399.00000000 1.00000000 286.00000000
700.00000000 228.00000000 4.00000000 273.00000000
480.00000000 498.00000000 2.00000000 273.00000000
521.00000000 60.00000000 0.00000000 272.00000000
622.00000000 181.00000000 5.00000000 270.00000000
577.00000000 111.00000000 0.00000000 267.00000000
492.00000000 443.00000000 1.00000000 258.00000000
634.00000000 352.00000000 0.00000000 255.00000000
544.00000000 462.00000000 2.00000000 253.00000000
469.00000000 441.00000000 2.00000000 250.00000000
410.00000000 124.00000000 0.00000000 250.00000000
620.00000000 180.00000000 4.00000000 245.00000000
564.00000000 440.00000000 2.00000000 242.00000000
395.00000000 111.00000000 0.00000000 241.00000000
166.00000000 352.00000000 0.00000000 236.00000000
372.00000000 536.00000000 2.00000000 232.00000000
197.00000000 398.00000000 0.00000000 232.00000000
554.00000000 379.00000000 2.00000000 223.00000000
675.00000000 195.00000000 0.00000000 200.00000000
548.00000000 397.00000000 0.00000000 197.00000000
620.00000000 148.00000000 0.00000000 195.00000000
530.00000000 381.00000000 0.00000000 191.00000000
313.00000000 501.00000000 0.00000000 191.00000000
555.00000000 497.00000000 0.00000000 186.00000000
478.00000000 26.00000000 0.00000000 176.00000000
541.00000000 241.00000000 0.00000000 171.00000000
140.00000000 291.00000000 0.00000000 160.00000000
96.00000000 253.00000000 0.00000000 158.00000000
719.00000000 233.00000000 0.00000000 156.00000000
666.00000000 239.00000000 0.00000000 154.00000000
142.00000000 207.00000000 0.00000000 147.00000000
481.00000000 497.00000000 0.00000000 143.00000000
678.00000000 380.00000000 0.00000000 142.00000000
314.00000000 318.00000000 0.00000000 139.00000000
379.00000000 123.00000000 0.00000000 135.00000000
549.00000000 359.00000000 0.00000000 131.00000000
622.00000000 180.00000000 0.00000000 128.00000000
119.00000000 313.00000000 0.00000000 125.00000000
168.00000000 373.00000000 0.00000000 125.00000000
123.00000000 191.00000000 0.00000000 120.00000000
692.00000000 214.00000000 0.00000000 117.00000000
616.00000000 366.00000000 0.00000000 117.00000000
712.00000000 288.00000000 0.00000000 116.00000000
284.00000000 475.00000000 0.00000000 116.00000000
61.00000000 229.00000000 0.00000000 115.00000000
