463.00000000 365.00000000 0.00000000 818.00000000
38.00000000 217.00000000 0.00000000 812.00000000
449.00000000 352.00000000 0.00000000 808.00000000
271.00000000 422.00000000 1.00000000 787.00000000
230.00000000 387.00000000 1.00000000 769.00000000
38.00000000 217.00000000 1.00000000 736.00000000
449.00000000 352.00000000 1.00000000 730.00000000
464.00000000 365.00000000 1.00000000 701.00000000
468.00000000 331.00000000 1.00000000 679.00000000
468.00000000 330.00000000 0.00000000 679.00000000
405.00000000 359.00000000 0.00000000 667.00000000
434.00000000 340.00000000 0.00000000 664.00000000
483.00000000 343.00000000 1.00000000 661.00000000
482.00000000 343.00000000 0.00000000 634.00000000
271.00000000 422.00000000 0.00000000 633.00000000
325.00000000 470.00000000 1.00000000 625.00000000
335.00000000 436.00000000 0.00000000 615.00000000
434.00000000 454.00000000 0.00000000 608.00000000
453.00000000 318.00000000 0.00000000 608.00000000
406.00000000 359.00000000 1.00000000 607.00000000
372.00000000 76.00000000 1.00000000 596.00000000
271.00000000 422.00000000 1.00000000 580.00000000
366.00000000 507.00000000 1.00000000 570.00000000
400.00000000 493.00000000 0.00000000 553.00000000
435.00000000 455.00000000 1.00000000 549.00000000
230.00000000 386.00000000 0.00000000 543.00000000
336.00000000 436.00000000 1.00000000 543.00000000
230.00000000 386.00000000 1.00000000 536.00000000
370.00000000 398.00000000 0.00000000 535.00000000
353.00000000 108.00000000 0.00000000 533.00000000
648.00000000 168.00000000 1.00000000 531.00000000
470.00000000 415.00000000 0.00000000 528.00000000
353.00000000 109.00000000 1.00000000 517.00000000
371.00000000 398.00000000 1.00000000 505.00000000
527.00000000 57.00000000 1.00000000 500.00000000
517.00000000 236.00000000 1.00000000 486.00000000
325.00000000 470.00000000 1.00000000 485.00000000
647.00000000 168.00000000 1.00000000 483.00000000
434.00000000 340.00000000 1.00000000 481.00000000
517.00000000 236.00000000 0.00000000 480.00000000
444.00000000 380.00000000 0.00000000 478.00000000
371.00000000 75.00000000 0.00000000 478.00000000
552.00000000 197.00000000 1.00000000 477.00000000
587.00000000 157.00000000 0.00000000 477.00000000
400.00000000 494.00000000 1.00000000 469.00000000
38.00000000 216.00000000 1.00000000 467.00000000
470.00000000 416.00000000 1.00000000 467.00000000
325.00000000 470.00000000 0.00000000 467.00000000
552.00000000 197.00000000 0.00000000 451.00000000
454.00000000 318.00000000 1.00000000 450.00000000
366.00000000 506.00000000 1.00000000 446.00000000
644.00000000 166.00000000 2.00000000 444.00000000
449.00000000 352.00000000 1.00000000 440.00000000
483.00000000 343.00000000 1.00000000 431.00000000
469.00000000 330.00000000 1.00000000 426.00000000
463.00000000 364.00000000 1.00000000 418.00000000
342.00000000 99.00000000 0.00000000 418.00000000
422.00000000 378.00000000 2.00000000 416.00000000
542.00000000 271.00000000 0.00000000 416.00000000
504.00000000 434.00000000 2.00000000 413.00000000
157.00000000 338.00000000 1.00000000 411.00000000
371.00000000 76.00000000 1.00000000 409.00000000
646.00000000 168.00000000 2.00000000 409.00000000
582.00000000 292.00000000 1.00000000 408.00000000
157.00000000 338.00000000 0.00000000 401.00000000
421.00000000 376.00000000 1.00000000 400.00000000
458.00000000 410.00000000 2.00000000 395.00000000
458.00000000 408.00000000 2.00000000 395.00000000
330.00000000 89.00000000 0.00000000 395.00000000
527.00000000 56.00000000 1.00000000 392.00000000
568.00000000 93.00000000 1.00000000 389.00000000
357.00000000 62.00000000 0.00000000 387.00000000
357.00000000 63.00000000 1.00000000 387.00000000
366.00000000 506.00000000 0.00000000 386.00000000
648.00000000 167.00000000 0.00000000 385.00000000
652.00000000 214.00000000 0.00000000 383.00000000
588.00000000 157.00000000 1.00000000 376.00000000
526.00000000 57.00000000 0.00000000 369.00000000
503.00000000 432.00000000 1.00000000 366.00000000
581.00000000 292.00000000 0.00000000 354.00000000
652.00000000 214.00000000 1.00000000 350.00000000
135.00000000 301.00000000 0.00000000 349.00000000
571.00000000 124.00000000 5.00000000 342.00000000
270.00000000 438.00000000 1.00000000 330.00000000
432.00000000 434.00000000 2.00000000 329.00000000
444.00000000 380.00000000 1.00000000 327.00000000
494.00000000 400.00000000 2.00000000 326.00000000
336.00000000 435.00000000 1.00000000 326.00000000
568.00000000 93.00000000 1.00000000 325.00000000
644.00000000 172.00000000 4.00000000 320.00000000
135.00000000 301.00000000 1.00000000 320.00000000
364.00000000 69.00000000 0.00000000 318.00000000
568.00000000 124.00000000 4.00000000 317.00000000
506.00000000 316.00000000 2.00000000 312.00000000
270.00000000 437.00000000 0.00000000 309.00000000
421.00000000 379.00000000 2.00000000 306.00000000
349.00000000 57.00000000 0.00000000 304.00000000
125.00000000 292.00000000 0.00000000 299.00000000
326.00000000 472.00000000 2.00000000 292.00000000
354.00000000 492.00000000 2.00000000 290.00000000
480.00000000 320.00000000 0.00000000 282.00000000
568.00000000 93.00000000 0.00000000 275.00000000
498.00000000 335.00000000 0.00000000 252.00000000
622.00000000 140.00000000 0.00000000 244.00000000
664.00000000 176.00000000 0.00000000 215.00000000
57.00000000 195.00000000 0.00000000 213.00000000
129.00000000 313.00000000 0.00000000 197.00000000
613.00000000 181.00000000 0.00000000 197.00000000
100.00000000 231.00000000 0.00000000 194.00000000
270.00000000 259.00000000 0.00000000 187.00000000
333.00000000 68.00000000 0.00000000 186.00000000
504.00000000 432.00000000 0.00000000 186.00000000
79.00000000 254.00000000 0.00000000 186.00000000
84.00000000 134.00000000 0.00000000 184.00000000
105.00000000 290.00000000 0.00000000 183.00000000
499.00000000 299.00000000 0.00000000 178.00000000
288.00000000 473.00000000 0.00000000 176.00000000
103.00000000 150.00000000 0.00000000 175.00000000
556.00000000 468.00000000 0.00000000 168.00000000
433.00000000 432.00000000 0.00000000 166.00000000
508.00000000 319.00000000 0.00000000 163.00000000
625.00000000 318.00000000 0.00000000 162.00000000
492.00000000 183.00000000 0.00000000 161.00000000
564.00000000 306.00000000 0.00000000 157.00000000
61.00000000 93.00000000 0.00000000 156.00000000
571.00000000 125.00000000 0.00000000 155.00000000
242.00000000 413.00000000 0.00000000 145.00000000
