366.00000000 412.00000000 1.00000000 712.00000000
367.00000000 413.00000000 1.00000000 683.00000000
366.00000000 414.00000000 2.00000000 683.00000000
441.00000000 500.00000000 2.00000000 611.00000000
441.00000000 303.00000000 0.00000000 600.00000000
489.00000000 300.00000000 1.00000000 593.00000000
367.00000000 411.00000000 0.00000000 581.00000000
442.00000000 500.00000000 2.00000000 567.00000000
350.00000000 387.00000000 1.00000000 545.00000000
352.00000000 388.00000000 1.00000000 544.00000000
490.00000000 299.00000000 0.00000000 544.00000000
437.00000000 294.00000000 0.00000000 534.00000000
352.00000000 388.00000000 0.00000000 531.00000000
489.00000000 299.00000000 1.00000000 531.00000000
333.00000000 463.00000000 1.00000000 519.00000000
335.00000000 465.00000000 0.00000000 512.00000000
488.00000000 300.00000000 2.00000000 502.00000000
558.00000000 397.00000000 1.00000000 495.00000000
334.00000000 464.00000000 1.00000000 490.00000000
486.00000000 299.00000000 2.00000000 485.00000000
444.00000000 499.00000000 1.00000000 477.00000000
470.00000000 409.00000000 1.00000000 473.00000000
574.00000000 414.00000000 1.00000000 470.00000000
198.00000000 358.00000000 1.00000000 452.00000000
440.00000000 304.00000000 1.00000000 451.00000000
445.00000000 499.00000000 1.00000000 451.00000000
483.00000000 339.00000000 2.00000000 449.00000000
199.00000000 358.00000000 0.00000000 445.00000000
531.00000000 356.00000000 1.00000000 442.00000000
446.00000000 499.00000000 0.00000000 440.00000000
574.00000000 486.00000000 2.00000000 437.00000000
332.00000000 464.00000000 2.00000000 434.00000000
482.00000000 338.00000000 2.00000000 430.00000000
573.00000000 414.00000000 1.00000000 428.00000000
437.00000000 295.00000000 1.00000000 428.00000000
440.00000000 504.00000000 4.00000000 427.00000000
558.00000000 396.00000000 0.00000000 426.00000000
531.00000000 357.00000000 0.00000000 421.00000000
632.00000000 368.00000000 0.00000000 421.00000000
530.00000000 356.00000000 1.00000000 419.00000000
574.00000000 489.00000000 2.00000000 418.00000000
259.00000000 335.00000000 0.00000000 417.00000000
558.00000000 397.00000000 1.00000000 401.00000000
438.00000000 302.00000000 2.00000000 394.00000000
483.00000000 337.00000000 1.00000000 390.00000000
480.00000000 336.00000000 4.00000000 388.00000000
238.00000000 484.00000000 0.00000000 387.00000000
523.00000000 345.00000000 0.00000000 382.00000000
470.00000000 409.00000000 0.00000000 371.00000000
466.00000000 434.00000000 2.00000000 366.00000000
466.00000000 432.00000000 1.00000000 366.00000000
574.00000000 483.00000000 1.00000000 366.00000000
658.00000000 445.00000000 0.00000000 364.00000000
439.00000000 304.00000000 1.00000000 364.00000000
574.00000000 412.00000000 0.00000000 361.00000000
241.00000000 435.00000000 0.00000000 346.00000000
684.00000000 15.00000000 0.00000000 329.00000000
483.00000000 338.00000000 1.00000000 325.00000000
196.00000000 357.00000000 1.00000000 322.00000000
16.00000000 301.00000000 0.00000000 320.00000000
352.00000000 495.00000000 0.00000000 318.00000000
290.00000000 363.00000000 1.00000000 313.00000000
240.00000000 435.00000000 1.00000000 307.00000000
632.00000000 368.00000000 1.00000000 305.00000000
480.00000000 339.00000000 5.00000000 301.00000000
486.00000000 289.00000000 1.00000000 301.00000000
486.00000000 289.00000000 0.00000000 299.00000000
469.00000000 408.00000000 1.00000000 299.00000000
502.00000000 384.00000000 1.00000000 298.00000000
234.00000000 183.00000000 0.00000000 294.00000000
711.00000000 599.00000000 1.00000000 290.00000000
601.00000000 496.00000000 0.00000000 290.00000000
12.00000000 286.00000000 0.00000000 290.00000000
259.00000000 336.00000000 1.00000000 286.00000000
390.00000000 272.00000000 1.00000000 286.00000000
31.00000000 300.00000000 0.00000000 284.00000000
237.00000000 484.00000000 1.00000000 282.00000000
423.00000000 377.00000000 0.00000000 281.00000000
289.00000000 361.00000000 0.00000000 273.00000000
605.00000000 403.00000000 0.00000000 270.00000000
34.00000000 284.00000000 0.00000000 257.00000000
570.00000000 507.00000000 1.00000000 253.00000000
426.00000000 115.00000000 0.00000000 246.00000000
527.00000000 379.00000000 1.00000000 245.00000000
233.00000000 209.00000000 0.00000000 244.00000000
601.00000000 497.00000000 1.00000000 243.00000000
406.00000000 373.00000000 1.00000000 242.00000000
506.00000000 536.00000000 1.00000000 241.00000000
524.00000000 346.00000000 1.00000000 241.00000000
712.00000000 598.00000000 0.00000000 239.00000000
658.00000000 446.00000000 1.00000000 239.00000000
239.00000000 101.00000000 0.00000000 238.00000000
16.00000000 246.00000000 0.00000000 235.00000000
513.00000000 526.00000000 0.00000000 233.00000000
29.00000000 311.00000000 0.00000000 233.00000000
595.00000000 97.00000000 0.00000000 232.00000000
581.00000000 509.00000000 0.00000000 231.00000000
666.00000000 28.00000000 0.00000000 230.00000000
417.00000000 291.00000000 0.00000000 225.00000000
554.00000000 526.00000000 1.00000000 224.00000000
188.00000000 114.00000000 0.00000000 223.00000000
502.00000000 384.00000000 1.00000000 221.00000000
441.00000000 541.00000000 0.00000000 220.00000000
489.00000000 261.00000000 1.00000000 220.00000000
466.00000000 520.00000000 1.00000000 218.00000000
364.00000000 221.00000000 1.00000000 218.00000000
434.00000000 263.00000000 0.00000000 217.00000000
398.00000000 511.00000000 0.00000000 210.00000000
542.00000000 369.00000000 0.00000000 209.00000000
514.00000000 394.00000000 0.00000000 209.00000000
591.00000000 436.00000000 0.00000000 205.00000000
205.00000000 388.00000000 0.00000000 204.00000000
502.00000000 545.00000000 0.00000000 204.00000000
569.00000000 506.00000000 0.00000000 203.00000000
444.00000000 627.00000000 0.00000000 203.00000000
594.00000000 135.00000000 0.00000000 203.00000000
405.00000000 374.00000000 0.00000000 202.00000000
465.00000000 519.00000000 0.00000000 202.00000000
416.00000000 483.00000000 0.00000000 196.00000000
218.00000000 326.00000000 0.00000000 195.00000000
483.00000000 337.00000000 0.00000000 191.00000000
267.00000000 521.00000000 0.00000000 190.00000000
235.00000000 159.00000000 0.00000000 187.00000000
683.00000000 516.00000000 0.00000000 184.00000000
707.00000000 280.00000000 0.00000000 183.00000000
591.00000000 287.00000000 0.00000000 183.00000000
310.00000000 431.00000000 0.00000000 183.00000000
