76.00000000 502.00000000 1.00000000 480.00000000
812.00000000 252.00000000 2.00000000 473.00000000
811.00000000 251.00000000 2.00000000 469.00000000
812.00000000 251.00000000 1.00000000 426.00000000
813.00000000 251.00000000 1.00000000 425.00000000
155.00000000 638.00000000 0.00000000 383.00000000
76.00000000 502.00000000 2.00000000 368.00000000
702.00000000 485.00000000 1.00000000 350.00000000
83.00000000 84.00000000 1.00000000 346.00000000
812.00000000 256.00000000 4.00000000 342.00000000
83.00000000 84.00000000 0.00000000 323.00000000
78.00000000 501.00000000 1.00000000 317.00000000
841.00000000 149.00000000 1.00000000 293.00000000
841.00000000 149.00000000 0.00000000 288.00000000
519.00000000 490.00000000 1.00000000 285.00000000
764.00000000 164.00000000 1.00000000 275.00000000
548.00000000 355.00000000 0.00000000 274.00000000
759.00000000 286.00000000 1.00000000 271.00000000
449.00000000 364.00000000 0.00000000 270.00000000
82.00000000 84.00000000 1.00000000 267.00000000
772.00000000 446.00000000 1.00000000 265.00000000
813.00000000 193.00000000 0.00000000 264.00000000
82.00000000 84.00000000 2.00000000 261.00000000
339.00000000 93.00000000 0.00000000 259.00000000
820.00000000 424.00000000 5.00000000 253.00000000
147.00000000 584.00000000 0.00000000 250.00000000
682.00000000 602.00000000 1.00000000 246.00000000
571.00000000 441.00000000 0.00000000 243.00000000
518.00000000 492.00000000 2.00000000 239.00000000
765.00000000 163.00000000 0.00000000 239.00000000
147.00000000 599.00000000 2.00000000 239.00000000
771.00000000 447.00000000 1.00000000 238.00000000
825.00000000 42.00000000 2.00000000 238.00000000
761.00000000 202.00000000 0.00000000 236.00000000
761.00000000 203.00000000 1.00000000 235.00000000
155.00000000 637.00000000 1.00000000 233.00000000
74.00000000 190.00000000 1.00000000 231.00000000
763.00000000 164.00000000 1.00000000 231.00000000
125.00000000 635.00000000 1.00000000 230.00000000
144.00000000 616.00000000 0.00000000 229.00000000
571.00000000 442.00000000 1.00000000 229.00000000
444.00000000 567.00000000 1.00000000 228.00000000
801.00000000 368.00000000 0.00000000 227.00000000
73.00000000 232.00000000 0.00000000 224.00000000
680.00000000 439.00000000 1.00000000 224.00000000
759.00000000 286.00000000 0.00000000 221.00000000
812.00000000 248.00000000 0.00000000 220.00000000
823.00000000 451.00000000 0.00000000 219.00000000
683.00000000 601.00000000 0.00000000 219.00000000
819.00000000 411.00000000 0.00000000 219.00000000
758.00000000 307.00000000 1.00000000 217.00000000
516.00000000 182.00000000 0.00000000 215.00000000
794.00000000 193.00000000 0.00000000 215.00000000
608.00000000 258.00000000 0.00000000 213.00000000
816.00000000 536.00000000 4.00000000 212.00000000
320.00000000 274.00000000 1.00000000 212.00000000
634.00000000 253.00000000 0.00000000 211.00000000
549.00000000 356.00000000 1.00000000 211.00000000
506.00000000 458.00000000 1.00000000 210.00000000
824.00000000 451.00000000 1.00000000 210.00000000
506.00000000 458.00000000 0.00000000 209.00000000
859.00000000 96.00000000 0.00000000 204.00000000
147.00000000 584.00000000 1.00000000 204.00000000
814.00000000 534.00000000 2.00000000 202.00000000
16.00000000 511.00000000 0.00000000 202.00000000
362.00000000 99.00000000 0.00000000 201.00000000
320.00000000 274.00000000 0.00000000 201.00000000
702.00000000 482.00000000 0.00000000 201.00000000
608.00000000 260.00000000 1.00000000 200.00000000
136.00000000 585.00000000 0.00000000 199.00000000
816.00000000 530.00000000 2.00000000 197.00000000
284.00000000 207.00000000 1.00000000 197.00000000
519.00000000 490.00000000 1.00000000 197.00000000
630.00000000 357.00000000 0.00000000 196.00000000
758.00000000 306.00000000 0.00000000 195.00000000
284.00000000 206.00000000 0.00000000 195.00000000
444.00000000 567.00000000 0.00000000 195.00000000
764.00000000 164.00000000 2.00000000 194.00000000
517.00000000 183.00000000 1.00000000 192.00000000
365.00000000 219.00000000 1.00000000 192.00000000
702.00000000 440.00000000 0.00000000 192.00000000
813.00000000 578.00000000 0.00000000 192.00000000
702.00000000 485.00000000 1.00000000 189.00000000
519.00000000 212.00000000 0.00000000 188.00000000
799.00000000 393.00000000 0.00000000 187.00000000
786.00000000 354.00000000 0.00000000 185.00000000
755.00000000 432.00000000 0.00000000 184.00000000
759.00000000 285.00000000 1.00000000 184.00000000
79.00000000 500.00000000 0.00000000 183.00000000
679.00000000 440.00000000 1.00000000 182.00000000
860.00000000 97.00000000 1.00000000 180.00000000
772.00000000 448.00000000 2.00000000 180.00000000
130.00000000 584.00000000 0.00000000 180.00000000
758.00000000 296.00000000 0.00000000 179.00000000
594.00000000 348.00000000 1.00000000 179.00000000
73.00000000 190.00000000 1.00000000 179.00000000
813.00000000 578.00000000 1.00000000 179.00000000
73.00000000 233.00000000 1.00000000 179.00000000
966.00000000 43.00000000 1.00000000 178.00000000
683.00000000 602.00000000 1.00000000 178.00000000
365.00000000 219.00000000 0.00000000 178.00000000
825.00000000 73.00000000 0.00000000 176.00000000
319.00000000 275.00000000 1.00000000 176.00000000
594.00000000 347.00000000 0.00000000 175.00000000
403.00000000 340.00000000 0.00000000 175.00000000
842.00000000 328.00000000 1.00000000 174.00000000
284.00000000 207.00000000 1.00000000 174.00000000
299.00000000 94.00000000 0.00000000 174.00000000
973.00000000 400.00000000 0.00000000 173.00000000
965.00000000 42.00000000 0.00000000 172.00000000
436.00000000 120.00000000 0.00000000 172.00000000
74.00000000 190.00000000 0.00000000 171.00000000
429.00000000 173.00000000 0.00000000 169.00000000
519.00000000 202.00000000 0.00000000 169.00000000
393.00000000 62.00000000 0.00000000 168.00000000
518.00000000 192.00000000 0.00000000 167.00000000
842.00000000 148.00000000 1.00000000 167.00000000
151.00000000 605.00000000 1.00000000 167.00000000
824.00000000 130.00000000 0.00000000 166.00000000
842.00000000 328.00000000 2.00000000 166.00000000
48.00000000 103.00000000 0.00000000 165.00000000
199.00000000 237.00000000 0.00000000 165.00000000
398.00000000 155.00000000 0.00000000 163.00000000
777.00000000 535.00000000 0.00000000 162.00000000
680.00000000 441.00000000 0.00000000 161.00000000
498.00000000 470.00000000 0.00000000 160.00000000
506.00000000 446.00000000 0.00000000 160.00000000
