480.00000000 314.00000000 2.00000000 498.00000000
528.00000000 460.00000000 2.00000000 481.00000000
528.00000000 458.00000000 1.00000000 460.00000000
344.00000000 388.00000000 1.00000000 456.00000000
343.00000000 387.00000000 1.00000000 448.00000000
397.00000000 189.00000000 1.00000000 444.00000000
528.00000000 461.00000000 2.00000000 444.00000000
438.00000000 172.00000000 1.00000000 439.00000000
335.00000000 348.00000000 1.00000000 431.00000000
439.00000000 173.00000000 1.00000000 418.00000000
530.00000000 457.00000000 1.00000000 416.00000000
323.00000000 463.00000000 1.00000000 409.00000000
74.00000000 91.00000000 0.00000000 397.00000000
322.00000000 462.00000000 1.00000000 393.00000000
344.00000000 388.00000000 2.00000000 387.00000000
574.00000000 448.00000000 1.00000000 375.00000000
335.00000000 347.00000000 1.00000000 371.00000000
335.00000000 347.00000000 0.00000000 369.00000000
480.00000000 316.00000000 2.00000000 361.00000000
344.00000000 387.00000000 0.00000000 357.00000000
531.00000000 456.00000000 0.00000000 352.00000000
75.00000000 92.00000000 1.00000000 347.00000000
480.00000000 315.00000000 1.00000000 344.00000000
52.00000000 115.00000000 1.00000000 341.00000000
323.00000000 463.00000000 0.00000000 330.00000000
56.00000000 121.00000000 0.00000000 328.00000000
397.00000000 189.00000000 0.00000000 326.00000000
481.00000000 318.00000000 1.00000000 323.00000000
417.00000000 408.00000000 1.00000000 319.00000000
399.00000000 205.00000000 1.00000000 318.00000000
609.00000000 518.00000000 1.00000000 317.00000000
570.00000000 161.00000000 0.00000000 315.00000000
395.00000000 189.00000000 1.00000000 314.00000000
399.00000000 204.00000000 0.00000000 314.00000000
412.00000000 452.00000000 2.00000000 313.00000000
412.00000000 448.00000000 2.00000000 312.00000000
54.00000000 118.00000000 2.00000000 311.00000000
439.00000000 173.00000000 0.00000000 310.00000000
381.00000000 343.00000000 1.00000000 308.00000000
440.00000000 194.00000000 2.00000000 303.00000000
441.00000000 192.00000000 2.00000000 302.00000000
441.00000000 193.00000000 1.00000000 299.00000000
441.00000000 192.00000000 1.00000000 298.00000000
441.00000000 190.00000000 0.00000000 287.00000000
481.00000000 318.00000000 0.00000000 286.00000000
83.00000000 192.00000000 1.00000000 285.00000000
473.00000000 289.00000000 0.00000000 283.00000000
365.00000000 158.00000000 1.00000000 281.00000000
573.00000000 446.00000000 0.00000000 280.00000000
476.00000000 294.00000000 2.00000000 277.00000000
439.00000000 394.00000000 1.00000000 276.00000000
605.00000000 637.00000000 1.00000000 274.00000000
609.00000000 517.00000000 1.00000000 272.00000000
605.00000000 636.00000000 0.00000000 271.00000000
510.00000000 409.00000000 1.00000000 269.00000000
616.00000000 440.00000000 4.00000000 267.00000000
58.00000000 227.00000000 0.00000000 266.00000000
574.00000000 448.00000000 1.00000000 266.00000000
398.00000000 208.00000000 2.00000000 261.00000000
412.00000000 446.00000000 1.00000000 260.00000000
440.00000000 196.00000000 4.00000000 259.00000000
51.00000000 113.00000000 0.00000000 258.00000000
364.00000000 158.00000000 1.00000000 257.00000000
57.00000000 189.00000000 1.00000000 254.00000000
62.00000000 181.00000000 0.00000000 250.00000000
56.00000000 122.00000000 1.00000000 246.00000000
530.00000000 623.00000000 1.00000000 243.00000000
565.00000000 439.00000000 1.00000000 237.00000000
609.00000000 517.00000000 0.00000000 233.00000000
616.00000000 441.00000000 5.00000000 232.00000000
418.00000000 410.00000000 1.00000000 231.00000000
311.00000000 376.00000000 0.00000000 230.00000000
160.00000000 294.00000000 1.00000000 227.00000000
84.00000000 191.00000000 1.00000000 223.00000000
370.00000000 333.00000000 1.00000000 217.00000000
160.00000000 294.00000000 0.00000000 216.00000000
474.00000000 290.00000000 1.00000000 215.00000000
576.00000000 559.00000000 1.00000000 214.00000000
372.00000000 393.00000000 0.00000000 212.00000000
14.00000000 171.00000000 0.00000000 208.00000000
570.00000000 162.00000000 1.00000000 208.00000000
388.00000000 545.00000000 1.00000000 207.00000000
329.00000000 404.00000000 1.00000000 206.00000000
74.00000000 277.00000000 1.00000000 206.00000000
263.00000000 52.00000000 0.00000000 204.00000000
63.00000000 182.00000000 1.00000000 202.00000000
510.00000000 408.00000000 0.00000000 202.00000000
460.00000000 395.00000000 0.00000000 201.00000000
438.00000000 394.00000000 0.00000000 201.00000000
366.00000000 156.00000000 0.00000000 198.00000000
381.00000000 342.00000000 0.00000000 197.00000000
574.00000000 173.00000000 1.00000000 196.00000000
579.00000000 187.00000000 0.00000000 195.00000000
575.00000000 558.00000000 0.00000000 195.00000000
565.00000000 438.00000000 0.00000000 195.00000000
418.00000000 411.00000000 0.00000000 194.00000000
467.00000000 95.00000000 0.00000000 189.00000000
408.00000000 632.00000000 0.00000000 188.00000000
390.00000000 74.00000000 0.00000000 186.00000000
370.00000000 333.00000000 0.00000000 184.00000000
335.00000000 532.00000000 0.00000000 178.00000000
388.00000000 543.00000000 0.00000000 177.00000000
384.00000000 619.00000000 0.00000000 176.00000000
138.00000000 284.00000000 0.00000000 176.00000000
436.00000000 357.00000000 0.00000000 172.00000000
531.00000000 622.00000000 0.00000000 170.00000000
284.00000000 262.00000000 0.00000000 168.00000000
329.00000000 403.00000000 0.00000000 167.00000000
398.00000000 428.00000000 0.00000000 167.00000000
372.00000000 523.00000000 0.00000000 163.00000000
412.00000000 446.00000000 0.00000000 160.00000000
400.00000000 562.00000000 0.00000000 160.00000000
354.00000000 410.00000000 0.00000000 159.00000000
398.00000000 339.00000000 0.00000000 158.00000000
38.00000000 234.00000000 0.00000000 158.00000000
173.00000000 625.00000000 0.00000000 156.00000000
439.00000000 573.00000000 0.00000000 155.00000000
84.00000000 190.00000000 0.00000000 155.00000000
16.00000000 234.00000000 0.00000000 154.00000000
393.00000000 565.00000000 0.00000000 152.00000000
357.00000000 121.00000000 0.00000000 152.00000000
276.00000000 122.00000000 0.00000000 151.00000000
574.00000000 172.00000000 0.00000000 149.00000000
381.00000000 307.00000000 0.00000000 148.00000000
316.00000000 429.00000000 0.00000000 148.00000000
492.00000000 347.00000000 0.00000000 148.00000000
299.00000000 299.00000000 0.00000000 147.00000000
