339.00000000 383.00000000 1.00000000 804.00000000
340.00000000 384.00000000 2.00000000 689.00000000
340.00000000 383.00000000 1.00000000 676.00000000
407.00000000 489.00000000 2.00000000 623.00000000
311.00000000 439.00000000 1.00000000 590.00000000
340.00000000 381.00000000 0.00000000 577.00000000
311.00000000 440.00000000 1.00000000 572.00000000
325.00000000 353.00000000 1.00000000 570.00000000
325.00000000 354.00000000 1.00000000 556.00000000
455.00000000 248.00000000 1.00000000 550.00000000
497.00000000 318.00000000 1.00000000 550.00000000
403.00000000 243.00000000 1.00000000 550.00000000
311.00000000 440.00000000 0.00000000 548.00000000
454.00000000 248.00000000 2.00000000 547.00000000
404.00000000 243.00000000 0.00000000 545.00000000
452.00000000 248.00000000 2.00000000 534.00000000
325.00000000 354.00000000 0.00000000 528.00000000
408.00000000 253.00000000 0.00000000 519.00000000
436.00000000 382.00000000 1.00000000 515.00000000
453.00000000 248.00000000 1.00000000 513.00000000
407.00000000 254.00000000 1.00000000 511.00000000
405.00000000 254.00000000 1.00000000 490.00000000
408.00000000 492.00000000 4.00000000 490.00000000
339.00000000 384.00000000 2.00000000 488.00000000
432.00000000 412.00000000 2.00000000 484.00000000
310.00000000 440.00000000 2.00000000 483.00000000
456.00000000 246.00000000 0.00000000 481.00000000
527.00000000 371.00000000 1.00000000 479.00000000
498.00000000 318.00000000 1.00000000 477.00000000
544.00000000 393.00000000 1.00000000 469.00000000
198.00000000 319.00000000 1.00000000 464.00000000
527.00000000 371.00000000 1.00000000 459.00000000
435.00000000 381.00000000 1.00000000 451.00000000
543.00000000 486.00000000 2.00000000 450.00000000
408.00000000 488.00000000 2.00000000 450.00000000
613.00000000 334.00000000 0.00000000 448.00000000
544.00000000 492.00000000 4.00000000 441.00000000
544.00000000 484.00000000 2.00000000 440.00000000
498.00000000 318.00000000 2.00000000 433.00000000
613.00000000 335.00000000 1.00000000 428.00000000
544.00000000 393.00000000 1.00000000 418.00000000
499.00000000 319.00000000 0.00000000 418.00000000
246.00000000 294.00000000 0.00000000 416.00000000
452.00000000 235.00000000 1.00000000 416.00000000
448.00000000 296.00000000 2.00000000 414.00000000
452.00000000 234.00000000 0.00000000 413.00000000
198.00000000 319.00000000 0.00000000 410.00000000
412.00000000 489.00000000 1.00000000 410.00000000
468.00000000 353.00000000 1.00000000 406.00000000
410.00000000 489.00000000 1.00000000 398.00000000
436.00000000 382.00000000 0.00000000 378.00000000
432.00000000 410.00000000 1.00000000 377.00000000
412.00000000 488.00000000 0.00000000 370.00000000
528.00000000 369.00000000 0.00000000 369.00000000
339.00000000 248.00000000 5.00000000 364.00000000
196.00000000 318.00000000 1.00000000 356.00000000
271.00000000 324.00000000 1.00000000 355.00000000
449.00000000 295.00000000 1.00000000 354.00000000
245.00000000 295.00000000 1.00000000 349.00000000
545.00000000 392.00000000 0.00000000 346.00000000
375.00000000 338.00000000 1.00000000 338.00000000
574.00000000 501.00000000 0.00000000 334.00000000
581.00000000 380.00000000 0.00000000 334.00000000
643.00000000 440.00000000 0.00000000 325.00000000
671.00000000 551.00000000 1.00000000 324.00000000
271.00000000 323.00000000 0.00000000 320.00000000
672.00000000 550.00000000 1.00000000 320.00000000
643.00000000 440.00000000 1.00000000 319.00000000
231.00000000 455.00000000 0.00000000 313.00000000
491.00000000 304.00000000 0.00000000 307.00000000
327.00000000 476.00000000 0.00000000 305.00000000
455.00000000 200.00000000 1.00000000 303.00000000
359.00000000 219.00000000 1.00000000 298.00000000
491.00000000 305.00000000 1.00000000 293.00000000
574.00000000 502.00000000 1.00000000 290.00000000
386.00000000 239.00000000 0.00000000 263.00000000
673.00000000 549.00000000 0.00000000 262.00000000
200.00000000 125.00000000 1.00000000 261.00000000
359.00000000 220.00000000 1.00000000 260.00000000
449.00000000 295.00000000 1.00000000 254.00000000
375.00000000 338.00000000 0.00000000 250.00000000
510.00000000 335.00000000 1.00000000 246.00000000
570.00000000 236.00000000 0.00000000 243.00000000
432.00000000 408.00000000 1.00000000 242.00000000
383.00000000 354.00000000 0.00000000 240.00000000
384.00000000 355.00000000 1.00000000 238.00000000
232.00000000 403.00000000 0.00000000 237.00000000
200.00000000 125.00000000 0.00000000 234.00000000
432.00000000 516.00000000 1.00000000 233.00000000
386.00000000 240.00000000 1.00000000 233.00000000
510.00000000 335.00000000 0.00000000 232.00000000
564.00000000 424.00000000 1.00000000 230.00000000
472.00000000 540.00000000 1.00000000 229.00000000
408.00000000 538.00000000 0.00000000 226.00000000
237.00000000 251.00000000 0.00000000 225.00000000
222.00000000 127.00000000 0.00000000 224.00000000
433.00000000 528.00000000 0.00000000 218.00000000
468.00000000 550.00000000 0.00000000 216.00000000
478.00000000 191.00000000 0.00000000 216.00000000
552.00000000 516.00000000 0.00000000 216.00000000
370.00000000 348.00000000 0.00000000 205.00000000
391.00000000 343.00000000 0.00000000 205.00000000
671.00000000 537.00000000 0.00000000 204.00000000
861.00000000 58.00000000 0.00000000 199.00000000
431.00000000 516.00000000 0.00000000 198.00000000
502.00000000 523.00000000 0.00000000 197.00000000
391.00000000 26.00000000 0.00000000 197.00000000
480.00000000 528.00000000 0.00000000 195.00000000
212.00000000 284.00000000 0.00000000 195.00000000
485.00000000 193.00000000 0.00000000 193.00000000
376.00000000 475.00000000 0.00000000 188.00000000
564.00000000 227.00000000 0.00000000 187.00000000
255.00000000 497.00000000 0.00000000 185.00000000
432.00000000 408.00000000 0.00000000 184.00000000
222.00000000 155.00000000 0.00000000 183.00000000
289.00000000 401.00000000 0.00000000 181.00000000
560.00000000 263.00000000 0.00000000 180.00000000
454.00000000 200.00000000 0.00000000 179.00000000
381.00000000 204.00000000 0.00000000 179.00000000
674.00000000 436.00000000 0.00000000 177.00000000
563.00000000 424.00000000 0.00000000 174.00000000
550.00000000 482.00000000 0.00000000 174.00000000
384.00000000 468.00000000 0.00000000 173.00000000
455.00000000 530.00000000 0.00000000 171.00000000
375.00000000 494.00000000 0.00000000 171.00000000
297.00000000 361.00000000 0.00000000 165.00000000
298.00000000 417.00000000 0.00000000 164.00000000
