666.00000000 271.00000000 1.00000000 331.00000000
932.00000000 656.00000000 2.00000000 319.00000000
666.00000000 270.00000000 1.00000000 312.00000000
666.00000000 270.00000000 0.00000000 308.00000000
180.00000000 118.00000000 0.00000000 300.00000000
930.00000000 656.00000000 2.00000000 299.00000000
732.00000000 257.00000000 1.00000000 279.00000000
722.00000000 428.00000000 1.00000000 262.00000000
588.00000000 555.00000000 1.00000000 257.00000000
732.00000000 258.00000000 1.00000000 256.00000000
348.00000000 434.00000000 0.00000000 256.00000000
638.00000000 482.00000000 0.00000000 255.00000000
951.00000000 553.00000000 1.00000000 255.00000000
865.00000000 571.00000000 2.00000000 253.00000000
866.00000000 571.00000000 0.00000000 246.00000000
724.00000000 427.00000000 0.00000000 239.00000000
349.00000000 436.00000000 1.00000000 239.00000000
840.00000000 719.00000000 0.00000000 239.00000000
588.00000000 555.00000000 1.00000000 237.00000000
638.00000000 484.00000000 1.00000000 233.00000000
864.00000000 572.00000000 2.00000000 232.00000000
349.00000000 436.00000000 1.00000000 231.00000000
723.00000000 428.00000000 1.00000000 230.00000000
732.00000000 257.00000000 0.00000000 228.00000000
636.00000000 411.00000000 1.00000000 228.00000000
480.00000000 619.00000000 2.00000000 227.00000000
666.00000000 272.00000000 2.00000000 227.00000000
929.00000000 575.00000000 1.00000000 226.00000000
724.00000000 428.00000000 2.00000000 221.00000000
536.00000000 425.00000000 1.00000000 219.00000000
865.00000000 572.00000000 1.00000000 219.00000000
600.00000000 98.00000000 0.00000000 216.00000000
470.00000000 210.00000000 1.00000000 214.00000000
637.00000000 412.00000000 1.00000000 213.00000000
864.00000000 571.00000000 1.00000000 210.00000000
930.00000000 654.00000000 1.00000000 207.00000000
158.00000000 332.00000000 1.00000000 204.00000000
470.00000000 223.00000000 1.00000000 204.00000000
747.00000000 329.00000000 1.00000000 203.00000000
124.00000000 463.00000000 5.00000000 202.00000000
927.00000000 605.00000000 0.00000000 201.00000000
160.00000000 332.00000000 1.00000000 200.00000000
906.00000000 587.00000000 1.00000000 200.00000000
339.00000000 421.00000000 1.00000000 197.00000000
444.00000000 38.00000000 0.00000000 195.00000000
746.00000000 329.00000000 1.00000000 194.00000000
726.00000000 584.00000000 0.00000000 194.00000000
482.00000000 618.00000000 2.00000000 194.00000000
280.00000000 14.00000000 0.00000000 192.00000000
588.00000000 555.00000000 0.00000000 191.00000000
722.00000000 327.00000000 1.00000000 189.00000000
534.00000000 425.00000000 1.00000000 188.00000000
747.00000000 328.00000000 0.00000000 187.00000000
637.00000000 485.00000000 1.00000000 186.00000000
905.00000000 586.00000000 1.00000000 185.00000000
340.00000000 420.00000000 0.00000000 184.00000000
456.00000000 553.00000000 1.00000000 183.00000000
472.00000000 210.00000000 2.00000000 183.00000000
465.00000000 181.00000000 1.00000000 181.00000000
722.00000000 326.00000000 0.00000000 181.00000000
255.00000000 63.00000000 0.00000000 181.00000000
864.00000000 572.00000000 4.00000000 180.00000000
599.00000000 99.00000000 1.00000000 179.00000000
124.00000000 464.00000000 4.00000000 178.00000000
929.00000000 574.00000000 0.00000000 177.00000000
322.00000000 121.00000000 0.00000000 177.00000000
322.00000000 121.00000000 1.00000000 176.00000000
926.00000000 679.00000000 0.00000000 176.00000000
637.00000000 410.00000000 0.00000000 176.00000000
588.00000000 556.00000000 2.00000000 174.00000000
933.00000000 654.00000000 1.00000000 173.00000000
628.00000000 453.00000000 0.00000000 172.00000000
156.00000000 795.00000000 0.00000000 169.00000000
728.00000000 286.00000000 1.00000000 168.00000000
456.00000000 552.00000000 0.00000000 167.00000000
440.00000000 524.00000000 1.00000000 167.00000000
535.00000000 424.00000000 0.00000000 166.00000000
840.00000000 721.00000000 1.00000000 165.00000000
579.00000000 570.00000000 1.00000000 165.00000000
607.00000000 113.00000000 1.00000000 163.00000000
927.00000000 641.00000000 0.00000000 162.00000000
743.00000000 343.00000000 1.00000000 162.00000000
466.00000000 182.00000000 2.00000000 162.00000000
471.00000000 222.00000000 1.00000000 162.00000000
128.00000000 117.00000000 0.00000000 160.00000000
848.00000000 343.00000000 0.00000000 157.00000000
927.00000000 649.00000000 0.00000000 156.00000000
743.00000000 341.00000000 0.00000000 153.00000000
482.00000000 615.00000000 0.00000000 152.00000000
156.00000000 796.00000000 1.00000000 150.00000000
436.00000000 642.00000000 0.00000000 150.00000000
724.00000000 427.00000000 2.00000000 150.00000000
567.00000000 14.00000000 0.00000000 149.00000000
906.00000000 586.00000000 0.00000000 148.00000000
312.00000000 191.00000000 1.00000000 148.00000000
181.00000000 118.00000000 1.00000000 147.00000000
114.00000000 260.00000000 1.00000000 147.00000000
933.00000000 653.00000000 0.00000000 146.00000000
457.00000000 569.00000000 1.00000000 144.00000000
129.00000000 131.00000000 0.00000000 142.00000000
567.00000000 28.00000000 0.00000000 142.00000000
809.00000000 414.00000000 0.00000000 141.00000000
351.00000000 10.00000000 0.00000000 141.00000000
728.00000000 285.00000000 0.00000000 140.00000000
191.00000000 118.00000000 0.00000000 140.00000000
312.00000000 190.00000000 0.00000000 139.00000000
375.00000000 122.00000000 0.00000000 137.00000000
301.00000000 92.00000000 0.00000000 137.00000000
440.00000000 523.00000000 0.00000000 137.00000000
765.00000000 158.00000000 0.00000000 135.00000000
580.00000000 568.00000000 0.00000000 134.00000000
470.00000000 222.00000000 0.00000000 134.00000000
642.00000000 674.00000000 0.00000000 133.00000000
607.00000000 113.00000000 0.00000000 133.00000000
413.00000000 108.00000000 0.00000000 132.00000000
844.00000000 485.00000000 0.00000000 132.00000000
342.00000000 93.00000000 0.00000000 131.00000000
252.00000000 119.00000000 0.00000000 130.00000000
951.00000000 551.00000000 0.00000000 129.00000000
910.00000000 610.00000000 0.00000000 129.00000000
349.00000000 521.00000000 0.00000000 128.00000000
601.00000000 733.00000000 0.00000000 127.00000000
923.00000000 796.00000000 0.00000000 126.00000000
312.00000000 204.00000000 0.00000000 125.00000000
571.00000000 689.00000000 0.00000000 125.00000000
730.00000000 469.00000000 0.00000000 124.00000000
461.00000000 702.00000000 0.00000000 124.00000000
