161.00000000 210.00000000 0.00000000 757.00000000
162.00000000 211.00000000 1.00000000 520.00000000
320.00000000 350.00000000 0.00000000 484.00000000
297.00000000 330.00000000 0.00000000 471.00000000
527.00000000 209.00000000 1.00000000 443.00000000
191.00000000 236.00000000 0.00000000 429.00000000
449.00000000 357.00000000 1.00000000 426.00000000
350.00000000 377.00000000 0.00000000 424.00000000
424.00000000 342.00000000 1.00000000 414.00000000
404.00000000 325.00000000 1.00000000 402.00000000
430.00000000 299.00000000 0.00000000 388.00000000
529.00000000 209.00000000 1.00000000 380.00000000
420.00000000 311.00000000 0.00000000 378.00000000
427.00000000 318.00000000 0.00000000 377.00000000
526.00000000 210.00000000 2.00000000 373.00000000
373.00000000 398.00000000 0.00000000 372.00000000
438.00000000 306.00000000 0.00000000 371.00000000
424.00000000 342.00000000 1.00000000 366.00000000
379.00000000 74.00000000 0.00000000 366.00000000
529.00000000 209.00000000 0.00000000 359.00000000
404.00000000 326.00000000 1.00000000 347.00000000
376.00000000 158.00000000 0.00000000 342.00000000
410.00000000 357.00000000 1.00000000 329.00000000
231.00000000 47.00000000 1.00000000 328.00000000
444.00000000 337.00000000 1.00000000 316.00000000
483.00000000 186.00000000 2.00000000 312.00000000
404.00000000 324.00000000 0.00000000 312.00000000
356.00000000 53.00000000 0.00000000 309.00000000
230.00000000 46.00000000 1.00000000 305.00000000
351.00000000 377.00000000 1.00000000 303.00000000
321.00000000 351.00000000 1.00000000 299.00000000
484.00000000 188.00000000 4.00000000 298.00000000
409.00000000 101.00000000 0.00000000 298.00000000
486.00000000 186.00000000 5.00000000 298.00000000
298.00000000 331.00000000 1.00000000 295.00000000
395.00000000 315.00000000 0.00000000 293.00000000
463.00000000 147.00000000 0.00000000 292.00000000
449.00000000 356.00000000 1.00000000 290.00000000
424.00000000 344.00000000 2.00000000 287.00000000
724.00000000 407.00000000 2.00000000 287.00000000
449.00000000 291.00000000 1.00000000 287.00000000
449.00000000 356.00000000 0.00000000 285.00000000
484.00000000 186.00000000 2.00000000 284.00000000
455.00000000 325.00000000 1.00000000 284.00000000
449.00000000 263.00000000 1.00000000 282.00000000
366.00000000 389.00000000 1.00000000 281.00000000
376.00000000 337.00000000 0.00000000 281.00000000
410.00000000 357.00000000 1.00000000 281.00000000
452.00000000 292.00000000 2.00000000 279.00000000
357.00000000 358.00000000 0.00000000 279.00000000
493.00000000 278.00000000 0.00000000 277.00000000
412.00000000 369.00000000 0.00000000 274.00000000
404.00000000 328.00000000 2.00000000 274.00000000
528.00000000 554.00000000 1.00000000 271.00000000
485.00000000 185.00000000 1.00000000 266.00000000
366.00000000 176.00000000 0.00000000 260.00000000
482.00000000 285.00000000 1.00000000 260.00000000
432.00000000 120.00000000 0.00000000 259.00000000
192.00000000 237.00000000 1.00000000 258.00000000
410.00000000 356.00000000 0.00000000 256.00000000
485.00000000 167.00000000 0.00000000 255.00000000
379.00000000 74.00000000 1.00000000 254.00000000
411.00000000 304.00000000 0.00000000 254.00000000
483.00000000 286.00000000 1.00000000 250.00000000
392.00000000 390.00000000 0.00000000 248.00000000
161.00000000 210.00000000 1.00000000 248.00000000
454.00000000 325.00000000 0.00000000 245.00000000
477.00000000 225.00000000 0.00000000 244.00000000
376.00000000 158.00000000 1.00000000 240.00000000
444.00000000 337.00000000 0.00000000 239.00000000
451.00000000 294.00000000 1.00000000 237.00000000
458.00000000 246.00000000 0.00000000 236.00000000
482.00000000 288.00000000 2.00000000 232.00000000
431.00000000 347.00000000 0.00000000 231.00000000
486.00000000 185.00000000 1.00000000 231.00000000
366.00000000 388.00000000 1.00000000 229.00000000
422.00000000 292.00000000 0.00000000 226.00000000
428.00000000 319.00000000 1.00000000 223.00000000
226.00000000 277.00000000 1.00000000 221.00000000
319.00000000 359.00000000 0.00000000 219.00000000
231.00000000 46.00000000 0.00000000 217.00000000
374.00000000 398.00000000 1.00000000 216.00000000
140.00000000 130.00000000 1.00000000 214.00000000
452.00000000 531.00000000 1.00000000 214.00000000
675.00000000 263.00000000 2.00000000 214.00000000
420.00000000 312.00000000 1.00000000 211.00000000
676.00000000 262.00000000 2.00000000 210.00000000
463.00000000 147.00000000 1.00000000 209.00000000
724.00000000 404.00000000 2.00000000 209.00000000
455.00000000 325.00000000 1.00000000 207.00000000
430.00000000 300.00000000 1.00000000 207.00000000
445.00000000 337.00000000 1.00000000 207.00000000
409.00000000 101.00000000 1.00000000 207.00000000
451.00000000 294.00000000 0.00000000 205.00000000
144.00000000 191.00000000 1.00000000 202.00000000
439.00000000 307.00000000 1.00000000 200.00000000
257.00000000 304.00000000 0.00000000 197.00000000
680.00000000 264.00000000 4.00000000 195.00000000
486.00000000 167.00000000 1.00000000 192.00000000
483.00000000 286.00000000 0.00000000 192.00000000
433.00000000 120.00000000 1.00000000 189.00000000
480.00000000 201.00000000 1.00000000 189.00000000
424.00000000 341.00000000 0.00000000 188.00000000
404.00000000 330.00000000 2.00000000 186.00000000
497.00000000 203.00000000 0.00000000 178.00000000
486.00000000 185.00000000 0.00000000 175.00000000
515.00000000 194.00000000 0.00000000 175.00000000
267.00000000 206.00000000 0.00000000 173.00000000
528.00000000 554.00000000 0.00000000 173.00000000
393.00000000 144.00000000 0.00000000 172.00000000
241.00000000 291.00000000 0.00000000 166.00000000
214.00000000 257.00000000 0.00000000 164.00000000
271.00000000 94.00000000 0.00000000 160.00000000
591.00000000 231.00000000 0.00000000 159.00000000
393.00000000 409.00000000 0.00000000 158.00000000
504.00000000 212.00000000 0.00000000 157.00000000
243.00000000 126.00000000 0.00000000 157.00000000
452.00000000 530.00000000 0.00000000 154.00000000
350.00000000 45.00000000 0.00000000 154.00000000
243.00000000 232.00000000 0.00000000 152.00000000
366.00000000 388.00000000 0.00000000 148.00000000
227.00000000 277.00000000 0.00000000 148.00000000
345.00000000 40.00000000 0.00000000 146.00000000
532.00000000 235.00000000 0.00000000 146.00000000
144.00000000 190.00000000 0.00000000 146.00000000
417.00000000 327.00000000 0.00000000 139.00000000
685.00000000 350.00000000 0.00000000 139.00000000
