131.00000000 510.00000000 0.00000000 485.00000000
852.00000000 72.00000000 0.00000000 436.00000000
853.00000000 72.00000000 1.00000000 431.00000000
132.00000000 510.00000000 1.00000000 417.00000000
850.00000000 246.00000000 1.00000000 410.00000000
840.00000000 304.00000000 0.00000000 380.00000000
850.00000000 246.00000000 0.00000000 357.00000000
32.00000000 46.00000000 2.00000000 316.00000000
525.00000000 296.00000000 0.00000000 315.00000000
199.00000000 270.00000000 1.00000000 308.00000000
121.00000000 107.00000000 1.00000000 303.00000000
108.00000000 444.00000000 0.00000000 296.00000000
847.00000000 480.00000000 1.00000000 293.00000000
685.00000000 528.00000000 1.00000000 286.00000000
120.00000000 106.00000000 0.00000000 283.00000000
563.00000000 287.00000000 0.00000000 283.00000000
879.00000000 335.00000000 0.00000000 279.00000000
525.00000000 298.00000000 1.00000000 278.00000000
849.00000000 246.00000000 1.00000000 277.00000000
883.00000000 260.00000000 0.00000000 277.00000000
558.00000000 387.00000000 1.00000000 272.00000000
558.00000000 386.00000000 0.00000000 268.00000000
684.00000000 478.00000000 0.00000000 267.00000000
687.00000000 528.00000000 1.00000000 266.00000000
24.00000000 564.00000000 1.00000000 265.00000000
644.00000000 473.00000000 1.00000000 263.00000000
25.00000000 564.00000000 1.00000000 252.00000000
644.00000000 475.00000000 1.00000000 250.00000000
128.00000000 490.00000000 1.00000000 245.00000000
422.00000000 275.00000000 0.00000000 244.00000000
31.00000000 43.00000000 1.00000000 243.00000000
509.00000000 377.00000000 0.00000000 241.00000000
572.00000000 328.00000000 0.00000000 236.00000000
883.00000000 260.00000000 1.00000000 234.00000000
644.00000000 474.00000000 2.00000000 233.00000000
120.00000000 127.00000000 0.00000000 232.00000000
200.00000000 270.00000000 2.00000000 229.00000000
847.00000000 233.00000000 0.00000000 224.00000000
898.00000000 524.00000000 0.00000000 223.00000000
120.00000000 128.00000000 1.00000000 223.00000000
874.00000000 319.00000000 1.00000000 223.00000000
870.00000000 568.00000000 2.00000000 223.00000000
871.00000000 568.00000000 2.00000000 223.00000000
697.00000000 464.00000000 0.00000000 223.00000000
362.00000000 391.00000000 0.00000000 223.00000000
111.00000000 274.00000000 1.00000000 223.00000000
872.00000000 564.00000000 1.00000000 222.00000000
854.00000000 72.00000000 1.00000000 222.00000000
483.00000000 458.00000000 0.00000000 222.00000000
863.00000000 403.00000000 0.00000000 221.00000000
863.00000000 403.00000000 1.00000000 219.00000000
847.00000000 480.00000000 0.00000000 216.00000000
510.00000000 419.00000000 0.00000000 214.00000000
422.00000000 267.00000000 0.00000000 213.00000000
958.00000000 88.00000000 0.00000000 213.00000000
509.00000000 378.00000000 1.00000000 212.00000000
670.00000000 485.00000000 0.00000000 212.00000000
120.00000000 108.00000000 1.00000000 212.00000000
563.00000000 288.00000000 1.00000000 212.00000000
889.00000000 304.00000000 0.00000000 210.00000000
423.00000000 268.00000000 1.00000000 209.00000000
862.00000000 408.00000000 2.00000000 207.00000000
686.00000000 530.00000000 2.00000000 207.00000000
483.00000000 459.00000000 1.00000000 206.00000000
644.00000000 475.00000000 0.00000000 206.00000000
420.00000000 253.00000000 0.00000000 206.00000000
687.00000000 528.00000000 0.00000000 205.00000000
111.00000000 273.00000000 0.00000000 205.00000000
201.00000000 270.00000000 1.00000000 204.00000000
127.00000000 500.00000000 0.00000000 203.00000000
861.00000000 408.00000000 1.00000000 203.00000000
872.00000000 563.00000000 0.00000000 201.00000000
858.00000000 596.00000000 1.00000000 199.00000000
876.00000000 339.00000000 5.00000000 198.00000000
880.00000000 344.00000000 4.00000000 198.00000000
840.00000000 305.00000000 1.00000000 197.00000000
558.00000000 386.00000000 1.00000000 196.00000000
420.00000000 253.00000000 1.00000000 195.00000000
427.00000000 492.00000000 1.00000000 194.00000000
684.00000000 478.00000000 1.00000000 194.00000000
398.00000000 224.00000000 0.00000000 194.00000000
25.00000000 563.00000000 0.00000000 193.00000000
801.00000000 503.00000000 1.00000000 192.00000000
957.00000000 88.00000000 1.00000000 192.00000000
893.00000000 544.00000000 0.00000000 191.00000000
459.00000000 168.00000000 1.00000000 191.00000000
422.00000000 260.00000000 0.00000000 191.00000000
860.00000000 99.00000000 1.00000000 191.00000000
455.00000000 385.00000000 0.00000000 190.00000000
420.00000000 256.00000000 2.00000000 186.00000000
670.00000000 485.00000000 1.00000000 186.00000000
127.00000000 500.00000000 1.00000000 186.00000000
847.00000000 479.00000000 1.00000000 184.00000000
865.00000000 172.00000000 0.00000000 183.00000000
129.00000000 489.00000000 1.00000000 183.00000000
560.00000000 304.00000000 0.00000000 182.00000000
275.00000000 337.00000000 0.00000000 182.00000000
357.00000000 383.00000000 0.00000000 181.00000000
128.00000000 492.00000000 2.00000000 180.00000000
891.00000000 322.00000000 0.00000000 178.00000000
858.00000000 595.00000000 1.00000000 176.00000000
459.00000000 167.00000000 0.00000000 176.00000000
618.00000000 591.00000000 0.00000000 176.00000000
420.00000000 254.00000000 1.00000000 172.00000000
861.00000000 98.00000000 0.00000000 170.00000000
873.00000000 25.00000000 0.00000000 170.00000000
584.00000000 440.00000000 4.00000000 169.00000000
459.00000000 166.00000000 1.00000000 169.00000000
478.00000000 467.00000000 0.00000000 166.00000000
255.00000000 302.00000000 0.00000000 165.00000000
569.00000000 337.00000000 0.00000000 164.00000000
418.00000000 260.00000000 2.00000000 162.00000000
850.00000000 629.00000000 0.00000000 161.00000000
415.00000000 464.00000000 0.00000000 157.00000000
879.00000000 339.00000000 2.00000000 157.00000000
143.00000000 519.00000000 0.00000000 157.00000000
871.00000000 157.00000000 0.00000000 156.00000000
361.00000000 534.00000000 0.00000000 156.00000000
562.00000000 296.00000000 0.00000000 156.00000000
201.00000000 267.00000000 0.00000000 155.00000000
862.00000000 557.00000000 0.00000000 154.00000000
555.00000000 312.00000000 0.00000000 153.00000000
260.00000000 404.00000000 2.00000000 152.00000000
149.00000000 145.00000000 0.00000000 151.00000000
31.00000000 41.00000000 0.00000000 150.00000000
893.00000000 215.00000000 0.00000000 149.00000000
823.00000000 548.00000000 0.00000000 149.00000000
