678.00000000 141.00000000 5.00000000 547.00000000
678.00000000 272.00000000 1.00000000 543.00000000
678.00000000 272.00000000 1.00000000 525.00000000
219.00000000 461.00000000 0.00000000 493.00000000
680.00000000 136.00000000 4.00000000 444.00000000
219.00000000 461.00000000 1.00000000 393.00000000
188.00000000 405.00000000 0.00000000 383.00000000
681.00000000 130.00000000 2.00000000 373.00000000
680.00000000 272.00000000 2.00000000 353.00000000
598.00000000 429.00000000 0.00000000 348.00000000
599.00000000 430.00000000 1.00000000 340.00000000
86.00000000 527.00000000 1.00000000 335.00000000
678.00000000 272.00000000 0.00000000 335.00000000
371.00000000 44.00000000 0.00000000 319.00000000
684.00000000 128.00000000 2.00000000 300.00000000
86.00000000 527.00000000 1.00000000 291.00000000
577.00000000 400.00000000 1.00000000 287.00000000
900.00000000 80.00000000 2.00000000 282.00000000
86.00000000 528.00000000 2.00000000 269.00000000
774.00000000 111.00000000 0.00000000 265.00000000
508.00000000 288.00000000 0.00000000 255.00000000
707.00000000 197.00000000 0.00000000 253.00000000
899.00000000 79.00000000 2.00000000 252.00000000
576.00000000 400.00000000 0.00000000 251.00000000
841.00000000 123.00000000 0.00000000 250.00000000
188.00000000 94.00000000 1.00000000 248.00000000
707.00000000 197.00000000 1.00000000 246.00000000
188.00000000 93.00000000 1.00000000 243.00000000
441.00000000 423.00000000 1.00000000 243.00000000
528.00000000 347.00000000 0.00000000 241.00000000
185.00000000 250.00000000 1.00000000 239.00000000
185.00000000 250.00000000 0.00000000 237.00000000
659.00000000 428.00000000 1.00000000 232.00000000
684.00000000 127.00000000 1.00000000 228.00000000
700.00000000 274.00000000 0.00000000 228.00000000
899.00000000 79.00000000 1.00000000 225.00000000
216.00000000 444.00000000 1.00000000 224.00000000
661.00000000 408.00000000 0.00000000 224.00000000
527.00000000 67.00000000 0.00000000 224.00000000
729.00000000 155.00000000 0.00000000 213.00000000
710.00000000 324.00000000 2.00000000 209.00000000
704.00000000 438.00000000 1.00000000 208.00000000
189.00000000 405.00000000 1.00000000 208.00000000
437.00000000 262.00000000 0.00000000 204.00000000
86.00000000 526.00000000 0.00000000 204.00000000
841.00000000 123.00000000 1.00000000 203.00000000
216.00000000 443.00000000 1.00000000 201.00000000
480.00000000 397.00000000 0.00000000 199.00000000
434.00000000 251.00000000 0.00000000 198.00000000
659.00000000 428.00000000 1.00000000 197.00000000
188.00000000 92.00000000 0.00000000 196.00000000
188.00000000 113.00000000 0.00000000 194.00000000
658.00000000 430.00000000 2.00000000 194.00000000
900.00000000 80.00000000 4.00000000 193.00000000
902.00000000 45.00000000 0.00000000 193.00000000
705.00000000 181.00000000 0.00000000 193.00000000
214.00000000 446.00000000 2.00000000 191.00000000
441.00000000 422.00000000 0.00000000 191.00000000
222.00000000 540.00000000 0.00000000 190.00000000
900.00000000 79.00000000 1.00000000 190.00000000
774.00000000 173.00000000 0.00000000 189.00000000
602.00000000 77.00000000 0.00000000 188.00000000
658.00000000 209.00000000 0.00000000 188.00000000
505.00000000 63.00000000 0.00000000 187.00000000
584.00000000 503.00000000 0.00000000 186.00000000
849.00000000 133.00000000 0.00000000 186.00000000
766.00000000 19.00000000 0.00000000 186.00000000
774.00000000 141.00000000 0.00000000 186.00000000
658.00000000 210.00000000 1.00000000 186.00000000
432.00000000 404.00000000 0.00000000 185.00000000
842.00000000 506.00000000 2.00000000 185.00000000
656.00000000 295.00000000 0.00000000 184.00000000
775.00000000 111.00000000 1.00000000 184.00000000
613.00000000 79.00000000 0.00000000 182.00000000
463.00000000 191.00000000 1.00000000 182.00000000
500.00000000 46.00000000 1.00000000 182.00000000
497.00000000 342.00000000 0.00000000 180.00000000
656.00000000 345.00000000 2.00000000 180.00000000
709.00000000 325.00000000 2.00000000 179.00000000
701.00000000 275.00000000 1.00000000 179.00000000
702.00000000 359.00000000 0.00000000 179.00000000
188.00000000 113.00000000 1.00000000 178.00000000
799.00000000 108.00000000 0.00000000 178.00000000
480.00000000 42.00000000 0.00000000 177.00000000
774.00000000 96.00000000 0.00000000 177.00000000
684.00000000 126.00000000 1.00000000 177.00000000
703.00000000 359.00000000 1.00000000 176.00000000
441.00000000 424.00000000 1.00000000 175.00000000
810.00000000 132.00000000 0.00000000 174.00000000
234.00000000 468.00000000 1.00000000 173.00000000
499.00000000 45.00000000 0.00000000 173.00000000
782.00000000 172.00000000 0.00000000 173.00000000
493.00000000 60.00000000 0.00000000 173.00000000
463.00000000 191.00000000 0.00000000 173.00000000
312.00000000 310.00000000 0.00000000 172.00000000
657.00000000 347.00000000 1.00000000 171.00000000
461.00000000 347.00000000 0.00000000 171.00000000
942.00000000 347.00000000 0.00000000 171.00000000
801.00000000 43.00000000 0.00000000 170.00000000
234.00000000 468.00000000 0.00000000 170.00000000
591.00000000 412.00000000 0.00000000 169.00000000
704.00000000 438.00000000 1.00000000 168.00000000
437.00000000 263.00000000 1.00000000 168.00000000
510.00000000 46.00000000 0.00000000 166.00000000
608.00000000 62.00000000 0.00000000 166.00000000
655.00000000 362.00000000 0.00000000 166.00000000
436.00000000 256.00000000 0.00000000 165.00000000
941.00000000 62.00000000 0.00000000 164.00000000
608.00000000 63.00000000 1.00000000 164.00000000
905.00000000 346.00000000 1.00000000 164.00000000
393.00000000 21.00000000 0.00000000 163.00000000
709.00000000 323.00000000 1.00000000 163.00000000
668.00000000 334.00000000 0.00000000 162.00000000
529.00000000 347.00000000 1.00000000 162.00000000
576.00000000 400.00000000 1.00000000 161.00000000
535.00000000 41.00000000 0.00000000 160.00000000
796.00000000 78.00000000 0.00000000 160.00000000
711.00000000 422.00000000 1.00000000 160.00000000
430.00000000 27.00000000 0.00000000 159.00000000
960.00000000 347.00000000 0.00000000 159.00000000
185.00000000 207.00000000 1.00000000 157.00000000
371.00000000 45.00000000 1.00000000 157.00000000
337.00000000 281.00000000 1.00000000 157.00000000
181.00000000 514.00000000 1.00000000 152.00000000
416.00000000 25.00000000 1.00000000 152.00000000
408.00000000 298.00000000 1.00000000 149.00000000
188.00000000 113.00000000 1.00000000 149.00000000
