460.00000000 430.00000000 2.00000000 627.00000000
461.00000000 429.00000000 1.00000000 593.00000000
422.00000000 511.00000000 1.00000000 567.00000000
461.00000000 428.00000000 1.00000000 554.00000000
421.00000000 511.00000000 1.00000000 551.00000000
600.00000000 349.00000000 1.00000000 548.00000000
420.00000000 512.00000000 2.00000000 540.00000000
461.00000000 432.00000000 2.00000000 510.00000000
444.00000000 398.00000000 1.00000000 508.00000000
533.00000000 287.00000000 0.00000000 501.00000000
442.00000000 397.00000000 1.00000000 491.00000000
444.00000000 397.00000000 0.00000000 488.00000000
183.00000000 285.00000000 0.00000000 478.00000000
534.00000000 516.00000000 2.00000000 477.00000000
442.00000000 398.00000000 2.00000000 469.00000000
422.00000000 511.00000000 0.00000000 468.00000000
600.00000000 349.00000000 0.00000000 464.00000000
531.00000000 277.00000000 0.00000000 462.00000000
533.00000000 288.00000000 1.00000000 461.00000000
516.00000000 380.00000000 0.00000000 438.00000000
531.00000000 520.00000000 2.00000000 433.00000000
571.00000000 288.00000000 1.00000000 433.00000000
310.00000000 321.00000000 1.00000000 425.00000000
533.00000000 288.00000000 1.00000000 417.00000000
530.00000000 277.00000000 1.00000000 414.00000000
461.00000000 427.00000000 0.00000000 412.00000000
572.00000000 288.00000000 1.00000000 412.00000000
572.00000000 287.00000000 0.00000000 405.00000000
176.00000000 366.00000000 1.00000000 405.00000000
182.00000000 287.00000000 1.00000000 401.00000000
359.00000000 429.00000000 0.00000000 397.00000000
421.00000000 511.00000000 2.00000000 389.00000000
176.00000000 366.00000000 2.00000000 389.00000000
178.00000000 367.00000000 1.00000000 385.00000000
267.00000000 595.00000000 1.00000000 384.00000000
535.00000000 516.00000000 1.00000000 384.00000000
537.00000000 516.00000000 1.00000000 377.00000000
557.00000000 409.00000000 1.00000000 371.00000000
537.00000000 515.00000000 0.00000000 367.00000000
267.00000000 594.00000000 0.00000000 362.00000000
235.00000000 353.00000000 1.00000000 361.00000000
235.00000000 352.00000000 0.00000000 357.00000000
601.00000000 347.00000000 1.00000000 351.00000000
309.00000000 322.00000000 1.00000000 350.00000000
625.00000000 402.00000000 0.00000000 346.00000000
557.00000000 408.00000000 0.00000000 345.00000000
572.00000000 288.00000000 2.00000000 343.00000000
247.00000000 350.00000000 0.00000000 343.00000000
193.00000000 424.00000000 0.00000000 340.00000000
571.00000000 285.00000000 2.00000000 339.00000000
264.00000000 34.00000000 1.00000000 338.00000000
570.00000000 277.00000000 0.00000000 336.00000000
554.00000000 435.00000000 1.00000000 328.00000000
310.00000000 320.00000000 0.00000000 328.00000000
625.00000000 467.00000000 1.00000000 327.00000000
568.00000000 330.00000000 2.00000000 324.00000000
247.00000000 351.00000000 1.00000000 323.00000000
625.00000000 469.00000000 1.00000000 322.00000000
272.00000000 504.00000000 1.00000000 322.00000000
469.00000000 271.00000000 5.00000000 320.00000000
442.00000000 547.00000000 0.00000000 317.00000000
625.00000000 403.00000000 1.00000000 313.00000000
386.00000000 26.00000000 0.00000000 312.00000000
192.00000000 425.00000000 1.00000000 309.00000000
238.00000000 384.00000000 0.00000000 308.00000000
270.00000000 504.00000000 2.00000000 306.00000000
265.00000000 595.00000000 1.00000000 303.00000000
273.00000000 504.00000000 1.00000000 303.00000000
468.00000000 272.00000000 4.00000000 302.00000000
403.00000000 323.00000000 0.00000000 300.00000000
360.00000000 366.00000000 1.00000000 300.00000000
532.00000000 524.00000000 4.00000000 299.00000000
596.00000000 338.00000000 0.00000000 299.00000000
965.00000000 129.00000000 1.00000000 298.00000000
580.00000000 379.00000000 1.00000000 291.00000000
567.00000000 329.00000000 1.00000000 287.00000000
238.00000000 384.00000000 1.00000000 286.00000000
264.00000000 34.00000000 0.00000000 284.00000000
610.00000000 458.00000000 1.00000000 278.00000000
262.00000000 81.00000000 1.00000000 277.00000000
570.00000000 277.00000000 1.00000000 276.00000000
596.00000000 339.00000000 1.00000000 268.00000000
442.00000000 548.00000000 1.00000000 261.00000000
360.00000000 363.00000000 1.00000000 256.00000000
262.00000000 81.00000000 0.00000000 256.00000000
404.00000000 410.00000000 0.00000000 255.00000000
400.00000000 398.00000000 0.00000000 254.00000000
178.00000000 366.00000000 0.00000000 252.00000000
965.00000000 128.00000000 0.00000000 251.00000000
611.00000000 459.00000000 1.00000000 251.00000000
568.00000000 330.00000000 1.00000000 244.00000000
188.00000000 300.00000000 0.00000000 242.00000000
408.00000000 462.00000000 0.00000000 237.00000000
554.00000000 433.00000000 1.00000000 234.00000000
522.00000000 553.00000000 1.00000000 233.00000000
419.00000000 497.00000000 0.00000000 231.00000000
475.00000000 239.00000000 0.00000000 224.00000000
748.00000000 49.00000000 0.00000000 221.00000000
616.00000000 388.00000000 0.00000000 221.00000000
488.00000000 243.00000000 0.00000000 220.00000000
522.00000000 553.00000000 0.00000000 216.00000000
359.00000000 362.00000000 0.00000000 213.00000000
738.00000000 526.00000000 0.00000000 210.00000000
611.00000000 459.00000000 0.00000000 210.00000000
504.00000000 383.00000000 0.00000000 209.00000000
246.00000000 369.00000000 0.00000000 207.00000000
642.00000000 391.00000000 0.00000000 202.00000000
799.00000000 33.00000000 0.00000000 200.00000000
572.00000000 246.00000000 0.00000000 197.00000000
587.00000000 523.00000000 0.00000000 195.00000000
943.00000000 345.00000000 0.00000000 190.00000000
612.00000000 318.00000000 0.00000000 190.00000000
491.00000000 547.00000000 0.00000000 189.00000000
582.00000000 537.00000000 0.00000000 187.00000000
478.00000000 437.00000000 0.00000000 186.00000000
634.00000000 421.00000000 0.00000000 180.00000000
607.00000000 361.00000000 0.00000000 178.00000000
437.00000000 130.00000000 0.00000000 177.00000000
803.00000000 541.00000000 0.00000000 176.00000000
433.00000000 500.00000000 0.00000000 175.00000000
557.00000000 265.00000000 0.00000000 174.00000000
273.00000000 504.00000000 0.00000000 173.00000000
805.00000000 551.00000000 0.00000000 170.00000000
528.00000000 60.00000000 0.00000000 169.00000000
193.00000000 446.00000000 0.00000000 163.00000000
626.00000000 467.00000000 0.00000000 162.00000000
628.00000000 490.00000000 0.00000000 160.00000000
