472.00000000 678.00000000 2.00000000 742.00000000
472.00000000 676.00000000 2.00000000 715.00000000
618.00000000 481.00000000 1.00000000 681.00000000
472.00000000 674.00000000 1.00000000 655.00000000
472.00000000 680.00000000 4.00000000 639.00000000
496.00000000 422.00000000 0.00000000 638.00000000
87.00000000 504.00000000 0.00000000 605.00000000
330.00000000 185.00000000 0.00000000 593.00000000
618.00000000 482.00000000 1.00000000 572.00000000
708.00000000 478.00000000 1.00000000 567.00000000
618.00000000 480.00000000 0.00000000 566.00000000
368.00000000 535.00000000 0.00000000 563.00000000
403.00000000 773.00000000 1.00000000 560.00000000
302.00000000 661.00000000 0.00000000 552.00000000
611.00000000 466.00000000 1.00000000 547.00000000
828.00000000 636.00000000 1.00000000 545.00000000
620.00000000 820.00000000 4.00000000 544.00000000
707.00000000 480.00000000 2.00000000 538.00000000
625.00000000 820.00000000 2.00000000 532.00000000
439.00000000 632.00000000 1.00000000 527.00000000
404.00000000 773.00000000 1.00000000 526.00000000
748.00000000 405.00000000 0.00000000 526.00000000
709.00000000 476.00000000 1.00000000 518.00000000
708.00000000 480.00000000 2.00000000 517.00000000
616.00000000 825.00000000 5.00000000 516.00000000
422.00000000 290.00000000 0.00000000 516.00000000
438.00000000 634.00000000 2.00000000 515.00000000
441.00000000 631.00000000 1.00000000 509.00000000
80.00000000 582.00000000 2.00000000 505.00000000
473.00000000 672.00000000 1.00000000 504.00000000
402.00000000 774.00000000 2.00000000 493.00000000
438.00000000 633.00000000 2.00000000 491.00000000
589.00000000 157.00000000 0.00000000 487.00000000
783.00000000 573.00000000 0.00000000 481.00000000
609.00000000 466.00000000 1.00000000 477.00000000
830.00000000 638.00000000 2.00000000 472.00000000
628.00000000 818.00000000 2.00000000 468.00000000
736.00000000 401.00000000 0.00000000 468.00000000
182.00000000 826.00000000 1.00000000 467.00000000
87.00000000 505.00000000 1.00000000 467.00000000
82.00000000 581.00000000 1.00000000 467.00000000
98.00000000 637.00000000 0.00000000 459.00000000
630.00000000 816.00000000 1.00000000 454.00000000
629.00000000 817.00000000 1.00000000 452.00000000
345.00000000 404.00000000 0.00000000 452.00000000
611.00000000 465.00000000 0.00000000 447.00000000
143.00000000 569.00000000 1.00000000 447.00000000
232.00000000 535.00000000 1.00000000 442.00000000
171.00000000 240.00000000 1.00000000 441.00000000
84.00000000 581.00000000 1.00000000 438.00000000
783.00000000 573.00000000 1.00000000 434.00000000
372.00000000 643.00000000 1.00000000 432.00000000
947.00000000 588.00000000 1.00000000 431.00000000
782.00000000 572.00000000 2.00000000 429.00000000
441.00000000 630.00000000 0.00000000 426.00000000
181.00000000 825.00000000 1.00000000 425.00000000
331.00000000 185.00000000 1.00000000 425.00000000
231.00000000 537.00000000 1.00000000 422.00000000
405.00000000 773.00000000 0.00000000 419.00000000
496.00000000 422.00000000 1.00000000 419.00000000
709.00000000 474.00000000 0.00000000 416.00000000
169.00000000 289.00000000 1.00000000 415.00000000
144.00000000 568.00000000 0.00000000 414.00000000
156.00000000 566.00000000 0.00000000 410.00000000
186.00000000 731.00000000 1.00000000 408.00000000
948.00000000 587.00000000 0.00000000 402.00000000
371.00000000 643.00000000 0.00000000 400.00000000
99.00000000 638.00000000 1.00000000 397.00000000
302.00000000 661.00000000 1.00000000 393.00000000
368.00000000 536.00000000 1.00000000 392.00000000
760.00000000 406.00000000 0.00000000 390.00000000
829.00000000 633.00000000 1.00000000 386.00000000
169.00000000 240.00000000 1.00000000 385.00000000
906.00000000 642.00000000 0.00000000 383.00000000
590.00000000 158.00000000 1.00000000 381.00000000
736.00000000 796.00000000 0.00000000 380.00000000
147.00000000 600.00000000 0.00000000 376.00000000
703.00000000 460.00000000 1.00000000 376.00000000
769.00000000 553.00000000 1.00000000 375.00000000
674.00000000 661.00000000 1.00000000 373.00000000
986.00000000 705.00000000 1.00000000 373.00000000
302.00000000 668.00000000 0.00000000 372.00000000
498.00000000 385.00000000 0.00000000 372.00000000
889.00000000 471.00000000 0.00000000 371.00000000
232.00000000 534.00000000 0.00000000 371.00000000
156.00000000 567.00000000 1.00000000 369.00000000
170.00000000 288.00000000 0.00000000 368.00000000
439.00000000 827.00000000 1.00000000 368.00000000
603.00000000 431.00000000 0.00000000 367.00000000
753.00000000 849.00000000 0.00000000 364.00000000
721.00000000 395.00000000 0.00000000 362.00000000
748.00000000 406.00000000 1.00000000 362.00000000
304.00000000 586.00000000 1.00000000 359.00000000
573.00000000 794.00000000 1.00000000 356.00000000
183.00000000 825.00000000 0.00000000 356.00000000
440.00000000 826.00000000 1.00000000 355.00000000
631.00000000 816.00000000 0.00000000 353.00000000
473.00000000 670.00000000 0.00000000 349.00000000
147.00000000 600.00000000 1.00000000 346.00000000
380.00000000 707.00000000 0.00000000 345.00000000
769.00000000 552.00000000 0.00000000 343.00000000
572.00000000 794.00000000 0.00000000 342.00000000
171.00000000 240.00000000 0.00000000 342.00000000
987.00000000 704.00000000 0.00000000 334.00000000
642.00000000 340.00000000 0.00000000 328.00000000
562.00000000 663.00000000 0.00000000 320.00000000
398.00000000 755.00000000 0.00000000 307.00000000
703.00000000 460.00000000 0.00000000 303.00000000
496.00000000 415.00000000 0.00000000 303.00000000
731.00000000 820.00000000 0.00000000 303.00000000
84.00000000 581.00000000 0.00000000 301.00000000
581.00000000 804.00000000 0.00000000 294.00000000
791.00000000 836.00000000 0.00000000 292.00000000
522.00000000 424.00000000 0.00000000 291.00000000
830.00000000 630.00000000 0.00000000 290.00000000
439.00000000 825.00000000 0.00000000 282.00000000
685.00000000 808.00000000 0.00000000 269.00000000
487.00000000 461.00000000 0.00000000 260.00000000
93.00000000 517.00000000 0.00000000 257.00000000
753.00000000 634.00000000 0.00000000 252.00000000
787.00000000 824.00000000 0.00000000 251.00000000
898.00000000 788.00000000 0.00000000 251.00000000
369.00000000 619.00000000 0.00000000 250.00000000
801.00000000 592.00000000 0.00000000 246.00000000
604.00000000 412.00000000 0.00000000 245.00000000
670.00000000 866.00000000 0.00000000 240.00000000
868.00000000 812.00000000 0.00000000 240.00000000
