616.00000000 554.00000000 2.00000000 685.00000000
694.00000000 467.00000000 0.00000000 624.00000000
562.00000000 690.00000000 2.00000000 621.00000000
694.00000000 468.00000000 1.00000000 616.00000000
562.00000000 688.00000000 1.00000000 605.00000000
560.00000000 692.00000000 2.00000000 579.00000000
616.00000000 556.00000000 4.00000000 571.00000000
616.00000000 550.00000000 2.00000000 569.00000000
797.00000000 415.00000000 1.00000000 565.00000000
594.00000000 499.00000000 1.00000000 556.00000000
563.00000000 689.00000000 1.00000000 530.00000000
155.00000000 304.00000000 1.00000000 522.00000000
592.00000000 502.00000000 2.00000000 519.00000000
798.00000000 417.00000000 1.00000000 516.00000000
714.00000000 322.00000000 1.00000000 496.00000000
616.00000000 547.00000000 1.00000000 496.00000000
591.00000000 500.00000000 2.00000000 494.00000000
593.00000000 499.00000000 1.00000000 493.00000000
710.00000000 306.00000000 1.00000000 491.00000000
467.00000000 562.00000000 1.00000000 491.00000000
714.00000000 322.00000000 1.00000000 484.00000000
533.00000000 376.00000000 0.00000000 481.00000000
467.00000000 561.00000000 0.00000000 467.00000000
560.00000000 696.00000000 4.00000000 463.00000000
714.00000000 321.00000000 0.00000000 456.00000000
712.00000000 324.00000000 2.00000000 450.00000000
467.00000000 572.00000000 0.00000000 448.00000000
715.00000000 678.00000000 2.00000000 447.00000000
594.00000000 499.00000000 0.00000000 440.00000000
636.00000000 241.00000000 0.00000000 440.00000000
709.00000000 305.00000000 1.00000000 432.00000000
563.00000000 689.00000000 0.00000000 419.00000000
534.00000000 377.00000000 1.00000000 418.00000000
156.00000000 303.00000000 1.00000000 418.00000000
386.00000000 374.00000000 2.00000000 417.00000000
154.00000000 306.00000000 2.00000000 412.00000000
257.00000000 432.00000000 1.00000000 411.00000000
617.00000000 546.00000000 1.00000000 407.00000000
718.00000000 678.00000000 2.00000000 397.00000000
762.00000000 324.00000000 2.00000000 385.00000000
720.00000000 676.00000000 1.00000000 383.00000000
263.00000000 492.00000000 1.00000000 382.00000000
263.00000000 490.00000000 1.00000000 380.00000000
533.00000000 492.00000000 0.00000000 379.00000000
745.00000000 510.00000000 1.00000000 379.00000000
711.00000000 306.00000000 0.00000000 378.00000000
178.00000000 571.00000000 1.00000000 374.00000000
258.00000000 431.00000000 1.00000000 370.00000000
386.00000000 371.00000000 1.00000000 369.00000000
279.00000000 427.00000000 1.00000000 368.00000000
278.00000000 428.00000000 1.00000000 362.00000000
798.00000000 417.00000000 0.00000000 361.00000000
654.00000000 248.00000000 0.00000000 360.00000000
558.00000000 667.00000000 0.00000000 359.00000000
694.00000000 468.00000000 1.00000000 355.00000000
761.00000000 306.00000000 1.00000000 355.00000000
763.00000000 323.00000000 1.00000000 354.00000000
179.00000000 569.00000000 1.00000000 354.00000000
827.00000000 496.00000000 1.00000000 352.00000000
764.00000000 321.00000000 0.00000000 347.00000000
387.00000000 372.00000000 1.00000000 344.00000000
543.00000000 610.00000000 0.00000000 341.00000000
743.00000000 509.00000000 1.00000000 341.00000000
169.00000000 332.00000000 1.00000000 339.00000000
719.00000000 675.00000000 1.00000000 337.00000000
135.00000000 463.00000000 5.00000000 337.00000000
763.00000000 323.00000000 1.00000000 335.00000000
720.00000000 675.00000000 0.00000000 334.00000000
530.00000000 505.00000000 1.00000000 317.00000000
559.00000000 667.00000000 1.00000000 316.00000000
591.00000000 744.00000000 1.00000000 316.00000000
169.00000000 332.00000000 0.00000000 313.00000000
793.00000000 401.00000000 1.00000000 312.00000000
280.00000000 462.00000000 0.00000000 308.00000000
514.00000000 189.00000000 0.00000000 307.00000000
654.00000000 249.00000000 1.00000000 304.00000000
542.00000000 610.00000000 1.00000000 304.00000000
828.00000000 592.00000000 1.00000000 297.00000000
828.00000000 494.00000000 0.00000000 296.00000000
185.00000000 303.00000000 1.00000000 294.00000000
782.00000000 680.00000000 0.00000000 292.00000000
745.00000000 509.00000000 0.00000000 290.00000000
185.00000000 301.00000000 0.00000000 282.00000000
178.00000000 567.00000000 0.00000000 281.00000000
581.00000000 55.00000000 0.00000000 281.00000000
761.00000000 306.00000000 0.00000000 280.00000000
468.00000000 573.00000000 1.00000000 280.00000000
279.00000000 463.00000000 1.00000000 276.00000000
536.00000000 525.00000000 1.00000000 272.00000000
618.00000000 544.00000000 0.00000000 270.00000000
591.00000000 743.00000000 0.00000000 263.00000000
519.00000000 187.00000000 0.00000000 260.00000000
156.00000000 302.00000000 0.00000000 259.00000000
279.00000000 426.00000000 0.00000000 258.00000000
862.00000000 427.00000000 0.00000000 258.00000000
258.00000000 429.00000000 0.00000000 252.00000000
387.00000000 371.00000000 0.00000000 249.00000000
263.00000000 492.00000000 0.00000000 247.00000000
830.00000000 625.00000000 0.00000000 246.00000000
837.00000000 523.00000000 0.00000000 242.00000000
659.00000000 732.00000000 0.00000000 240.00000000
680.00000000 524.00000000 0.00000000 238.00000000
924.00000000 705.00000000 0.00000000 238.00000000
792.00000000 398.00000000 0.00000000 236.00000000
741.00000000 717.00000000 0.00000000 235.00000000
637.00000000 197.00000000 0.00000000 234.00000000
975.00000000 668.00000000 0.00000000 234.00000000
579.00000000 670.00000000 0.00000000 224.00000000
778.00000000 251.00000000 0.00000000 224.00000000
764.00000000 487.00000000 0.00000000 220.00000000
535.00000000 526.00000000 0.00000000 218.00000000
1047.00000000 696.00000000 0.00000000 214.00000000
784.00000000 256.00000000 0.00000000 214.00000000
772.00000000 716.00000000 0.00000000 201.00000000
467.00000000 443.00000000 0.00000000 200.00000000
828.00000000 591.00000000 0.00000000 199.00000000
685.00000000 482.00000000 0.00000000 197.00000000
636.00000000 234.00000000 0.00000000 192.00000000
1042.00000000 681.00000000 0.00000000 190.00000000
569.00000000 245.00000000 0.00000000 183.00000000
629.00000000 288.00000000 0.00000000 180.00000000
1199.00000000 102.00000000 0.00000000 179.00000000
1160.00000000 186.00000000 0.00000000 177.00000000
545.00000000 461.00000000 0.00000000 173.00000000
1187.00000000 82.00000000 0.00000000 172.00000000
460.00000000 562.00000000 0.00000000 172.00000000
528.00000000 559.00000000 0.00000000 167.00000000
