42.00000000 232.00000000 1.00000000 625.00000000
41.00000000 231.00000000 0.00000000 529.00000000
504.00000000 419.00000000 0.00000000 457.00000000
490.00000000 406.00000000 0.00000000 453.00000000
94.00000000 276.00000000 0.00000000 438.00000000
41.00000000 231.00000000 1.00000000 437.00000000
504.00000000 419.00000000 1.00000000 416.00000000
508.00000000 385.00000000 0.00000000 393.00000000
490.00000000 407.00000000 1.00000000 393.00000000
95.00000000 277.00000000 1.00000000 389.00000000
380.00000000 487.00000000 0.00000000 385.00000000
523.00000000 398.00000000 1.00000000 371.00000000
522.00000000 398.00000000 0.00000000 369.00000000
476.00000000 505.00000000 0.00000000 369.00000000
508.00000000 386.00000000 1.00000000 366.00000000
279.00000000 440.00000000 1.00000000 363.00000000
448.00000000 412.00000000 0.00000000 359.00000000
475.00000000 394.00000000 0.00000000 349.00000000
414.00000000 450.00000000 0.00000000 343.00000000
442.00000000 543.00000000 0.00000000 342.00000000
410.00000000 556.00000000 1.00000000 339.00000000
371.00000000 521.00000000 1.00000000 338.00000000
318.00000000 474.00000000 1.00000000 334.00000000
448.00000000 413.00000000 1.00000000 332.00000000
415.00000000 140.00000000 1.00000000 330.00000000
494.00000000 373.00000000 0.00000000 329.00000000
510.00000000 468.00000000 0.00000000 322.00000000
381.00000000 488.00000000 1.00000000 319.00000000
682.00000000 228.00000000 1.00000000 313.00000000
396.00000000 171.00000000 0.00000000 310.00000000
397.00000000 172.00000000 1.00000000 310.00000000
542.00000000 486.00000000 2.00000000 302.00000000
476.00000000 505.00000000 1.00000000 300.00000000
415.00000000 140.00000000 0.00000000 298.00000000
414.00000000 450.00000000 1.00000000 296.00000000
622.00000000 218.00000000 0.00000000 294.00000000
443.00000000 543.00000000 1.00000000 291.00000000
555.00000000 294.00000000 0.00000000 290.00000000
589.00000000 256.00000000 0.00000000 288.00000000
510.00000000 468.00000000 1.00000000 286.00000000
485.00000000 433.00000000 0.00000000 276.00000000
564.00000000 122.00000000 1.00000000 276.00000000
589.00000000 256.00000000 1.00000000 273.00000000
681.00000000 229.00000000 1.00000000 272.00000000
278.00000000 439.00000000 1.00000000 271.00000000
678.00000000 229.00000000 2.00000000 268.00000000
555.00000000 294.00000000 1.00000000 263.00000000
543.00000000 483.00000000 1.00000000 261.00000000
279.00000000 439.00000000 0.00000000 260.00000000
682.00000000 228.00000000 0.00000000 259.00000000
370.00000000 520.00000000 1.00000000 255.00000000
370.00000000 520.00000000 0.00000000 253.00000000
475.00000000 394.00000000 1.00000000 252.00000000
579.00000000 328.00000000 0.00000000 251.00000000
42.00000000 232.00000000 2.00000000 250.00000000
685.00000000 273.00000000 0.00000000 250.00000000
400.00000000 127.00000000 0.00000000 247.00000000
618.00000000 349.00000000 1.00000000 242.00000000
494.00000000 373.00000000 1.00000000 240.00000000
94.00000000 277.00000000 1.00000000 240.00000000
623.00000000 218.00000000 1.00000000 239.00000000
523.00000000 397.00000000 1.00000000 238.00000000
318.00000000 473.00000000 0.00000000 238.00000000
463.00000000 428.00000000 1.00000000 237.00000000
504.00000000 418.00000000 1.00000000 235.00000000
498.00000000 460.00000000 2.00000000 233.00000000
410.00000000 555.00000000 0.00000000 229.00000000
509.00000000 386.00000000 1.00000000 226.00000000
618.00000000 348.00000000 0.00000000 222.00000000
464.00000000 432.00000000 2.00000000 221.00000000
500.00000000 461.00000000 2.00000000 220.00000000
490.00000000 405.00000000 1.00000000 219.00000000
386.00000000 163.00000000 0.00000000 218.00000000
415.00000000 140.00000000 1.00000000 218.00000000
686.00000000 273.00000000 1.00000000 215.00000000
564.00000000 122.00000000 0.00000000 215.00000000
512.00000000 74.00000000 1.00000000 214.00000000
605.00000000 186.00000000 5.00000000 213.00000000
680.00000000 228.00000000 2.00000000 213.00000000
400.00000000 128.00000000 1.00000000 213.00000000
408.00000000 134.00000000 0.00000000 210.00000000
393.00000000 121.00000000 0.00000000 207.00000000
604.00000000 156.00000000 1.00000000 203.00000000
680.00000000 232.00000000 4.00000000 203.00000000
471.00000000 42.00000000 1.00000000 202.00000000
375.00000000 153.00000000 0.00000000 201.00000000
604.00000000 188.00000000 4.00000000 199.00000000
318.00000000 473.00000000 1.00000000 198.00000000
545.00000000 373.00000000 2.00000000 197.00000000
472.00000000 41.00000000 1.00000000 196.00000000
533.00000000 451.00000000 1.00000000 192.00000000
543.00000000 484.00000000 1.00000000 192.00000000
565.00000000 121.00000000 1.00000000 192.00000000
605.00000000 186.00000000 2.00000000 190.00000000
534.00000000 452.00000000 2.00000000 188.00000000
474.00000000 486.00000000 2.00000000 178.00000000
187.00000000 357.00000000 0.00000000 175.00000000
512.00000000 74.00000000 0.00000000 174.00000000
552.00000000 432.00000000 2.00000000 172.00000000
178.00000000 348.00000000 0.00000000 169.00000000
544.00000000 485.00000000 0.00000000 161.00000000
207.00000000 391.00000000 0.00000000 159.00000000
656.00000000 201.00000000 0.00000000 156.00000000
604.00000000 156.00000000 0.00000000 148.00000000
471.00000000 41.00000000 0.00000000 141.00000000
697.00000000 236.00000000 0.00000000 139.00000000
537.00000000 391.00000000 0.00000000 137.00000000
520.00000000 375.00000000 0.00000000 136.00000000
316.00000000 488.00000000 0.00000000 133.00000000
531.00000000 243.00000000 0.00000000 125.00000000
648.00000000 241.00000000 0.00000000 123.00000000
659.00000000 375.00000000 0.00000000 117.00000000
606.00000000 187.00000000 0.00000000 114.00000000
551.00000000 429.00000000 0.00000000 111.00000000
593.00000000 519.00000000 0.00000000 109.00000000
474.00000000 484.00000000 0.00000000 108.00000000
334.00000000 521.00000000 0.00000000 106.00000000
154.00000000 291.00000000 0.00000000 105.00000000
317.00000000 316.00000000 0.00000000 105.00000000
180.00000000 368.00000000 0.00000000 104.00000000
156.00000000 212.00000000 0.00000000 104.00000000
289.00000000 463.00000000 0.00000000 102.00000000
672.00000000 219.00000000 0.00000000 101.00000000
691.00000000 288.00000000 0.00000000 101.00000000
113.00000000 255.00000000 0.00000000 99.00000000
538.00000000 355.00000000 0.00000000 99.00000000
378.00000000 133.00000000 0.00000000 98.00000000
