574.00000000 506.00000000 1.00000000 740.00000000
529.00000000 467.00000000 1.00000000 688.00000000
543.00000000 528.00000000 0.00000000 686.00000000
552.00000000 487.00000000 1.00000000 685.00000000
574.00000000 506.00000000 1.00000000 671.00000000
552.00000000 486.00000000 1.00000000 651.00000000
558.00000000 434.00000000 1.00000000 642.00000000
581.00000000 453.00000000 1.00000000 616.00000000
433.00000000 555.00000000 1.00000000 614.00000000
581.00000000 454.00000000 1.00000000 613.00000000
486.00000000 496.00000000 1.00000000 607.00000000
220.00000000 538.00000000 1.00000000 595.00000000
603.00000000 473.00000000 1.00000000 586.00000000
603.00000000 472.00000000 1.00000000 576.00000000
486.00000000 496.00000000 1.00000000 561.00000000
544.00000000 528.00000000 1.00000000 546.00000000
528.00000000 467.00000000 0.00000000 520.00000000
406.00000000 119.00000000 1.00000000 496.00000000
220.00000000 540.00000000 2.00000000 482.00000000
558.00000000 434.00000000 0.00000000 479.00000000
434.00000000 69.00000000 1.00000000 471.00000000
693.00000000 364.00000000 1.00000000 460.00000000
654.00000000 310.00000000 1.00000000 456.00000000
222.00000000 539.00000000 1.00000000 438.00000000
435.00000000 69.00000000 1.00000000 435.00000000
407.00000000 118.00000000 1.00000000 431.00000000
574.00000000 506.00000000 0.00000000 430.00000000
670.00000000 39.00000000 1.00000000 429.00000000
389.00000000 105.00000000 1.00000000 428.00000000
707.00000000 251.00000000 1.00000000 427.00000000
528.00000000 466.00000000 1.00000000 421.00000000
604.00000000 474.00000000 2.00000000 418.00000000
708.00000000 251.00000000 1.00000000 416.00000000
558.00000000 434.00000000 1.00000000 415.00000000
654.00000000 309.00000000 1.00000000 415.00000000
692.00000000 364.00000000 0.00000000 407.00000000
433.00000000 555.00000000 0.00000000 406.00000000
552.00000000 486.00000000 0.00000000 405.00000000
582.00000000 454.00000000 2.00000000 404.00000000
373.00000000 91.00000000 1.00000000 400.00000000
552.00000000 488.00000000 2.00000000 394.00000000
77.00000000 410.00000000 1.00000000 381.00000000
412.00000000 50.00000000 1.00000000 378.00000000
486.00000000 496.00000000 0.00000000 375.00000000
581.00000000 453.00000000 0.00000000 367.00000000
434.00000000 70.00000000 2.00000000 365.00000000
77.00000000 410.00000000 1.00000000 363.00000000
574.00000000 508.00000000 2.00000000 360.00000000
389.00000000 105.00000000 0.00000000 359.00000000
511.00000000 523.00000000 2.00000000 351.00000000
381.00000000 98.00000000 1.00000000 350.00000000
406.00000000 119.00000000 0.00000000 342.00000000
603.00000000 473.00000000 0.00000000 337.00000000
670.00000000 40.00000000 2.00000000 334.00000000
411.00000000 50.00000000 1.00000000 332.00000000
670.00000000 41.00000000 1.00000000 330.00000000
423.00000000 60.00000000 1.00000000 328.00000000
732.00000000 93.00000000 1.00000000 323.00000000
734.00000000 94.00000000 2.00000000 315.00000000
373.00000000 90.00000000 0.00000000 314.00000000
401.00000000 40.00000000 1.00000000 311.00000000
77.00000000 409.00000000 0.00000000 303.00000000
412.00000000 49.00000000 0.00000000 302.00000000
222.00000000 538.00000000 0.00000000 301.00000000
434.00000000 68.00000000 0.00000000 300.00000000
707.00000000 251.00000000 0.00000000 300.00000000
381.00000000 97.00000000 0.00000000 297.00000000
63.00000000 395.00000000 1.00000000 287.00000000
16.00000000 172.00000000 0.00000000 285.00000000
654.00000000 309.00000000 0.00000000 283.00000000
28.00000000 182.00000000 0.00000000 270.00000000
626.00000000 462.00000000 1.00000000 264.00000000
402.00000000 39.00000000 0.00000000 259.00000000
733.00000000 95.00000000 1.00000000 258.00000000
616.00000000 232.00000000 1.00000000 246.00000000
423.00000000 59.00000000 0.00000000 242.00000000
640.00000000 436.00000000 4.00000000 241.00000000
650.00000000 526.00000000 2.00000000 241.00000000
599.00000000 438.00000000 1.00000000 241.00000000
520.00000000 473.00000000 0.00000000 232.00000000
644.00000000 435.00000000 5.00000000 222.00000000
398.00000000 325.00000000 0.00000000 221.00000000
671.00000000 40.00000000 0.00000000 218.00000000
62.00000000 395.00000000 0.00000000 217.00000000
549.00000000 439.00000000 0.00000000 212.00000000
733.00000000 95.00000000 0.00000000 209.00000000
636.00000000 360.00000000 4.00000000 208.00000000
752.00000000 396.00000000 1.00000000 206.00000000
628.00000000 406.00000000 1.00000000 204.00000000
109.00000000 463.00000000 1.00000000 204.00000000
24.00000000 305.00000000 1.00000000 196.00000000
435.00000000 67.00000000 2.00000000 196.00000000
726.00000000 418.00000000 2.00000000 194.00000000
403.00000000 330.00000000 0.00000000 181.00000000
197.00000000 304.00000000 0.00000000 174.00000000
318.00000000 311.00000000 0.00000000 169.00000000
108.00000000 71.00000000 0.00000000 167.00000000
181.00000000 289.00000000 0.00000000 167.00000000
414.00000000 339.00000000 0.00000000 166.00000000
24.00000000 305.00000000 0.00000000 166.00000000
753.00000000 397.00000000 0.00000000 165.00000000
616.00000000 231.00000000 0.00000000 163.00000000
320.00000000 411.00000000 0.00000000 158.00000000
745.00000000 149.00000000 0.00000000 158.00000000
282.00000000 345.00000000 0.00000000 157.00000000
176.00000000 284.00000000 0.00000000 157.00000000
626.00000000 461.00000000 0.00000000 155.00000000
137.00000000 95.00000000 0.00000000 153.00000000
433.00000000 59.00000000 0.00000000 151.00000000
425.00000000 349.00000000 0.00000000 151.00000000
395.00000000 223.00000000 0.00000000 149.00000000
599.00000000 437.00000000 0.00000000 142.00000000
191.00000000 137.00000000 0.00000000 141.00000000
192.00000000 299.00000000 0.00000000 141.00000000
737.00000000 142.00000000 0.00000000 141.00000000
475.00000000 239.00000000 0.00000000 138.00000000
627.00000000 405.00000000 0.00000000 137.00000000
401.00000000 478.00000000 0.00000000 135.00000000
589.00000000 473.00000000 0.00000000 133.00000000
412.00000000 284.00000000 0.00000000 131.00000000
377.00000000 59.00000000 0.00000000 131.00000000
33.00000000 393.00000000 0.00000000 130.00000000
374.00000000 10.00000000 0.00000000 129.00000000
503.00000000 383.00000000 0.00000000 128.00000000
553.00000000 422.00000000 0.00000000 128.00000000
479.00000000 391.00000000 0.00000000 126.00000000
258.00000000 350.00000000 0.00000000 126.00000000
