852.00000000 145.00000000 1.00000000 408.00000000
852.00000000 144.00000000 0.00000000 404.00000000
397.00000000 70.00000000 0.00000000 381.00000000
397.00000000 71.00000000 1.00000000 360.00000000
270.00000000 318.00000000 1.00000000 352.00000000
259.00000000 280.00000000 0.00000000 352.00000000
853.00000000 163.00000000 1.00000000 352.00000000
761.00000000 334.00000000 0.00000000 351.00000000
536.00000000 413.00000000 0.00000000 350.00000000
135.00000000 305.00000000 1.00000000 346.00000000
686.00000000 309.00000000 0.00000000 342.00000000
270.00000000 318.00000000 2.00000000 333.00000000
696.00000000 306.00000000 0.00000000 325.00000000
623.00000000 627.00000000 0.00000000 321.00000000
726.00000000 125.00000000 0.00000000 318.00000000
675.00000000 309.00000000 0.00000000 315.00000000
952.00000000 521.00000000 1.00000000 315.00000000
395.00000000 70.00000000 1.00000000 313.00000000
584.00000000 659.00000000 1.00000000 307.00000000
593.00000000 410.00000000 0.00000000 302.00000000
890.00000000 374.00000000 1.00000000 300.00000000
728.00000000 228.00000000 1.00000000 293.00000000
267.00000000 217.00000000 0.00000000 289.00000000
948.00000000 441.00000000 1.00000000 289.00000000
559.00000000 29.00000000 0.00000000 288.00000000
680.00000000 491.00000000 0.00000000 286.00000000
396.00000000 72.00000000 2.00000000 286.00000000
610.00000000 688.00000000 0.00000000 284.00000000
859.00000000 184.00000000 1.00000000 284.00000000
767.00000000 350.00000000 0.00000000 282.00000000
272.00000000 318.00000000 0.00000000 282.00000000
323.00000000 386.00000000 0.00000000 279.00000000
135.00000000 304.00000000 0.00000000 278.00000000
559.00000000 30.00000000 1.00000000 276.00000000
561.00000000 16.00000000 0.00000000 276.00000000
761.00000000 335.00000000 1.00000000 276.00000000
287.00000000 140.00000000 1.00000000 275.00000000
953.00000000 521.00000000 1.00000000 275.00000000
727.00000000 113.00000000 0.00000000 275.00000000
584.00000000 659.00000000 0.00000000 270.00000000
852.00000000 164.00000000 1.00000000 270.00000000
815.00000000 378.00000000 1.00000000 270.00000000
746.00000000 337.00000000 0.00000000 268.00000000
132.00000000 339.00000000 1.00000000 266.00000000
268.00000000 218.00000000 1.00000000 265.00000000
728.00000000 114.00000000 1.00000000 264.00000000
695.00000000 535.00000000 0.00000000 264.00000000
593.00000000 412.00000000 1.00000000 264.00000000
259.00000000 209.00000000 0.00000000 263.00000000
706.00000000 306.00000000 0.00000000 262.00000000
890.00000000 374.00000000 0.00000000 262.00000000
719.00000000 765.00000000 0.00000000 262.00000000
334.00000000 103.00000000 0.00000000 262.00000000
852.00000000 145.00000000 1.00000000 261.00000000
158.00000000 371.00000000 0.00000000 260.00000000
726.00000000 179.00000000 0.00000000 258.00000000
210.00000000 733.00000000 0.00000000 258.00000000
262.00000000 185.00000000 0.00000000 257.00000000
328.00000000 82.00000000 0.00000000 254.00000000
592.00000000 412.00000000 1.00000000 254.00000000
134.00000000 305.00000000 1.00000000 254.00000000
859.00000000 183.00000000 0.00000000 254.00000000
288.00000000 141.00000000 1.00000000 253.00000000
753.00000000 318.00000000 0.00000000 252.00000000
260.00000000 281.00000000 1.00000000 249.00000000
487.00000000 376.00000000 0.00000000 248.00000000
544.00000000 56.00000000 0.00000000 246.00000000
133.00000000 401.00000000 1.00000000 245.00000000
277.00000000 360.00000000 1.00000000 245.00000000
303.00000000 395.00000000 1.00000000 243.00000000
78.00000000 407.00000000 1.00000000 242.00000000
544.00000000 57.00000000 1.00000000 240.00000000
727.00000000 125.00000000 1.00000000 240.00000000
216.00000000 376.00000000 0.00000000 239.00000000
586.00000000 691.00000000 1.00000000 239.00000000
727.00000000 180.00000000 1.00000000 238.00000000
321.00000000 695.00000000 0.00000000 237.00000000
953.00000000 537.00000000 1.00000000 237.00000000
543.00000000 72.00000000 0.00000000 236.00000000
286.00000000 138.00000000 2.00000000 236.00000000
950.00000000 440.00000000 2.00000000 233.00000000
816.00000000 377.00000000 1.00000000 233.00000000
216.00000000 406.00000000 2.00000000 233.00000000
261.00000000 307.00000000 0.00000000 233.00000000
709.00000000 426.00000000 0.00000000 230.00000000
747.00000000 337.00000000 1.00000000 230.00000000
719.00000000 551.00000000 0.00000000 230.00000000
285.00000000 138.00000000 2.00000000 230.00000000
516.00000000 403.00000000 0.00000000 228.00000000
839.00000000 774.00000000 1.00000000 228.00000000
767.00000000 415.00000000 1.00000000 228.00000000
271.00000000 319.00000000 1.00000000 228.00000000
767.00000000 415.00000000 0.00000000 227.00000000
878.00000000 396.00000000 0.00000000 227.00000000
421.00000000 77.00000000 0.00000000 226.00000000
378.00000000 509.00000000 0.00000000 226.00000000
714.00000000 277.00000000 0.00000000 225.00000000
952.00000000 520.00000000 0.00000000 225.00000000
784.00000000 514.00000000 1.00000000 225.00000000
214.00000000 407.00000000 1.00000000 224.00000000
602.00000000 32.00000000 0.00000000 224.00000000
948.00000000 442.00000000 1.00000000 224.00000000
277.00000000 359.00000000 0.00000000 223.00000000
646.00000000 396.00000000 1.00000000 221.00000000
226.00000000 345.00000000 0.00000000 221.00000000
192.00000000 110.00000000 0.00000000 219.00000000
953.00000000 535.00000000 0.00000000 219.00000000
77.00000000 406.00000000 0.00000000 218.00000000
827.00000000 774.00000000 0.00000000 216.00000000
271.00000000 226.00000000 0.00000000 216.00000000
709.00000000 544.00000000 0.00000000 216.00000000
724.00000000 170.00000000 0.00000000 215.00000000
304.00000000 394.00000000 0.00000000 215.00000000
723.00000000 283.00000000 0.00000000 215.00000000
866.00000000 548.00000000 2.00000000 215.00000000
222.00000000 328.00000000 0.00000000 214.00000000
267.00000000 350.00000000 1.00000000 214.00000000
787.00000000 537.00000000 1.00000000 214.00000000
271.00000000 316.00000000 2.00000000 213.00000000
890.00000000 374.00000000 1.00000000 212.00000000
942.00000000 232.00000000 2.00000000 209.00000000
217.00000000 407.00000000 2.00000000 202.00000000
788.00000000 538.00000000 2.00000000 200.00000000
395.00000000 73.00000000 2.00000000 187.00000000
284.00000000 136.00000000 4.00000000 159.00000000
220.00000000 412.00000000 4.00000000 155.00000000
944.00000000 294.00000000 5.00000000 137.00000000
