514.00000000 392.00000000 0.00000000 269.00000000
388.00000000 372.00000000 1.00000000 247.00000000
684.00000000 378.00000000 2.00000000 235.00000000
626.00000000 294.00000000 1.00000000 226.00000000
684.00000000 379.00000000 2.00000000 224.00000000
690.00000000 508.00000000 1.00000000 222.00000000
196.00000000 301.00000000 1.00000000 221.00000000
688.00000000 486.00000000 1.00000000 219.00000000
196.00000000 333.00000000 1.00000000 213.00000000
535.00000000 180.00000000 0.00000000 212.00000000
416.00000000 617.00000000 0.00000000 211.00000000
479.00000000 64.00000000 0.00000000 210.00000000
688.00000000 486.00000000 1.00000000 210.00000000
514.00000000 392.00000000 1.00000000 208.00000000
690.00000000 507.00000000 0.00000000 208.00000000
485.00000000 529.00000000 0.00000000 207.00000000
536.00000000 180.00000000 1.00000000 206.00000000
615.00000000 325.00000000 1.00000000 206.00000000
388.00000000 371.00000000 1.00000000 205.00000000
489.00000000 786.00000000 0.00000000 201.00000000
423.00000000 506.00000000 0.00000000 200.00000000
216.00000000 374.00000000 0.00000000 197.00000000
584.00000000 20.00000000 1.00000000 196.00000000
553.00000000 479.00000000 0.00000000 195.00000000
615.00000000 324.00000000 0.00000000 195.00000000
688.00000000 485.00000000 0.00000000 195.00000000
590.00000000 812.00000000 1.00000000 194.00000000
480.00000000 64.00000000 1.00000000 194.00000000
384.00000000 633.00000000 0.00000000 194.00000000
584.00000000 21.00000000 1.00000000 193.00000000
452.00000000 241.00000000 0.00000000 193.00000000
626.00000000 295.00000000 1.00000000 191.00000000
240.00000000 345.00000000 0.00000000 191.00000000
196.00000000 332.00000000 1.00000000 190.00000000
384.00000000 634.00000000 1.00000000 189.00000000
198.00000000 122.00000000 2.00000000 189.00000000
486.00000000 488.00000000 1.00000000 188.00000000
197.00000000 121.00000000 1.00000000 188.00000000
501.00000000 266.00000000 1.00000000 188.00000000
177.00000000 628.00000000 1.00000000 186.00000000
505.00000000 660.00000000 1.00000000 185.00000000
193.00000000 201.00000000 0.00000000 185.00000000
692.00000000 552.00000000 1.00000000 185.00000000
537.00000000 482.00000000 1.00000000 184.00000000
670.00000000 96.00000000 2.00000000 183.00000000
477.00000000 521.00000000 0.00000000 183.00000000
470.00000000 253.00000000 0.00000000 181.00000000
688.00000000 488.00000000 2.00000000 181.00000000
481.00000000 510.00000000 0.00000000 181.00000000
468.00000000 555.00000000 1.00000000 181.00000000
485.00000000 487.00000000 0.00000000 180.00000000
480.00000000 29.00000000 0.00000000 180.00000000
684.00000000 380.00000000 4.00000000 179.00000000
688.00000000 472.00000000 0.00000000 178.00000000
483.00000000 331.00000000 1.00000000 178.00000000
176.00000000 629.00000000 1.00000000 178.00000000
502.00000000 280.00000000 0.00000000 176.00000000
333.00000000 382.00000000 0.00000000 176.00000000
672.00000000 96.00000000 2.00000000 176.00000000
305.00000000 268.00000000 1.00000000 176.00000000
517.00000000 280.00000000 0.00000000 175.00000000
553.00000000 479.00000000 1.00000000 172.00000000
566.00000000 230.00000000 2.00000000 172.00000000
357.00000000 374.00000000 0.00000000 172.00000000
387.00000000 330.00000000 0.00000000 171.00000000
408.00000000 686.00000000 0.00000000 171.00000000
615.00000000 325.00000000 1.00000000 171.00000000
519.00000000 360.00000000 0.00000000 170.00000000
482.00000000 330.00000000 0.00000000 170.00000000
231.00000000 428.00000000 0.00000000 169.00000000
537.00000000 482.00000000 1.00000000 169.00000000
388.00000000 586.00000000 0.00000000 168.00000000
626.00000000 293.00000000 0.00000000 168.00000000
502.00000000 421.00000000 0.00000000 168.00000000
496.00000000 707.00000000 1.00000000 168.00000000
389.00000000 371.00000000 0.00000000 167.00000000
188.00000000 193.00000000 0.00000000 166.00000000
194.00000000 201.00000000 1.00000000 166.00000000
516.00000000 381.00000000 0.00000000 165.00000000
692.00000000 552.00000000 0.00000000 165.00000000
454.00000000 458.00000000 0.00000000 165.00000000
620.00000000 571.00000000 1.00000000 165.00000000
473.00000000 381.00000000 1.00000000 164.00000000
511.00000000 261.00000000 0.00000000 164.00000000
506.00000000 411.00000000 0.00000000 164.00000000
140.00000000 166.00000000 1.00000000 163.00000000
499.00000000 465.00000000 0.00000000 162.00000000
589.00000000 44.00000000 0.00000000 162.00000000
256.00000000 27.00000000 0.00000000 160.00000000
241.00000000 345.00000000 1.00000000 160.00000000
199.00000000 123.00000000 1.00000000 160.00000000
690.00000000 509.00000000 1.00000000 159.00000000
173.00000000 391.00000000 1.00000000 159.00000000
468.00000000 554.00000000 1.00000000 157.00000000
384.00000000 634.00000000 1.00000000 157.00000000
468.00000000 555.00000000 0.00000000 157.00000000
426.00000000 349.00000000 1.00000000 156.00000000
528.00000000 753.00000000 0.00000000 155.00000000
546.00000000 466.00000000 1.00000000 155.00000000
684.00000000 380.00000000 1.00000000 155.00000000
196.00000000 301.00000000 0.00000000 154.00000000
185.00000000 303.00000000 1.00000000 154.00000000
183.00000000 294.00000000 0.00000000 154.00000000
490.00000000 464.00000000 0.00000000 152.00000000
196.00000000 300.00000000 2.00000000 152.00000000
596.00000000 302.00000000 1.00000000 151.00000000
444.00000000 243.00000000 0.00000000 151.00000000
589.00000000 811.00000000 0.00000000 150.00000000
511.00000000 403.00000000 0.00000000 149.00000000
176.00000000 392.00000000 2.00000000 148.00000000
545.00000000 465.00000000 0.00000000 148.00000000
259.00000000 487.00000000 0.00000000 148.00000000
480.00000000 15.00000000 0.00000000 147.00000000
500.00000000 266.00000000 0.00000000 146.00000000
584.00000000 19.00000000 0.00000000 146.00000000
480.00000000 74.00000000 0.00000000 145.00000000
480.00000000 103.00000000 0.00000000 145.00000000
505.00000000 659.00000000 0.00000000 145.00000000
460.00000000 236.00000000 0.00000000 144.00000000
557.00000000 488.00000000 0.00000000 144.00000000
684.00000000 383.00000000 0.00000000 142.00000000
176.00000000 627.00000000 0.00000000 142.00000000
672.00000000 96.00000000 4.00000000 137.00000000
523.00000000 692.00000000 2.00000000 137.00000000
687.00000000 489.00000000 2.00000000 130.00000000
690.00000000 672.00000000 2.00000000 128.00000000
684.00000000 379.00000000 5.00000000 114.00000000
