705.00000000 44.00000000 1.00000000 384.00000000
705.00000000 43.00000000 0.00000000 343.00000000
318.00000000 43.00000000 0.00000000 304.00000000
590.00000000 105.00000000 0.00000000 298.00000000
819.00000000 479.00000000 1.00000000 295.00000000
238.00000000 306.00000000 1.00000000 294.00000000
705.00000000 43.00000000 1.00000000 293.00000000
557.00000000 255.00000000 0.00000000 289.00000000
752.00000000 309.00000000 1.00000000 288.00000000
234.00000000 207.00000000 0.00000000 288.00000000
481.00000000 377.00000000 1.00000000 284.00000000
632.00000000 294.00000000 0.00000000 276.00000000
514.00000000 605.00000000 0.00000000 274.00000000
548.00000000 258.00000000 0.00000000 273.00000000
740.00000000 336.00000000 1.00000000 271.00000000
318.00000000 43.00000000 1.00000000 269.00000000
237.00000000 305.00000000 1.00000000 266.00000000
707.00000000 65.00000000 1.00000000 265.00000000
625.00000000 277.00000000 0.00000000 263.00000000
814.00000000 384.00000000 2.00000000 260.00000000
588.00000000 50.00000000 0.00000000 259.00000000
243.00000000 131.00000000 1.00000000 258.00000000
480.00000000 377.00000000 1.00000000 256.00000000
241.00000000 130.00000000 1.00000000 256.00000000
234.00000000 208.00000000 1.00000000 252.00000000
566.00000000 253.00000000 0.00000000 251.00000000
149.00000000 304.00000000 1.00000000 250.00000000
707.00000000 64.00000000 1.00000000 249.00000000
751.00000000 308.00000000 0.00000000 249.00000000
740.00000000 335.00000000 0.00000000 243.00000000
626.00000000 277.00000000 1.00000000 243.00000000
601.00000000 758.00000000 0.00000000 240.00000000
627.00000000 395.00000000 0.00000000 239.00000000
482.00000000 376.00000000 0.00000000 237.00000000
263.00000000 377.00000000 0.00000000 237.00000000
752.00000000 309.00000000 1.00000000 236.00000000
630.00000000 386.00000000 0.00000000 233.00000000
588.00000000 44.00000000 0.00000000 233.00000000
149.00000000 303.00000000 0.00000000 233.00000000
592.00000000 159.00000000 1.00000000 233.00000000
818.00000000 479.00000000 1.00000000 231.00000000
589.00000000 15.00000000 1.00000000 231.00000000
504.00000000 671.00000000 0.00000000 230.00000000
585.00000000 514.00000000 0.00000000 229.00000000
237.00000000 337.00000000 1.00000000 228.00000000
209.00000000 335.00000000 0.00000000 226.00000000
242.00000000 130.00000000 2.00000000 225.00000000
613.00000000 281.00000000 1.00000000 223.00000000
589.00000000 31.00000000 1.00000000 223.00000000
675.00000000 19.00000000 0.00000000 221.00000000
122.00000000 357.00000000 0.00000000 221.00000000
612.00000000 281.00000000 0.00000000 217.00000000
814.00000000 384.00000000 2.00000000 216.00000000
821.00000000 498.00000000 1.00000000 215.00000000
558.00000000 457.00000000 0.00000000 215.00000000
627.00000000 396.00000000 1.00000000 215.00000000
590.00000000 106.00000000 1.00000000 213.00000000
634.00000000 366.00000000 0.00000000 213.00000000
237.00000000 336.00000000 1.00000000 212.00000000
238.00000000 304.00000000 2.00000000 211.00000000
147.00000000 304.00000000 1.00000000 211.00000000
739.00000000 335.00000000 1.00000000 210.00000000
243.00000000 131.00000000 0.00000000 210.00000000
577.00000000 268.00000000 0.00000000 210.00000000
574.00000000 504.00000000 0.00000000 209.00000000
800.00000000 134.00000000 2.00000000 209.00000000
319.00000000 487.00000000 0.00000000 208.00000000
800.00000000 132.00000000 2.00000000 208.00000000
813.00000000 384.00000000 1.00000000 207.00000000
645.00000000 725.00000000 0.00000000 207.00000000
316.00000000 43.00000000 1.00000000 207.00000000
653.00000000 204.00000000 1.00000000 206.00000000
481.00000000 577.00000000 0.00000000 205.00000000
205.00000000 394.00000000 1.00000000 205.00000000
588.00000000 95.00000000 1.00000000 205.00000000
589.00000000 222.00000000 0.00000000 204.00000000
476.00000000 622.00000000 0.00000000 203.00000000
751.00000000 294.00000000 0.00000000 203.00000000
800.00000000 138.00000000 1.00000000 202.00000000
820.00000000 480.00000000 2.00000000 202.00000000
263.00000000 378.00000000 1.00000000 202.00000000
392.00000000 681.00000000 0.00000000 202.00000000
677.00000000 321.00000000 1.00000000 201.00000000
818.00000000 478.00000000 0.00000000 201.00000000
589.00000000 63.00000000 1.00000000 201.00000000
653.00000000 204.00000000 0.00000000 200.00000000
672.00000000 474.00000000 0.00000000 200.00000000
595.00000000 484.00000000 1.00000000 200.00000000
476.00000000 623.00000000 1.00000000 199.00000000
713.00000000 774.00000000 1.00000000 198.00000000
443.00000000 379.00000000 0.00000000 198.00000000
574.00000000 251.00000000 0.00000000 197.00000000
714.00000000 774.00000000 1.00000000 197.00000000
205.00000000 320.00000000 0.00000000 196.00000000
820.00000000 497.00000000 0.00000000 196.00000000
653.00000000 478.00000000 1.00000000 195.00000000
589.00000000 15.00000000 0.00000000 195.00000000
155.00000000 615.00000000 1.00000000 194.00000000
585.00000000 515.00000000 1.00000000 194.00000000
713.00000000 87.00000000 1.00000000 193.00000000
206.00000000 396.00000000 2.00000000 193.00000000
163.00000000 169.00000000 1.00000000 192.00000000
813.00000000 388.00000000 0.00000000 192.00000000
580.00000000 216.00000000 0.00000000 190.00000000
436.00000000 381.00000000 0.00000000 189.00000000
482.00000000 639.00000000 0.00000000 189.00000000
588.00000000 537.00000000 0.00000000 187.00000000
587.00000000 96.00000000 0.00000000 187.00000000
618.00000000 259.00000000 0.00000000 186.00000000
581.00000000 385.00000000 0.00000000 186.00000000
702.00000000 774.00000000 0.00000000 184.00000000
663.00000000 463.00000000 0.00000000 184.00000000
238.00000000 306.00000000 0.00000000 184.00000000
205.00000000 309.00000000 0.00000000 182.00000000
748.00000000 555.00000000 0.00000000 181.00000000
268.00000000 318.00000000 0.00000000 180.00000000
669.00000000 347.00000000 0.00000000 180.00000000
589.00000000 504.00000000 0.00000000 179.00000000
479.00000000 337.00000000 0.00000000 179.00000000
226.00000000 200.00000000 0.00000000 179.00000000
210.00000000 630.00000000 2.00000000 177.00000000
816.00000000 384.00000000 4.00000000 170.00000000
732.00000000 514.00000000 2.00000000 165.00000000
240.00000000 127.00000000 2.00000000 155.00000000
800.00000000 132.00000000 4.00000000 145.00000000
209.00000000 395.00000000 2.00000000 140.00000000
814.00000000 384.00000000 5.00000000 110.00000000
