1020.00000000 60.00000000 4.00000000 518.00000000
1018.00000000 59.00000000 2.00000000 487.00000000
1018.00000000 56.00000000 2.00000000 481.00000000
1018.00000000 55.00000000 1.00000000 426.00000000
1017.00000000 55.00000000 1.00000000 414.00000000
436.00000000 261.00000000 1.00000000 408.00000000
599.00000000 82.00000000 1.00000000 393.00000000
274.00000000 135.00000000 0.00000000 388.00000000
432.00000000 177.00000000 0.00000000 375.00000000
237.00000000 253.00000000 1.00000000 371.00000000
436.00000000 260.00000000 0.00000000 370.00000000
600.00000000 82.00000000 0.00000000 364.00000000
456.00000000 304.00000000 2.00000000 362.00000000
86.00000000 553.00000000 1.00000000 360.00000000
237.00000000 253.00000000 1.00000000 359.00000000
598.00000000 82.00000000 1.00000000 357.00000000
156.00000000 652.00000000 0.00000000 351.00000000
455.00000000 305.00000000 2.00000000 351.00000000
436.00000000 150.00000000 0.00000000 350.00000000
381.00000000 116.00000000 0.00000000 347.00000000
86.00000000 553.00000000 0.00000000 346.00000000
236.00000000 302.00000000 2.00000000 345.00000000
1017.00000000 54.00000000 0.00000000 336.00000000
456.00000000 307.00000000 0.00000000 330.00000000
525.00000000 391.00000000 0.00000000 325.00000000
280.00000000 671.00000000 0.00000000 323.00000000
377.00000000 176.00000000 0.00000000 319.00000000
118.00000000 381.00000000 1.00000000 318.00000000
463.00000000 355.00000000 1.00000000 315.00000000
174.00000000 679.00000000 1.00000000 313.00000000
528.00000000 89.00000000 0.00000000 312.00000000
237.00000000 252.00000000 0.00000000 311.00000000
451.00000000 561.00000000 0.00000000 305.00000000
525.00000000 392.00000000 1.00000000 305.00000000
280.00000000 671.00000000 1.00000000 305.00000000
158.00000000 665.00000000 1.00000000 303.00000000
598.00000000 82.00000000 2.00000000 299.00000000
521.00000000 65.00000000 0.00000000 297.00000000
275.00000000 136.00000000 1.00000000 297.00000000
173.00000000 679.00000000 0.00000000 295.00000000
372.00000000 617.00000000 1.00000000 295.00000000
444.00000000 564.00000000 0.00000000 294.00000000
158.00000000 663.00000000 0.00000000 292.00000000
784.00000000 438.00000000 1.00000000 292.00000000
465.00000000 569.00000000 0.00000000 291.00000000
282.00000000 348.00000000 1.00000000 291.00000000
472.00000000 110.00000000 1.00000000 290.00000000
156.00000000 653.00000000 1.00000000 289.00000000
442.00000000 292.00000000 1.00000000 287.00000000
528.00000000 91.00000000 1.00000000 285.00000000
418.00000000 617.00000000 0.00000000 283.00000000
359.00000000 637.00000000 0.00000000 281.00000000
490.00000000 544.00000000 0.00000000 281.00000000
437.00000000 151.00000000 1.00000000 281.00000000
444.00000000 190.00000000 1.00000000 281.00000000
295.00000000 318.00000000 0.00000000 279.00000000
936.00000000 263.00000000 0.00000000 279.00000000
210.00000000 547.00000000 1.00000000 278.00000000
416.00000000 155.00000000 1.00000000 278.00000000
531.00000000 76.00000000 1.00000000 277.00000000
472.00000000 108.00000000 2.00000000 276.00000000
349.00000000 625.00000000 0.00000000 276.00000000
499.00000000 398.00000000 1.00000000 275.00000000
408.00000000 388.00000000 0.00000000 274.00000000
407.00000000 805.00000000 1.00000000 273.00000000
784.00000000 649.00000000 0.00000000 272.00000000
222.00000000 410.00000000 1.00000000 272.00000000
986.00000000 471.00000000 1.00000000 271.00000000
784.00000000 437.00000000 0.00000000 270.00000000
260.00000000 250.00000000 1.00000000 270.00000000
381.00000000 285.00000000 2.00000000 269.00000000
443.00000000 189.00000000 0.00000000 268.00000000
277.00000000 287.00000000 1.00000000 265.00000000
118.00000000 525.00000000 1.00000000 265.00000000
457.00000000 308.00000000 1.00000000 264.00000000
210.00000000 546.00000000 0.00000000 264.00000000
377.00000000 366.00000000 1.00000000 263.00000000
346.00000000 812.00000000 1.00000000 263.00000000
432.00000000 491.00000000 0.00000000 263.00000000
277.00000000 286.00000000 0.00000000 263.00000000
415.00000000 154.00000000 0.00000000 263.00000000
375.00000000 808.00000000 1.00000000 262.00000000
376.00000000 366.00000000 0.00000000 261.00000000
869.00000000 303.00000000 0.00000000 261.00000000
236.00000000 254.00000000 2.00000000 261.00000000
591.00000000 223.00000000 0.00000000 261.00000000
432.00000000 177.00000000 1.00000000 260.00000000
449.00000000 552.00000000 0.00000000 260.00000000
528.00000000 729.00000000 0.00000000 260.00000000
532.00000000 502.00000000 0.00000000 257.00000000
469.00000000 371.00000000 1.00000000 256.00000000
234.00000000 302.00000000 2.00000000 256.00000000
625.00000000 98.00000000 0.00000000 256.00000000
236.00000000 302.00000000 1.00000000 255.00000000
346.00000000 811.00000000 0.00000000 255.00000000
424.00000000 772.00000000 0.00000000 253.00000000
439.00000000 594.00000000 0.00000000 252.00000000
120.00000000 382.00000000 2.00000000 252.00000000
427.00000000 207.00000000 0.00000000 250.00000000
442.00000000 291.00000000 0.00000000 249.00000000
257.00000000 304.00000000 0.00000000 249.00000000
987.00000000 470.00000000 1.00000000 248.00000000
463.00000000 354.00000000 1.00000000 247.00000000
409.00000000 595.00000000 0.00000000 246.00000000
472.00000000 100.00000000 4.00000000 245.00000000
455.00000000 305.00000000 1.00000000 245.00000000
449.00000000 201.00000000 0.00000000 243.00000000
79.00000000 474.00000000 0.00000000 242.00000000
592.00000000 523.00000000 0.00000000 239.00000000
272.00000000 499.00000000 0.00000000 237.00000000
991.00000000 523.00000000 0.00000000 236.00000000
106.00000000 484.00000000 0.00000000 236.00000000
745.00000000 103.00000000 0.00000000 236.00000000
214.00000000 578.00000000 0.00000000 236.00000000
528.00000000 750.00000000 0.00000000 235.00000000
734.00000000 122.00000000 0.00000000 235.00000000
936.00000000 275.00000000 0.00000000 234.00000000
435.00000000 261.00000000 1.00000000 234.00000000
327.00000000 784.00000000 0.00000000 234.00000000
361.00000000 89.00000000 0.00000000 233.00000000
500.00000000 237.00000000 0.00000000 233.00000000
488.00000000 152.00000000 0.00000000 233.00000000
222.00000000 410.00000000 2.00000000 231.00000000
499.00000000 397.00000000 1.00000000 229.00000000
373.00000000 616.00000000 1.00000000 229.00000000
383.00000000 292.00000000 1.00000000 224.00000000
469.00000000 96.00000000 5.00000000 222.00000000
