371.00000000 281.00000000 1.00000000 485.00000000
371.00000000 193.00000000 0.00000000 453.00000000
694.00000000 420.00000000 0.00000000 438.00000000
1098.00000000 219.00000000 0.00000000 432.00000000
207.00000000 171.00000000 0.00000000 430.00000000
864.00000000 707.00000000 0.00000000 430.00000000
376.00000000 164.00000000 0.00000000 425.00000000
931.00000000 364.00000000 0.00000000 423.00000000
468.00000000 418.00000000 0.00000000 423.00000000
391.00000000 330.00000000 0.00000000 417.00000000
371.00000000 280.00000000 0.00000000 416.00000000
167.00000000 291.00000000 1.00000000 414.00000000
318.00000000 136.00000000 0.00000000 410.00000000
166.00000000 292.00000000 1.00000000 407.00000000
485.00000000 80.00000000 0.00000000 405.00000000
756.00000000 466.00000000 0.00000000 399.00000000
79.00000000 680.00000000 0.00000000 398.00000000
383.00000000 204.00000000 1.00000000 388.00000000
575.00000000 58.00000000 1.00000000 386.00000000
1098.00000000 220.00000000 1.00000000 381.00000000
447.00000000 249.00000000 0.00000000 380.00000000
471.00000000 544.00000000 0.00000000 378.00000000
942.00000000 363.00000000 0.00000000 376.00000000
468.00000000 419.00000000 1.00000000 375.00000000
166.00000000 290.00000000 0.00000000 370.00000000
459.00000000 804.00000000 0.00000000 369.00000000
497.00000000 391.00000000 0.00000000 368.00000000
162.00000000 340.00000000 2.00000000 366.00000000
919.00000000 364.00000000 0.00000000 365.00000000
25.00000000 582.00000000 0.00000000 363.00000000
666.00000000 433.00000000 0.00000000 360.00000000
80.00000000 692.00000000 0.00000000 357.00000000
367.00000000 610.00000000 0.00000000 357.00000000
383.00000000 203.00000000 0.00000000 356.00000000
953.00000000 364.00000000 0.00000000 356.00000000
371.00000000 193.00000000 1.00000000 353.00000000
1012.00000000 398.00000000 0.00000000 351.00000000
376.00000000 607.00000000 0.00000000 351.00000000
391.00000000 616.00000000 0.00000000 350.00000000
376.00000000 164.00000000 1.00000000 350.00000000
969.00000000 181.00000000 0.00000000 348.00000000
574.00000000 57.00000000 1.00000000 347.00000000
485.00000000 82.00000000 1.00000000 344.00000000
387.00000000 328.00000000 2.00000000 342.00000000
695.00000000 628.00000000 0.00000000 340.00000000
800.00000000 692.00000000 0.00000000 339.00000000
927.00000000 557.00000000 0.00000000 337.00000000
311.00000000 199.00000000 0.00000000 335.00000000
133.00000000 581.00000000 0.00000000 335.00000000
417.00000000 114.00000000 1.00000000 333.00000000
25.00000000 582.00000000 1.00000000 331.00000000
334.00000000 420.00000000 0.00000000 330.00000000
391.00000000 330.00000000 1.00000000 328.00000000
849.00000000 775.00000000 0.00000000 328.00000000
190.00000000 710.00000000 0.00000000 328.00000000
370.00000000 281.00000000 1.00000000 328.00000000
190.00000000 710.00000000 1.00000000 326.00000000
263.00000000 668.00000000 0.00000000 325.00000000
360.00000000 643.00000000 0.00000000 323.00000000
626.00000000 592.00000000 0.00000000 323.00000000
352.00000000 171.00000000 0.00000000 322.00000000
685.00000000 335.00000000 0.00000000 321.00000000
618.00000000 540.00000000 0.00000000 321.00000000
326.00000000 662.00000000 0.00000000 319.00000000
336.00000000 666.00000000 0.00000000 317.00000000
207.00000000 172.00000000 1.00000000 317.00000000
607.00000000 70.00000000 0.00000000 316.00000000
388.00000000 328.00000000 2.00000000 316.00000000
572.00000000 58.00000000 2.00000000 316.00000000
316.00000000 684.00000000 0.00000000 315.00000000
388.00000000 215.00000000 0.00000000 315.00000000
434.00000000 156.00000000 0.00000000 312.00000000
57.00000000 422.00000000 1.00000000 311.00000000
571.00000000 59.00000000 2.00000000 311.00000000
313.00000000 256.00000000 0.00000000 310.00000000
272.00000000 682.00000000 0.00000000 310.00000000
575.00000000 57.00000000 0.00000000 310.00000000
1013.00000000 398.00000000 1.00000000 309.00000000
353.00000000 171.00000000 1.00000000 309.00000000
1099.00000000 237.00000000 1.00000000 307.00000000
389.00000000 216.00000000 1.00000000 306.00000000
964.00000000 366.00000000 0.00000000 306.00000000
782.00000000 35.00000000 0.00000000 304.00000000
133.00000000 581.00000000 1.00000000 304.00000000
641.00000000 600.00000000 0.00000000 304.00000000
53.00000000 555.00000000 0.00000000 302.00000000
203.00000000 321.00000000 0.00000000 302.00000000
459.00000000 828.00000000 0.00000000 302.00000000
740.00000000 276.00000000 0.00000000 302.00000000
826.00000000 466.00000000 0.00000000 302.00000000
970.00000000 181.00000000 1.00000000 302.00000000
268.00000000 54.00000000 1.00000000 301.00000000
607.00000000 300.00000000 0.00000000 301.00000000
397.00000000 381.00000000 1.00000000 300.00000000
490.00000000 65.00000000 1.00000000 299.00000000
427.00000000 583.00000000 0.00000000 295.00000000
224.00000000 41.00000000 1.00000000 294.00000000
468.00000000 420.00000000 1.00000000 293.00000000
974.00000000 285.00000000 1.00000000 292.00000000
826.00000000 467.00000000 1.00000000 290.00000000
418.00000000 114.00000000 2.00000000 289.00000000
263.00000000 669.00000000 1.00000000 288.00000000
397.00000000 381.00000000 1.00000000 285.00000000
376.00000000 314.00000000 1.00000000 285.00000000
318.00000000 136.00000000 1.00000000 283.00000000
943.00000000 364.00000000 1.00000000 282.00000000
757.00000000 466.00000000 1.00000000 282.00000000
932.00000000 364.00000000 1.00000000 282.00000000
147.00000000 446.00000000 1.00000000 281.00000000
288.00000000 661.00000000 1.00000000 281.00000000
164.00000000 292.00000000 2.00000000 281.00000000
329.00000000 641.00000000 1.00000000 280.00000000
412.00000000 101.00000000 5.00000000 278.00000000
825.00000000 468.00000000 1.00000000 274.00000000
415.00000000 110.00000000 2.00000000 274.00000000
436.00000000 427.00000000 1.00000000 273.00000000
383.00000000 205.00000000 1.00000000 273.00000000
416.00000000 108.00000000 4.00000000 269.00000000
975.00000000 285.00000000 1.00000000 266.00000000
308.00000000 313.00000000 2.00000000 256.00000000
224.00000000 41.00000000 1.00000000 253.00000000
396.00000000 232.00000000 2.00000000 252.00000000
162.00000000 340.00000000 1.00000000 251.00000000
818.00000000 745.00000000 1.00000000 249.00000000
364.00000000 76.00000000 4.00000000 235.00000000
58.00000000 424.00000000 2.00000000 232.00000000
146.00000000 446.00000000 2.00000000 228.00000000
