989.00000000 98.00000000 2.00000000 546.00000000
992.00000000 100.00000000 4.00000000 512.00000000
990.00000000 98.00000000 2.00000000 508.00000000
995.00000000 101.00000000 5.00000000 482.00000000
989.00000000 97.00000000 1.00000000 463.00000000
989.00000000 96.00000000 1.00000000 402.00000000
415.00000000 124.00000000 0.00000000 356.00000000
688.00000000 91.00000000 1.00000000 350.00000000
383.00000000 254.00000000 1.00000000 343.00000000
433.00000000 712.00000000 0.00000000 337.00000000
576.00000000 316.00000000 2.00000000 336.00000000
989.00000000 96.00000000 0.00000000 321.00000000
242.00000000 595.00000000 1.00000000 320.00000000
550.00000000 644.00000000 0.00000000 311.00000000
687.00000000 90.00000000 1.00000000 301.00000000
558.00000000 268.00000000 1.00000000 300.00000000
558.00000000 267.00000000 0.00000000 296.00000000
433.00000000 712.00000000 1.00000000 296.00000000
363.00000000 580.00000000 1.00000000 292.00000000
562.00000000 193.00000000 0.00000000 290.00000000
242.00000000 595.00000000 0.00000000 284.00000000
511.00000000 379.00000000 0.00000000 282.00000000
384.00000000 306.00000000 2.00000000 282.00000000
634.00000000 405.00000000 0.00000000 282.00000000
363.00000000 580.00000000 0.00000000 280.00000000
509.00000000 418.00000000 2.00000000 278.00000000
557.00000000 151.00000000 0.00000000 277.00000000
383.00000000 253.00000000 1.00000000 276.00000000
688.00000000 91.00000000 0.00000000 276.00000000
525.00000000 341.00000000 1.00000000 275.00000000
509.00000000 111.00000000 0.00000000 273.00000000
578.00000000 318.00000000 0.00000000 270.00000000
563.00000000 193.00000000 1.00000000 269.00000000
576.00000000 316.00000000 2.00000000 269.00000000
511.00000000 647.00000000 1.00000000 268.00000000
382.00000000 254.00000000 2.00000000 266.00000000
929.00000000 395.00000000 1.00000000 263.00000000
575.00000000 575.00000000 0.00000000 263.00000000
510.00000000 418.00000000 2.00000000 263.00000000
272.00000000 397.00000000 1.00000000 263.00000000
427.00000000 360.00000000 1.00000000 262.00000000
415.00000000 125.00000000 1.00000000 261.00000000
314.00000000 702.00000000 0.00000000 257.00000000
614.00000000 413.00000000 1.00000000 257.00000000
272.00000000 398.00000000 2.00000000 255.00000000
524.00000000 340.00000000 1.00000000 255.00000000
381.00000000 308.00000000 2.00000000 255.00000000
566.00000000 302.00000000 1.00000000 255.00000000
584.00000000 369.00000000 1.00000000 254.00000000
568.00000000 619.00000000 0.00000000 253.00000000
576.00000000 316.00000000 1.00000000 252.00000000
491.00000000 656.00000000 0.00000000 252.00000000
404.00000000 250.00000000 1.00000000 250.00000000
553.00000000 179.00000000 0.00000000 248.00000000
334.00000000 731.00000000 1.00000000 248.00000000
421.00000000 292.00000000 1.00000000 247.00000000
830.00000000 450.00000000 0.00000000 247.00000000
420.00000000 292.00000000 0.00000000 244.00000000
533.00000000 671.00000000 0.00000000 244.00000000
589.00000000 386.00000000 1.00000000 244.00000000
493.00000000 663.00000000 0.00000000 243.00000000
511.00000000 647.00000000 0.00000000 242.00000000
635.00000000 406.00000000 1.00000000 240.00000000
690.00000000 540.00000000 0.00000000 240.00000000
586.00000000 110.00000000 1.00000000 239.00000000
512.00000000 420.00000000 4.00000000 239.00000000
473.00000000 679.00000000 0.00000000 239.00000000
589.00000000 591.00000000 0.00000000 237.00000000
589.00000000 386.00000000 1.00000000 235.00000000
511.00000000 379.00000000 1.00000000 234.00000000
608.00000000 564.00000000 0.00000000 233.00000000
437.00000000 326.00000000 0.00000000 230.00000000
578.00000000 584.00000000 0.00000000 228.00000000
517.00000000 318.00000000 1.00000000 228.00000000
542.00000000 622.00000000 0.00000000 223.00000000
686.00000000 92.00000000 2.00000000 223.00000000
501.00000000 669.00000000 0.00000000 223.00000000
565.00000000 301.00000000 0.00000000 222.00000000
545.00000000 651.00000000 0.00000000 221.00000000
613.00000000 412.00000000 0.00000000 221.00000000
913.00000000 363.00000000 1.00000000 219.00000000
635.00000000 531.00000000 0.00000000 219.00000000
438.00000000 326.00000000 1.00000000 219.00000000
420.00000000 525.00000000 0.00000000 218.00000000
234.00000000 504.00000000 0.00000000 217.00000000
632.00000000 93.00000000 0.00000000 216.00000000
761.00000000 714.00000000 0.00000000 215.00000000
557.00000000 152.00000000 1.00000000 214.00000000
537.00000000 403.00000000 0.00000000 213.00000000
372.00000000 426.00000000 1.00000000 212.00000000
965.00000000 478.00000000 1.00000000 211.00000000
386.00000000 398.00000000 2.00000000 211.00000000
383.00000000 253.00000000 0.00000000 209.00000000
241.00000000 595.00000000 1.00000000 209.00000000
371.00000000 427.00000000 1.00000000 208.00000000
562.00000000 192.00000000 1.00000000 208.00000000
965.00000000 478.00000000 1.00000000 207.00000000
625.00000000 347.00000000 0.00000000 207.00000000
550.00000000 211.00000000 0.00000000 207.00000000
584.00000000 369.00000000 1.00000000 206.00000000
560.00000000 511.00000000 0.00000000 206.00000000
913.00000000 363.00000000 1.00000000 206.00000000
493.00000000 825.00000000 1.00000000 205.00000000
782.00000000 449.00000000 0.00000000 203.00000000
288.00000000 570.00000000 0.00000000 203.00000000
583.00000000 367.00000000 0.00000000 203.00000000
555.00000000 637.00000000 0.00000000 203.00000000
434.00000000 711.00000000 1.00000000 203.00000000
274.00000000 560.00000000 1.00000000 202.00000000
929.00000000 395.00000000 0.00000000 201.00000000
524.00000000 340.00000000 0.00000000 200.00000000
535.00000000 681.00000000 0.00000000 199.00000000
330.00000000 716.00000000 1.00000000 198.00000000
431.00000000 608.00000000 0.00000000 198.00000000
642.00000000 477.00000000 0.00000000 197.00000000
625.00000000 67.00000000 0.00000000 197.00000000
540.00000000 155.00000000 1.00000000 196.00000000
560.00000000 806.00000000 0.00000000 195.00000000
642.00000000 752.00000000 0.00000000 194.00000000
333.00000000 731.00000000 0.00000000 194.00000000
643.00000000 520.00000000 0.00000000 193.00000000
830.00000000 450.00000000 1.00000000 193.00000000
403.00000000 311.00000000 0.00000000 191.00000000
539.00000000 154.00000000 0.00000000 191.00000000
537.00000000 664.00000000 0.00000000 190.00000000
314.00000000 667.00000000 0.00000000 189.00000000
431.00000000 148.00000000 0.00000000 188.00000000
