364.00000000 390.00000000 0.00000000 774.00000000
296.00000000 260.00000000 0.00000000 754.00000000
626.00000000 176.00000000 1.00000000 704.00000000
626.00000000 175.00000000 0.00000000 653.00000000
324.00000000 480.00000000 4.00000000 646.00000000
475.00000000 313.00000000 0.00000000 638.00000000
476.00000000 172.00000000 1.00000000 615.00000000
325.00000000 478.00000000 2.00000000 610.00000000
361.00000000 344.00000000 0.00000000 602.00000000
422.00000000 315.00000000 1.00000000 567.00000000
361.00000000 344.00000000 1.00000000 549.00000000
409.00000000 386.00000000 1.00000000 533.00000000
358.00000000 354.00000000 0.00000000 529.00000000
409.00000000 386.00000000 0.00000000 517.00000000
322.00000000 480.00000000 5.00000000 508.00000000
476.00000000 172.00000000 1.00000000 500.00000000
327.00000000 477.00000000 1.00000000 496.00000000
326.00000000 478.00000000 2.00000000 496.00000000
111.00000000 515.00000000 0.00000000 493.00000000
326.00000000 476.00000000 1.00000000 490.00000000
521.00000000 181.00000000 1.00000000 483.00000000
342.00000000 302.00000000 1.00000000 481.00000000
358.00000000 356.00000000 1.00000000 478.00000000
124.00000000 497.00000000 1.00000000 477.00000000
203.00000000 515.00000000 0.00000000 475.00000000
125.00000000 497.00000000 0.00000000 475.00000000
625.00000000 176.00000000 1.00000000 465.00000000
424.00000000 316.00000000 1.00000000 460.00000000
415.00000000 526.00000000 0.00000000 444.00000000
553.00000000 258.00000000 0.00000000 444.00000000
410.00000000 431.00000000 0.00000000 441.00000000
328.00000000 477.00000000 0.00000000 437.00000000
342.00000000 460.00000000 1.00000000 429.00000000
659.00000000 135.00000000 0.00000000 427.00000000
365.00000000 390.00000000 1.00000000 427.00000000
396.00000000 357.00000000 1.00000000 426.00000000
342.00000000 302.00000000 0.00000000 423.00000000
493.00000000 333.00000000 0.00000000 419.00000000
408.00000000 386.00000000 1.00000000 417.00000000
424.00000000 240.00000000 1.00000000 402.00000000
424.00000000 316.00000000 2.00000000 396.00000000
522.00000000 180.00000000 1.00000000 387.00000000
321.00000000 485.00000000 0.00000000 385.00000000
421.00000000 313.00000000 2.00000000 384.00000000
344.00000000 342.00000000 0.00000000 383.00000000
620.00000000 140.00000000 0.00000000 381.00000000
359.00000000 356.00000000 1.00000000 377.00000000
659.00000000 135.00000000 1.00000000 377.00000000
342.00000000 460.00000000 0.00000000 375.00000000
112.00000000 515.00000000 1.00000000 374.00000000
321.00000000 284.00000000 0.00000000 374.00000000
342.00000000 459.00000000 1.00000000 367.00000000
476.00000000 313.00000000 1.00000000 367.00000000
425.00000000 240.00000000 0.00000000 363.00000000
476.00000000 171.00000000 0.00000000 361.00000000
541.00000000 365.00000000 1.00000000 358.00000000
317.00000000 504.00000000 0.00000000 353.00000000
124.00000000 496.00000000 1.00000000 352.00000000
396.00000000 357.00000000 0.00000000 351.00000000
522.00000000 182.00000000 2.00000000 349.00000000
499.00000000 490.00000000 0.00000000 346.00000000
618.00000000 282.00000000 0.00000000 346.00000000
316.00000000 494.00000000 0.00000000 344.00000000
470.00000000 388.00000000 1.00000000 344.00000000
501.00000000 366.00000000 1.00000000 341.00000000
347.00000000 364.00000000 0.00000000 340.00000000
660.00000000 136.00000000 2.00000000 340.00000000
613.00000000 311.00000000 0.00000000 340.00000000
354.00000000 436.00000000 1.00000000 336.00000000
432.00000000 364.00000000 2.00000000 336.00000000
454.00000000 188.00000000 1.00000000 335.00000000
553.00000000 258.00000000 1.00000000 335.00000000
559.00000000 371.00000000 0.00000000 330.00000000
177.00000000 656.00000000 1.00000000 329.00000000
132.00000000 130.00000000 1.00000000 325.00000000
154.00000000 466.00000000 0.00000000 325.00000000
263.00000000 468.00000000 0.00000000 325.00000000
412.00000000 251.00000000 1.00000000 324.00000000
659.00000000 135.00000000 1.00000000 322.00000000
547.00000000 380.00000000 1.00000000 320.00000000
558.00000000 414.00000000 1.00000000 316.00000000
154.00000000 467.00000000 1.00000000 314.00000000
460.00000000 522.00000000 0.00000000 313.00000000
255.00000000 471.00000000 0.00000000 312.00000000
614.00000000 312.00000000 1.00000000 312.00000000
407.00000000 103.00000000 0.00000000 310.00000000
643.00000000 154.00000000 0.00000000 308.00000000
366.00000000 409.00000000 0.00000000 307.00000000
321.00000000 285.00000000 1.00000000 306.00000000
557.00000000 414.00000000 0.00000000 305.00000000
115.00000000 591.00000000 0.00000000 304.00000000
396.00000000 445.00000000 1.00000000 303.00000000
410.00000000 431.00000000 1.00000000 303.00000000
130.00000000 667.00000000 0.00000000 302.00000000
424.00000000 316.00000000 0.00000000 301.00000000
470.00000000 388.00000000 0.00000000 300.00000000
540.00000000 363.00000000 1.00000000 298.00000000
547.00000000 380.00000000 1.00000000 297.00000000
394.00000000 579.00000000 0.00000000 295.00000000
563.00000000 270.00000000 0.00000000 293.00000000
362.00000000 343.00000000 1.00000000 292.00000000
453.00000000 188.00000000 1.00000000 292.00000000
332.00000000 316.00000000 4.00000000 287.00000000
111.00000000 598.00000000 0.00000000 287.00000000
426.00000000 518.00000000 0.00000000 285.00000000
394.00000000 430.00000000 0.00000000 285.00000000
351.00000000 393.00000000 0.00000000 283.00000000
469.00000000 387.00000000 1.00000000 283.00000000
610.00000000 326.00000000 0.00000000 281.00000000
476.00000000 174.00000000 2.00000000 281.00000000
446.00000000 223.00000000 2.00000000 280.00000000
668.00000000 164.00000000 0.00000000 280.00000000
354.00000000 436.00000000 0.00000000 279.00000000
540.00000000 364.00000000 0.00000000 277.00000000
252.00000000 463.00000000 0.00000000 277.00000000
465.00000000 502.00000000 0.00000000 277.00000000
155.00000000 625.00000000 0.00000000 276.00000000
123.00000000 659.00000000 0.00000000 276.00000000
499.00000000 476.00000000 0.00000000 275.00000000
261.00000000 537.00000000 0.00000000 272.00000000
546.00000000 382.00000000 2.00000000 268.00000000
178.00000000 553.00000000 0.00000000 265.00000000
515.00000000 315.00000000 0.00000000 264.00000000
241.00000000 621.00000000 0.00000000 263.00000000
257.00000000 454.00000000 0.00000000 261.00000000
415.00000000 282.00000000 2.00000000 257.00000000
618.00000000 96.00000000 2.00000000 256.00000000
