414.00000000 330.00000000 1.00000000 773.00000000
435.00000000 448.00000000 0.00000000 702.00000000
412.00000000 329.00000000 1.00000000 672.00000000
436.00000000 449.00000000 1.00000000 663.00000000
392.00000000 374.00000000 0.00000000 644.00000000
434.00000000 468.00000000 2.00000000 616.00000000
330.00000000 570.00000000 0.00000000 613.00000000
432.00000000 469.00000000 2.00000000 605.00000000
405.00000000 207.00000000 0.00000000 591.00000000
434.00000000 465.00000000 1.00000000 588.00000000
414.00000000 329.00000000 0.00000000 575.00000000
405.00000000 208.00000000 1.00000000 566.00000000
331.00000000 571.00000000 1.00000000 542.00000000
376.00000000 300.00000000 0.00000000 534.00000000
438.00000000 375.00000000 0.00000000 523.00000000
434.00000000 464.00000000 1.00000000 520.00000000
432.00000000 476.00000000 4.00000000 505.00000000
392.00000000 374.00000000 1.00000000 498.00000000
434.00000000 463.00000000 0.00000000 494.00000000
441.00000000 353.00000000 1.00000000 490.00000000
417.00000000 364.00000000 0.00000000 486.00000000
430.00000000 430.00000000 1.00000000 485.00000000
377.00000000 226.00000000 1.00000000 482.00000000
393.00000000 393.00000000 0.00000000 476.00000000
430.00000000 429.00000000 0.00000000 472.00000000
473.00000000 347.00000000 0.00000000 467.00000000
412.00000000 330.00000000 2.00000000 453.00000000
362.00000000 360.00000000 0.00000000 449.00000000
395.00000000 381.00000000 0.00000000 444.00000000
429.00000000 429.00000000 1.00000000 417.00000000
378.00000000 285.00000000 0.00000000 414.00000000
441.00000000 353.00000000 1.00000000 412.00000000
461.00000000 306.00000000 0.00000000 409.00000000
534.00000000 323.00000000 0.00000000 409.00000000
451.00000000 407.00000000 0.00000000 406.00000000
443.00000000 424.00000000 1.00000000 402.00000000
438.00000000 376.00000000 1.00000000 399.00000000
405.00000000 209.00000000 1.00000000 399.00000000
461.00000000 156.00000000 0.00000000 396.00000000
568.00000000 285.00000000 1.00000000 383.00000000
440.00000000 354.00000000 2.00000000 370.00000000
463.00000000 381.00000000 0.00000000 369.00000000
513.00000000 425.00000000 0.00000000 363.00000000
567.00000000 285.00000000 0.00000000 361.00000000
378.00000000 226.00000000 0.00000000 349.00000000
443.00000000 424.00000000 0.00000000 347.00000000
433.00000000 410.00000000 1.00000000 346.00000000
568.00000000 284.00000000 1.00000000 344.00000000
473.00000000 348.00000000 1.00000000 344.00000000
432.00000000 410.00000000 1.00000000 343.00000000
381.00000000 271.00000000 2.00000000 343.00000000
441.00000000 484.00000000 0.00000000 336.00000000
441.00000000 352.00000000 0.00000000 334.00000000
392.00000000 394.00000000 1.00000000 333.00000000
435.00000000 449.00000000 1.00000000 330.00000000
425.00000000 527.00000000 0.00000000 329.00000000
416.00000000 642.00000000 0.00000000 328.00000000
362.00000000 379.00000000 2.00000000 325.00000000
454.00000000 522.00000000 2.00000000 324.00000000
396.00000000 478.00000000 0.00000000 320.00000000
360.00000000 380.00000000 4.00000000 318.00000000
458.00000000 416.00000000 1.00000000 317.00000000
517.00000000 238.00000000 0.00000000 317.00000000
415.00000000 631.00000000 0.00000000 313.00000000
477.00000000 439.00000000 0.00000000 309.00000000
444.00000000 224.00000000 0.00000000 309.00000000
441.00000000 303.00000000 0.00000000 308.00000000
568.00000000 284.00000000 2.00000000 308.00000000
384.00000000 270.00000000 2.00000000 306.00000000
418.00000000 575.00000000 1.00000000 302.00000000
460.00000000 157.00000000 1.00000000 302.00000000
458.00000000 415.00000000 0.00000000 300.00000000
434.00000000 473.00000000 0.00000000 298.00000000
166.00000000 361.00000000 1.00000000 295.00000000
376.00000000 300.00000000 1.00000000 294.00000000
425.00000000 528.00000000 1.00000000 294.00000000
463.00000000 382.00000000 1.00000000 294.00000000
533.00000000 99.00000000 0.00000000 293.00000000
442.00000000 424.00000000 1.00000000 292.00000000
420.00000000 591.00000000 0.00000000 291.00000000
339.00000000 614.00000000 0.00000000 290.00000000
451.00000000 407.00000000 1.00000000 288.00000000
460.00000000 400.00000000 0.00000000 288.00000000
428.00000000 430.00000000 2.00000000 286.00000000
330.00000000 571.00000000 1.00000000 285.00000000
532.00000000 329.00000000 0.00000000 282.00000000
383.00000000 544.00000000 0.00000000 281.00000000
480.00000000 321.00000000 0.00000000 281.00000000
445.00000000 224.00000000 1.00000000 280.00000000
437.00000000 381.00000000 0.00000000 279.00000000
435.00000000 475.00000000 5.00000000 278.00000000
463.00000000 381.00000000 1.00000000 278.00000000
471.00000000 357.00000000 0.00000000 276.00000000
514.00000000 415.00000000 0.00000000 273.00000000
528.00000000 404.00000000 0.00000000 273.00000000
434.00000000 410.00000000 0.00000000 272.00000000
502.00000000 301.00000000 0.00000000 271.00000000
519.00000000 319.00000000 0.00000000 271.00000000
357.00000000 560.00000000 0.00000000 269.00000000
400.00000000 295.00000000 0.00000000 265.00000000
420.00000000 574.00000000 1.00000000 263.00000000
387.00000000 577.00000000 0.00000000 262.00000000
523.00000000 458.00000000 0.00000000 260.00000000
418.00000000 365.00000000 1.00000000 258.00000000
431.00000000 542.00000000 0.00000000 257.00000000
519.00000000 319.00000000 1.00000000 257.00000000
420.00000000 572.00000000 0.00000000 253.00000000
565.00000000 285.00000000 2.00000000 253.00000000
471.00000000 357.00000000 1.00000000 252.00000000
516.00000000 494.00000000 0.00000000 252.00000000
456.00000000 511.00000000 0.00000000 251.00000000
516.00000000 186.00000000 2.00000000 250.00000000
521.00000000 487.00000000 0.00000000 250.00000000
377.00000000 226.00000000 1.00000000 247.00000000
492.00000000 335.00000000 1.00000000 247.00000000
362.00000000 361.00000000 1.00000000 246.00000000
424.00000000 527.00000000 1.00000000 246.00000000
419.00000000 120.00000000 1.00000000 245.00000000
397.00000000 580.00000000 0.00000000 245.00000000
438.00000000 377.00000000 1.00000000 245.00000000
534.00000000 323.00000000 1.00000000 244.00000000
466.00000000 620.00000000 1.00000000 243.00000000
483.00000000 151.00000000 1.00000000 242.00000000
466.00000000 618.00000000 0.00000000 240.00000000
339.00000000 603.00000000 0.00000000 237.00000000
166.00000000 360.00000000 0.00000000 237.00000000
393.00000000 403.00000000 0.00000000 236.00000000
