366.00000000 311.00000000 0.00000000 931.00000000
354.00000000 352.00000000 0.00000000 914.00000000
366.00000000 311.00000000 1.00000000 840.00000000
516.00000000 326.00000000 0.00000000 743.00000000
356.00000000 506.00000000 1.00000000 662.00000000
347.00000000 374.00000000 0.00000000 659.00000000
629.00000000 307.00000000 0.00000000 634.00000000
763.00000000 216.00000000 1.00000000 625.00000000
589.00000000 173.00000000 1.00000000 619.00000000
355.00000000 353.00000000 1.00000000 611.00000000
516.00000000 327.00000000 1.00000000 606.00000000
405.00000000 371.00000000 1.00000000 601.00000000
51.00000000 621.00000000 0.00000000 597.00000000
428.00000000 298.00000000 1.00000000 593.00000000
428.00000000 296.00000000 1.00000000 593.00000000
751.00000000 256.00000000 1.00000000 593.00000000
376.00000000 301.00000000 1.00000000 586.00000000
527.00000000 430.00000000 0.00000000 576.00000000
428.00000000 295.00000000 0.00000000 564.00000000
763.00000000 216.00000000 1.00000000 560.00000000
698.00000000 219.00000000 1.00000000 554.00000000
377.00000000 244.00000000 1.00000000 554.00000000
356.00000000 505.00000000 0.00000000 546.00000000
590.00000000 174.00000000 1.00000000 542.00000000
115.00000000 403.00000000 0.00000000 540.00000000
523.00000000 358.00000000 0.00000000 535.00000000
762.00000000 215.00000000 0.00000000 534.00000000
375.00000000 301.00000000 0.00000000 533.00000000
356.00000000 289.00000000 0.00000000 532.00000000
698.00000000 218.00000000 1.00000000 525.00000000
268.00000000 424.00000000 4.00000000 517.00000000
430.00000000 300.00000000 2.00000000 517.00000000
454.00000000 286.00000000 2.00000000 516.00000000
697.00000000 217.00000000 0.00000000 513.00000000
302.00000000 316.00000000 1.00000000 511.00000000
353.00000000 552.00000000 0.00000000 510.00000000
450.00000000 532.00000000 0.00000000 507.00000000
751.00000000 256.00000000 0.00000000 497.00000000
455.00000000 284.00000000 1.00000000 489.00000000
364.00000000 215.00000000 0.00000000 484.00000000
577.00000000 434.00000000 1.00000000 482.00000000
407.00000000 527.00000000 0.00000000 482.00000000
348.00000000 375.00000000 1.00000000 480.00000000
366.00000000 311.00000000 1.00000000 479.00000000
505.00000000 272.00000000 1.00000000 474.00000000
302.00000000 316.00000000 1.00000000 472.00000000
354.00000000 506.00000000 1.00000000 469.00000000
559.00000000 179.00000000 1.00000000 466.00000000
439.00000000 519.00000000 0.00000000 462.00000000
352.00000000 383.00000000 0.00000000 462.00000000
454.00000000 284.00000000 1.00000000 461.00000000
685.00000000 368.00000000 0.00000000 461.00000000
538.00000000 211.00000000 0.00000000 460.00000000
576.00000000 434.00000000 0.00000000 458.00000000
405.00000000 371.00000000 0.00000000 457.00000000
437.00000000 531.00000000 0.00000000 457.00000000
558.00000000 179.00000000 1.00000000 456.00000000
405.00000000 370.00000000 1.00000000 455.00000000
302.00000000 315.00000000 0.00000000 452.00000000
505.00000000 271.00000000 0.00000000 451.00000000
406.00000000 273.00000000 0.00000000 445.00000000
590.00000000 173.00000000 0.00000000 444.00000000
204.00000000 383.00000000 0.00000000 443.00000000
265.00000000 424.00000000 5.00000000 442.00000000
245.00000000 451.00000000 1.00000000 441.00000000
700.00000000 222.00000000 2.00000000 440.00000000
261.00000000 471.00000000 0.00000000 436.00000000
672.00000000 349.00000000 0.00000000 434.00000000
376.00000000 242.00000000 0.00000000 429.00000000
629.00000000 308.00000000 1.00000000 424.00000000
750.00000000 255.00000000 1.00000000 423.00000000
683.00000000 316.00000000 1.00000000 422.00000000
590.00000000 174.00000000 2.00000000 422.00000000
672.00000000 350.00000000 1.00000000 419.00000000
636.00000000 205.00000000 1.00000000 416.00000000
633.00000000 477.00000000 1.00000000 415.00000000
513.00000000 313.00000000 1.00000000 412.00000000
94.00000000 427.00000000 0.00000000 412.00000000
457.00000000 516.00000000 0.00000000 412.00000000
340.00000000 347.00000000 0.00000000 410.00000000
458.00000000 302.00000000 1.00000000 407.00000000
85.00000000 358.00000000 0.00000000 407.00000000
56.00000000 576.00000000 2.00000000 405.00000000
259.00000000 370.00000000 0.00000000 403.00000000
248.00000000 441.00000000 0.00000000 402.00000000
458.00000000 291.00000000 2.00000000 401.00000000
270.00000000 427.00000000 1.00000000 401.00000000
460.00000000 296.00000000 4.00000000 401.00000000
633.00000000 327.00000000 1.00000000 399.00000000
439.00000000 538.00000000 0.00000000 398.00000000
382.00000000 421.00000000 0.00000000 395.00000000
415.00000000 432.00000000 0.00000000 392.00000000
736.00000000 308.00000000 2.00000000 392.00000000
621.00000000 271.00000000 0.00000000 391.00000000
268.00000000 421.00000000 2.00000000 391.00000000
261.00000000 471.00000000 1.00000000 387.00000000
377.00000000 244.00000000 1.00000000 387.00000000
506.00000000 272.00000000 1.00000000 385.00000000
454.00000000 282.00000000 0.00000000 384.00000000
558.00000000 180.00000000 2.00000000 384.00000000
559.00000000 179.00000000 0.00000000 384.00000000
506.00000000 276.00000000 2.00000000 383.00000000
683.00000000 316.00000000 1.00000000 381.00000000
437.00000000 327.00000000 0.00000000 381.00000000
701.00000000 223.00000000 2.00000000 380.00000000
632.00000000 477.00000000 0.00000000 379.00000000
558.00000000 438.00000000 2.00000000 378.00000000
18.00000000 354.00000000 0.00000000 378.00000000
546.00000000 524.00000000 1.00000000 378.00000000
294.00000000 417.00000000 0.00000000 375.00000000
211.00000000 357.00000000 0.00000000 367.00000000
245.00000000 451.00000000 0.00000000 367.00000000
622.00000000 293.00000000 0.00000000 367.00000000
524.00000000 358.00000000 1.00000000 367.00000000
551.00000000 65.00000000 1.00000000 366.00000000
267.00000000 388.00000000 0.00000000 366.00000000
151.00000000 397.00000000 0.00000000 366.00000000
116.00000000 403.00000000 1.00000000 365.00000000
767.00000000 327.00000000 0.00000000 364.00000000
633.00000000 325.00000000 0.00000000 362.00000000
437.00000000 417.00000000 0.00000000 361.00000000
15.00000000 541.00000000 1.00000000 359.00000000
340.00000000 526.00000000 0.00000000 358.00000000
635.00000000 338.00000000 0.00000000 351.00000000
664.00000000 316.00000000 0.00000000 351.00000000
366.00000000 412.00000000 0.00000000 350.00000000
809.00000000 229.00000000 0.00000000 347.00000000
