358.00000000 396.00000000 1.00000000 881.00000000
357.00000000 395.00000000 1.00000000 779.00000000
569.00000000 380.00000000 1.00000000 753.00000000
358.00000000 395.00000000 0.00000000 722.00000000
568.00000000 380.00000000 1.00000000 704.00000000
389.00000000 241.00000000 1.00000000 697.00000000
439.00000000 316.00000000 1.00000000 696.00000000
569.00000000 465.00000000 1.00000000 659.00000000
458.00000000 266.00000000 0.00000000 654.00000000
642.00000000 567.00000000 1.00000000 648.00000000
438.00000000 315.00000000 1.00000000 639.00000000
570.00000000 465.00000000 1.00000000 633.00000000
642.00000000 567.00000000 1.00000000 621.00000000
412.00000000 281.00000000 0.00000000 620.00000000
569.00000000 379.00000000 0.00000000 619.00000000
640.00000000 568.00000000 2.00000000 611.00000000
439.00000000 316.00000000 0.00000000 595.00000000
455.00000000 328.00000000 1.00000000 592.00000000
244.00000000 76.00000000 2.00000000 591.00000000
356.00000000 398.00000000 2.00000000 564.00000000
642.00000000 567.00000000 0.00000000 550.00000000
246.00000000 76.00000000 1.00000000 545.00000000
247.00000000 77.00000000 1.00000000 536.00000000
395.00000000 452.00000000 0.00000000 535.00000000
454.00000000 330.00000000 2.00000000 530.00000000
373.00000000 414.00000000 0.00000000 530.00000000
243.00000000 76.00000000 2.00000000 530.00000000
388.00000000 241.00000000 1.00000000 526.00000000
570.00000000 466.00000000 2.00000000 522.00000000
459.00000000 267.00000000 1.00000000 519.00000000
570.00000000 465.00000000 0.00000000 498.00000000
389.00000000 241.00000000 0.00000000 489.00000000
504.00000000 484.00000000 1.00000000 458.00000000
642.00000000 571.00000000 2.00000000 456.00000000
436.00000000 316.00000000 4.00000000 444.00000000
366.00000000 288.00000000 1.00000000 444.00000000
356.00000000 401.00000000 2.00000000 440.00000000
247.00000000 77.00000000 0.00000000 435.00000000
244.00000000 76.00000000 4.00000000 431.00000000
438.00000000 316.00000000 2.00000000 427.00000000
366.00000000 287.00000000 1.00000000 424.00000000
608.00000000 91.00000000 1.00000000 424.00000000
607.00000000 91.00000000 1.00000000 404.00000000
479.00000000 358.00000000 1.00000000 403.00000000
524.00000000 514.00000000 2.00000000 385.00000000
478.00000000 357.00000000 1.00000000 383.00000000
373.00000000 414.00000000 1.00000000 378.00000000
526.00000000 513.00000000 1.00000000 375.00000000
571.00000000 466.00000000 2.00000000 374.00000000
456.00000000 329.00000000 1.00000000 374.00000000
395.00000000 453.00000000 1.00000000 372.00000000
216.00000000 28.00000000 1.00000000 368.00000000
388.00000000 244.00000000 2.00000000 367.00000000
592.00000000 505.00000000 1.00000000 358.00000000
412.00000000 281.00000000 1.00000000 355.00000000
503.00000000 485.00000000 1.00000000 345.00000000
317.00000000 306.00000000 0.00000000 339.00000000
560.00000000 582.00000000 5.00000000 338.00000000
482.00000000 456.00000000 1.00000000 333.00000000
455.00000000 375.00000000 0.00000000 333.00000000
366.00000000 287.00000000 0.00000000 332.00000000
538.00000000 427.00000000 0.00000000 326.00000000
412.00000000 312.00000000 0.00000000 323.00000000
479.00000000 488.00000000 0.00000000 321.00000000
455.00000000 376.00000000 1.00000000 315.00000000
539.00000000 428.00000000 1.00000000 314.00000000
161.00000000 156.00000000 0.00000000 310.00000000
592.00000000 504.00000000 1.00000000 310.00000000
255.00000000 345.00000000 0.00000000 308.00000000
207.00000000 142.00000000 0.00000000 304.00000000
456.00000000 329.00000000 0.00000000 303.00000000
480.00000000 455.00000000 1.00000000 302.00000000
317.00000000 306.00000000 1.00000000 300.00000000
236.00000000 64.00000000 1.00000000 298.00000000
479.00000000 358.00000000 0.00000000 296.00000000
608.00000000 507.00000000 0.00000000 295.00000000
293.00000000 168.00000000 0.00000000 292.00000000
482.00000000 456.00000000 0.00000000 287.00000000
298.00000000 115.00000000 0.00000000 283.00000000
287.00000000 243.00000000 0.00000000 283.00000000
592.00000000 505.00000000 0.00000000 281.00000000
497.00000000 453.00000000 0.00000000 281.00000000
412.00000000 313.00000000 1.00000000 281.00000000
260.00000000 234.00000000 0.00000000 281.00000000
104.00000000 118.00000000 0.00000000 276.00000000
385.00000000 500.00000000 0.00000000 273.00000000
563.00000000 510.00000000 0.00000000 273.00000000
404.00000000 403.00000000 0.00000000 269.00000000
527.00000000 514.00000000 1.00000000 267.00000000
236.00000000 62.00000000 0.00000000 265.00000000
403.00000000 402.00000000 1.00000000 264.00000000
562.00000000 420.00000000 1.00000000 261.00000000
504.00000000 436.00000000 0.00000000 258.00000000
432.00000000 343.00000000 0.00000000 257.00000000
479.00000000 488.00000000 1.00000000 254.00000000
552.00000000 531.00000000 1.00000000 251.00000000
348.00000000 348.00000000 0.00000000 250.00000000
380.00000000 275.00000000 0.00000000 250.00000000
608.00000000 508.00000000 1.00000000 248.00000000
385.00000000 500.00000000 1.00000000 246.00000000
626.00000000 485.00000000 0.00000000 245.00000000
221.00000000 169.00000000 1.00000000 243.00000000
525.00000000 440.00000000 0.00000000 239.00000000
217.00000000 26.00000000 1.00000000 239.00000000
504.00000000 483.00000000 0.00000000 238.00000000
281.00000000 71.00000000 0.00000000 238.00000000
447.00000000 381.00000000 0.00000000 234.00000000
273.00000000 109.00000000 0.00000000 232.00000000
564.00000000 605.00000000 0.00000000 231.00000000
598.00000000 98.00000000 0.00000000 231.00000000
260.00000000 205.00000000 0.00000000 222.00000000
625.00000000 325.00000000 0.00000000 221.00000000
177.00000000 209.00000000 0.00000000 219.00000000
448.00000000 296.00000000 0.00000000 219.00000000
120.00000000 171.00000000 0.00000000 215.00000000
521.00000000 542.00000000 0.00000000 214.00000000
449.00000000 515.00000000 0.00000000 212.00000000
99.00000000 576.00000000 0.00000000 211.00000000
79.00000000 85.00000000 0.00000000 210.00000000
220.00000000 168.00000000 0.00000000 209.00000000
245.00000000 191.00000000 0.00000000 209.00000000
469.00000000 258.00000000 0.00000000 207.00000000
292.00000000 394.00000000 0.00000000 207.00000000
347.00000000 573.00000000 0.00000000 204.00000000
514.00000000 432.00000000 0.00000000 203.00000000
442.00000000 288.00000000 0.00000000 202.00000000
225.00000000 135.00000000 0.00000000 201.00000000
