318.00000000 336.00000000 0.00000000 934.00000000
318.00000000 337.00000000 1.00000000 865.00000000
342.00000000 294.00000000 0.00000000 801.00000000
342.00000000 294.00000000 1.00000000 789.00000000
414.00000000 295.00000000 1.00000000 738.00000000
414.00000000 298.00000000 2.00000000 726.00000000
414.00000000 295.00000000 1.00000000 706.00000000
502.00000000 351.00000000 0.00000000 700.00000000
412.00000000 302.00000000 2.00000000 679.00000000
270.00000000 282.00000000 1.00000000 676.00000000
804.00000000 297.00000000 1.00000000 674.00000000
485.00000000 469.00000000 0.00000000 669.00000000
804.00000000 296.00000000 1.00000000 665.00000000
632.00000000 362.00000000 0.00000000 661.00000000
304.00000000 359.00000000 0.00000000 653.00000000
414.00000000 294.00000000 0.00000000 649.00000000
270.00000000 282.00000000 1.00000000 648.00000000
502.00000000 352.00000000 1.00000000 642.00000000
446.00000000 294.00000000 2.00000000 635.00000000
270.00000000 282.00000000 0.00000000 613.00000000
446.00000000 290.00000000 2.00000000 604.00000000
732.00000000 284.00000000 1.00000000 604.00000000
318.00000000 336.00000000 1.00000000 604.00000000
371.00000000 221.00000000 0.00000000 602.00000000
359.00000000 563.00000000 0.00000000 591.00000000
395.00000000 264.00000000 0.00000000 590.00000000
779.00000000 421.00000000 0.00000000 572.00000000
732.00000000 286.00000000 2.00000000 567.00000000
269.00000000 556.00000000 0.00000000 561.00000000
667.00000000 418.00000000 0.00000000 558.00000000
340.00000000 268.00000000 0.00000000 558.00000000
446.00000000 288.00000000 1.00000000 557.00000000
371.00000000 222.00000000 1.00000000 557.00000000
445.00000000 288.00000000 1.00000000 556.00000000
804.00000000 296.00000000 0.00000000 550.00000000
342.00000000 294.00000000 1.00000000 548.00000000
355.00000000 286.00000000 1.00000000 547.00000000
368.00000000 370.00000000 1.00000000 542.00000000
780.00000000 338.00000000 1.00000000 537.00000000
372.00000000 559.00000000 0.00000000 525.00000000
505.00000000 289.00000000 1.00000000 519.00000000
118.00000000 255.00000000 0.00000000 518.00000000
619.00000000 465.00000000 0.00000000 508.00000000
667.00000000 419.00000000 1.00000000 508.00000000
631.00000000 383.00000000 0.00000000 506.00000000
448.00000000 300.00000000 4.00000000 506.00000000
631.00000000 362.00000000 1.00000000 505.00000000
732.00000000 283.00000000 1.00000000 502.00000000
354.00000000 286.00000000 0.00000000 502.00000000
276.00000000 506.00000000 1.00000000 498.00000000
502.00000000 388.00000000 0.00000000 497.00000000
780.00000000 337.00000000 0.00000000 483.00000000
304.00000000 360.00000000 1.00000000 483.00000000
625.00000000 204.00000000 1.00000000 479.00000000
804.00000000 298.00000000 2.00000000 476.00000000
340.00000000 268.00000000 1.00000000 475.00000000
367.00000000 370.00000000 1.00000000 470.00000000
485.00000000 427.00000000 0.00000000 470.00000000
624.00000000 202.00000000 2.00000000 468.00000000
371.00000000 223.00000000 1.00000000 468.00000000
361.00000000 441.00000000 0.00000000 468.00000000
270.00000000 284.00000000 2.00000000 468.00000000
412.00000000 304.00000000 4.00000000 467.00000000
625.00000000 203.00000000 1.00000000 467.00000000
504.00000000 289.00000000 1.00000000 467.00000000
505.00000000 288.00000000 0.00000000 467.00000000
732.00000000 288.00000000 2.00000000 462.00000000
731.00000000 282.00000000 0.00000000 459.00000000
632.00000000 320.00000000 0.00000000 452.00000000
368.00000000 369.00000000 0.00000000 448.00000000
631.00000000 384.00000000 1.00000000 441.00000000
302.00000000 557.00000000 0.00000000 439.00000000
667.00000000 420.00000000 1.00000000 439.00000000
19.00000000 270.00000000 0.00000000 437.00000000
668.00000000 381.00000000 0.00000000 436.00000000
588.00000000 200.00000000 2.00000000 430.00000000
41.00000000 328.00000000 0.00000000 430.00000000
301.00000000 321.00000000 0.00000000 429.00000000
688.00000000 386.00000000 1.00000000 427.00000000
589.00000000 200.00000000 1.00000000 425.00000000
184.00000000 442.00000000 1.00000000 423.00000000
526.00000000 458.00000000 2.00000000 421.00000000
361.00000000 441.00000000 1.00000000 418.00000000
310.00000000 370.00000000 1.00000000 415.00000000
590.00000000 202.00000000 1.00000000 414.00000000
309.00000000 369.00000000 0.00000000 414.00000000
260.00000000 555.00000000 0.00000000 411.00000000
235.00000000 391.00000000 0.00000000 411.00000000
625.00000000 204.00000000 0.00000000 411.00000000
813.00000000 234.00000000 0.00000000 403.00000000
203.00000000 384.00000000 5.00000000 403.00000000
629.00000000 344.00000000 0.00000000 399.00000000
184.00000000 441.00000000 0.00000000 396.00000000
269.00000000 557.00000000 1.00000000 394.00000000
446.00000000 287.00000000 0.00000000 393.00000000
396.00000000 264.00000000 1.00000000 392.00000000
91.00000000 336.00000000 0.00000000 392.00000000
20.00000000 270.00000000 1.00000000 390.00000000
502.00000000 336.00000000 1.00000000 389.00000000
749.00000000 388.00000000 1.00000000 388.00000000
81.00000000 330.00000000 0.00000000 387.00000000
640.00000000 668.00000000 0.00000000 387.00000000
11.00000000 348.00000000 0.00000000 387.00000000
677.00000000 444.00000000 0.00000000 387.00000000
668.00000000 382.00000000 1.00000000 386.00000000
304.00000000 359.00000000 1.00000000 384.00000000
506.00000000 294.00000000 2.00000000 383.00000000
631.00000000 484.00000000 0.00000000 380.00000000
181.00000000 345.00000000 0.00000000 380.00000000
372.00000000 559.00000000 1.00000000 377.00000000
358.00000000 553.00000000 0.00000000 376.00000000
144.00000000 330.00000000 0.00000000 373.00000000
286.00000000 555.00000000 0.00000000 373.00000000
502.00000000 389.00000000 1.00000000 373.00000000
384.00000000 545.00000000 0.00000000 372.00000000
526.00000000 463.00000000 1.00000000 370.00000000
823.00000000 280.00000000 0.00000000 368.00000000
461.00000000 400.00000000 0.00000000 362.00000000
392.00000000 431.00000000 0.00000000 361.00000000
276.00000000 506.00000000 0.00000000 361.00000000
313.00000000 405.00000000 0.00000000 359.00000000
799.00000000 379.00000000 0.00000000 358.00000000
835.00000000 363.00000000 0.00000000 357.00000000
158.00000000 302.00000000 0.00000000 353.00000000
817.00000000 665.00000000 0.00000000 351.00000000
415.00000000 332.00000000 0.00000000 349.00000000
262.00000000 534.00000000 0.00000000 347.00000000
