420.00000000 324.00000000 1.00000000 800.00000000
420.00000000 323.00000000 0.00000000 742.00000000
420.00000000 325.00000000 1.00000000 686.00000000
436.00000000 323.00000000 1.00000000 663.00000000
436.00000000 323.00000000 1.00000000 627.00000000
91.00000000 339.00000000 0.00000000 622.00000000
516.00000000 295.00000000 0.00000000 614.00000000
830.00000000 379.00000000 0.00000000 614.00000000
636.00000000 353.00000000 0.00000000 607.00000000
636.00000000 354.00000000 1.00000000 587.00000000
360.00000000 309.00000000 0.00000000 547.00000000
554.00000000 336.00000000 0.00000000 537.00000000
554.00000000 337.00000000 1.00000000 533.00000000
436.00000000 322.00000000 0.00000000 514.00000000
501.00000000 293.00000000 1.00000000 506.00000000
373.00000000 345.00000000 1.00000000 505.00000000
420.00000000 326.00000000 2.00000000 502.00000000
373.00000000 344.00000000 0.00000000 498.00000000
831.00000000 380.00000000 1.00000000 494.00000000
636.00000000 354.00000000 1.00000000 479.00000000
91.00000000 339.00000000 1.00000000 469.00000000
461.00000000 326.00000000 0.00000000 453.00000000
214.00000000 294.00000000 0.00000000 453.00000000
178.00000000 284.00000000 0.00000000 451.00000000
460.00000000 327.00000000 1.00000000 439.00000000
361.00000000 310.00000000 1.00000000 437.00000000
407.00000000 290.00000000 0.00000000 435.00000000
208.00000000 378.00000000 2.00000000 433.00000000
392.00000000 318.00000000 0.00000000 423.00000000
556.00000000 382.00000000 1.00000000 411.00000000
530.00000000 318.00000000 0.00000000 411.00000000
214.00000000 295.00000000 1.00000000 409.00000000
209.00000000 379.00000000 1.00000000 407.00000000
584.00000000 345.00000000 0.00000000 399.00000000
501.00000000 293.00000000 0.00000000 396.00000000
418.00000000 402.00000000 1.00000000 394.00000000
636.00000000 356.00000000 2.00000000 393.00000000
456.00000000 408.00000000 0.00000000 392.00000000
554.00000000 337.00000000 1.00000000 392.00000000
480.00000000 440.00000000 0.00000000 391.00000000
460.00000000 397.00000000 1.00000000 389.00000000
37.00000000 270.00000000 1.00000000 387.00000000
555.00000000 381.00000000 0.00000000 386.00000000
463.00000000 411.00000000 0.00000000 386.00000000
461.00000000 328.00000000 1.00000000 382.00000000
516.00000000 296.00000000 1.00000000 382.00000000
178.00000000 285.00000000 1.00000000 381.00000000
506.00000000 372.00000000 0.00000000 374.00000000
39.00000000 330.00000000 1.00000000 371.00000000
531.00000000 376.00000000 0.00000000 362.00000000
417.00000000 400.00000000 0.00000000 361.00000000
67.00000000 335.00000000 0.00000000 358.00000000
330.00000000 348.00000000 2.00000000 357.00000000
457.00000000 345.00000000 0.00000000 356.00000000
521.00000000 390.00000000 0.00000000 353.00000000
11.00000000 309.00000000 0.00000000 351.00000000
373.00000000 345.00000000 1.00000000 350.00000000
436.00000000 326.00000000 2.00000000 347.00000000
399.00000000 351.00000000 0.00000000 341.00000000
330.00000000 347.00000000 2.00000000 341.00000000
37.00000000 270.00000000 0.00000000 341.00000000
347.00000000 404.00000000 0.00000000 333.00000000
210.00000000 381.00000000 0.00000000 331.00000000
480.00000000 441.00000000 1.00000000 331.00000000
705.00000000 415.00000000 0.00000000 330.00000000
362.00000000 319.00000000 2.00000000 329.00000000
460.00000000 396.00000000 0.00000000 328.00000000
206.00000000 379.00000000 2.00000000 321.00000000
39.00000000 330.00000000 0.00000000 318.00000000
530.00000000 319.00000000 1.00000000 315.00000000
709.00000000 429.00000000 0.00000000 315.00000000
455.00000000 408.00000000 1.00000000 313.00000000
210.00000000 380.00000000 1.00000000 311.00000000
400.00000000 135.00000000 0.00000000 306.00000000
235.00000000 326.00000000 0.00000000 303.00000000
330.00000000 347.00000000 1.00000000 302.00000000
400.00000000 305.00000000 0.00000000 300.00000000
691.00000000 415.00000000 0.00000000 294.00000000
457.00000000 346.00000000 1.00000000 292.00000000
584.00000000 346.00000000 1.00000000 289.00000000
555.00000000 381.00000000 1.00000000 288.00000000
342.00000000 351.00000000 0.00000000 288.00000000
55.00000000 330.00000000 0.00000000 287.00000000
362.00000000 318.00000000 2.00000000 284.00000000
364.00000000 324.00000000 4.00000000 282.00000000
210.00000000 373.00000000 0.00000000 282.00000000
444.00000000 383.00000000 0.00000000 280.00000000
362.00000000 312.00000000 1.00000000 275.00000000
36.00000000 270.00000000 1.00000000 274.00000000
178.00000000 285.00000000 1.00000000 274.00000000
213.00000000 296.00000000 1.00000000 273.00000000
418.00000000 325.00000000 2.00000000 269.00000000
479.00000000 442.00000000 1.00000000 269.00000000
603.00000000 395.00000000 1.00000000 269.00000000
400.00000000 306.00000000 1.00000000 268.00000000
66.00000000 335.00000000 1.00000000 262.00000000
571.00000000 361.00000000 0.00000000 262.00000000
564.00000000 398.00000000 0.00000000 261.00000000
434.00000000 329.00000000 0.00000000 260.00000000
603.00000000 395.00000000 0.00000000 260.00000000
727.00000000 458.00000000 0.00000000 259.00000000
328.00000000 348.00000000 4.00000000 258.00000000
331.00000000 350.00000000 1.00000000 258.00000000
622.00000000 486.00000000 0.00000000 255.00000000
532.00000000 377.00000000 1.00000000 254.00000000
691.00000000 415.00000000 1.00000000 252.00000000
460.00000000 328.00000000 2.00000000 251.00000000
509.00000000 357.00000000 0.00000000 250.00000000
305.00000000 357.00000000 0.00000000 250.00000000
309.00000000 295.00000000 0.00000000 249.00000000
399.00000000 351.00000000 1.00000000 249.00000000
374.00000000 317.00000000 0.00000000 247.00000000
401.00000000 135.00000000 1.00000000 244.00000000
500.00000000 292.00000000 1.00000000 242.00000000
480.00000000 444.00000000 2.00000000 242.00000000
384.00000000 312.00000000 0.00000000 240.00000000
459.00000000 397.00000000 1.00000000 240.00000000
522.00000000 332.00000000 0.00000000 234.00000000
576.00000000 378.00000000 0.00000000 224.00000000
293.00000000 418.00000000 0.00000000 224.00000000
461.00000000 271.00000000 0.00000000 221.00000000
317.00000000 311.00000000 0.00000000 220.00000000
708.00000000 422.00000000 0.00000000 220.00000000
330.00000000 351.00000000 0.00000000 219.00000000
601.00000000 325.00000000 0.00000000 218.00000000
398.00000000 314.00000000 0.00000000 217.00000000
203.00000000 373.00000000 5.00000000 154.00000000
