383.00000000 485.00000000 0.00000000 551.00000000
224.00000000 155.00000000 0.00000000 433.00000000
383.00000000 486.00000000 1.00000000 400.00000000
255.00000000 207.00000000 0.00000000 385.00000000
675.00000000 447.00000000 1.00000000 373.00000000
251.00000000 86.00000000 0.00000000 365.00000000
222.00000000 67.00000000 1.00000000 357.00000000
222.00000000 67.00000000 0.00000000 355.00000000
251.00000000 87.00000000 1.00000000 350.00000000
224.00000000 156.00000000 1.00000000 349.00000000
363.00000000 50.00000000 1.00000000 349.00000000
595.00000000 147.00000000 0.00000000 348.00000000
134.00000000 99.00000000 1.00000000 338.00000000
67.00000000 415.00000000 0.00000000 333.00000000
48.00000000 34.00000000 2.00000000 330.00000000
359.00000000 347.00000000 0.00000000 328.00000000
412.00000000 103.00000000 1.00000000 325.00000000
373.00000000 149.00000000 0.00000000 322.00000000
656.00000000 347.00000000 0.00000000 320.00000000
12.00000000 13.00000000 0.00000000 317.00000000
18.00000000 79.00000000 1.00000000 316.00000000
363.00000000 50.00000000 0.00000000 314.00000000
595.00000000 147.00000000 1.00000000 310.00000000
84.00000000 84.00000000 0.00000000 308.00000000
84.00000000 85.00000000 1.00000000 307.00000000
134.00000000 98.00000000 0.00000000 302.00000000
237.00000000 148.00000000 0.00000000 296.00000000
487.00000000 48.00000000 0.00000000 295.00000000
675.00000000 447.00000000 0.00000000 294.00000000
412.00000000 103.00000000 0.00000000 294.00000000
656.00000000 347.00000000 1.00000000 293.00000000
276.00000000 320.00000000 0.00000000 289.00000000
74.00000000 59.00000000 1.00000000 289.00000000
688.00000000 91.00000000 0.00000000 287.00000000
140.00000000 168.00000000 0.00000000 287.00000000
74.00000000 60.00000000 2.00000000 284.00000000
473.00000000 130.00000000 0.00000000 283.00000000
218.00000000 296.00000000 0.00000000 281.00000000
56.00000000 93.00000000 0.00000000 278.00000000
202.00000000 47.00000000 1.00000000 275.00000000
531.00000000 82.00000000 1.00000000 275.00000000
834.00000000 61.00000000 1.00000000 274.00000000
239.00000000 218.00000000 0.00000000 272.00000000
796.00000000 439.00000000 0.00000000 272.00000000
18.00000000 79.00000000 0.00000000 271.00000000
238.00000000 89.00000000 0.00000000 267.00000000
658.00000000 558.00000000 0.00000000 267.00000000
806.00000000 120.00000000 0.00000000 264.00000000
823.00000000 52.00000000 0.00000000 261.00000000
374.00000000 150.00000000 1.00000000 261.00000000
576.00000000 211.00000000 0.00000000 261.00000000
319.00000000 564.00000000 0.00000000 260.00000000
76.00000000 60.00000000 0.00000000 260.00000000
470.00000000 66.00000000 1.00000000 259.00000000
363.00000000 49.00000000 1.00000000 259.00000000
613.00000000 197.00000000 1.00000000 259.00000000
616.00000000 156.00000000 0.00000000 259.00000000
76.00000000 60.00000000 1.00000000 259.00000000
666.00000000 511.00000000 0.00000000 258.00000000
625.00000000 258.00000000 0.00000000 258.00000000
611.00000000 52.00000000 1.00000000 257.00000000
59.00000000 511.00000000 0.00000000 257.00000000
791.00000000 365.00000000 1.00000000 256.00000000
393.00000000 296.00000000 1.00000000 256.00000000
411.00000000 103.00000000 1.00000000 254.00000000
83.00000000 84.00000000 1.00000000 252.00000000
532.00000000 81.00000000 1.00000000 252.00000000
159.00000000 139.00000000 0.00000000 250.00000000
632.00000000 48.00000000 1.00000000 250.00000000
230.00000000 498.00000000 1.00000000 249.00000000
823.00000000 53.00000000 1.00000000 248.00000000
276.00000000 137.00000000 0.00000000 248.00000000
276.00000000 321.00000000 1.00000000 247.00000000
132.00000000 98.00000000 1.00000000 246.00000000
190.00000000 311.00000000 0.00000000 245.00000000
385.00000000 559.00000000 1.00000000 245.00000000
666.00000000 252.00000000 0.00000000 243.00000000
663.00000000 135.00000000 1.00000000 243.00000000
732.00000000 249.00000000 0.00000000 242.00000000
202.00000000 48.00000000 0.00000000 242.00000000
611.00000000 52.00000000 0.00000000 241.00000000
462.00000000 256.00000000 0.00000000 241.00000000
237.00000000 148.00000000 1.00000000 241.00000000
206.00000000 280.00000000 0.00000000 240.00000000
666.00000000 132.00000000 2.00000000 240.00000000
791.00000000 364.00000000 0.00000000 239.00000000
613.00000000 198.00000000 1.00000000 238.00000000
802.00000000 362.00000000 0.00000000 237.00000000
176.00000000 161.00000000 0.00000000 237.00000000
393.00000000 296.00000000 1.00000000 236.00000000
359.00000000 348.00000000 1.00000000 236.00000000
236.00000000 395.00000000 0.00000000 236.00000000
108.00000000 162.00000000 1.00000000 235.00000000
293.00000000 347.00000000 0.00000000 234.00000000
663.00000000 135.00000000 0.00000000 234.00000000
624.00000000 368.00000000 0.00000000 233.00000000
525.00000000 115.00000000 0.00000000 232.00000000
332.00000000 59.00000000 1.00000000 231.00000000
229.00000000 497.00000000 1.00000000 231.00000000
419.00000000 216.00000000 1.00000000 230.00000000
239.00000000 218.00000000 1.00000000 230.00000000
190.00000000 106.00000000 0.00000000 230.00000000
318.00000000 227.00000000 0.00000000 229.00000000
347.00000000 156.00000000 0.00000000 229.00000000
668.00000000 28.00000000 0.00000000 228.00000000
49.00000000 118.00000000 0.00000000 227.00000000
834.00000000 60.00000000 0.00000000 226.00000000
721.00000000 185.00000000 0.00000000 225.00000000
638.00000000 400.00000000 0.00000000 225.00000000
149.00000000 174.00000000 0.00000000 224.00000000
664.00000000 132.00000000 1.00000000 223.00000000
384.00000000 558.00000000 1.00000000 220.00000000
70.00000000 59.00000000 2.00000000 219.00000000
200.00000000 46.00000000 1.00000000 209.00000000
516.00000000 94.00000000 1.00000000 209.00000000
82.00000000 84.00000000 2.00000000 208.00000000
332.00000000 57.00000000 1.00000000 208.00000000
268.00000000 372.00000000 2.00000000 204.00000000
248.00000000 56.00000000 2.00000000 203.00000000
664.00000000 132.00000000 2.00000000 202.00000000
246.00000000 53.00000000 2.00000000 199.00000000
614.00000000 200.00000000 2.00000000 190.00000000
68.00000000 64.00000000 4.00000000 189.00000000
108.00000000 164.00000000 2.00000000 185.00000000
653.00000000 231.00000000 2.00000000 184.00000000
652.00000000 232.00000000 4.00000000 130.00000000
588.00000000 141.00000000 5.00000000 116.00000000
