287.00000000 222.00000000 0.00000000 638.00000000
239.00000000 173.00000000 0.00000000 475.00000000
240.00000000 174.00000000 1.00000000 465.00000000
439.00000000 345.00000000 0.00000000 450.00000000
468.00000000 463.00000000 0.00000000 425.00000000
288.00000000 223.00000000 1.00000000 419.00000000
88.00000000 116.00000000 1.00000000 338.00000000
263.00000000 231.00000000 0.00000000 338.00000000
26.00000000 100.00000000 0.00000000 326.00000000
89.00000000 115.00000000 0.00000000 322.00000000
25.00000000 100.00000000 1.00000000 317.00000000
238.00000000 93.00000000 0.00000000 315.00000000
238.00000000 93.00000000 1.00000000 313.00000000
239.00000000 175.00000000 1.00000000 313.00000000
439.00000000 346.00000000 1.00000000 311.00000000
284.00000000 67.00000000 0.00000000 310.00000000
325.00000000 251.00000000 1.00000000 308.00000000
339.00000000 50.00000000 1.00000000 305.00000000
206.00000000 289.00000000 0.00000000 304.00000000
528.00000000 49.00000000 1.00000000 298.00000000
528.00000000 49.00000000 0.00000000 297.00000000
108.00000000 231.00000000 0.00000000 295.00000000
325.00000000 191.00000000 0.00000000 295.00000000
282.00000000 114.00000000 1.00000000 293.00000000
598.00000000 110.00000000 1.00000000 292.00000000
299.00000000 645.00000000 0.00000000 285.00000000
325.00000000 251.00000000 0.00000000 284.00000000
599.00000000 110.00000000 1.00000000 282.00000000
634.00000000 34.00000000 0.00000000 281.00000000
218.00000000 120.00000000 0.00000000 281.00000000
468.00000000 463.00000000 1.00000000 279.00000000
263.00000000 232.00000000 1.00000000 278.00000000
153.00000000 106.00000000 0.00000000 275.00000000
113.00000000 189.00000000 0.00000000 272.00000000
119.00000000 386.00000000 0.00000000 269.00000000
316.00000000 324.00000000 0.00000000 269.00000000
405.00000000 552.00000000 0.00000000 267.00000000
488.00000000 301.00000000 1.00000000 265.00000000
158.00000000 178.00000000 0.00000000 264.00000000
260.00000000 168.00000000 0.00000000 263.00000000
260.00000000 168.00000000 1.00000000 262.00000000
634.00000000 34.00000000 1.00000000 259.00000000
858.00000000 28.00000000 1.00000000 258.00000000
488.00000000 300.00000000 0.00000000 257.00000000
178.00000000 319.00000000 1.00000000 254.00000000
113.00000000 189.00000000 1.00000000 253.00000000
285.00000000 67.00000000 1.00000000 252.00000000
149.00000000 580.00000000 0.00000000 252.00000000
429.00000000 120.00000000 0.00000000 251.00000000
816.00000000 347.00000000 0.00000000 251.00000000
95.00000000 183.00000000 0.00000000 249.00000000
264.00000000 114.00000000 0.00000000 247.00000000
458.00000000 101.00000000 0.00000000 247.00000000
812.00000000 190.00000000 0.00000000 245.00000000
24.00000000 98.00000000 1.00000000 244.00000000
95.00000000 183.00000000 1.00000000 244.00000000
405.00000000 553.00000000 1.00000000 244.00000000
340.00000000 50.00000000 1.00000000 243.00000000
128.00000000 110.00000000 0.00000000 241.00000000
782.00000000 62.00000000 1.00000000 239.00000000
418.00000000 204.00000000 0.00000000 238.00000000
864.00000000 176.00000000 1.00000000 238.00000000
437.00000000 329.00000000 0.00000000 237.00000000
282.00000000 113.00000000 1.00000000 237.00000000
225.00000000 304.00000000 0.00000000 236.00000000
685.00000000 234.00000000 0.00000000 235.00000000
326.00000000 191.00000000 1.00000000 235.00000000
176.00000000 461.00000000 0.00000000 234.00000000
87.00000000 115.00000000 1.00000000 234.00000000
519.00000000 138.00000000 1.00000000 234.00000000
299.00000000 646.00000000 1.00000000 233.00000000
345.00000000 341.00000000 0.00000000 232.00000000
166.00000000 158.00000000 0.00000000 232.00000000
781.00000000 62.00000000 1.00000000 232.00000000
621.00000000 332.00000000 0.00000000 232.00000000
620.00000000 98.00000000 0.00000000 231.00000000
225.00000000 305.00000000 1.00000000 231.00000000
178.00000000 318.00000000 0.00000000 229.00000000
808.00000000 114.00000000 1.00000000 228.00000000
864.00000000 176.00000000 0.00000000 228.00000000
239.00000000 91.00000000 1.00000000 227.00000000
453.00000000 90.00000000 1.00000000 227.00000000
282.00000000 114.00000000 0.00000000 225.00000000
808.00000000 222.00000000 1.00000000 225.00000000
808.00000000 113.00000000 0.00000000 223.00000000
598.00000000 112.00000000 2.00000000 223.00000000
119.00000000 386.00000000 1.00000000 222.00000000
338.00000000 50.00000000 2.00000000 220.00000000
852.00000000 331.00000000 0.00000000 219.00000000
647.00000000 32.00000000 0.00000000 214.00000000
357.00000000 302.00000000 0.00000000 213.00000000
173.00000000 348.00000000 0.00000000 210.00000000
858.00000000 28.00000000 0.00000000 210.00000000
226.00000000 246.00000000 0.00000000 209.00000000
527.00000000 49.00000000 1.00000000 208.00000000
519.00000000 137.00000000 0.00000000 208.00000000
850.00000000 489.00000000 0.00000000 207.00000000
19.00000000 74.00000000 0.00000000 207.00000000
487.00000000 301.00000000 1.00000000 206.00000000
127.00000000 227.00000000 0.00000000 206.00000000
229.00000000 492.00000000 0.00000000 206.00000000
528.00000000 414.00000000 0.00000000 205.00000000
453.00000000 89.00000000 0.00000000 203.00000000
674.00000000 127.00000000 1.00000000 203.00000000
633.00000000 33.00000000 1.00000000 203.00000000
519.00000000 137.00000000 1.00000000 203.00000000
788.00000000 183.00000000 0.00000000 203.00000000
577.00000000 96.00000000 0.00000000 202.00000000
321.00000000 603.00000000 0.00000000 202.00000000
287.00000000 325.00000000 0.00000000 200.00000000
522.00000000 486.00000000 0.00000000 199.00000000
808.00000000 222.00000000 1.00000000 198.00000000
130.00000000 152.00000000 2.00000000 192.00000000
46.00000000 176.00000000 1.00000000 187.00000000
21.00000000 231.00000000 1.00000000 185.00000000
240.00000000 176.00000000 2.00000000 180.00000000
810.00000000 30.00000000 2.00000000 160.00000000
262.00000000 234.00000000 2.00000000 157.00000000
806.00000000 54.00000000 2.00000000 153.00000000
232.00000000 492.00000000 2.00000000 152.00000000
774.00000000 418.00000000 2.00000000 137.00000000
336.00000000 50.00000000 2.00000000 136.00000000
311.00000000 452.00000000 2.00000000 128.00000000
342.00000000 350.00000000 2.00000000 112.00000000
776.00000000 424.00000000 4.00000000 101.00000000
768.00000000 104.00000000 4.00000000 100.00000000
769.00000000 101.00000000 5.00000000 80.00000000
