301.00000000 178.00000000 0.00000000 665.00000000
245.00000000 130.00000000 1.00000000 496.00000000
245.00000000 130.00000000 0.00000000 478.00000000
301.00000000 179.00000000 1.00000000 456.00000000
473.00000000 298.00000000 0.00000000 430.00000000
506.00000000 412.00000000 0.00000000 394.00000000
244.00000000 130.00000000 1.00000000 373.00000000
90.00000000 190.00000000 0.00000000 362.00000000
65.00000000 71.00000000 1.00000000 354.00000000
344.00000000 206.00000000 1.00000000 352.00000000
345.00000000 206.00000000 0.00000000 341.00000000
647.00000000 66.00000000 1.00000000 336.00000000
272.00000000 188.00000000 0.00000000 333.00000000
473.00000000 298.00000000 1.00000000 332.00000000
65.00000000 71.00000000 0.00000000 322.00000000
142.00000000 61.00000000 0.00000000 321.00000000
207.00000000 247.00000000 0.00000000 318.00000000
345.00000000 147.00000000 0.00000000 313.00000000
241.00000000 48.00000000 0.00000000 307.00000000
528.00000000 252.00000000 0.00000000 295.00000000
273.00000000 188.00000000 1.00000000 293.00000000
95.00000000 146.00000000 0.00000000 292.00000000
242.00000000 48.00000000 1.00000000 290.00000000
295.00000000 21.00000000 0.00000000 290.00000000
230.00000000 203.00000000 0.00000000 289.00000000
95.00000000 147.00000000 1.00000000 287.00000000
648.00000000 66.00000000 1.00000000 284.00000000
624.00000000 53.00000000 0.00000000 282.00000000
159.00000000 114.00000000 0.00000000 280.00000000
472.00000000 282.00000000 0.00000000 280.00000000
345.00000000 147.00000000 1.00000000 278.00000000
528.00000000 253.00000000 1.00000000 274.00000000
295.00000000 22.00000000 1.00000000 273.00000000
174.00000000 278.00000000 1.00000000 273.00000000
173.00000000 421.00000000 0.00000000 270.00000000
317.00000000 601.00000000 1.00000000 270.00000000
272.00000000 70.00000000 0.00000000 269.00000000
268.00000000 124.00000000 1.00000000 262.00000000
852.00000000 21.00000000 1.00000000 261.00000000
104.00000000 347.00000000 0.00000000 260.00000000
436.00000000 503.00000000 0.00000000 259.00000000
367.00000000 296.00000000 0.00000000 257.00000000
342.00000000 557.00000000 0.00000000 256.00000000
73.00000000 141.00000000 1.00000000 251.00000000
648.00000000 68.00000000 2.00000000 249.00000000
113.00000000 66.00000000 1.00000000 243.00000000
333.00000000 280.00000000 0.00000000 242.00000000
403.00000000 346.00000000 0.00000000 239.00000000
462.00000000 76.00000000 0.00000000 238.00000000
206.00000000 247.00000000 1.00000000 238.00000000
624.00000000 53.00000000 1.00000000 238.00000000
851.00000000 20.00000000 1.00000000 236.00000000
740.00000000 185.00000000 0.00000000 235.00000000
672.00000000 280.00000000 0.00000000 235.00000000
168.00000000 307.00000000 0.00000000 235.00000000
506.00000000 413.00000000 1.00000000 235.00000000
631.00000000 218.00000000 1.00000000 232.00000000
316.00000000 600.00000000 0.00000000 229.00000000
65.00000000 70.00000000 1.00000000 229.00000000
437.00000000 503.00000000 1.00000000 227.00000000
472.00000000 282.00000000 1.00000000 227.00000000
197.00000000 53.00000000 0.00000000 225.00000000
566.00000000 432.00000000 0.00000000 224.00000000
449.00000000 159.00000000 0.00000000 220.00000000
243.00000000 448.00000000 1.00000000 220.00000000
461.00000000 31.00000000 1.00000000 219.00000000
381.00000000 257.00000000 0.00000000 219.00000000
230.00000000 203.00000000 1.00000000 219.00000000
244.00000000 132.00000000 2.00000000 218.00000000
31.00000000 77.00000000 0.00000000 217.00000000
104.00000000 347.00000000 1.00000000 217.00000000
73.00000000 140.00000000 0.00000000 217.00000000
113.00000000 65.00000000 0.00000000 217.00000000
268.00000000 124.00000000 0.00000000 217.00000000
241.00000000 48.00000000 1.00000000 217.00000000
174.00000000 277.00000000 0.00000000 215.00000000
561.00000000 93.00000000 1.00000000 214.00000000
527.00000000 253.00000000 1.00000000 213.00000000
293.00000000 70.00000000 1.00000000 213.00000000
113.00000000 185.00000000 0.00000000 213.00000000
272.00000000 70.00000000 1.00000000 211.00000000
243.00000000 449.00000000 0.00000000 210.00000000
219.00000000 76.00000000 1.00000000 210.00000000
482.00000000 17.00000000 1.00000000 210.00000000
272.00000000 188.00000000 1.00000000 207.00000000
94.00000000 147.00000000 1.00000000 207.00000000
229.00000000 202.00000000 1.00000000 205.00000000
379.00000000 158.00000000 0.00000000 205.00000000
572.00000000 362.00000000 0.00000000 205.00000000
148.00000000 135.00000000 0.00000000 205.00000000
142.00000000 543.00000000 0.00000000 204.00000000
151.00000000 117.00000000 0.00000000 203.00000000
301.00000000 282.00000000 0.00000000 202.00000000
482.00000000 16.00000000 0.00000000 201.00000000
335.00000000 453.00000000 0.00000000 200.00000000
851.00000000 19.00000000 0.00000000 200.00000000
219.00000000 75.00000000 0.00000000 198.00000000
294.00000000 69.00000000 1.00000000 198.00000000
572.00000000 223.00000000 0.00000000 198.00000000
670.00000000 55.00000000 0.00000000 198.00000000
260.00000000 270.00000000 0.00000000 197.00000000
231.00000000 98.00000000 0.00000000 197.00000000
235.00000000 451.00000000 0.00000000 195.00000000
494.00000000 57.00000000 0.00000000 194.00000000
275.00000000 101.00000000 0.00000000 193.00000000
561.00000000 92.00000000 0.00000000 192.00000000
401.00000000 492.00000000 0.00000000 191.00000000
246.00000000 72.00000000 0.00000000 191.00000000
156.00000000 235.00000000 0.00000000 191.00000000
560.00000000 91.00000000 1.00000000 189.00000000
728.00000000 83.00000000 1.00000000 186.00000000
116.00000000 108.00000000 2.00000000 182.00000000
272.00000000 190.00000000 2.00000000 179.00000000
301.00000000 179.00000000 1.00000000 178.00000000
295.00000000 21.00000000 1.00000000 174.00000000
353.00000000 72.00000000 1.00000000 172.00000000
846.00000000 358.00000000 2.00000000 161.00000000
240.00000000 452.00000000 2.00000000 148.00000000
836.00000000 216.00000000 2.00000000 148.00000000
528.00000000 254.00000000 2.00000000 147.00000000
237.00000000 452.00000000 2.00000000 138.00000000
181.00000000 76.00000000 2.00000000 132.00000000
647.00000000 70.00000000 2.00000000 127.00000000
271.00000000 192.00000000 2.00000000 119.00000000
180.00000000 76.00000000 4.00000000 104.00000000
328.00000000 408.00000000 4.00000000 85.00000000
395.00000000 328.00000000 5.00000000 53.00000000
