243.00000000 208.00000000 0.00000000 566.00000000
202.00000000 159.00000000 0.00000000 501.00000000
403.00000000 461.00000000 0.00000000 477.00000000
202.00000000 160.00000000 1.00000000 448.00000000
374.00000000 336.00000000 0.00000000 420.00000000
237.00000000 95.00000000 1.00000000 407.00000000
199.00000000 75.00000000 0.00000000 379.00000000
761.00000000 405.00000000 0.00000000 375.00000000
199.00000000 75.00000000 1.00000000 374.00000000
448.00000000 18.00000000 1.00000000 353.00000000
21.00000000 89.00000000 1.00000000 346.00000000
78.00000000 104.00000000 1.00000000 336.00000000
21.00000000 89.00000000 0.00000000 336.00000000
183.00000000 103.00000000 0.00000000 331.00000000
243.00000000 208.00000000 1.00000000 328.00000000
761.00000000 405.00000000 1.00000000 328.00000000
136.00000000 164.00000000 0.00000000 325.00000000
84.00000000 171.00000000 0.00000000 324.00000000
236.00000000 95.00000000 0.00000000 322.00000000
78.00000000 103.00000000 0.00000000 318.00000000
403.00000000 461.00000000 1.00000000 316.00000000
448.00000000 18.00000000 0.00000000 315.00000000
222.00000000 218.00000000 0.00000000 304.00000000
238.00000000 45.00000000 0.00000000 303.00000000
176.00000000 278.00000000 0.00000000 301.00000000
511.00000000 82.00000000 1.00000000 299.00000000
268.00000000 314.00000000 0.00000000 298.00000000
219.00000000 152.00000000 0.00000000 297.00000000
417.00000000 288.00000000 1.00000000 286.00000000
193.00000000 294.00000000 0.00000000 285.00000000
263.00000000 645.00000000 0.00000000 285.00000000
275.00000000 237.00000000 0.00000000 284.00000000
202.00000000 159.00000000 1.00000000 282.00000000
442.00000000 114.00000000 1.00000000 281.00000000
531.00000000 68.00000000 0.00000000 280.00000000
386.00000000 77.00000000 0.00000000 276.00000000
742.00000000 322.00000000 0.00000000 276.00000000
219.00000000 153.00000000 1.00000000 276.00000000
110.00000000 96.00000000 0.00000000 275.00000000
221.00000000 96.00000000 0.00000000 275.00000000
193.00000000 294.00000000 1.00000000 275.00000000
199.00000000 74.00000000 1.00000000 269.00000000
678.00000000 155.00000000 0.00000000 267.00000000
99.00000000 177.00000000 1.00000000 266.00000000
237.00000000 94.00000000 1.00000000 265.00000000
512.00000000 81.00000000 1.00000000 263.00000000
382.00000000 64.00000000 1.00000000 263.00000000
154.00000000 308.00000000 0.00000000 262.00000000
417.00000000 288.00000000 0.00000000 261.00000000
375.00000000 336.00000000 1.00000000 259.00000000
700.00000000 164.00000000 0.00000000 259.00000000
222.00000000 219.00000000 1.00000000 257.00000000
85.00000000 172.00000000 1.00000000 257.00000000
582.00000000 97.00000000 1.00000000 257.00000000
442.00000000 113.00000000 0.00000000 254.00000000
109.00000000 376.00000000 0.00000000 254.00000000
707.00000000 340.00000000 0.00000000 254.00000000
354.00000000 187.00000000 0.00000000 254.00000000
137.00000000 574.00000000 0.00000000 254.00000000
98.00000000 176.00000000 0.00000000 254.00000000
417.00000000 288.00000000 1.00000000 251.00000000
742.00000000 322.00000000 1.00000000 251.00000000
148.00000000 186.00000000 0.00000000 248.00000000
350.00000000 553.00000000 0.00000000 248.00000000
751.00000000 146.00000000 1.00000000 246.00000000
697.00000000 199.00000000 1.00000000 246.00000000
382.00000000 64.00000000 0.00000000 245.00000000
154.00000000 308.00000000 1.00000000 245.00000000
275.00000000 238.00000000 1.00000000 244.00000000
77.00000000 103.00000000 1.00000000 244.00000000
172.00000000 56.00000000 1.00000000 242.00000000
13.00000000 64.00000000 0.00000000 242.00000000
274.00000000 175.00000000 0.00000000 242.00000000
343.00000000 71.00000000 1.00000000 242.00000000
441.00000000 113.00000000 1.00000000 241.00000000
238.00000000 46.00000000 1.00000000 240.00000000
695.00000000 77.00000000 1.00000000 239.00000000
777.00000000 111.00000000 0.00000000 239.00000000
752.00000000 144.00000000 1.00000000 237.00000000
753.00000000 45.00000000 1.00000000 235.00000000
697.00000000 199.00000000 1.00000000 234.00000000
537.00000000 322.00000000 0.00000000 233.00000000
362.00000000 98.00000000 0.00000000 231.00000000
695.00000000 76.00000000 0.00000000 231.00000000
750.00000000 147.00000000 0.00000000 230.00000000
743.00000000 499.00000000 0.00000000 230.00000000
583.00000000 98.00000000 1.00000000 229.00000000
754.00000000 144.00000000 2.00000000 228.00000000
788.00000000 586.00000000 0.00000000 228.00000000
656.00000000 211.00000000 0.00000000 227.00000000
130.00000000 91.00000000 0.00000000 225.00000000
268.00000000 314.00000000 1.00000000 225.00000000
707.00000000 341.00000000 1.00000000 224.00000000
200.00000000 486.00000000 0.00000000 220.00000000
205.00000000 485.00000000 1.00000000 217.00000000
512.00000000 82.00000000 2.00000000 215.00000000
541.00000000 29.00000000 1.00000000 215.00000000
377.00000000 33.00000000 0.00000000 214.00000000
373.00000000 318.00000000 0.00000000 211.00000000
43.00000000 165.00000000 1.00000000 209.00000000
156.00000000 453.00000000 0.00000000 209.00000000
144.00000000 214.00000000 0.00000000 208.00000000
171.00000000 56.00000000 0.00000000 207.00000000
454.00000000 410.00000000 0.00000000 207.00000000
322.00000000 540.00000000 0.00000000 207.00000000
89.00000000 195.00000000 0.00000000 207.00000000
594.00000000 214.00000000 0.00000000 206.00000000
302.00000000 291.00000000 0.00000000 205.00000000
21.00000000 89.00000000 1.00000000 204.00000000
84.00000000 217.00000000 0.00000000 203.00000000
168.00000000 82.00000000 0.00000000 203.00000000
343.00000000 71.00000000 0.00000000 203.00000000
783.00000000 234.00000000 1.00000000 199.00000000
172.00000000 55.00000000 1.00000000 199.00000000
204.00000000 486.00000000 2.00000000 191.00000000
112.00000000 138.00000000 2.00000000 174.00000000
231.00000000 65.00000000 2.00000000 171.00000000
222.00000000 220.00000000 2.00000000 162.00000000
698.00000000 200.00000000 2.00000000 161.00000000
404.00000000 528.00000000 2.00000000 157.00000000
44.00000000 166.00000000 2.00000000 156.00000000
752.00000000 144.00000000 2.00000000 151.00000000
656.00000000 251.00000000 2.00000000 137.00000000
741.00000000 226.00000000 2.00000000 134.00000000
656.00000000 68.00000000 4.00000000 113.00000000
232.00000000 64.00000000 4.00000000 107.00000000
333.00000000 599.00000000 5.00000000 57.00000000
