359.00000000 137.00000000 0.00000000 623.00000000
359.00000000 137.00000000 1.00000000 481.00000000
72.00000000 144.00000000 0.00000000 445.00000000
287.00000000 85.00000000 1.00000000 439.00000000
566.00000000 259.00000000 0.00000000 436.00000000
412.00000000 165.00000000 1.00000000 433.00000000
287.00000000 84.00000000 0.00000000 419.00000000
742.00000000 22.00000000 0.00000000 390.00000000
742.00000000 23.00000000 1.00000000 380.00000000
412.00000000 165.00000000 0.00000000 370.00000000
565.00000000 243.00000000 0.00000000 358.00000000
603.00000000 373.00000000 0.00000000 357.00000000
287.00000000 84.00000000 1.00000000 356.00000000
265.00000000 161.00000000 0.00000000 334.00000000
232.00000000 208.00000000 0.00000000 332.00000000
322.00000000 146.00000000 0.00000000 332.00000000
566.00000000 259.00000000 1.00000000 332.00000000
323.00000000 22.00000000 0.00000000 328.00000000
72.00000000 145.00000000 1.00000000 317.00000000
400.00000000 531.00000000 1.00000000 310.00000000
519.00000000 467.00000000 0.00000000 310.00000000
322.00000000 146.00000000 1.00000000 310.00000000
456.00000000 218.00000000 0.00000000 304.00000000
767.00000000 36.00000000 1.00000000 295.00000000
326.00000000 55.00000000 0.00000000 292.00000000
41.00000000 13.00000000 0.00000000 290.00000000
81.00000000 96.00000000 0.00000000 287.00000000
789.00000000 241.00000000 0.00000000 287.00000000
172.00000000 65.00000000 1.00000000 284.00000000
439.00000000 258.00000000 0.00000000 276.00000000
187.00000000 241.00000000 1.00000000 275.00000000
81.00000000 97.00000000 1.00000000 274.00000000
171.00000000 65.00000000 0.00000000 274.00000000
265.00000000 161.00000000 1.00000000 271.00000000
274.00000000 422.00000000 1.00000000 271.00000000
414.00000000 105.00000000 1.00000000 264.00000000
519.00000000 468.00000000 1.00000000 259.00000000
181.00000000 396.00000000 0.00000000 256.00000000
412.00000000 165.00000000 1.00000000 252.00000000
321.00000000 145.00000000 1.00000000 252.00000000
565.00000000 243.00000000 1.00000000 248.00000000
323.00000000 23.00000000 1.00000000 248.00000000
415.00000000 104.00000000 0.00000000 246.00000000
631.00000000 214.00000000 1.00000000 244.00000000
768.00000000 36.00000000 2.00000000 244.00000000
267.00000000 193.00000000 0.00000000 244.00000000
864.00000000 151.00000000 0.00000000 244.00000000
286.00000000 84.00000000 2.00000000 242.00000000
232.00000000 208.00000000 1.00000000 240.00000000
400.00000000 530.00000000 0.00000000 238.00000000
76.00000000 422.00000000 0.00000000 237.00000000
637.00000000 131.00000000 0.00000000 236.00000000
264.00000000 161.00000000 1.00000000 235.00000000
199.00000000 187.00000000 0.00000000 235.00000000
557.00000000 37.00000000 0.00000000 233.00000000
359.00000000 137.00000000 1.00000000 233.00000000
631.00000000 214.00000000 0.00000000 229.00000000
302.00000000 232.00000000 0.00000000 229.00000000
456.00000000 117.00000000 0.00000000 229.00000000
270.00000000 50.00000000 0.00000000 226.00000000
86.00000000 318.00000000 0.00000000 226.00000000
427.00000000 28.00000000 1.00000000 226.00000000
270.00000000 200.00000000 0.00000000 226.00000000
481.00000000 309.00000000 0.00000000 224.00000000
768.00000000 36.00000000 1.00000000 223.00000000
397.00000000 242.00000000 0.00000000 221.00000000
87.00000000 299.00000000 0.00000000 220.00000000
80.00000000 97.00000000 1.00000000 220.00000000
270.00000000 50.00000000 1.00000000 219.00000000
289.00000000 24.00000000 0.00000000 218.00000000
788.00000000 301.00000000 0.00000000 218.00000000
270.00000000 143.00000000 0.00000000 217.00000000
159.00000000 67.00000000 0.00000000 217.00000000
671.00000000 390.00000000 0.00000000 216.00000000
181.00000000 396.00000000 1.00000000 214.00000000
198.00000000 311.00000000 0.00000000 214.00000000
231.00000000 264.00000000 0.00000000 213.00000000
178.00000000 273.00000000 0.00000000 213.00000000
463.00000000 490.00000000 0.00000000 213.00000000
671.00000000 391.00000000 1.00000000 213.00000000
393.00000000 422.00000000 0.00000000 213.00000000
475.00000000 130.00000000 0.00000000 213.00000000
316.00000000 79.00000000 1.00000000 213.00000000
768.00000000 277.00000000 0.00000000 212.00000000
105.00000000 140.00000000 1.00000000 211.00000000
743.00000000 122.00000000 0.00000000 210.00000000
53.00000000 205.00000000 0.00000000 210.00000000
86.00000000 318.00000000 1.00000000 209.00000000
366.00000000 578.00000000 1.00000000 209.00000000
381.00000000 479.00000000 0.00000000 209.00000000
369.00000000 222.00000000 0.00000000 208.00000000
792.00000000 60.00000000 0.00000000 207.00000000
85.00000000 108.00000000 0.00000000 207.00000000
785.00000000 668.00000000 0.00000000 206.00000000
741.00000000 241.00000000 0.00000000 205.00000000
322.00000000 146.00000000 2.00000000 204.00000000
153.00000000 627.00000000 0.00000000 203.00000000
186.00000000 240.00000000 1.00000000 202.00000000
413.00000000 174.00000000 0.00000000 202.00000000
527.00000000 490.00000000 0.00000000 201.00000000
435.00000000 145.00000000 0.00000000 201.00000000
268.00000000 582.00000000 0.00000000 201.00000000
205.00000000 253.00000000 0.00000000 200.00000000
456.00000000 117.00000000 1.00000000 200.00000000
426.00000000 26.00000000 1.00000000 199.00000000
630.00000000 213.00000000 1.00000000 199.00000000
603.00000000 373.00000000 1.00000000 198.00000000
747.00000000 181.00000000 1.00000000 189.00000000
396.00000000 242.00000000 1.00000000 188.00000000
302.00000000 233.00000000 1.00000000 188.00000000
264.00000000 162.00000000 2.00000000 187.00000000
414.00000000 104.00000000 1.00000000 186.00000000
738.00000000 371.00000000 1.00000000 186.00000000
567.00000000 258.00000000 1.00000000 178.00000000
171.00000000 66.00000000 1.00000000 177.00000000
274.00000000 421.00000000 1.00000000 174.00000000
112.00000000 56.00000000 2.00000000 156.00000000
285.00000000 84.00000000 2.00000000 152.00000000
322.00000000 149.00000000 2.00000000 142.00000000
630.00000000 214.00000000 2.00000000 138.00000000
110.00000000 53.00000000 2.00000000 134.00000000
738.00000000 372.00000000 2.00000000 129.00000000
80.00000000 98.00000000 2.00000000 129.00000000
438.00000000 268.00000000 2.00000000 114.00000000
388.00000000 376.00000000 4.00000000 85.00000000
436.00000000 268.00000000 4.00000000 73.00000000
475.00000000 288.00000000 5.00000000 50.00000000
