324.00000000 168.00000000 0.00000000 681.00000000
262.00000000 119.00000000 1.00000000 486.00000000
324.00000000 168.00000000 1.00000000 477.00000000
263.00000000 118.00000000 0.00000000 432.00000000
509.00000000 287.00000000 0.00000000 427.00000000
85.00000000 176.00000000 0.00000000 410.00000000
371.00000000 196.00000000 1.00000000 401.00000000
542.00000000 399.00000000 0.00000000 392.00000000
261.00000000 118.00000000 1.00000000 390.00000000
371.00000000 195.00000000 0.00000000 367.00000000
58.00000000 55.00000000 1.00000000 348.00000000
509.00000000 287.00000000 1.00000000 345.00000000
147.00000000 46.00000000 0.00000000 338.00000000
695.00000000 65.00000000 1.00000000 335.00000000
217.00000000 236.00000000 0.00000000 331.00000000
244.00000000 191.00000000 0.00000000 328.00000000
671.00000000 50.00000000 0.00000000 325.00000000
292.00000000 176.00000000 0.00000000 318.00000000
58.00000000 55.00000000 0.00000000 317.00000000
292.00000000 177.00000000 1.00000000 316.00000000
507.00000000 271.00000000 0.00000000 311.00000000
372.00000000 137.00000000 0.00000000 303.00000000
91.00000000 132.00000000 0.00000000 303.00000000
671.00000000 51.00000000 1.00000000 296.00000000
567.00000000 243.00000000 0.00000000 296.00000000
499.00000000 25.00000000 1.00000000 294.00000000
260.00000000 36.00000000 0.00000000 292.00000000
372.00000000 137.00000000 1.00000000 289.00000000
695.00000000 64.00000000 1.00000000 289.00000000
165.00000000 101.00000000 0.00000000 281.00000000
567.00000000 243.00000000 1.00000000 280.00000000
293.00000000 59.00000000 0.00000000 278.00000000
180.00000000 266.00000000 1.00000000 277.00000000
362.00000000 545.00000000 0.00000000 276.00000000
260.00000000 36.00000000 1.00000000 271.00000000
466.00000000 489.00000000 0.00000000 269.00000000
92.00000000 132.00000000 1.00000000 266.00000000
176.00000000 411.00000000 0.00000000 264.00000000
394.00000000 284.00000000 0.00000000 263.00000000
98.00000000 337.00000000 0.00000000 263.00000000
333.00000000 589.00000000 1.00000000 260.00000000
217.00000000 236.00000000 1.00000000 260.00000000
432.00000000 335.00000000 0.00000000 258.00000000
363.00000000 546.00000000 1.00000000 256.00000000
244.00000000 192.00000000 1.00000000 256.00000000
410.00000000 246.00000000 0.00000000 252.00000000
788.00000000 180.00000000 0.00000000 250.00000000
288.00000000 113.00000000 1.00000000 250.00000000
507.00000000 271.00000000 1.00000000 250.00000000
466.00000000 490.00000000 1.00000000 245.00000000
696.00000000 66.00000000 2.00000000 244.00000000
254.00000000 438.00000000 1.00000000 242.00000000
262.00000000 120.00000000 2.00000000 240.00000000
676.00000000 210.00000000 1.00000000 239.00000000
172.00000000 296.00000000 0.00000000 238.00000000
292.00000000 176.00000000 1.00000000 238.00000000
319.00000000 11.00000000 0.00000000 236.00000000
243.00000000 190.00000000 1.00000000 236.00000000
57.00000000 55.00000000 1.00000000 235.00000000
254.00000000 438.00000000 0.00000000 234.00000000
500.00000000 69.00000000 0.00000000 233.00000000
717.00000000 271.00000000 0.00000000 233.00000000
542.00000000 399.00000000 1.00000000 232.00000000
293.00000000 59.00000000 1.00000000 231.00000000
112.00000000 172.00000000 0.00000000 228.00000000
85.00000000 177.00000000 1.00000000 228.00000000
409.00000000 149.00000000 0.00000000 227.00000000
156.00000000 103.00000000 0.00000000 226.00000000
210.00000000 40.00000000 0.00000000 225.00000000
166.00000000 102.00000000 1.00000000 225.00000000
321.00000000 270.00000000 0.00000000 225.00000000
357.00000000 269.00000000 0.00000000 223.00000000
604.00000000 418.00000000 0.00000000 222.00000000
572.00000000 161.00000000 0.00000000 220.00000000
276.00000000 259.00000000 0.00000000 217.00000000
91.00000000 434.00000000 0.00000000 216.00000000
296.00000000 90.00000000 0.00000000 214.00000000
147.00000000 47.00000000 1.00000000 213.00000000
265.00000000 60.00000000 0.00000000 213.00000000
333.00000000 250.00000000 0.00000000 213.00000000
112.00000000 172.00000000 1.00000000 212.00000000
323.00000000 168.00000000 1.00000000 212.00000000
98.00000000 337.00000000 1.00000000 211.00000000
90.00000000 132.00000000 1.00000000 210.00000000
370.00000000 195.00000000 1.00000000 209.00000000
248.00000000 86.00000000 0.00000000 208.00000000
180.00000000 266.00000000 0.00000000 208.00000000
717.00000000 41.00000000 1.00000000 206.00000000
499.00000000 24.00000000 1.00000000 205.00000000
18.00000000 61.00000000 0.00000000 205.00000000
485.00000000 150.00000000 0.00000000 205.00000000
113.00000000 51.00000000 1.00000000 203.00000000
248.00000000 173.00000000 0.00000000 201.00000000
611.00000000 350.00000000 0.00000000 200.00000000
67.00000000 125.00000000 0.00000000 199.00000000
160.00000000 223.00000000 0.00000000 198.00000000
672.00000000 151.00000000 0.00000000 198.00000000
246.00000000 222.00000000 0.00000000 196.00000000
567.00000000 243.00000000 1.00000000 195.00000000
333.00000000 589.00000000 1.00000000 195.00000000
30.00000000 105.00000000 0.00000000 193.00000000
288.00000000 113.00000000 0.00000000 193.00000000
155.00000000 625.00000000 0.00000000 193.00000000
287.00000000 113.00000000 1.00000000 192.00000000
614.00000000 214.00000000 0.00000000 192.00000000
260.00000000 35.00000000 1.00000000 189.00000000
333.00000000 589.00000000 0.00000000 188.00000000
292.00000000 178.00000000 2.00000000 187.00000000
417.00000000 509.00000000 0.00000000 186.00000000
246.00000000 441.00000000 0.00000000 184.00000000
74.00000000 429.00000000 0.00000000 184.00000000
538.00000000 123.00000000 0.00000000 183.00000000
383.00000000 62.00000000 1.00000000 181.00000000
442.00000000 52.00000000 1.00000000 180.00000000
603.00000000 87.00000000 1.00000000 173.00000000
116.00000000 94.00000000 2.00000000 171.00000000
244.00000000 192.00000000 2.00000000 168.00000000
568.00000000 244.00000000 2.00000000 139.00000000
291.00000000 181.00000000 2.00000000 137.00000000
695.00000000 67.00000000 2.00000000 131.00000000
58.00000000 54.00000000 2.00000000 130.00000000
778.00000000 82.00000000 2.00000000 130.00000000
192.00000000 62.00000000 2.00000000 122.00000000
350.00000000 395.00000000 2.00000000 120.00000000
188.00000000 64.00000000 4.00000000 100.00000000
348.00000000 396.00000000 4.00000000 83.00000000
424.00000000 316.00000000 5.00000000 57.00000000
