806.00000000 660.00000000 0.00000000 1096.00000000
807.00000000 660.00000000 1.00000000 1074.00000000
720.00000000 494.00000000 1.00000000 925.00000000
673.00000000 582.00000000 2.00000000 821.00000000
736.00000000 458.00000000 1.00000000 810.00000000
674.00000000 582.00000000 2.00000000 799.00000000
721.00000000 493.00000000 1.00000000 772.00000000
582.00000000 697.00000000 0.00000000 719.00000000
691.00000000 422.00000000 0.00000000 715.00000000
672.00000000 584.00000000 4.00000000 713.00000000
661.00000000 666.00000000 0.00000000 713.00000000
811.00000000 746.00000000 1.00000000 707.00000000
675.00000000 869.00000000 1.00000000 693.00000000
738.00000000 460.00000000 2.00000000 684.00000000
450.00000000 465.00000000 1.00000000 674.00000000
465.00000000 533.00000000 1.00000000 674.00000000
442.00000000 547.00000000 1.00000000 668.00000000
674.00000000 581.00000000 1.00000000 655.00000000
811.00000000 745.00000000 0.00000000 647.00000000
864.00000000 433.00000000 0.00000000 642.00000000
465.00000000 533.00000000 0.00000000 635.00000000
443.00000000 547.00000000 1.00000000 634.00000000
729.00000000 433.00000000 1.00000000 632.00000000
729.00000000 605.00000000 0.00000000 629.00000000
692.00000000 423.00000000 1.00000000 627.00000000
750.00000000 327.00000000 0.00000000 617.00000000
737.00000000 458.00000000 1.00000000 605.00000000
729.00000000 433.00000000 0.00000000 604.00000000
760.00000000 724.00000000 0.00000000 598.00000000
463.00000000 533.00000000 1.00000000 598.00000000
723.00000000 650.00000000 1.00000000 590.00000000
272.00000000 495.00000000 0.00000000 581.00000000
583.00000000 697.00000000 1.00000000 579.00000000
585.00000000 707.00000000 1.00000000 576.00000000
200.00000000 468.00000000 4.00000000 574.00000000
510.00000000 422.00000000 1.00000000 574.00000000
1167.00000000 567.00000000 1.00000000 566.00000000
807.00000000 660.00000000 1.00000000 558.00000000
450.00000000 464.00000000 0.00000000 546.00000000
272.00000000 496.00000000 1.00000000 546.00000000
585.00000000 707.00000000 1.00000000 545.00000000
1141.00000000 647.00000000 0.00000000 545.00000000
864.00000000 434.00000000 1.00000000 544.00000000
510.00000000 422.00000000 0.00000000 544.00000000
675.00000000 581.00000000 1.00000000 544.00000000
673.00000000 582.00000000 5.00000000 538.00000000
1090.00000000 638.00000000 0.00000000 538.00000000
586.00000000 707.00000000 0.00000000 535.00000000
633.00000000 752.00000000 2.00000000 531.00000000
1160.00000000 528.00000000 0.00000000 531.00000000
84.00000000 478.00000000 2.00000000 523.00000000
449.00000000 463.00000000 1.00000000 521.00000000
442.00000000 548.00000000 2.00000000 515.00000000
751.00000000 327.00000000 1.00000000 514.00000000
586.00000000 708.00000000 2.00000000 513.00000000
720.00000000 494.00000000 0.00000000 512.00000000
271.00000000 497.00000000 1.00000000 509.00000000
530.00000000 635.00000000 1.00000000 506.00000000
411.00000000 458.00000000 1.00000000 505.00000000
653.00000000 482.00000000 0.00000000 503.00000000
661.00000000 667.00000000 1.00000000 499.00000000
243.00000000 400.00000000 0.00000000 497.00000000
810.00000000 746.00000000 1.00000000 492.00000000
767.00000000 656.00000000 0.00000000 490.00000000
1167.00000000 566.00000000 0.00000000 489.00000000
1026.00000000 678.00000000 0.00000000 485.00000000
729.00000000 606.00000000 1.00000000 484.00000000
410.00000000 458.00000000 0.00000000 480.00000000
760.00000000 724.00000000 1.00000000 478.00000000
1153.00000000 581.00000000 0.00000000 476.00000000
768.00000000 656.00000000 1.00000000 473.00000000
100.00000000 683.00000000 0.00000000 472.00000000
244.00000000 401.00000000 1.00000000 472.00000000
585.00000000 707.00000000 2.00000000 468.00000000
675.00000000 869.00000000 1.00000000 468.00000000
729.00000000 625.00000000 1.00000000 467.00000000
530.00000000 634.00000000 1.00000000 466.00000000
675.00000000 868.00000000 0.00000000 465.00000000
190.00000000 620.00000000 0.00000000 464.00000000
809.00000000 494.00000000 0.00000000 464.00000000
722.00000000 494.00000000 2.00000000 463.00000000
1141.00000000 648.00000000 1.00000000 462.00000000
728.00000000 432.00000000 1.00000000 458.00000000
431.00000000 564.00000000 1.00000000 452.00000000
673.00000000 741.00000000 0.00000000 450.00000000
444.00000000 546.00000000 0.00000000 449.00000000
634.00000000 752.00000000 2.00000000 449.00000000
801.00000000 734.00000000 0.00000000 448.00000000
317.00000000 669.00000000 0.00000000 447.00000000
581.00000000 732.00000000 0.00000000 445.00000000
562.00000000 730.00000000 0.00000000 443.00000000
675.00000000 668.00000000 0.00000000 441.00000000
581.00000000 732.00000000 1.00000000 439.00000000
1221.00000000 777.00000000 0.00000000 437.00000000
804.00000000 606.00000000 1.00000000 436.00000000
675.00000000 676.00000000 0.00000000 435.00000000
1091.00000000 638.00000000 1.00000000 434.00000000
489.00000000 616.00000000 0.00000000 433.00000000
934.00000000 671.00000000 0.00000000 433.00000000
1168.00000000 567.00000000 1.00000000 428.00000000
749.00000000 744.00000000 1.00000000 426.00000000
749.00000000 743.00000000 0.00000000 426.00000000
401.00000000 427.00000000 0.00000000 425.00000000
738.00000000 458.00000000 0.00000000 423.00000000
524.00000000 651.00000000 1.00000000 417.00000000
723.00000000 649.00000000 0.00000000 409.00000000
131.00000000 596.00000000 0.00000000 408.00000000
388.00000000 579.00000000 0.00000000 405.00000000
210.00000000 265.00000000 0.00000000 399.00000000
681.00000000 642.00000000 0.00000000 399.00000000
228.00000000 421.00000000 0.00000000 398.00000000
297.00000000 552.00000000 0.00000000 392.00000000
806.00000000 600.00000000 2.00000000 390.00000000
742.00000000 563.00000000 0.00000000 388.00000000
50.00000000 621.00000000 0.00000000 385.00000000
746.00000000 498.00000000 0.00000000 385.00000000
748.00000000 337.00000000 0.00000000 384.00000000
812.00000000 746.00000000 2.00000000 384.00000000
408.00000000 613.00000000 0.00000000 384.00000000
1054.00000000 870.00000000 0.00000000 377.00000000
196.00000000 379.00000000 0.00000000 376.00000000
738.00000000 748.00000000 0.00000000 373.00000000
492.00000000 637.00000000 0.00000000 372.00000000
741.00000000 690.00000000 0.00000000 372.00000000
700.00000000 542.00000000 0.00000000 371.00000000
409.00000000 581.00000000 0.00000000 370.00000000
1194.00000000 420.00000000 0.00000000 367.00000000
