734.00000000 687.00000000 1.00000000 1331.00000000
733.00000000 687.00000000 0.00000000 1121.00000000
616.00000000 493.00000000 1.00000000 937.00000000
630.00000000 450.00000000 2.00000000 868.00000000
733.00000000 687.00000000 1.00000000 838.00000000
574.00000000 602.00000000 2.00000000 820.00000000
572.00000000 604.00000000 4.00000000 789.00000000
748.00000000 789.00000000 1.00000000 780.00000000
575.00000000 410.00000000 1.00000000 750.00000000
630.00000000 449.00000000 1.00000000 749.00000000
376.00000000 424.00000000 1.00000000 727.00000000
616.00000000 493.00000000 1.00000000 723.00000000
318.00000000 478.00000000 1.00000000 683.00000000
321.00000000 575.00000000 1.00000000 674.00000000
574.00000000 600.00000000 2.00000000 669.00000000
571.00000000 605.00000000 5.00000000 653.00000000
489.00000000 740.00000000 1.00000000 649.00000000
342.00000000 557.00000000 1.00000000 648.00000000
575.00000000 409.00000000 0.00000000 648.00000000
748.00000000 790.00000000 1.00000000 644.00000000
618.00000000 419.00000000 1.00000000 642.00000000
489.00000000 740.00000000 0.00000000 631.00000000
318.00000000 478.00000000 1.00000000 628.00000000
1248.00000000 816.00000000 0.00000000 624.00000000
571.00000000 702.00000000 1.00000000 619.00000000
316.00000000 580.00000000 4.00000000 618.00000000
630.00000000 287.00000000 1.00000000 611.00000000
619.00000000 419.00000000 0.00000000 611.00000000
376.00000000 424.00000000 0.00000000 608.00000000
748.00000000 789.00000000 0.00000000 607.00000000
616.00000000 494.00000000 2.00000000 602.00000000
618.00000000 418.00000000 1.00000000 600.00000000
570.00000000 701.00000000 0.00000000 599.00000000
575.00000000 599.00000000 1.00000000 598.00000000
322.00000000 574.00000000 1.00000000 596.00000000
342.00000000 556.00000000 1.00000000 595.00000000
320.00000000 576.00000000 2.00000000 594.00000000
774.00000000 407.00000000 1.00000000 592.00000000
493.00000000 752.00000000 1.00000000 586.00000000
774.00000000 406.00000000 0.00000000 584.00000000
688.00000000 765.00000000 0.00000000 582.00000000
607.00000000 939.00000000 1.00000000 581.00000000
631.00000000 448.00000000 1.00000000 579.00000000
639.00000000 627.00000000 1.00000000 579.00000000
994.00000000 700.00000000 0.00000000 571.00000000
471.00000000 779.00000000 0.00000000 563.00000000
540.00000000 485.00000000 0.00000000 560.00000000
1068.00000000 645.00000000 0.00000000 559.00000000
688.00000000 765.00000000 1.00000000 550.00000000
275.00000000 473.00000000 1.00000000 547.00000000
630.00000000 287.00000000 0.00000000 547.00000000
630.00000000 449.00000000 2.00000000 546.00000000
551.00000000 803.00000000 2.00000000 540.00000000
639.00000000 626.00000000 0.00000000 536.00000000
1069.00000000 646.00000000 1.00000000 535.00000000
376.00000000 424.00000000 1.00000000 529.00000000
318.00000000 478.00000000 0.00000000 528.00000000
1133.00000000 655.00000000 1.00000000 526.00000000
1158.00000000 551.00000000 1.00000000 525.00000000
1145.00000000 504.00000000 1.00000000 523.00000000
1145.00000000 503.00000000 0.00000000 521.00000000
735.00000000 776.00000000 0.00000000 520.00000000
1158.00000000 551.00000000 1.00000000 519.00000000
606.00000000 939.00000000 1.00000000 516.00000000
638.00000000 679.00000000 1.00000000 516.00000000
275.00000000 473.00000000 0.00000000 509.00000000
274.00000000 473.00000000 1.00000000 500.00000000
493.00000000 752.00000000 1.00000000 500.00000000
319.00000000 576.00000000 2.00000000 500.00000000
1132.00000000 655.00000000 0.00000000 498.00000000
138.00000000 526.00000000 1.00000000 497.00000000
311.00000000 595.00000000 1.00000000 494.00000000
424.00000000 670.00000000 1.00000000 491.00000000
492.00000000 782.00000000 0.00000000 491.00000000
137.00000000 527.00000000 1.00000000 488.00000000
137.00000000 526.00000000 0.00000000 487.00000000
494.00000000 752.00000000 2.00000000 486.00000000
540.00000000 485.00000000 1.00000000 485.00000000
269.00000000 615.00000000 0.00000000 485.00000000
494.00000000 751.00000000 0.00000000 483.00000000
748.00000000 792.00000000 2.00000000 482.00000000
688.00000000 684.00000000 0.00000000 474.00000000
688.00000000 684.00000000 1.00000000 473.00000000
342.00000000 556.00000000 2.00000000 467.00000000
649.00000000 574.00000000 0.00000000 467.00000000
91.00000000 346.00000000 0.00000000 466.00000000
593.00000000 789.00000000 0.00000000 465.00000000
207.00000000 719.00000000 0.00000000 464.00000000
96.00000000 420.00000000 0.00000000 463.00000000
678.00000000 789.00000000 1.00000000 458.00000000
171.00000000 589.00000000 1.00000000 457.00000000
735.00000000 777.00000000 1.00000000 456.00000000
616.00000000 493.00000000 0.00000000 455.00000000
492.00000000 781.00000000 1.00000000 454.00000000
717.00000000 486.00000000 0.00000000 453.00000000
1141.00000000 572.00000000 0.00000000 450.00000000
629.00000000 299.00000000 0.00000000 441.00000000
84.00000000 444.00000000 0.00000000 437.00000000
342.00000000 555.00000000 0.00000000 436.00000000
554.00000000 804.00000000 2.00000000 436.00000000
1026.00000000 947.00000000 0.00000000 430.00000000
586.00000000 703.00000000 0.00000000 429.00000000
1047.00000000 934.00000000 0.00000000 423.00000000
1158.00000000 550.00000000 0.00000000 417.00000000
1016.00000000 787.00000000 0.00000000 408.00000000
662.00000000 726.00000000 0.00000000 405.00000000
1035.00000000 432.00000000 0.00000000 403.00000000
294.00000000 651.00000000 0.00000000 401.00000000
1074.00000000 552.00000000 0.00000000 399.00000000
424.00000000 668.00000000 0.00000000 397.00000000
379.00000000 651.00000000 0.00000000 393.00000000
726.00000000 674.00000000 0.00000000 392.00000000
591.00000000 672.00000000 0.00000000 392.00000000
710.00000000 731.00000000 0.00000000 385.00000000
980.00000000 630.00000000 0.00000000 384.00000000
657.00000000 584.00000000 0.00000000 383.00000000
1100.00000000 642.00000000 0.00000000 380.00000000
171.00000000 588.00000000 0.00000000 379.00000000
74.00000000 671.00000000 0.00000000 378.00000000
779.00000000 709.00000000 0.00000000 376.00000000
588.00000000 712.00000000 0.00000000 375.00000000
111.00000000 506.00000000 0.00000000 373.00000000
1178.00000000 360.00000000 0.00000000 372.00000000
148.00000000 603.00000000 0.00000000 367.00000000
322.00000000 574.00000000 0.00000000 367.00000000
345.00000000 698.00000000 0.00000000 365.00000000
678.00000000 789.00000000 0.00000000 361.00000000
