877.00000000 760.00000000 1.00000000 1059.00000000
876.00000000 760.00000000 0.00000000 961.00000000
803.00000000 568.00000000 1.00000000 876.00000000
780.00000000 488.00000000 1.00000000 843.00000000
780.00000000 487.00000000 0.00000000 825.00000000
803.00000000 568.00000000 1.00000000 800.00000000
828.00000000 534.00000000 2.00000000 771.00000000
735.00000000 656.00000000 2.00000000 758.00000000
978.00000000 526.00000000 1.00000000 755.00000000
977.00000000 526.00000000 0.00000000 728.00000000
736.00000000 656.00000000 2.00000000 723.00000000
827.00000000 533.00000000 1.00000000 710.00000000
707.00000000 745.00000000 0.00000000 698.00000000
732.00000000 656.00000000 4.00000000 678.00000000
707.00000000 746.00000000 1.00000000 676.00000000
610.00000000 767.00000000 0.00000000 673.00000000
864.00000000 394.00000000 1.00000000 663.00000000
864.00000000 393.00000000 0.00000000 657.00000000
270.00000000 500.00000000 0.00000000 655.00000000
497.00000000 571.00000000 0.00000000 652.00000000
610.00000000 767.00000000 1.00000000 630.00000000
794.00000000 690.00000000 0.00000000 610.00000000
497.00000000 571.00000000 1.00000000 610.00000000
876.00000000 759.00000000 1.00000000 609.00000000
469.00000000 582.00000000 1.00000000 606.00000000
822.00000000 504.00000000 1.00000000 600.00000000
469.00000000 583.00000000 1.00000000 596.00000000
736.00000000 654.00000000 1.00000000 586.00000000
868.00000000 852.00000000 1.00000000 584.00000000
496.00000000 571.00000000 1.00000000 582.00000000
612.00000000 778.00000000 2.00000000 581.00000000
695.00000000 968.00000000 1.00000000 580.00000000
270.00000000 502.00000000 1.00000000 579.00000000
813.00000000 821.00000000 0.00000000 573.00000000
795.00000000 691.00000000 1.00000000 572.00000000
695.00000000 968.00000000 1.00000000 568.00000000
735.00000000 656.00000000 5.00000000 568.00000000
828.00000000 533.00000000 1.00000000 556.00000000
444.00000000 481.00000000 1.00000000 551.00000000
612.00000000 778.00000000 1.00000000 550.00000000
270.00000000 501.00000000 1.00000000 549.00000000
468.00000000 584.00000000 2.00000000 549.00000000
490.00000000 494.00000000 1.00000000 548.00000000
489.00000000 493.00000000 1.00000000 546.00000000
868.00000000 852.00000000 0.00000000 541.00000000
436.00000000 446.00000000 0.00000000 540.00000000
251.00000000 390.00000000 1.00000000 539.00000000
1201.00000000 777.00000000 0.00000000 539.00000000
1255.00000000 794.00000000 0.00000000 534.00000000
821.00000000 503.00000000 1.00000000 522.00000000
822.00000000 504.00000000 0.00000000 521.00000000
722.00000000 750.00000000 0.00000000 519.00000000
782.00000000 737.00000000 1.00000000 519.00000000
437.00000000 446.00000000 1.00000000 514.00000000
568.00000000 458.00000000 1.00000000 511.00000000
30.00000000 683.00000000 0.00000000 509.00000000
1255.00000000 795.00000000 1.00000000 507.00000000
151.00000000 626.00000000 1.00000000 506.00000000
804.00000000 568.00000000 2.00000000 501.00000000
832.00000000 750.00000000 1.00000000 501.00000000
813.00000000 822.00000000 1.00000000 500.00000000
557.00000000 691.00000000 1.00000000 500.00000000
444.00000000 480.00000000 0.00000000 498.00000000
188.00000000 456.00000000 4.00000000 498.00000000
610.00000000 777.00000000 2.00000000 497.00000000
736.00000000 655.00000000 1.00000000 496.00000000
423.00000000 616.00000000 1.00000000 491.00000000
550.00000000 709.00000000 1.00000000 487.00000000
82.00000000 590.00000000 0.00000000 487.00000000
82.00000000 591.00000000 1.00000000 486.00000000
558.00000000 692.00000000 1.00000000 485.00000000
806.00000000 536.00000000 1.00000000 482.00000000
613.00000000 778.00000000 0.00000000 479.00000000
881.00000000 702.00000000 1.00000000 479.00000000
251.00000000 390.00000000 0.00000000 478.00000000
1123.00000000 811.00000000 0.00000000 477.00000000
780.00000000 738.00000000 1.00000000 475.00000000
726.00000000 546.00000000 0.00000000 474.00000000
661.00000000 834.00000000 2.00000000 473.00000000
1296.00000000 672.00000000 0.00000000 473.00000000
1297.00000000 713.00000000 0.00000000 471.00000000
793.00000000 709.00000000 1.00000000 464.00000000
270.00000000 502.00000000 2.00000000 463.00000000
885.00000000 698.00000000 2.00000000 461.00000000
817.00000000 647.00000000 0.00000000 460.00000000
905.00000000 583.00000000 0.00000000 458.00000000
612.00000000 777.00000000 1.00000000 456.00000000
196.00000000 357.00000000 0.00000000 455.00000000
444.00000000 480.00000000 1.00000000 455.00000000
709.00000000 828.00000000 0.00000000 452.00000000
299.00000000 698.00000000 0.00000000 450.00000000
859.00000000 548.00000000 0.00000000 449.00000000
490.00000000 494.00000000 0.00000000 448.00000000
229.00000000 410.00000000 0.00000000 445.00000000
513.00000000 666.00000000 0.00000000 443.00000000
151.00000000 626.00000000 0.00000000 443.00000000
603.00000000 806.00000000 0.00000000 441.00000000
722.00000000 759.00000000 0.00000000 441.00000000
398.00000000 610.00000000 0.00000000 438.00000000
558.00000000 694.00000000 2.00000000 438.00000000
82.00000000 596.00000000 2.00000000 435.00000000
267.00000000 320.00000000 0.00000000 428.00000000
1279.00000000 727.00000000 0.00000000 426.00000000
569.00000000 458.00000000 0.00000000 426.00000000
832.00000000 750.00000000 0.00000000 421.00000000
462.00000000 704.00000000 0.00000000 421.00000000
858.00000000 839.00000000 0.00000000 421.00000000
422.00000000 616.00000000 0.00000000 420.00000000
581.00000000 800.00000000 0.00000000 417.00000000
823.00000000 656.00000000 0.00000000 417.00000000
845.00000000 420.00000000 0.00000000 410.00000000
782.00000000 737.00000000 0.00000000 405.00000000
872.00000000 748.00000000 0.00000000 405.00000000
795.00000000 783.00000000 0.00000000 403.00000000
518.00000000 727.00000000 0.00000000 400.00000000
1020.00000000 791.00000000 0.00000000 397.00000000
231.00000000 234.00000000 0.00000000 392.00000000
859.00000000 404.00000000 0.00000000 388.00000000
259.00000000 308.00000000 0.00000000 386.00000000
797.00000000 841.00000000 0.00000000 386.00000000
806.00000000 536.00000000 0.00000000 386.00000000
154.00000000 560.00000000 0.00000000 385.00000000
831.00000000 577.00000000 0.00000000 383.00000000
843.00000000 795.00000000 0.00000000 377.00000000
803.00000000 568.00000000 0.00000000 371.00000000
599.00000000 924.00000000 0.00000000 370.00000000
293.00000000 566.00000000 0.00000000 367.00000000
