1094.00000000 732.00000000 1.00000000 1125.00000000
1093.00000000 732.00000000 0.00000000 1058.00000000
991.00000000 555.00000000 1.00000000 923.00000000
930.00000000 664.00000000 2.00000000 837.00000000
1014.00000000 516.00000000 2.00000000 821.00000000
324.00000000 620.00000000 1.00000000 766.00000000
955.00000000 478.00000000 1.00000000 763.00000000
928.00000000 668.00000000 4.00000000 740.00000000
913.00000000 766.00000000 1.00000000 727.00000000
639.00000000 637.00000000 1.00000000 720.00000000
932.00000000 664.00000000 2.00000000 716.00000000
991.00000000 556.00000000 1.00000000 716.00000000
1094.00000000 732.00000000 1.00000000 711.00000000
1002.00000000 486.00000000 1.00000000 711.00000000
807.00000000 818.00000000 1.00000000 692.00000000
1012.00000000 514.00000000 1.00000000 684.00000000
956.00000000 477.00000000 0.00000000 683.00000000
287.00000000 400.00000000 0.00000000 674.00000000
618.00000000 552.00000000 1.00000000 669.00000000
912.00000000 765.00000000 0.00000000 657.00000000
639.00000000 637.00000000 0.00000000 652.00000000
1097.00000000 827.00000000 1.00000000 644.00000000
1163.00000000 475.00000000 0.00000000 644.00000000
810.00000000 832.00000000 2.00000000 637.00000000
931.00000000 663.00000000 1.00000000 633.00000000
161.00000000 729.00000000 0.00000000 629.00000000
606.00000000 660.00000000 2.00000000 624.00000000
323.00000000 620.00000000 1.00000000 624.00000000
1038.00000000 812.00000000 0.00000000 622.00000000
1163.00000000 476.00000000 1.00000000 620.00000000
806.00000000 818.00000000 0.00000000 619.00000000
1030.00000000 363.00000000 0.00000000 616.00000000
1000.00000000 684.00000000 1.00000000 611.00000000
1031.00000000 364.00000000 1.00000000 608.00000000
324.00000000 620.00000000 0.00000000 607.00000000
169.00000000 814.00000000 1.00000000 603.00000000
927.00000000 667.00000000 5.00000000 599.00000000
168.00000000 814.00000000 1.00000000 598.00000000
1013.00000000 514.00000000 1.00000000 596.00000000
1038.00000000 813.00000000 1.00000000 592.00000000
999.00000000 683.00000000 0.00000000 591.00000000
639.00000000 637.00000000 1.00000000 591.00000000
619.00000000 553.00000000 1.00000000 587.00000000
811.00000000 831.00000000 2.00000000 586.00000000
1002.00000000 485.00000000 1.00000000 583.00000000
733.00000000 753.00000000 1.00000000 582.00000000
992.00000000 735.00000000 1.00000000 576.00000000
324.00000000 622.00000000 2.00000000 574.00000000
992.00000000 556.00000000 2.00000000 574.00000000
606.00000000 659.00000000 1.00000000 570.00000000
928.00000000 852.00000000 0.00000000 566.00000000
1002.00000000 486.00000000 0.00000000 554.00000000
557.00000000 549.00000000 1.00000000 547.00000000
810.00000000 830.00000000 1.00000000 545.00000000
130.00000000 864.00000000 0.00000000 542.00000000
161.00000000 730.00000000 1.00000000 541.00000000
779.00000000 863.00000000 0.00000000 539.00000000
1097.00000000 825.00000000 0.00000000 539.00000000
520.00000000 711.00000000 0.00000000 534.00000000
811.00000000 830.00000000 1.00000000 534.00000000
876.00000000 876.00000000 4.00000000 526.00000000
710.00000000 492.00000000 0.00000000 521.00000000
1001.00000000 705.00000000 1.00000000 519.00000000
620.00000000 552.00000000 0.00000000 518.00000000
1015.00000000 514.00000000 2.00000000 516.00000000
286.00000000 401.00000000 1.00000000 513.00000000
617.00000000 796.00000000 0.00000000 512.00000000
1016.00000000 633.00000000 0.00000000 511.00000000
989.00000000 521.00000000 1.00000000 510.00000000
367.00000000 691.00000000 1.00000000 508.00000000
638.00000000 638.00000000 2.00000000 508.00000000
1046.00000000 735.00000000 1.00000000 507.00000000
28.00000000 686.00000000 0.00000000 507.00000000
932.00000000 663.00000000 1.00000000 507.00000000
904.00000000 551.00000000 0.00000000 507.00000000
247.00000000 522.00000000 1.00000000 506.00000000
368.00000000 692.00000000 2.00000000 505.00000000
930.00000000 766.00000000 0.00000000 503.00000000
879.00000000 873.00000000 2.00000000 503.00000000
1086.00000000 816.00000000 0.00000000 502.00000000
1024.00000000 642.00000000 0.00000000 502.00000000
186.00000000 464.00000000 0.00000000 502.00000000
733.00000000 754.00000000 1.00000000 501.00000000
1097.00000000 827.00000000 1.00000000 501.00000000
811.00000000 829.00000000 0.00000000 500.00000000
676.00000000 739.00000000 1.00000000 497.00000000
1023.00000000 838.00000000 1.00000000 497.00000000
990.00000000 521.00000000 1.00000000 486.00000000
187.00000000 465.00000000 1.00000000 482.00000000
552.00000000 710.00000000 1.00000000 482.00000000
557.00000000 548.00000000 0.00000000 479.00000000
805.00000000 862.00000000 1.00000000 475.00000000
928.00000000 851.00000000 1.00000000 474.00000000
552.00000000 709.00000000 0.00000000 472.00000000
1048.00000000 523.00000000 0.00000000 463.00000000
1046.00000000 734.00000000 0.00000000 463.00000000
218.00000000 478.00000000 0.00000000 460.00000000
805.00000000 862.00000000 0.00000000 457.00000000
1013.00000000 779.00000000 0.00000000 449.00000000
1098.00000000 548.00000000 0.00000000 446.00000000
241.00000000 905.00000000 0.00000000 439.00000000
813.00000000 586.00000000 0.00000000 438.00000000
762.00000000 810.00000000 0.00000000 432.00000000
1088.00000000 721.00000000 0.00000000 429.00000000
280.00000000 755.00000000 0.00000000 428.00000000
675.00000000 738.00000000 0.00000000 426.00000000
992.00000000 556.00000000 0.00000000 425.00000000
992.00000000 735.00000000 0.00000000 416.00000000
278.00000000 543.00000000 0.00000000 413.00000000
546.00000000 717.00000000 0.00000000 412.00000000
354.00000000 700.00000000 0.00000000 409.00000000
275.00000000 491.00000000 0.00000000 408.00000000
1015.00000000 393.00000000 0.00000000 404.00000000
272.00000000 388.00000000 0.00000000 404.00000000
780.00000000 857.00000000 0.00000000 396.00000000
92.00000000 840.00000000 0.00000000 396.00000000
1028.00000000 375.00000000 0.00000000 395.00000000
326.00000000 712.00000000 0.00000000 395.00000000
663.00000000 903.00000000 0.00000000 395.00000000
861.00000000 808.00000000 0.00000000 394.00000000
1023.00000000 837.00000000 0.00000000 393.00000000
1064.00000000 777.00000000 0.00000000 389.00000000
939.00000000 733.00000000 0.00000000 389.00000000
247.00000000 522.00000000 0.00000000 385.00000000
1023.00000000 558.00000000 0.00000000 382.00000000
715.00000000 829.00000000 0.00000000 382.00000000
480.00000000 976.00000000 0.00000000 381.00000000
