1199.00000000 691.00000000 0.00000000 945.00000000
1149.00000000 543.00000000 1.00000000 835.00000000
1162.00000000 481.00000000 1.00000000 834.00000000
1097.00000000 642.00000000 2.00000000 809.00000000
1162.00000000 481.00000000 0.00000000 802.00000000
1098.00000000 640.00000000 2.00000000 785.00000000
1168.00000000 506.00000000 1.00000000 763.00000000
1200.00000000 691.00000000 1.00000000 753.00000000
590.00000000 622.00000000 1.00000000 748.00000000
1074.00000000 731.00000000 0.00000000 693.00000000
1131.00000000 473.00000000 0.00000000 681.00000000
351.00000000 910.00000000 1.00000000 673.00000000
994.00000000 798.00000000 2.00000000 665.00000000
1149.00000000 542.00000000 0.00000000 664.00000000
351.00000000 910.00000000 0.00000000 662.00000000
577.00000000 386.00000000 0.00000000 659.00000000
1149.00000000 543.00000000 1.00000000 655.00000000
1097.00000000 637.00000000 1.00000000 651.00000000
590.00000000 621.00000000 0.00000000 647.00000000
1168.00000000 506.00000000 1.00000000 646.00000000
992.00000000 797.00000000 1.00000000 624.00000000
1096.00000000 644.00000000 4.00000000 623.00000000
1077.00000000 806.00000000 0.00000000 622.00000000
589.00000000 622.00000000 1.00000000 620.00000000
404.00000000 753.00000000 1.00000000 608.00000000
866.00000000 545.00000000 1.00000000 602.00000000
403.00000000 847.00000000 1.00000000 601.00000000
404.00000000 753.00000000 0.00000000 597.00000000
1156.00000000 763.00000000 0.00000000 597.00000000
1170.00000000 508.00000000 2.00000000 593.00000000
865.00000000 545.00000000 1.00000000 591.00000000
1142.00000000 674.00000000 2.00000000 589.00000000
250.00000000 714.00000000 0.00000000 583.00000000
874.00000000 626.00000000 0.00000000 578.00000000
1192.00000000 375.00000000 0.00000000 572.00000000
939.00000000 733.00000000 1.00000000 571.00000000
895.00000000 722.00000000 0.00000000 570.00000000
1132.00000000 474.00000000 1.00000000 566.00000000
1156.00000000 764.00000000 1.00000000 564.00000000
1141.00000000 654.00000000 0.00000000 559.00000000
521.00000000 518.00000000 1.00000000 558.00000000
1097.00000000 638.00000000 1.00000000 557.00000000
1040.00000000 831.00000000 2.00000000 557.00000000
1141.00000000 673.00000000 1.00000000 554.00000000
993.00000000 797.00000000 1.00000000 544.00000000
403.00000000 846.00000000 1.00000000 544.00000000
1040.00000000 832.00000000 2.00000000 541.00000000
931.00000000 753.00000000 1.00000000 534.00000000
813.00000000 543.00000000 1.00000000 533.00000000
844.00000000 649.00000000 1.00000000 533.00000000
1132.00000000 699.00000000 0.00000000 531.00000000
1168.00000000 505.00000000 0.00000000 530.00000000
993.00000000 796.00000000 0.00000000 528.00000000
844.00000000 650.00000000 2.00000000 527.00000000
470.00000000 939.00000000 0.00000000 526.00000000
1168.00000000 695.00000000 0.00000000 526.00000000
1144.00000000 785.00000000 0.00000000 526.00000000
1143.00000000 786.00000000 1.00000000 524.00000000
590.00000000 624.00000000 2.00000000 522.00000000
470.00000000 939.00000000 1.00000000 520.00000000
625.00000000 695.00000000 1.00000000 519.00000000
946.00000000 488.00000000 1.00000000 518.00000000
1132.00000000 700.00000000 1.00000000 517.00000000
268.00000000 852.00000000 4.00000000 516.00000000
577.00000000 387.00000000 1.00000000 516.00000000
1141.00000000 673.00000000 1.00000000 515.00000000
939.00000000 732.00000000 1.00000000 515.00000000
268.00000000 848.00000000 2.00000000 514.00000000
866.00000000 544.00000000 0.00000000 514.00000000
874.00000000 626.00000000 1.00000000 513.00000000
463.00000000 453.00000000 0.00000000 510.00000000
1074.00000000 732.00000000 1.00000000 510.00000000
1132.00000000 793.00000000 1.00000000 500.00000000
815.00000000 893.00000000 1.00000000 494.00000000
793.00000000 702.00000000 1.00000000 493.00000000
1194.00000000 770.00000000 0.00000000 492.00000000
1142.00000000 675.00000000 2.00000000 492.00000000
990.00000000 786.00000000 0.00000000 489.00000000
268.00000000 844.00000000 2.00000000 487.00000000
967.00000000 825.00000000 0.00000000 484.00000000
141.00000000 930.00000000 1.00000000 483.00000000
895.00000000 517.00000000 1.00000000 481.00000000
520.00000000 517.00000000 1.00000000 480.00000000
463.00000000 599.00000000 5.00000000 477.00000000
268.00000000 841.00000000 1.00000000 476.00000000
985.00000000 827.00000000 0.00000000 474.00000000
1202.00000000 639.00000000 0.00000000 473.00000000
813.00000000 542.00000000 0.00000000 473.00000000
763.00000000 705.00000000 0.00000000 471.00000000
610.00000000 704.00000000 0.00000000 470.00000000
141.00000000 929.00000000 0.00000000 467.00000000
793.00000000 702.00000000 0.00000000 465.00000000
947.00000000 487.00000000 0.00000000 463.00000000
965.00000000 831.00000000 0.00000000 463.00000000
467.00000000 520.00000000 1.00000000 463.00000000
464.00000000 454.00000000 1.00000000 463.00000000
515.00000000 912.00000000 0.00000000 458.00000000
1024.00000000 653.00000000 0.00000000 452.00000000
895.00000000 746.00000000 1.00000000 452.00000000
1088.00000000 540.00000000 0.00000000 451.00000000
251.00000000 715.00000000 1.00000000 450.00000000
1151.00000000 512.00000000 1.00000000 450.00000000
465.00000000 554.00000000 0.00000000 447.00000000
467.00000000 519.00000000 0.00000000 446.00000000
1086.00000000 731.00000000 0.00000000 445.00000000
895.00000000 519.00000000 0.00000000 440.00000000
1267.00000000 473.00000000 0.00000000 438.00000000
1086.00000000 738.00000000 0.00000000 437.00000000
605.00000000 759.00000000 0.00000000 433.00000000
868.00000000 881.00000000 0.00000000 422.00000000
231.00000000 959.00000000 0.00000000 421.00000000
521.00000000 518.00000000 0.00000000 418.00000000
76.00000000 928.00000000 0.00000000 417.00000000
553.00000000 781.00000000 0.00000000 412.00000000
998.00000000 941.00000000 0.00000000 407.00000000
957.00000000 782.00000000 0.00000000 407.00000000
1276.00000000 717.00000000 0.00000000 404.00000000
1043.00000000 826.00000000 0.00000000 398.00000000
1096.00000000 702.00000000 0.00000000 396.00000000
840.00000000 782.00000000 0.00000000 392.00000000
939.00000000 734.00000000 0.00000000 392.00000000
895.00000000 745.00000000 0.00000000 391.00000000
581.00000000 720.00000000 0.00000000 390.00000000
1151.00000000 511.00000000 0.00000000 389.00000000
1141.00000000 671.00000000 0.00000000 389.00000000
465.00000000 538.00000000 0.00000000 387.00000000
816.00000000 892.00000000 0.00000000 387.00000000
