46.00000000 802.00000000 2.00000000 571.00000000
45.00000000 801.00000000 1.00000000 510.00000000
192.00000000 373.00000000 5.00000000 461.00000000
408.00000000 380.00000000 2.00000000 446.00000000
407.00000000 379.00000000 1.00000000 438.00000000
572.00000000 268.00000000 4.00000000 415.00000000
188.00000000 439.00000000 1.00000000 409.00000000
571.00000000 265.00000000 2.00000000 401.00000000
45.00000000 803.00000000 2.00000000 391.00000000
200.00000000 372.00000000 4.00000000 385.00000000
188.00000000 438.00000000 0.00000000 360.00000000
136.00000000 621.00000000 0.00000000 357.00000000
572.00000000 262.00000000 2.00000000 356.00000000
408.00000000 379.00000000 1.00000000 333.00000000
444.00000000 500.00000000 0.00000000 321.00000000
135.00000000 620.00000000 1.00000000 317.00000000
89.00000000 240.00000000 0.00000000 312.00000000
96.00000000 185.00000000 1.00000000 299.00000000
186.00000000 441.00000000 1.00000000 298.00000000
200.00000000 370.00000000 2.00000000 295.00000000
494.00000000 299.00000000 0.00000000 289.00000000
346.00000000 272.00000000 2.00000000 277.00000000
407.00000000 381.00000000 2.00000000 277.00000000
406.00000000 236.00000000 2.00000000 270.00000000
572.00000000 260.00000000 1.00000000 262.00000000
196.00000000 350.00000000 1.00000000 260.00000000
196.00000000 350.00000000 0.00000000 256.00000000
405.00000000 236.00000000 1.00000000 255.00000000
164.00000000 188.00000000 2.00000000 249.00000000
273.00000000 413.00000000 1.00000000 248.00000000
241.00000000 602.00000000 0.00000000 248.00000000
456.00000000 482.00000000 0.00000000 244.00000000
346.00000000 272.00000000 1.00000000 243.00000000
241.00000000 602.00000000 1.00000000 243.00000000
185.00000000 131.00000000 1.00000000 242.00000000
97.00000000 185.00000000 1.00000000 233.00000000
573.00000000 258.00000000 1.00000000 232.00000000
397.00000000 63.00000000 1.00000000 232.00000000
136.00000000 248.00000000 2.00000000 230.00000000
406.00000000 236.00000000 1.00000000 228.00000000
162.00000000 183.00000000 1.00000000 228.00000000
443.00000000 501.00000000 1.00000000 228.00000000
475.00000000 509.00000000 0.00000000 225.00000000
169.00000000 62.00000000 1.00000000 224.00000000
134.00000000 619.00000000 1.00000000 224.00000000
409.00000000 378.00000000 0.00000000 222.00000000
176.00000000 76.00000000 1.00000000 221.00000000
642.00000000 404.00000000 1.00000000 219.00000000
175.00000000 76.00000000 1.00000000 214.00000000
264.00000000 518.00000000 1.00000000 213.00000000
270.00000000 418.00000000 1.00000000 213.00000000
88.00000000 241.00000000 1.00000000 212.00000000
384.00000000 432.00000000 2.00000000 211.00000000
163.00000000 183.00000000 1.00000000 210.00000000
389.00000000 367.00000000 1.00000000 209.00000000
407.00000000 411.00000000 1.00000000 205.00000000
395.00000000 63.00000000 1.00000000 205.00000000
209.00000000 598.00000000 1.00000000 203.00000000
495.00000000 299.00000000 1.00000000 201.00000000
391.00000000 864.00000000 0.00000000 200.00000000
476.00000000 510.00000000 1.00000000 198.00000000
407.00000000 410.00000000 0.00000000 197.00000000
64.00000000 209.00000000 1.00000000 197.00000000
168.00000000 61.00000000 0.00000000 197.00000000
348.00000000 273.00000000 1.00000000 197.00000000
496.00000000 257.00000000 1.00000000 196.00000000
209.00000000 598.00000000 0.00000000 190.00000000
698.00000000 663.00000000 1.00000000 189.00000000
446.00000000 691.00000000 1.00000000 188.00000000
176.00000000 75.00000000 0.00000000 188.00000000
46.00000000 802.00000000 1.00000000 187.00000000
453.00000000 483.00000000 1.00000000 187.00000000
455.00000000 483.00000000 1.00000000 187.00000000
496.00000000 255.00000000 0.00000000 186.00000000
642.00000000 403.00000000 1.00000000 185.00000000
391.00000000 840.00000000 0.00000000 184.00000000
699.00000000 664.00000000 1.00000000 184.00000000
388.00000000 366.00000000 0.00000000 182.00000000
517.00000000 211.00000000 1.00000000 181.00000000
272.00000000 412.00000000 0.00000000 180.00000000
561.00000000 657.00000000 1.00000000 179.00000000
13.00000000 343.00000000 0.00000000 176.00000000
516.00000000 211.00000000 0.00000000 176.00000000
65.00000000 197.00000000 0.00000000 176.00000000
542.00000000 490.00000000 1.00000000 173.00000000
14.00000000 352.00000000 0.00000000 173.00000000
396.00000000 62.00000000 0.00000000 171.00000000
573.00000000 258.00000000 0.00000000 171.00000000
185.00000000 130.00000000 0.00000000 169.00000000
446.00000000 691.00000000 0.00000000 168.00000000
141.00000000 241.00000000 0.00000000 166.00000000
386.00000000 429.00000000 0.00000000 162.00000000
64.00000000 209.00000000 0.00000000 162.00000000
163.00000000 182.00000000 0.00000000 159.00000000
483.00000000 753.00000000 0.00000000 153.00000000
405.00000000 235.00000000 0.00000000 149.00000000
199.00000000 386.00000000 0.00000000 144.00000000
264.00000000 517.00000000 0.00000000 144.00000000
183.00000000 284.00000000 0.00000000 143.00000000
404.00000000 12.00000000 0.00000000 140.00000000
44.00000000 835.00000000 0.00000000 137.00000000
391.00000000 778.00000000 0.00000000 137.00000000
642.00000000 403.00000000 0.00000000 135.00000000
115.00000000 87.00000000 0.00000000 134.00000000
470.00000000 502.00000000 0.00000000 132.00000000
188.00000000 454.00000000 0.00000000 131.00000000
294.00000000 700.00000000 0.00000000 131.00000000
387.00000000 422.00000000 0.00000000 128.00000000
465.00000000 492.00000000 0.00000000 126.00000000
39.00000000 811.00000000 0.00000000 126.00000000
19.00000000 322.00000000 0.00000000 124.00000000
16.00000000 332.00000000 0.00000000 123.00000000
429.00000000 528.00000000 0.00000000 123.00000000
443.00000000 239.00000000 0.00000000 122.00000000
698.00000000 663.00000000 0.00000000 121.00000000
422.00000000 579.00000000 0.00000000 121.00000000
19.00000000 451.00000000 0.00000000 119.00000000
631.00000000 379.00000000 0.00000000 119.00000000
697.00000000 950.00000000 0.00000000 119.00000000
391.00000000 872.00000000 0.00000000 118.00000000
512.00000000 133.00000000 0.00000000 118.00000000
615.00000000 265.00000000 0.00000000 117.00000000
460.00000000 207.00000000 0.00000000 117.00000000
461.00000000 242.00000000 0.00000000 116.00000000
346.00000000 755.00000000 0.00000000 115.00000000
475.00000000 405.00000000 0.00000000 115.00000000
535.00000000 383.00000000 0.00000000 114.00000000
