451.00000000 192.00000000 1.00000000 878.00000000
449.00000000 192.00000000 1.00000000 848.00000000
476.00000000 560.00000000 1.00000000 841.00000000
450.00000000 192.00000000 2.00000000 741.00000000
583.00000000 375.00000000 0.00000000 724.00000000
355.00000000 67.00000000 0.00000000 713.00000000
506.00000000 584.00000000 2.00000000 707.00000000
342.00000000 353.00000000 1.00000000 689.00000000
356.00000000 492.00000000 4.00000000 688.00000000
451.00000000 191.00000000 0.00000000 682.00000000
240.00000000 110.00000000 1.00000000 673.00000000
249.00000000 125.00000000 1.00000000 646.00000000
239.00000000 110.00000000 1.00000000 642.00000000
476.00000000 562.00000000 2.00000000 641.00000000
687.00000000 520.00000000 1.00000000 636.00000000
440.00000000 574.00000000 2.00000000 634.00000000
687.00000000 519.00000000 1.00000000 628.00000000
476.00000000 559.00000000 1.00000000 622.00000000
438.00000000 574.00000000 1.00000000 603.00000000
601.00000000 437.00000000 0.00000000 600.00000000
340.00000000 353.00000000 1.00000000 600.00000000
615.00000000 591.00000000 0.00000000 599.00000000
506.00000000 588.00000000 2.00000000 599.00000000
507.00000000 582.00000000 1.00000000 594.00000000
553.00000000 557.00000000 1.00000000 588.00000000
633.00000000 311.00000000 1.00000000 574.00000000
552.00000000 558.00000000 1.00000000 571.00000000
508.00000000 476.00000000 2.00000000 568.00000000
355.00000000 67.00000000 1.00000000 562.00000000
658.00000000 217.00000000 0.00000000 562.00000000
763.00000000 366.00000000 1.00000000 559.00000000
574.00000000 488.00000000 1.00000000 556.00000000
763.00000000 365.00000000 0.00000000 556.00000000
509.00000000 478.00000000 2.00000000 556.00000000
292.00000000 321.00000000 1.00000000 552.00000000
580.00000000 436.00000000 0.00000000 550.00000000
770.00000000 479.00000000 1.00000000 550.00000000
583.00000000 375.00000000 1.00000000 546.00000000
775.00000000 377.00000000 1.00000000 543.00000000
248.00000000 124.00000000 0.00000000 539.00000000
712.00000000 307.00000000 0.00000000 536.00000000
591.00000000 229.00000000 0.00000000 533.00000000
238.00000000 110.00000000 2.00000000 533.00000000
633.00000000 312.00000000 1.00000000 532.00000000
292.00000000 321.00000000 0.00000000 532.00000000
270.00000000 359.00000000 1.00000000 529.00000000
356.00000000 489.00000000 2.00000000 526.00000000
567.00000000 413.00000000 0.00000000 525.00000000
435.00000000 500.00000000 2.00000000 522.00000000
423.00000000 284.00000000 1.00000000 522.00000000
26.00000000 199.00000000 1.00000000 515.00000000
739.00000000 266.00000000 0.00000000 511.00000000
436.00000000 498.00000000 2.00000000 510.00000000
630.00000000 478.00000000 2.00000000 509.00000000
574.00000000 490.00000000 1.00000000 508.00000000
416.00000000 557.00000000 1.00000000 505.00000000
776.00000000 393.00000000 1.00000000 505.00000000
509.00000000 475.00000000 0.00000000 504.00000000
553.00000000 557.00000000 0.00000000 503.00000000
582.00000000 38.00000000 0.00000000 497.00000000
420.00000000 316.00000000 1.00000000 496.00000000
657.00000000 400.00000000 1.00000000 496.00000000
581.00000000 437.00000000 1.00000000 493.00000000
774.00000000 376.00000000 0.00000000 492.00000000
340.00000000 369.00000000 1.00000000 492.00000000
438.00000000 496.00000000 1.00000000 492.00000000
657.00000000 401.00000000 1.00000000 488.00000000
770.00000000 479.00000000 0.00000000 488.00000000
524.00000000 521.00000000 1.00000000 486.00000000
633.00000000 310.00000000 0.00000000 484.00000000
644.00000000 217.00000000 0.00000000 480.00000000
429.00000000 108.00000000 0.00000000 476.00000000
439.00000000 573.00000000 1.00000000 476.00000000
509.00000000 476.00000000 1.00000000 475.00000000
605.00000000 413.00000000 1.00000000 473.00000000
476.00000000 31.00000000 0.00000000 468.00000000
436.00000000 113.00000000 0.00000000 467.00000000
516.00000000 541.00000000 0.00000000 467.00000000
574.00000000 487.00000000 0.00000000 465.00000000
771.00000000 480.00000000 1.00000000 465.00000000
240.00000000 110.00000000 0.00000000 463.00000000
593.00000000 412.00000000 0.00000000 461.00000000
663.00000000 144.00000000 1.00000000 460.00000000
422.00000000 283.00000000 0.00000000 459.00000000
126.00000000 407.00000000 1.00000000 458.00000000
507.00000000 240.00000000 0.00000000 456.00000000
779.00000000 46.00000000 0.00000000 453.00000000
553.00000000 158.00000000 0.00000000 451.00000000
486.00000000 489.00000000 1.00000000 448.00000000
356.00000000 497.00000000 5.00000000 448.00000000
420.00000000 316.00000000 0.00000000 447.00000000
718.00000000 319.00000000 1.00000000 447.00000000
642.00000000 234.00000000 0.00000000 447.00000000
507.00000000 581.00000000 1.00000000 447.00000000
668.00000000 263.00000000 0.00000000 447.00000000
378.00000000 137.00000000 0.00000000 444.00000000
27.00000000 199.00000000 1.00000000 442.00000000
635.00000000 216.00000000 0.00000000 441.00000000
735.00000000 412.00000000 1.00000000 440.00000000
687.00000000 518.00000000 0.00000000 440.00000000
734.00000000 411.00000000 0.00000000 434.00000000
212.00000000 411.00000000 0.00000000 433.00000000
260.00000000 347.00000000 0.00000000 431.00000000
486.00000000 487.00000000 0.00000000 430.00000000
787.00000000 473.00000000 0.00000000 429.00000000
268.00000000 556.00000000 4.00000000 419.00000000
126.00000000 405.00000000 0.00000000 417.00000000
342.00000000 352.00000000 0.00000000 415.00000000
525.00000000 519.00000000 0.00000000 412.00000000
718.00000000 319.00000000 0.00000000 412.00000000
604.00000000 412.00000000 0.00000000 408.00000000
27.00000000 159.00000000 0.00000000 399.00000000
555.00000000 587.00000000 0.00000000 399.00000000
552.00000000 282.00000000 0.00000000 394.00000000
476.00000000 558.00000000 0.00000000 392.00000000
72.00000000 201.00000000 0.00000000 388.00000000
413.00000000 283.00000000 0.00000000 388.00000000
439.00000000 613.00000000 0.00000000 386.00000000
663.00000000 183.00000000 0.00000000 383.00000000
106.00000000 217.00000000 0.00000000 381.00000000
775.00000000 393.00000000 0.00000000 378.00000000
403.00000000 283.00000000 0.00000000 375.00000000
27.00000000 197.00000000 0.00000000 370.00000000
696.00000000 159.00000000 0.00000000 368.00000000
207.00000000 379.00000000 0.00000000 367.00000000
271.00000000 357.00000000 0.00000000 366.00000000
583.00000000 512.00000000 0.00000000 366.00000000
