307.00000000 321.00000000 0.00000000 724.00000000
343.00000000 205.00000000 0.00000000 600.00000000
343.00000000 206.00000000 1.00000000 566.00000000
802.00000000 533.00000000 1.00000000 563.00000000
398.00000000 273.00000000 1.00000000 525.00000000
460.00000000 300.00000000 1.00000000 513.00000000
415.00000000 395.00000000 0.00000000 502.00000000
398.00000000 272.00000000 0.00000000 497.00000000
547.00000000 298.00000000 1.00000000 486.00000000
308.00000000 331.00000000 0.00000000 478.00000000
720.00000000 320.00000000 4.00000000 478.00000000
412.00000000 528.00000000 1.00000000 477.00000000
441.00000000 427.00000000 0.00000000 471.00000000
468.00000000 480.00000000 2.00000000 469.00000000
478.00000000 194.00000000 0.00000000 466.00000000
231.00000000 333.00000000 1.00000000 464.00000000
308.00000000 321.00000000 1.00000000 460.00000000
548.00000000 296.00000000 0.00000000 456.00000000
585.00000000 520.00000000 2.00000000 454.00000000
803.00000000 533.00000000 1.00000000 444.00000000
397.00000000 272.00000000 1.00000000 441.00000000
459.00000000 301.00000000 1.00000000 436.00000000
442.00000000 460.00000000 2.00000000 433.00000000
442.00000000 459.00000000 1.00000000 430.00000000
633.00000000 391.00000000 1.00000000 428.00000000
231.00000000 332.00000000 0.00000000 426.00000000
424.00000000 360.00000000 0.00000000 417.00000000
425.00000000 420.00000000 0.00000000 417.00000000
803.00000000 533.00000000 0.00000000 410.00000000
584.00000000 518.00000000 2.00000000 409.00000000
832.00000000 43.00000000 0.00000000 407.00000000
583.00000000 240.00000000 1.00000000 405.00000000
412.00000000 527.00000000 0.00000000 404.00000000
634.00000000 394.00000000 2.00000000 403.00000000
460.00000000 299.00000000 0.00000000 403.00000000
724.00000000 316.00000000 5.00000000 402.00000000
316.00000000 257.00000000 1.00000000 401.00000000
230.00000000 333.00000000 1.00000000 400.00000000
633.00000000 391.00000000 1.00000000 400.00000000
533.00000000 567.00000000 1.00000000 400.00000000
589.00000000 449.00000000 1.00000000 399.00000000
384.00000000 528.00000000 2.00000000 397.00000000
368.00000000 496.00000000 1.00000000 395.00000000
333.00000000 456.00000000 0.00000000 393.00000000
369.00000000 497.00000000 1.00000000 390.00000000
443.00000000 459.00000000 1.00000000 389.00000000
432.00000000 498.00000000 1.00000000 388.00000000
287.00000000 322.00000000 1.00000000 387.00000000
589.00000000 449.00000000 1.00000000 382.00000000
479.00000000 111.00000000 1.00000000 377.00000000
719.00000000 111.00000000 1.00000000 373.00000000
780.00000000 142.00000000 1.00000000 371.00000000
426.00000000 420.00000000 1.00000000 369.00000000
468.00000000 479.00000000 1.00000000 369.00000000
542.00000000 367.00000000 0.00000000 369.00000000
582.00000000 240.00000000 1.00000000 368.00000000
315.00000000 408.00000000 1.00000000 367.00000000
721.00000000 316.00000000 2.00000000 367.00000000
657.00000000 414.00000000 1.00000000 367.00000000
372.00000000 339.00000000 0.00000000 361.00000000
317.00000000 256.00000000 1.00000000 361.00000000
274.00000000 181.00000000 0.00000000 361.00000000
662.00000000 440.00000000 2.00000000 360.00000000
367.00000000 494.00000000 0.00000000 360.00000000
781.00000000 143.00000000 1.00000000 360.00000000
478.00000000 112.00000000 2.00000000 359.00000000
432.00000000 497.00000000 0.00000000 359.00000000
659.00000000 121.00000000 1.00000000 357.00000000
316.00000000 410.00000000 2.00000000 356.00000000
308.00000000 331.00000000 1.00000000 356.00000000
746.00000000 513.00000000 1.00000000 356.00000000
604.00000000 576.00000000 4.00000000 355.00000000
799.00000000 239.00000000 0.00000000 353.00000000
381.00000000 436.00000000 0.00000000 353.00000000
582.00000000 240.00000000 0.00000000 352.00000000
479.00000000 110.00000000 1.00000000 352.00000000
750.00000000 477.00000000 1.00000000 348.00000000
746.00000000 512.00000000 0.00000000 347.00000000
231.00000000 270.00000000 0.00000000 347.00000000
443.00000000 403.00000000 1.00000000 346.00000000
372.00000000 339.00000000 1.00000000 344.00000000
535.00000000 333.00000000 0.00000000 344.00000000
334.00000000 298.00000000 0.00000000 343.00000000
720.00000000 310.00000000 1.00000000 342.00000000
385.00000000 12.00000000 0.00000000 342.00000000
382.00000000 436.00000000 1.00000000 341.00000000
414.00000000 395.00000000 1.00000000 339.00000000
434.00000000 400.00000000 0.00000000 339.00000000
469.00000000 480.00000000 2.00000000 337.00000000
335.00000000 372.00000000 0.00000000 336.00000000
589.00000000 448.00000000 0.00000000 335.00000000
799.00000000 240.00000000 1.00000000 335.00000000
556.00000000 315.00000000 1.00000000 334.00000000
287.00000000 321.00000000 0.00000000 334.00000000
324.00000000 490.00000000 1.00000000 334.00000000
633.00000000 391.00000000 0.00000000 332.00000000
441.00000000 461.00000000 2.00000000 331.00000000
388.00000000 496.00000000 0.00000000 329.00000000
472.00000000 245.00000000 0.00000000 328.00000000
260.00000000 166.00000000 0.00000000 322.00000000
720.00000000 449.00000000 0.00000000 321.00000000
719.00000000 111.00000000 0.00000000 319.00000000
442.00000000 403.00000000 0.00000000 314.00000000
464.00000000 196.00000000 0.00000000 314.00000000
480.00000000 154.00000000 0.00000000 313.00000000
461.00000000 598.00000000 0.00000000 309.00000000
260.00000000 190.00000000 0.00000000 307.00000000
506.00000000 219.00000000 0.00000000 306.00000000
512.00000000 488.00000000 0.00000000 305.00000000
506.00000000 234.00000000 0.00000000 305.00000000
422.00000000 219.00000000 0.00000000 304.00000000
372.00000000 383.00000000 0.00000000 300.00000000
516.00000000 113.00000000 0.00000000 299.00000000
316.00000000 255.00000000 0.00000000 299.00000000
308.00000000 217.00000000 0.00000000 297.00000000
492.00000000 244.00000000 0.00000000 296.00000000
464.00000000 215.00000000 0.00000000 295.00000000
350.00000000 492.00000000 0.00000000 293.00000000
220.00000000 243.00000000 0.00000000 293.00000000
635.00000000 422.00000000 0.00000000 286.00000000
613.00000000 72.00000000 0.00000000 286.00000000
523.00000000 536.00000000 0.00000000 286.00000000
220.00000000 224.00000000 0.00000000 285.00000000
387.00000000 376.00000000 0.00000000 285.00000000
443.00000000 458.00000000 0.00000000 283.00000000
393.00000000 481.00000000 0.00000000 281.00000000
781.00000000 142.00000000 0.00000000 280.00000000
