346.00000000 782.00000000 2.00000000 658.00000000
345.00000000 783.00000000 2.00000000 493.00000000
345.00000000 780.00000000 1.00000000 477.00000000
650.00000000 350.00000000 2.00000000 464.00000000
652.00000000 356.00000000 4.00000000 455.00000000
650.00000000 347.00000000 1.00000000 451.00000000
582.00000000 401.00000000 1.00000000 449.00000000
650.00000000 350.00000000 2.00000000 446.00000000
581.00000000 401.00000000 1.00000000 422.00000000
656.00000000 356.00000000 5.00000000 419.00000000
651.00000000 347.00000000 1.00000000 393.00000000
581.00000000 401.00000000 0.00000000 320.00000000
414.00000000 584.00000000 0.00000000 315.00000000
600.00000000 342.00000000 2.00000000 302.00000000
651.00000000 346.00000000 0.00000000 290.00000000
731.00000000 249.00000000 1.00000000 284.00000000
723.00000000 431.00000000 1.00000000 274.00000000
582.00000000 404.00000000 2.00000000 271.00000000
535.00000000 62.00000000 1.00000000 266.00000000
604.00000000 498.00000000 0.00000000 264.00000000
413.00000000 583.00000000 1.00000000 263.00000000
96.00000000 452.00000000 4.00000000 260.00000000
503.00000000 407.00000000 1.00000000 257.00000000
441.00000000 410.00000000 0.00000000 250.00000000
731.00000000 248.00000000 1.00000000 248.00000000
609.00000000 485.00000000 0.00000000 247.00000000
599.00000000 340.00000000 1.00000000 247.00000000
503.00000000 406.00000000 1.00000000 246.00000000
98.00000000 446.00000000 2.00000000 245.00000000
721.00000000 422.00000000 0.00000000 245.00000000
442.00000000 411.00000000 1.00000000 242.00000000
726.00000000 237.00000000 0.00000000 242.00000000
570.00000000 388.00000000 0.00000000 238.00000000
535.00000000 61.00000000 0.00000000 237.00000000
581.00000000 424.00000000 1.00000000 234.00000000
412.00000000 582.00000000 1.00000000 230.00000000
596.00000000 345.00000000 2.00000000 229.00000000
723.00000000 431.00000000 0.00000000 228.00000000
659.00000000 188.00000000 1.00000000 227.00000000
647.00000000 499.00000000 1.00000000 224.00000000
722.00000000 422.00000000 1.00000000 221.00000000
494.00000000 567.00000000 0.00000000 220.00000000
340.00000000 791.00000000 0.00000000 217.00000000
601.00000000 340.00000000 1.00000000 216.00000000
633.00000000 530.00000000 1.00000000 214.00000000
647.00000000 498.00000000 0.00000000 213.00000000
471.00000000 563.00000000 1.00000000 210.00000000
618.00000000 374.00000000 1.00000000 207.00000000
659.00000000 188.00000000 1.00000000 204.00000000
609.00000000 486.00000000 1.00000000 204.00000000
570.00000000 390.00000000 1.00000000 203.00000000
618.00000000 374.00000000 1.00000000 202.00000000
724.00000000 431.00000000 1.00000000 202.00000000
615.00000000 635.00000000 1.00000000 201.00000000
495.00000000 568.00000000 1.00000000 201.00000000
615.00000000 634.00000000 0.00000000 200.00000000
441.00000000 325.00000000 0.00000000 199.00000000
534.00000000 62.00000000 1.00000000 195.00000000
504.00000000 494.00000000 0.00000000 195.00000000
726.00000000 238.00000000 1.00000000 193.00000000
400.00000000 35.00000000 1.00000000 193.00000000
659.00000000 187.00000000 0.00000000 192.00000000
626.00000000 816.00000000 2.00000000 190.00000000
441.00000000 412.00000000 1.00000000 189.00000000
347.00000000 781.00000000 1.00000000 188.00000000
102.00000000 442.00000000 2.00000000 186.00000000
633.00000000 531.00000000 1.00000000 185.00000000
441.00000000 326.00000000 1.00000000 185.00000000
662.00000000 608.00000000 1.00000000 184.00000000
690.00000000 426.00000000 1.00000000 183.00000000
401.00000000 35.00000000 1.00000000 183.00000000
608.00000000 485.00000000 1.00000000 182.00000000
599.00000000 554.00000000 0.00000000 181.00000000
731.00000000 248.00000000 0.00000000 180.00000000
470.00000000 561.00000000 1.00000000 179.00000000
678.00000000 416.00000000 2.00000000 179.00000000
602.00000000 338.00000000 0.00000000 179.00000000
450.00000000 346.00000000 2.00000000 176.00000000
640.00000000 424.00000000 0.00000000 173.00000000
608.00000000 309.00000000 0.00000000 173.00000000
581.00000000 424.00000000 0.00000000 170.00000000
504.00000000 496.00000000 1.00000000 169.00000000
662.00000000 608.00000000 0.00000000 163.00000000
310.00000000 652.00000000 1.00000000 163.00000000
503.00000000 404.00000000 0.00000000 163.00000000
569.00000000 91.00000000 0.00000000 162.00000000
471.00000000 563.00000000 0.00000000 160.00000000
618.00000000 328.00000000 0.00000000 160.00000000
613.00000000 833.00000000 1.00000000 157.00000000
415.00000000 98.00000000 1.00000000 157.00000000
724.00000000 408.00000000 0.00000000 157.00000000
681.00000000 451.00000000 0.00000000 154.00000000
678.00000000 418.00000000 0.00000000 153.00000000
732.00000000 259.00000000 0.00000000 152.00000000
690.00000000 416.00000000 0.00000000 151.00000000
108.00000000 434.00000000 0.00000000 150.00000000
107.00000000 435.00000000 1.00000000 150.00000000
586.00000000 435.00000000 1.00000000 147.00000000
572.00000000 437.00000000 0.00000000 146.00000000
661.00000000 520.00000000 0.00000000 144.00000000
586.00000000 434.00000000 0.00000000 140.00000000
415.00000000 98.00000000 0.00000000 140.00000000
298.00000000 92.00000000 0.00000000 139.00000000
393.00000000 12.00000000 0.00000000 137.00000000
644.00000000 267.00000000 0.00000000 137.00000000
530.00000000 475.00000000 0.00000000 136.00000000
617.00000000 501.00000000 0.00000000 135.00000000
673.00000000 408.00000000 0.00000000 134.00000000
690.00000000 425.00000000 0.00000000 131.00000000
525.00000000 545.00000000 0.00000000 130.00000000
348.00000000 816.00000000 0.00000000 130.00000000
646.00000000 294.00000000 0.00000000 129.00000000
443.00000000 426.00000000 0.00000000 128.00000000
544.00000000 70.00000000 0.00000000 126.00000000
573.00000000 288.00000000 0.00000000 123.00000000
618.00000000 374.00000000 0.00000000 123.00000000
613.00000000 833.00000000 0.00000000 122.00000000
655.00000000 391.00000000 0.00000000 121.00000000
559.00000000 145.00000000 0.00000000 119.00000000
709.00000000 609.00000000 0.00000000 119.00000000
700.00000000 793.00000000 0.00000000 118.00000000
345.00000000 770.00000000 0.00000000 118.00000000
595.00000000 584.00000000 0.00000000 118.00000000
474.00000000 350.00000000 0.00000000 115.00000000
560.00000000 106.00000000 0.00000000 113.00000000
601.00000000 782.00000000 0.00000000 113.00000000
664.00000000 560.00000000 0.00000000 112.00000000
