144.00000000 794.00000000 2.00000000 517.00000000
146.00000000 792.00000000 2.00000000 496.00000000
570.00000000 354.00000000 2.00000000 395.00000000
265.00000000 579.00000000 0.00000000 383.00000000
569.00000000 352.00000000 1.00000000 371.00000000
265.00000000 579.00000000 1.00000000 365.00000000
326.00000000 379.00000000 1.00000000 365.00000000
148.00000000 796.00000000 4.00000000 341.00000000
325.00000000 380.00000000 1.00000000 327.00000000
716.00000000 272.00000000 2.00000000 307.00000000
570.00000000 353.00000000 1.00000000 287.00000000
264.00000000 578.00000000 1.00000000 284.00000000
604.00000000 475.00000000 0.00000000 279.00000000
712.00000000 274.00000000 2.00000000 279.00000000
715.00000000 270.00000000 1.00000000 277.00000000
326.00000000 378.00000000 0.00000000 274.00000000
649.00000000 291.00000000 0.00000000 264.00000000
568.00000000 353.00000000 2.00000000 261.00000000
147.00000000 791.00000000 1.00000000 253.00000000
145.00000000 50.00000000 1.00000000 248.00000000
395.00000000 562.00000000 0.00000000 247.00000000
182.00000000 115.00000000 1.00000000 246.00000000
610.00000000 274.00000000 2.00000000 242.00000000
612.00000000 276.00000000 4.00000000 242.00000000
324.00000000 382.00000000 2.00000000 236.00000000
716.00000000 269.00000000 1.00000000 235.00000000
144.00000000 49.00000000 0.00000000 234.00000000
181.00000000 115.00000000 0.00000000 231.00000000
333.00000000 299.00000000 5.00000000 231.00000000
427.00000000 366.00000000 1.00000000 230.00000000
420.00000000 476.00000000 1.00000000 224.00000000
428.00000000 368.00000000 2.00000000 223.00000000
396.00000000 563.00000000 1.00000000 222.00000000
190.00000000 48.00000000 2.00000000 221.00000000
615.00000000 459.00000000 0.00000000 216.00000000
555.00000000 31.00000000 1.00000000 214.00000000
560.00000000 796.00000000 0.00000000 205.00000000
312.00000000 22.00000000 1.00000000 204.00000000
634.00000000 486.00000000 0.00000000 204.00000000
604.00000000 476.00000000 1.00000000 201.00000000
609.00000000 654.00000000 0.00000000 197.00000000
691.00000000 474.00000000 1.00000000 196.00000000
550.00000000 338.00000000 1.00000000 195.00000000
395.00000000 564.00000000 1.00000000 191.00000000
609.00000000 655.00000000 1.00000000 190.00000000
615.00000000 460.00000000 1.00000000 188.00000000
614.00000000 272.00000000 2.00000000 187.00000000
427.00000000 365.00000000 1.00000000 187.00000000
190.00000000 48.00000000 1.00000000 186.00000000
716.00000000 268.00000000 0.00000000 185.00000000
613.00000000 459.00000000 1.00000000 185.00000000
708.00000000 625.00000000 1.00000000 185.00000000
333.00000000 280.00000000 1.00000000 182.00000000
612.00000000 460.00000000 2.00000000 181.00000000
357.00000000 557.00000000 1.00000000 178.00000000
357.00000000 557.00000000 0.00000000 177.00000000
333.00000000 279.00000000 0.00000000 175.00000000
570.00000000 352.00000000 0.00000000 173.00000000
561.00000000 818.00000000 0.00000000 170.00000000
554.00000000 31.00000000 1.00000000 169.00000000
650.00000000 291.00000000 1.00000000 169.00000000
357.00000000 555.00000000 1.00000000 167.00000000
690.00000000 475.00000000 1.00000000 166.00000000
550.00000000 337.00000000 0.00000000 164.00000000
709.00000000 624.00000000 1.00000000 163.00000000
143.00000000 66.00000000 1.00000000 162.00000000
142.00000000 50.00000000 1.00000000 159.00000000
560.00000000 796.00000000 1.00000000 158.00000000
68.00000000 221.00000000 1.00000000 157.00000000
560.00000000 809.00000000 1.00000000 156.00000000
555.00000000 30.00000000 0.00000000 155.00000000
313.00000000 22.00000000 1.00000000 151.00000000
643.00000000 311.00000000 1.00000000 150.00000000
569.00000000 384.00000000 0.00000000 149.00000000
137.00000000 803.00000000 0.00000000 149.00000000
685.00000000 376.00000000 1.00000000 149.00000000
70.00000000 233.00000000 1.00000000 149.00000000
586.00000000 549.00000000 1.00000000 148.00000000
500.00000000 523.00000000 1.00000000 148.00000000
644.00000000 710.00000000 0.00000000 147.00000000
191.00000000 100.00000000 1.00000000 144.00000000
143.00000000 65.00000000 0.00000000 144.00000000
628.00000000 479.00000000 1.00000000 143.00000000
651.00000000 251.00000000 1.00000000 142.00000000
137.00000000 803.00000000 1.00000000 141.00000000
458.00000000 664.00000000 0.00000000 139.00000000
651.00000000 250.00000000 0.00000000 139.00000000
586.00000000 549.00000000 0.00000000 137.00000000
560.00000000 738.00000000 0.00000000 134.00000000
685.00000000 376.00000000 0.00000000 131.00000000
326.00000000 396.00000000 0.00000000 129.00000000
549.00000000 393.00000000 0.00000000 129.00000000
691.00000000 473.00000000 0.00000000 128.00000000
628.00000000 479.00000000 0.00000000 127.00000000
72.00000000 243.00000000 0.00000000 125.00000000
624.00000000 470.00000000 0.00000000 125.00000000
668.00000000 212.00000000 0.00000000 122.00000000
146.00000000 781.00000000 0.00000000 121.00000000
68.00000000 220.00000000 0.00000000 118.00000000
420.00000000 475.00000000 0.00000000 118.00000000
709.00000000 623.00000000 0.00000000 116.00000000
591.00000000 500.00000000 0.00000000 113.00000000
643.00000000 307.00000000 0.00000000 113.00000000
719.00000000 503.00000000 0.00000000 112.00000000
219.00000000 371.00000000 0.00000000 112.00000000
499.00000000 523.00000000 0.00000000 112.00000000
562.00000000 826.00000000 0.00000000 110.00000000
492.00000000 485.00000000 0.00000000 110.00000000
576.00000000 395.00000000 0.00000000 108.00000000
516.00000000 779.00000000 0.00000000 108.00000000
337.00000000 320.00000000 0.00000000 107.00000000
86.00000000 360.00000000 0.00000000 107.00000000
560.00000000 808.00000000 0.00000000 106.00000000
468.00000000 449.00000000 0.00000000 105.00000000
741.00000000 453.00000000 0.00000000 105.00000000
191.00000000 99.00000000 0.00000000 104.00000000
663.00000000 137.00000000 0.00000000 104.00000000
548.00000000 400.00000000 0.00000000 103.00000000
516.00000000 772.00000000 0.00000000 101.00000000
560.00000000 785.00000000 0.00000000 101.00000000
515.00000000 717.00000000 0.00000000 101.00000000
742.00000000 395.00000000 0.00000000 100.00000000
435.00000000 789.00000000 0.00000000 100.00000000
203.00000000 526.00000000 0.00000000 97.00000000
618.00000000 229.00000000 0.00000000 97.00000000
718.00000000 559.00000000 0.00000000 96.00000000
429.00000000 457.00000000 0.00000000 95.00000000
