250.00000000 306.00000000 0.00000000 724.00000000
292.00000000 187.00000000 0.00000000 642.00000000
768.00000000 522.00000000 1.00000000 622.00000000
292.00000000 188.00000000 1.00000000 621.00000000
250.00000000 307.00000000 1.00000000 541.00000000
350.00000000 258.00000000 1.00000000 530.00000000
361.00000000 520.00000000 1.00000000 516.00000000
394.00000000 417.00000000 0.00000000 512.00000000
366.00000000 383.00000000 0.00000000 506.00000000
422.00000000 470.00000000 2.00000000 495.00000000
251.00000000 317.00000000 0.00000000 490.00000000
166.00000000 318.00000000 1.00000000 486.00000000
598.00000000 381.00000000 1.00000000 483.00000000
543.00000000 509.00000000 2.00000000 480.00000000
767.00000000 521.00000000 1.00000000 476.00000000
417.00000000 286.00000000 1.00000000 476.00000000
510.00000000 285.00000000 1.00000000 473.00000000
692.00000000 308.00000000 4.00000000 471.00000000
350.00000000 257.00000000 0.00000000 468.00000000
330.00000000 522.00000000 2.00000000 468.00000000
376.00000000 348.00000000 0.00000000 463.00000000
417.00000000 287.00000000 1.00000000 463.00000000
438.00000000 178.00000000 0.00000000 460.00000000
350.00000000 257.00000000 1.00000000 452.00000000
767.00000000 522.00000000 0.00000000 446.00000000
394.00000000 452.00000000 2.00000000 443.00000000
313.00000000 489.00000000 1.00000000 439.00000000
251.00000000 317.00000000 1.00000000 438.00000000
417.00000000 285.00000000 0.00000000 438.00000000
487.00000000 558.00000000 1.00000000 437.00000000
165.00000000 318.00000000 1.00000000 433.00000000
510.00000000 284.00000000 0.00000000 430.00000000
394.00000000 449.00000000 1.00000000 427.00000000
382.00000000 489.00000000 1.00000000 427.00000000
598.00000000 381.00000000 1.00000000 426.00000000
376.00000000 410.00000000 0.00000000 426.00000000
291.00000000 425.00000000 1.00000000 423.00000000
598.00000000 384.00000000 2.00000000 421.00000000
811.00000000 36.00000000 0.00000000 420.00000000
690.00000000 311.00000000 5.00000000 419.00000000
291.00000000 188.00000000 1.00000000 417.00000000
440.00000000 94.00000000 2.00000000 413.00000000
261.00000000 240.00000000 1.00000000 412.00000000
441.00000000 93.00000000 1.00000000 409.00000000
377.00000000 410.00000000 1.00000000 406.00000000
360.00000000 520.00000000 1.00000000 404.00000000
313.00000000 488.00000000 1.00000000 403.00000000
166.00000000 317.00000000 0.00000000 401.00000000
544.00000000 510.00000000 2.00000000 399.00000000
502.00000000 357.00000000 0.00000000 398.00000000
280.00000000 283.00000000 0.00000000 397.00000000
548.00000000 227.00000000 1.00000000 397.00000000
693.00000000 100.00000000 1.00000000 396.00000000
350.00000000 258.00000000 2.00000000 393.00000000
551.00000000 438.00000000 1.00000000 393.00000000
416.00000000 288.00000000 2.00000000 391.00000000
712.00000000 502.00000000 0.00000000 391.00000000
258.00000000 397.00000000 1.00000000 391.00000000
216.00000000 160.00000000 0.00000000 391.00000000
551.00000000 439.00000000 1.00000000 390.00000000
441.00000000 138.00000000 1.00000000 386.00000000
227.00000000 307.00000000 1.00000000 385.00000000
496.00000000 322.00000000 0.00000000 382.00000000
275.00000000 447.00000000 0.00000000 381.00000000
395.00000000 449.00000000 1.00000000 381.00000000
393.00000000 452.00000000 2.00000000 381.00000000
716.00000000 466.00000000 1.00000000 380.00000000
361.00000000 519.00000000 0.00000000 379.00000000
423.00000000 180.00000000 0.00000000 376.00000000
330.00000000 426.00000000 0.00000000 376.00000000
711.00000000 503.00000000 1.00000000 374.00000000
366.00000000 384.00000000 1.00000000 373.00000000
312.00000000 486.00000000 0.00000000 370.00000000
382.00000000 489.00000000 0.00000000 369.00000000
689.00000000 300.00000000 1.00000000 368.00000000
396.00000000 392.00000000 1.00000000 366.00000000
155.00000000 224.00000000 0.00000000 365.00000000
201.00000000 145.00000000 0.00000000 365.00000000
421.00000000 472.00000000 2.00000000 365.00000000
329.00000000 426.00000000 1.00000000 364.00000000
690.00000000 308.00000000 2.00000000 364.00000000
518.00000000 303.00000000 1.00000000 363.00000000
544.00000000 512.00000000 4.00000000 362.00000000
442.00000000 138.00000000 1.00000000 362.00000000
755.00000000 134.00000000 1.00000000 361.00000000
441.00000000 92.00000000 1.00000000 358.00000000
467.00000000 219.00000000 0.00000000 355.00000000
411.00000000 591.00000000 0.00000000 354.00000000
772.00000000 230.00000000 0.00000000 353.00000000
631.00000000 109.00000000 1.00000000 353.00000000
598.00000000 380.00000000 0.00000000 350.00000000
422.00000000 200.00000000 0.00000000 350.00000000
467.00000000 205.00000000 0.00000000 350.00000000
216.00000000 160.00000000 1.00000000 349.00000000
276.00000000 447.00000000 1.00000000 348.00000000
262.00000000 240.00000000 1.00000000 348.00000000
280.00000000 360.00000000 0.00000000 346.00000000
167.00000000 253.00000000 0.00000000 343.00000000
548.00000000 227.00000000 0.00000000 340.00000000
336.00000000 487.00000000 0.00000000 337.00000000
321.00000000 326.00000000 0.00000000 337.00000000
386.00000000 389.00000000 0.00000000 336.00000000
395.00000000 391.00000000 0.00000000 335.00000000
430.00000000 230.00000000 0.00000000 330.00000000
164.00000000 224.00000000 0.00000000 328.00000000
550.00000000 438.00000000 0.00000000 328.00000000
415.00000000 181.00000000 0.00000000 328.00000000
468.00000000 479.00000000 0.00000000 328.00000000
693.00000000 99.00000000 0.00000000 326.00000000
441.00000000 137.00000000 0.00000000 326.00000000
227.00000000 306.00000000 0.00000000 325.00000000
172.00000000 223.00000000 0.00000000 321.00000000
378.00000000 203.00000000 0.00000000 320.00000000
686.00000000 439.00000000 0.00000000 319.00000000
519.00000000 288.00000000 0.00000000 315.00000000
409.00000000 150.00000000 0.00000000 314.00000000
226.00000000 533.00000000 0.00000000 313.00000000
321.00000000 372.00000000 0.00000000 312.00000000
480.00000000 96.00000000 0.00000000 311.00000000
155.00000000 205.00000000 0.00000000 309.00000000
599.00000000 411.00000000 0.00000000 305.00000000
451.00000000 230.00000000 0.00000000 301.00000000
584.00000000 57.00000000 0.00000000 301.00000000
280.00000000 271.00000000 0.00000000 301.00000000
292.00000000 422.00000000 0.00000000 300.00000000
755.00000000 133.00000000 0.00000000 299.00000000
480.00000000 528.00000000 0.00000000 298.00000000
