452.00000000 227.00000000 1.00000000 877.00000000
483.00000000 509.00000000 1.00000000 807.00000000
453.00000000 226.00000000 0.00000000 802.00000000
510.00000000 532.00000000 2.00000000 800.00000000
483.00000000 509.00000000 1.00000000 792.00000000
452.00000000 227.00000000 1.00000000 741.00000000
685.00000000 495.00000000 1.00000000 700.00000000
451.00000000 516.00000000 1.00000000 698.00000000
384.00000000 446.00000000 2.00000000 698.00000000
510.00000000 530.00000000 1.00000000 697.00000000
570.00000000 460.00000000 1.00000000 654.00000000
369.00000000 346.00000000 0.00000000 638.00000000
293.00000000 180.00000000 0.00000000 635.00000000
293.00000000 180.00000000 1.00000000 631.00000000
508.00000000 446.00000000 2.00000000 627.00000000
552.00000000 515.00000000 1.00000000 609.00000000
574.00000000 366.00000000 0.00000000 606.00000000
370.00000000 347.00000000 1.00000000 599.00000000
299.00000000 190.00000000 0.00000000 596.00000000
82.00000000 346.00000000 1.00000000 592.00000000
684.00000000 494.00000000 1.00000000 590.00000000
452.00000000 517.00000000 1.00000000 587.00000000
642.00000000 238.00000000 0.00000000 582.00000000
531.00000000 64.00000000 0.00000000 581.00000000
70.00000000 186.00000000 0.00000000 580.00000000
100.00000000 246.00000000 1.00000000 574.00000000
108.00000000 287.00000000 1.00000000 571.00000000
83.00000000 347.00000000 1.00000000 563.00000000
594.00000000 418.00000000 0.00000000 560.00000000
448.00000000 458.00000000 2.00000000 557.00000000
623.00000000 453.00000000 1.00000000 556.00000000
160.00000000 247.00000000 1.00000000 555.00000000
63.00000000 179.00000000 0.00000000 553.00000000
613.00000000 548.00000000 0.00000000 547.00000000
384.00000000 442.00000000 1.00000000 544.00000000
318.00000000 351.00000000 1.00000000 543.00000000
432.00000000 296.00000000 0.00000000 542.00000000
703.00000000 311.00000000 0.00000000 541.00000000
110.00000000 286.00000000 1.00000000 539.00000000
574.00000000 417.00000000 0.00000000 538.00000000
569.00000000 461.00000000 1.00000000 538.00000000
685.00000000 494.00000000 0.00000000 538.00000000
375.00000000 142.00000000 0.00000000 537.00000000
452.00000000 226.00000000 2.00000000 536.00000000
762.00000000 364.00000000 1.00000000 534.00000000
646.00000000 210.00000000 1.00000000 534.00000000
594.00000000 446.00000000 2.00000000 533.00000000
159.00000000 247.00000000 1.00000000 533.00000000
624.00000000 454.00000000 2.00000000 532.00000000
448.00000000 456.00000000 1.00000000 531.00000000
810.00000000 318.00000000 2.00000000 530.00000000
621.00000000 316.00000000 1.00000000 530.00000000
384.00000000 444.00000000 2.00000000 529.00000000
762.00000000 363.00000000 0.00000000 526.00000000
551.00000000 514.00000000 1.00000000 526.00000000
838.00000000 32.00000000 0.00000000 519.00000000
620.00000000 316.00000000 1.00000000 519.00000000
655.00000000 275.00000000 0.00000000 518.00000000
145.00000000 287.00000000 1.00000000 515.00000000
511.00000000 530.00000000 1.00000000 514.00000000
100.00000000 246.00000000 0.00000000 514.00000000
552.00000000 202.00000000 0.00000000 514.00000000
111.00000000 285.00000000 0.00000000 511.00000000
577.00000000 251.00000000 0.00000000 508.00000000
649.00000000 391.00000000 1.00000000 507.00000000
586.00000000 398.00000000 0.00000000 504.00000000
100.00000000 246.00000000 1.00000000 503.00000000
622.00000000 33.00000000 1.00000000 502.00000000
593.00000000 449.00000000 2.00000000 501.00000000
490.00000000 453.00000000 0.00000000 501.00000000
319.00000000 483.00000000 1.00000000 499.00000000
552.00000000 514.00000000 0.00000000 498.00000000
778.00000000 388.00000000 1.00000000 494.00000000
596.00000000 398.00000000 0.00000000 494.00000000
316.00000000 486.00000000 2.00000000 493.00000000
524.00000000 482.00000000 1.00000000 491.00000000
448.00000000 456.00000000 1.00000000 489.00000000
384.00000000 452.00000000 4.00000000 489.00000000
620.00000000 315.00000000 0.00000000 489.00000000
509.00000000 446.00000000 2.00000000 488.00000000
132.00000000 247.00000000 0.00000000 487.00000000
483.00000000 509.00000000 0.00000000 480.00000000
333.00000000 100.00000000 1.00000000 477.00000000
622.00000000 33.00000000 0.00000000 474.00000000
70.00000000 170.00000000 0.00000000 473.00000000
645.00000000 177.00000000 1.00000000 472.00000000
597.00000000 399.00000000 1.00000000 470.00000000
299.00000000 191.00000000 1.00000000 470.00000000
332.00000000 323.00000000 0.00000000 469.00000000
369.00000000 358.00000000 1.00000000 468.00000000
145.00000000 287.00000000 0.00000000 467.00000000
655.00000000 276.00000000 1.00000000 464.00000000
160.00000000 247.00000000 0.00000000 463.00000000
569.00000000 458.00000000 0.00000000 462.00000000
796.00000000 462.00000000 1.00000000 460.00000000
579.00000000 481.00000000 1.00000000 454.00000000
396.00000000 276.00000000 1.00000000 454.00000000
221.00000000 380.00000000 0.00000000 454.00000000
579.00000000 480.00000000 0.00000000 453.00000000
732.00000000 403.00000000 0.00000000 451.00000000
525.00000000 481.00000000 0.00000000 444.00000000
132.00000000 221.00000000 0.00000000 440.00000000
430.00000000 320.00000000 0.00000000 438.00000000
432.00000000 501.00000000 0.00000000 435.00000000
646.00000000 210.00000000 0.00000000 435.00000000
563.00000000 100.00000000 0.00000000 434.00000000
509.00000000 444.00000000 0.00000000 432.00000000
628.00000000 238.00000000 0.00000000 430.00000000
517.00000000 497.00000000 0.00000000 424.00000000
620.00000000 238.00000000 0.00000000 422.00000000
731.00000000 275.00000000 0.00000000 422.00000000
555.00000000 539.00000000 0.00000000 419.00000000
82.00000000 115.00000000 0.00000000 418.00000000
540.00000000 196.00000000 0.00000000 417.00000000
318.00000000 349.00000000 0.00000000 417.00000000
68.00000000 294.00000000 0.00000000 415.00000000
370.00000000 70.00000000 0.00000000 413.00000000
186.00000000 248.00000000 0.00000000 413.00000000
796.00000000 461.00000000 0.00000000 411.00000000
451.00000000 516.00000000 0.00000000 406.00000000
709.00000000 323.00000000 0.00000000 404.00000000
159.00000000 230.00000000 0.00000000 401.00000000
35.00000000 73.00000000 0.00000000 400.00000000
766.00000000 83.00000000 0.00000000 400.00000000
82.00000000 346.00000000 0.00000000 395.00000000
264.00000000 336.00000000 4.00000000 343.00000000
395.00000000 288.00000000 5.00000000 330.00000000
