619.00000000 264.00000000 1.00000000 904.00000000
664.00000000 676.00000000 2.00000000 851.00000000
620.00000000 264.00000000 1.00000000 809.00000000
704.00000000 709.00000000 2.00000000 804.00000000
618.00000000 264.00000000 2.00000000 785.00000000
663.00000000 673.00000000 1.00000000 776.00000000
799.00000000 469.00000000 0.00000000 757.00000000
507.00000000 144.00000000 0.00000000 748.00000000
520.00000000 584.00000000 4.00000000 716.00000000
704.00000000 706.00000000 2.00000000 711.00000000
390.00000000 199.00000000 1.00000000 707.00000000
618.00000000 686.00000000 2.00000000 684.00000000
829.00000000 545.00000000 1.00000000 684.00000000
855.00000000 735.00000000 0.00000000 674.00000000
507.00000000 144.00000000 1.00000000 672.00000000
399.00000000 213.00000000 1.00000000 661.00000000
963.00000000 657.00000000 1.00000000 660.00000000
77.00000000 210.00000000 0.00000000 659.00000000
799.00000000 469.00000000 1.00000000 659.00000000
69.00000000 201.00000000 0.00000000 656.00000000
500.00000000 438.00000000 1.00000000 650.00000000
734.00000000 26.00000000 1.00000000 646.00000000
388.00000000 199.00000000 1.00000000 639.00000000
791.00000000 603.00000000 1.00000000 637.00000000
701.00000000 585.00000000 2.00000000 636.00000000
78.00000000 211.00000000 1.00000000 635.00000000
79.00000000 188.00000000 0.00000000 634.00000000
202.00000000 295.00000000 1.00000000 630.00000000
828.00000000 544.00000000 0.00000000 629.00000000
855.00000000 735.00000000 1.00000000 627.00000000
499.00000000 436.00000000 1.00000000 620.00000000
902.00000000 280.00000000 1.00000000 619.00000000
96.00000000 436.00000000 2.00000000 612.00000000
619.00000000 265.00000000 2.00000000 608.00000000
621.00000000 263.00000000 0.00000000 603.00000000
765.00000000 683.00000000 1.00000000 602.00000000
120.00000000 294.00000000 1.00000000 599.00000000
134.00000000 350.00000000 1.00000000 599.00000000
80.00000000 171.00000000 0.00000000 597.00000000
993.00000000 388.00000000 1.00000000 591.00000000
878.00000000 299.00000000 0.00000000 591.00000000
880.00000000 279.00000000 0.00000000 588.00000000
96.00000000 435.00000000 1.00000000 587.00000000
589.00000000 365.00000000 1.00000000 585.00000000
618.00000000 683.00000000 1.00000000 582.00000000
69.00000000 202.00000000 1.00000000 581.00000000
610.00000000 602.00000000 2.00000000 580.00000000
81.00000000 153.00000000 0.00000000 578.00000000
902.00000000 279.00000000 0.00000000 575.00000000
134.00000000 352.00000000 2.00000000 571.00000000
798.00000000 542.00000000 1.00000000 567.00000000
1082.00000000 465.00000000 1.00000000 566.00000000
135.00000000 350.00000000 1.00000000 566.00000000
704.00000000 712.00000000 4.00000000 566.00000000
446.00000000 404.00000000 1.00000000 565.00000000
868.00000000 278.00000000 0.00000000 563.00000000
868.00000000 394.00000000 1.00000000 562.00000000
121.00000000 294.00000000 1.00000000 561.00000000
764.00000000 686.00000000 2.00000000 558.00000000
804.00000000 298.00000000 1.00000000 554.00000000
734.00000000 25.00000000 0.00000000 552.00000000
183.00000000 351.00000000 1.00000000 550.00000000
803.00000000 297.00000000 0.00000000 550.00000000
80.00000000 180.00000000 0.00000000 549.00000000
674.00000000 593.00000000 1.00000000 548.00000000
920.00000000 335.00000000 1.00000000 547.00000000
120.00000000 294.00000000 2.00000000 543.00000000
783.00000000 78.00000000 0.00000000 540.00000000
425.00000000 442.00000000 1.00000000 540.00000000
691.00000000 313.00000000 0.00000000 536.00000000
520.00000000 588.00000000 5.00000000 536.00000000
877.00000000 322.00000000 0.00000000 535.00000000
816.00000000 515.00000000 1.00000000 529.00000000
182.00000000 352.00000000 1.00000000 528.00000000
798.00000000 542.00000000 0.00000000 528.00000000
704.00000000 704.00000000 1.00000000 527.00000000
766.00000000 228.00000000 1.00000000 527.00000000
783.00000000 78.00000000 1.00000000 525.00000000
941.00000000 309.00000000 0.00000000 524.00000000
96.00000000 110.00000000 0.00000000 521.00000000
993.00000000 387.00000000 0.00000000 520.00000000
390.00000000 199.00000000 0.00000000 518.00000000
398.00000000 212.00000000 0.00000000 513.00000000
120.00000000 293.00000000 0.00000000 513.00000000
939.00000000 585.00000000 0.00000000 512.00000000
941.00000000 323.00000000 0.00000000 509.00000000
792.00000000 603.00000000 1.00000000 509.00000000
664.00000000 674.00000000 1.00000000 509.00000000
1208.00000000 541.00000000 0.00000000 508.00000000
880.00000000 279.00000000 1.00000000 505.00000000
868.00000000 393.00000000 1.00000000 504.00000000
1089.00000000 48.00000000 0.00000000 503.00000000
779.00000000 514.00000000 1.00000000 502.00000000
646.00000000 89.00000000 0.00000000 501.00000000
765.00000000 683.00000000 1.00000000 500.00000000
712.00000000 216.00000000 0.00000000 500.00000000
135.00000000 349.00000000 0.00000000 497.00000000
289.00000000 483.00000000 0.00000000 496.00000000
79.00000000 161.00000000 0.00000000 494.00000000
1050.00000000 117.00000000 0.00000000 491.00000000
866.00000000 321.00000000 0.00000000 489.00000000
165.00000000 258.00000000 0.00000000 487.00000000
779.00000000 514.00000000 0.00000000 485.00000000
533.00000000 213.00000000 0.00000000 483.00000000
77.00000000 362.00000000 0.00000000 483.00000000
202.00000000 261.00000000 0.00000000 480.00000000
164.00000000 295.00000000 0.00000000 480.00000000
591.00000000 176.00000000 0.00000000 479.00000000
755.00000000 475.00000000 0.00000000 478.00000000
446.00000000 404.00000000 0.00000000 478.00000000
867.00000000 300.00000000 0.00000000 477.00000000
183.00000000 350.00000000 0.00000000 475.00000000
71.00000000 171.00000000 0.00000000 473.00000000
69.00000000 188.00000000 0.00000000 468.00000000
748.00000000 218.00000000 0.00000000 461.00000000
703.00000000 581.00000000 0.00000000 459.00000000
1082.00000000 464.00000000 0.00000000 459.00000000
600.00000000 181.00000000 0.00000000 456.00000000
202.00000000 294.00000000 0.00000000 453.00000000
57.00000000 194.00000000 0.00000000 450.00000000
941.00000000 316.00000000 0.00000000 447.00000000
857.00000000 243.00000000 0.00000000 446.00000000
984.00000000 456.00000000 0.00000000 437.00000000
367.00000000 492.00000000 0.00000000 430.00000000
567.00000000 364.00000000 0.00000000 428.00000000
589.00000000 364.00000000 0.00000000 423.00000000
958.00000000 204.00000000 0.00000000 421.00000000
