540.00000000 668.00000000 2.00000000 769.00000000
538.00000000 666.00000000 1.00000000 761.00000000
539.00000000 666.00000000 1.00000000 629.00000000
537.00000000 670.00000000 2.00000000 624.00000000
186.00000000 367.00000000 2.00000000 574.00000000
141.00000000 666.00000000 0.00000000 561.00000000
316.00000000 260.00000000 5.00000000 546.00000000
316.00000000 256.00000000 4.00000000 543.00000000
141.00000000 667.00000000 1.00000000 525.00000000
190.00000000 364.00000000 2.00000000 468.00000000
540.00000000 672.00000000 4.00000000 463.00000000
316.00000000 246.00000000 2.00000000 421.00000000
318.00000000 239.00000000 1.00000000 393.00000000
539.00000000 665.00000000 0.00000000 392.00000000
318.00000000 242.00000000 2.00000000 383.00000000
253.00000000 382.00000000 0.00000000 375.00000000
318.00000000 237.00000000 1.00000000 373.00000000
253.00000000 383.00000000 1.00000000 350.00000000
271.00000000 282.00000000 2.00000000 343.00000000
272.00000000 280.00000000 2.00000000 337.00000000
190.00000000 363.00000000 1.00000000 334.00000000
255.00000000 355.00000000 0.00000000 318.00000000
137.00000000 589.00000000 1.00000000 316.00000000
118.00000000 245.00000000 0.00000000 312.00000000
237.00000000 277.00000000 1.00000000 311.00000000
276.00000000 372.00000000 0.00000000 297.00000000
318.00000000 236.00000000 0.00000000 296.00000000
276.00000000 372.00000000 1.00000000 294.00000000
191.00000000 363.00000000 1.00000000 291.00000000
540.00000000 688.00000000 1.00000000 288.00000000
540.00000000 284.00000000 2.00000000 287.00000000
258.00000000 238.00000000 1.00000000 286.00000000
272.00000000 278.00000000 1.00000000 285.00000000
497.00000000 651.00000000 1.00000000 277.00000000
118.00000000 245.00000000 1.00000000 275.00000000
137.00000000 589.00000000 0.00000000 272.00000000
540.00000000 280.00000000 1.00000000 271.00000000
541.00000000 688.00000000 1.00000000 259.00000000
237.00000000 277.00000000 0.00000000 250.00000000
404.00000000 272.00000000 1.00000000 250.00000000
141.00000000 666.00000000 1.00000000 249.00000000
255.00000000 356.00000000 1.00000000 248.00000000
332.00000000 104.00000000 2.00000000 247.00000000
543.00000000 117.00000000 1.00000000 242.00000000
542.00000000 116.00000000 1.00000000 237.00000000
321.00000000 132.00000000 0.00000000 237.00000000
236.00000000 275.00000000 1.00000000 236.00000000
209.00000000 400.00000000 0.00000000 234.00000000
258.00000000 238.00000000 0.00000000 228.00000000
257.00000000 239.00000000 1.00000000 227.00000000
405.00000000 286.00000000 1.00000000 221.00000000
412.00000000 243.00000000 0.00000000 221.00000000
174.00000000 282.00000000 2.00000000 220.00000000
164.00000000 241.00000000 0.00000000 220.00000000
274.00000000 276.00000000 1.00000000 217.00000000
322.00000000 133.00000000 1.00000000 217.00000000
412.00000000 244.00000000 1.00000000 216.00000000
497.00000000 650.00000000 0.00000000 216.00000000
192.00000000 362.00000000 0.00000000 216.00000000
332.00000000 101.00000000 1.00000000 215.00000000
341.00000000 310.00000000 1.00000000 214.00000000
195.00000000 540.00000000 0.00000000 211.00000000
195.00000000 541.00000000 1.00000000 209.00000000
258.00000000 240.00000000 2.00000000 209.00000000
404.00000000 272.00000000 0.00000000 205.00000000
541.00000000 279.00000000 1.00000000 204.00000000
496.00000000 651.00000000 1.00000000 203.00000000
274.00000000 371.00000000 1.00000000 203.00000000
510.00000000 654.00000000 1.00000000 201.00000000
277.00000000 57.00000000 1.00000000 201.00000000
280.00000000 482.00000000 1.00000000 201.00000000
235.00000000 798.00000000 1.00000000 201.00000000
277.00000000 58.00000000 1.00000000 198.00000000
297.00000000 574.00000000 1.00000000 197.00000000
297.00000000 439.00000000 0.00000000 195.00000000
261.00000000 453.00000000 0.00000000 194.00000000
340.00000000 357.00000000 0.00000000 194.00000000
188.00000000 135.00000000 0.00000000 192.00000000
405.00000000 285.00000000 0.00000000 187.00000000
540.00000000 686.00000000 0.00000000 184.00000000
503.00000000 295.00000000 1.00000000 182.00000000
297.00000000 440.00000000 1.00000000 178.00000000
256.00000000 600.00000000 1.00000000 177.00000000
336.00000000 337.00000000 0.00000000 174.00000000
200.00000000 182.00000000 1.00000000 171.00000000
187.00000000 135.00000000 1.00000000 170.00000000
297.00000000 573.00000000 0.00000000 170.00000000
255.00000000 600.00000000 0.00000000 167.00000000
356.00000000 298.00000000 1.00000000 167.00000000
510.00000000 654.00000000 1.00000000 166.00000000
223.00000000 347.00000000 0.00000000 165.00000000
188.00000000 354.00000000 0.00000000 162.00000000
354.00000000 299.00000000 0.00000000 161.00000000
542.00000000 115.00000000 0.00000000 161.00000000
503.00000000 294.00000000 0.00000000 161.00000000
320.00000000 28.00000000 0.00000000 160.00000000
247.00000000 310.00000000 0.00000000 160.00000000
175.00000000 279.00000000 0.00000000 160.00000000
184.00000000 420.00000000 0.00000000 159.00000000
235.00000000 797.00000000 0.00000000 159.00000000
342.00000000 309.00000000 0.00000000 158.00000000
352.00000000 285.00000000 0.00000000 154.00000000
275.00000000 272.00000000 0.00000000 152.00000000
277.00000000 57.00000000 0.00000000 149.00000000
337.00000000 301.00000000 0.00000000 149.00000000
144.00000000 557.00000000 0.00000000 149.00000000
255.00000000 391.00000000 0.00000000 147.00000000
265.00000000 432.00000000 0.00000000 145.00000000
241.00000000 387.00000000 0.00000000 140.00000000
248.00000000 349.00000000 0.00000000 140.00000000
308.00000000 462.00000000 0.00000000 139.00000000
540.00000000 758.00000000 0.00000000 138.00000000
339.00000000 371.00000000 0.00000000 138.00000000
325.00000000 352.00000000 0.00000000 138.00000000
354.00000000 314.00000000 0.00000000 136.00000000
112.00000000 415.00000000 0.00000000 133.00000000
299.00000000 727.00000000 0.00000000 132.00000000
299.00000000 200.00000000 0.00000000 132.00000000
350.00000000 412.00000000 0.00000000 132.00000000
350.00000000 579.00000000 0.00000000 132.00000000
248.00000000 341.00000000 0.00000000 131.00000000
253.00000000 514.00000000 0.00000000 130.00000000
299.00000000 350.00000000 0.00000000 129.00000000
335.00000000 99.00000000 0.00000000 127.00000000
319.00000000 171.00000000 0.00000000 127.00000000
256.00000000 266.00000000 0.00000000 127.00000000
490.00000000 668.00000000 0.00000000 125.00000000
