618.00000000 352.00000000 1.00000000 886.00000000
618.00000000 351.00000000 0.00000000 771.00000000
618.00000000 366.00000000 1.00000000 750.00000000
673.00000000 202.00000000 1.00000000 703.00000000
673.00000000 201.00000000 0.00000000 698.00000000
719.00000000 280.00000000 1.00000000 656.00000000
651.00000000 530.00000000 1.00000000 650.00000000
387.00000000 281.00000000 1.00000000 637.00000000
352.00000000 392.00000000 2.00000000 631.00000000
428.00000000 281.00000000 1.00000000 627.00000000
719.00000000 280.00000000 0.00000000 623.00000000
694.00000000 542.00000000 1.00000000 618.00000000
618.00000000 366.00000000 0.00000000 613.00000000
619.00000000 352.00000000 1.00000000 611.00000000
593.00000000 324.00000000 0.00000000 605.00000000
651.00000000 529.00000000 0.00000000 601.00000000
810.00000000 434.00000000 0.00000000 594.00000000
567.00000000 127.00000000 1.00000000 590.00000000
374.00000000 212.00000000 2.00000000 590.00000000
374.00000000 210.00000000 1.00000000 585.00000000
335.00000000 98.00000000 0.00000000 583.00000000
335.00000000 99.00000000 1.00000000 582.00000000
375.00000000 211.00000000 1.00000000 578.00000000
444.00000000 216.00000000 1.00000000 577.00000000
338.00000000 23.00000000 0.00000000 577.00000000
427.00000000 282.00000000 1.00000000 571.00000000
388.00000000 280.00000000 1.00000000 569.00000000
718.00000000 280.00000000 1.00000000 564.00000000
386.00000000 282.00000000 2.00000000 559.00000000
774.00000000 474.00000000 1.00000000 554.00000000
680.00000000 525.00000000 0.00000000 552.00000000
445.00000000 189.00000000 1.00000000 550.00000000
350.00000000 393.00000000 2.00000000 546.00000000
680.00000000 526.00000000 1.00000000 545.00000000
326.00000000 86.00000000 1.00000000 543.00000000
333.00000000 300.00000000 1.00000000 542.00000000
657.00000000 313.00000000 0.00000000 542.00000000
336.00000000 71.00000000 1.00000000 541.00000000
333.00000000 299.00000000 0.00000000 524.00000000
428.00000000 280.00000000 0.00000000 523.00000000
754.00000000 300.00000000 0.00000000 523.00000000
444.00000000 216.00000000 1.00000000 523.00000000
414.00000000 215.00000000 1.00000000 518.00000000
674.00000000 200.00000000 1.00000000 515.00000000
414.00000000 214.00000000 1.00000000 514.00000000
618.00000000 366.00000000 1.00000000 510.00000000
578.00000000 538.00000000 2.00000000 507.00000000
754.00000000 301.00000000 1.00000000 503.00000000
472.00000000 219.00000000 1.00000000 503.00000000
444.00000000 177.00000000 1.00000000 501.00000000
624.00000000 470.00000000 2.00000000 499.00000000
582.00000000 364.00000000 2.00000000 494.00000000
567.00000000 127.00000000 1.00000000 493.00000000
337.00000000 46.00000000 0.00000000 491.00000000
638.00000000 260.00000000 2.00000000 490.00000000
414.00000000 216.00000000 2.00000000 487.00000000
662.00000000 541.00000000 1.00000000 487.00000000
337.00000000 48.00000000 1.00000000 484.00000000
376.00000000 212.00000000 2.00000000 480.00000000
324.00000000 343.00000000 0.00000000 475.00000000
388.00000000 280.00000000 0.00000000 473.00000000
325.00000000 84.00000000 0.00000000 473.00000000
651.00000000 530.00000000 1.00000000 469.00000000
219.00000000 105.00000000 0.00000000 467.00000000
412.00000000 440.00000000 4.00000000 464.00000000
694.00000000 541.00000000 0.00000000 464.00000000
326.00000000 67.00000000 0.00000000 462.00000000
352.00000000 390.00000000 1.00000000 461.00000000
324.00000000 343.00000000 1.00000000 459.00000000
810.00000000 434.00000000 1.00000000 459.00000000
544.00000000 271.00000000 1.00000000 458.00000000
444.00000000 188.00000000 1.00000000 457.00000000
578.00000000 537.00000000 1.00000000 455.00000000
415.00000000 432.00000000 2.00000000 455.00000000
625.00000000 475.00000000 2.00000000 452.00000000
663.00000000 543.00000000 1.00000000 450.00000000
336.00000000 70.00000000 0.00000000 450.00000000
502.00000000 417.00000000 0.00000000 449.00000000
747.00000000 464.00000000 0.00000000 449.00000000
375.00000000 210.00000000 0.00000000 448.00000000
662.00000000 540.00000000 0.00000000 446.00000000
581.00000000 359.00000000 0.00000000 444.00000000
714.00000000 516.00000000 0.00000000 443.00000000
702.00000000 488.00000000 1.00000000 443.00000000
414.00000000 171.00000000 1.00000000 438.00000000
663.00000000 473.00000000 1.00000000 434.00000000
702.00000000 487.00000000 0.00000000 433.00000000
572.00000000 141.00000000 0.00000000 433.00000000
337.00000000 34.00000000 0.00000000 433.00000000
694.00000000 352.00000000 1.00000000 431.00000000
594.00000000 325.00000000 1.00000000 428.00000000
747.00000000 464.00000000 1.00000000 427.00000000
663.00000000 472.00000000 0.00000000 425.00000000
444.00000000 186.00000000 0.00000000 424.00000000
328.00000000 44.00000000 0.00000000 424.00000000
543.00000000 330.00000000 0.00000000 421.00000000
444.00000000 176.00000000 0.00000000 418.00000000
774.00000000 473.00000000 0.00000000 418.00000000
788.00000000 294.00000000 0.00000000 417.00000000
658.00000000 299.00000000 0.00000000 406.00000000
696.00000000 449.00000000 0.00000000 399.00000000
414.00000000 170.00000000 0.00000000 395.00000000
472.00000000 218.00000000 0.00000000 395.00000000
313.00000000 28.00000000 0.00000000 394.00000000
770.00000000 156.00000000 0.00000000 393.00000000
465.00000000 607.00000000 0.00000000 392.00000000
217.00000000 434.00000000 0.00000000 380.00000000
576.00000000 352.00000000 0.00000000 376.00000000
444.00000000 215.00000000 0.00000000 375.00000000
221.00000000 118.00000000 0.00000000 375.00000000
723.00000000 392.00000000 0.00000000 374.00000000
663.00000000 126.00000000 0.00000000 374.00000000
694.00000000 352.00000000 0.00000000 373.00000000
827.00000000 293.00000000 0.00000000 372.00000000
763.00000000 375.00000000 0.00000000 372.00000000
444.00000000 229.00000000 0.00000000 369.00000000
730.00000000 410.00000000 0.00000000 368.00000000
252.00000000 499.00000000 0.00000000 364.00000000
337.00000000 59.00000000 0.00000000 363.00000000
413.00000000 214.00000000 0.00000000 362.00000000
330.00000000 20.00000000 0.00000000 358.00000000
488.00000000 451.00000000 0.00000000 358.00000000
413.00000000 227.00000000 0.00000000 357.00000000
691.00000000 576.00000000 0.00000000 356.00000000
341.00000000 360.00000000 0.00000000 356.00000000
412.00000000 441.00000000 5.00000000 348.00000000
628.00000000 480.00000000 4.00000000 338.00000000
