659.00000000 644.00000000 1.00000000 793.00000000
379.00000000 282.00000000 5.00000000 724.00000000
660.00000000 646.00000000 2.00000000 723.00000000
659.00000000 644.00000000 1.00000000 704.00000000
138.00000000 660.00000000 1.00000000 699.00000000
196.00000000 372.00000000 4.00000000 628.00000000
197.00000000 370.00000000 2.00000000 628.00000000
137.00000000 659.00000000 0.00000000 609.00000000
380.00000000 276.00000000 4.00000000 603.00000000
659.00000000 647.00000000 2.00000000 554.00000000
379.00000000 271.00000000 2.00000000 509.00000000
379.00000000 265.00000000 1.00000000 500.00000000
380.00000000 268.00000000 2.00000000 500.00000000
659.00000000 644.00000000 0.00000000 494.00000000
138.00000000 659.00000000 1.00000000 466.00000000
200.00000000 368.00000000 2.00000000 429.00000000
296.00000000 367.00000000 1.00000000 418.00000000
380.00000000 264.00000000 1.00000000 413.00000000
661.00000000 663.00000000 1.00000000 383.00000000
267.00000000 288.00000000 1.00000000 363.00000000
155.00000000 241.00000000 0.00000000 359.00000000
295.00000000 366.00000000 0.00000000 351.00000000
295.00000000 255.00000000 1.00000000 348.00000000
296.00000000 256.00000000 1.00000000 347.00000000
79.00000000 237.00000000 1.00000000 340.00000000
650.00000000 196.00000000 1.00000000 340.00000000
652.00000000 332.00000000 2.00000000 340.00000000
650.00000000 195.00000000 1.00000000 336.00000000
296.00000000 258.00000000 2.00000000 331.00000000
318.00000000 298.00000000 2.00000000 326.00000000
651.00000000 330.00000000 1.00000000 324.00000000
380.00000000 263.00000000 0.00000000 323.00000000
202.00000000 367.00000000 1.00000000 322.00000000
316.00000000 299.00000000 2.00000000 321.00000000
267.00000000 289.00000000 1.00000000 318.00000000
293.00000000 391.00000000 1.00000000 314.00000000
79.00000000 236.00000000 1.00000000 311.00000000
414.00000000 46.00000000 2.00000000 306.00000000
294.00000000 391.00000000 0.00000000 306.00000000
155.00000000 242.00000000 1.00000000 305.00000000
493.00000000 320.00000000 1.00000000 291.00000000
266.00000000 288.00000000 2.00000000 284.00000000
414.00000000 43.00000000 1.00000000 281.00000000
414.00000000 42.00000000 1.00000000 280.00000000
661.00000000 663.00000000 1.00000000 276.00000000
552.00000000 21.00000000 1.00000000 270.00000000
194.00000000 420.00000000 0.00000000 268.00000000
660.00000000 661.00000000 0.00000000 267.00000000
381.00000000 170.00000000 1.00000000 264.00000000
267.00000000 289.00000000 0.00000000 263.00000000
492.00000000 319.00000000 1.00000000 263.00000000
412.00000000 377.00000000 1.00000000 260.00000000
295.00000000 367.00000000 1.00000000 259.00000000
197.00000000 356.00000000 0.00000000 258.00000000
296.00000000 256.00000000 0.00000000 253.00000000
309.00000000 457.00000000 0.00000000 252.00000000
652.00000000 329.00000000 1.00000000 244.00000000
610.00000000 339.00000000 1.00000000 243.00000000
650.00000000 194.00000000 0.00000000 242.00000000
230.00000000 403.00000000 0.00000000 242.00000000
381.00000000 168.00000000 0.00000000 239.00000000
500.00000000 284.00000000 1.00000000 238.00000000
412.00000000 376.00000000 0.00000000 238.00000000
552.00000000 21.00000000 0.00000000 238.00000000
327.00000000 383.00000000 0.00000000 237.00000000
318.00000000 295.00000000 1.00000000 234.00000000
380.00000000 200.00000000 1.00000000 232.00000000
612.00000000 633.00000000 1.00000000 231.00000000
492.00000000 307.00000000 1.00000000 228.00000000
411.00000000 333.00000000 1.00000000 227.00000000
231.00000000 403.00000000 1.00000000 227.00000000
429.00000000 325.00000000 0.00000000 227.00000000
79.00000000 236.00000000 0.00000000 221.00000000
202.00000000 367.00000000 1.00000000 220.00000000
326.00000000 383.00000000 1.00000000 220.00000000
493.00000000 319.00000000 0.00000000 219.00000000
500.00000000 284.00000000 0.00000000 218.00000000
363.00000000 570.00000000 1.00000000 217.00000000
374.00000000 41.00000000 1.00000000 216.00000000
321.00000000 292.00000000 1.00000000 216.00000000
186.00000000 141.00000000 0.00000000 212.00000000
172.00000000 543.00000000 0.00000000 204.00000000
610.00000000 337.00000000 0.00000000 203.00000000
358.00000000 447.00000000 1.00000000 203.00000000
414.00000000 41.00000000 0.00000000 202.00000000
194.00000000 421.00000000 1.00000000 198.00000000
492.00000000 307.00000000 0.00000000 196.00000000
173.00000000 283.00000000 1.00000000 194.00000000
78.00000000 410.00000000 1.00000000 194.00000000
352.00000000 228.00000000 0.00000000 193.00000000
151.00000000 270.00000000 0.00000000 193.00000000
430.00000000 325.00000000 1.00000000 192.00000000
321.00000000 291.00000000 0.00000000 192.00000000
286.00000000 359.00000000 0.00000000 190.00000000
427.00000000 312.00000000 0.00000000 189.00000000
374.00000000 41.00000000 0.00000000 189.00000000
358.00000000 446.00000000 0.00000000 188.00000000
341.00000000 266.00000000 0.00000000 181.00000000
78.00000000 409.00000000 0.00000000 177.00000000
363.00000000 569.00000000 0.00000000 176.00000000
612.00000000 632.00000000 0.00000000 175.00000000
374.00000000 468.00000000 0.00000000 174.00000000
306.00000000 593.00000000 0.00000000 171.00000000
429.00000000 338.00000000 0.00000000 165.00000000
358.00000000 364.00000000 0.00000000 165.00000000
432.00000000 574.00000000 0.00000000 163.00000000
661.00000000 717.00000000 0.00000000 161.00000000
184.00000000 234.00000000 0.00000000 161.00000000
375.00000000 23.00000000 0.00000000 157.00000000
129.00000000 584.00000000 0.00000000 157.00000000
283.00000000 406.00000000 0.00000000 156.00000000
412.00000000 388.00000000 0.00000000 155.00000000
283.00000000 322.00000000 0.00000000 155.00000000
185.00000000 345.00000000 0.00000000 154.00000000
316.00000000 443.00000000 0.00000000 154.00000000
330.00000000 254.00000000 0.00000000 152.00000000
407.00000000 357.00000000 0.00000000 146.00000000
173.00000000 282.00000000 0.00000000 146.00000000
490.00000000 191.00000000 0.00000000 146.00000000
354.00000000 263.00000000 0.00000000 144.00000000
652.00000000 327.00000000 0.00000000 142.00000000
202.00000000 528.00000000 0.00000000 138.00000000
392.00000000 379.00000000 0.00000000 138.00000000
412.00000000 333.00000000 0.00000000 137.00000000
576.00000000 331.00000000 0.00000000 137.00000000
294.00000000 118.00000000 0.00000000 137.00000000
393.00000000 370.00000000 0.00000000 135.00000000
