386.00000000 776.00000000 2.00000000 645.00000000
384.00000000 774.00000000 1.00000000 613.00000000
595.00000000 377.00000000 1.00000000 465.00000000
595.00000000 377.00000000 1.00000000 458.00000000
596.00000000 378.00000000 2.00000000 443.00000000
593.00000000 379.00000000 2.00000000 425.00000000
384.00000000 777.00000000 2.00000000 402.00000000
596.00000000 384.00000000 4.00000000 385.00000000
686.00000000 653.00000000 0.00000000 383.00000000
551.00000000 421.00000000 1.00000000 379.00000000
595.00000000 376.00000000 0.00000000 349.00000000
687.00000000 654.00000000 1.00000000 335.00000000
385.00000000 775.00000000 1.00000000 324.00000000
550.00000000 421.00000000 0.00000000 296.00000000
599.00000000 384.00000000 5.00000000 286.00000000
562.00000000 366.00000000 1.00000000 279.00000000
676.00000000 499.00000000 1.00000000 272.00000000
687.00000000 656.00000000 1.00000000 271.00000000
674.00000000 485.00000000 1.00000000 261.00000000
676.00000000 486.00000000 2.00000000 261.00000000
434.00000000 579.00000000 0.00000000 259.00000000
664.00000000 319.00000000 2.00000000 253.00000000
664.00000000 320.00000000 4.00000000 253.00000000
499.00000000 419.00000000 1.00000000 249.00000000
564.00000000 366.00000000 1.00000000 248.00000000
574.00000000 400.00000000 1.00000000 246.00000000
562.00000000 368.00000000 2.00000000 240.00000000
551.00000000 421.00000000 1.00000000 237.00000000
574.00000000 400.00000000 1.00000000 236.00000000
568.00000000 824.00000000 1.00000000 234.00000000
675.00000000 498.00000000 0.00000000 230.00000000
662.00000000 252.00000000 2.00000000 230.00000000
688.00000000 656.00000000 2.00000000 229.00000000
645.00000000 297.00000000 1.00000000 226.00000000
550.00000000 441.00000000 1.00000000 226.00000000
591.00000000 515.00000000 0.00000000 225.00000000
591.00000000 516.00000000 1.00000000 222.00000000
675.00000000 500.00000000 1.00000000 220.00000000
380.00000000 786.00000000 0.00000000 219.00000000
672.00000000 434.00000000 1.00000000 214.00000000
524.00000000 99.00000000 1.00000000 211.00000000
434.00000000 581.00000000 1.00000000 211.00000000
576.00000000 808.00000000 2.00000000 205.00000000
456.00000000 417.00000000 0.00000000 205.00000000
457.00000000 336.00000000 1.00000000 204.00000000
360.00000000 645.00000000 1.00000000 203.00000000
457.00000000 335.00000000 0.00000000 199.00000000
672.00000000 433.00000000 0.00000000 198.00000000
564.00000000 365.00000000 0.00000000 196.00000000
661.00000000 253.00000000 1.00000000 196.00000000
574.00000000 399.00000000 0.00000000 195.00000000
582.00000000 545.00000000 1.00000000 193.00000000
197.00000000 421.00000000 2.00000000 192.00000000
550.00000000 441.00000000 0.00000000 191.00000000
499.00000000 420.00000000 1.00000000 190.00000000
427.00000000 26.00000000 1.00000000 188.00000000
639.00000000 460.00000000 1.00000000 188.00000000
568.00000000 338.00000000 0.00000000 188.00000000
639.00000000 459.00000000 0.00000000 187.00000000
644.00000000 296.00000000 1.00000000 187.00000000
642.00000000 286.00000000 0.00000000 186.00000000
524.00000000 99.00000000 0.00000000 185.00000000
464.00000000 356.00000000 2.00000000 185.00000000
543.00000000 408.00000000 0.00000000 184.00000000
591.00000000 517.00000000 1.00000000 183.00000000
492.00000000 572.00000000 0.00000000 182.00000000
600.00000000 617.00000000 1.00000000 178.00000000
498.00000000 503.00000000 0.00000000 178.00000000
360.00000000 644.00000000 1.00000000 177.00000000
526.00000000 324.00000000 1.00000000 177.00000000
638.00000000 451.00000000 0.00000000 175.00000000
499.00000000 417.00000000 0.00000000 174.00000000
670.00000000 418.00000000 1.00000000 174.00000000
570.00000000 640.00000000 0.00000000 174.00000000
434.00000000 582.00000000 1.00000000 172.00000000
386.00000000 774.00000000 0.00000000 171.00000000
600.00000000 616.00000000 0.00000000 169.00000000
427.00000000 27.00000000 1.00000000 168.00000000
205.00000000 410.00000000 0.00000000 165.00000000
568.00000000 339.00000000 1.00000000 164.00000000
456.00000000 418.00000000 1.00000000 164.00000000
602.00000000 233.00000000 1.00000000 163.00000000
642.00000000 286.00000000 1.00000000 162.00000000
205.00000000 411.00000000 1.00000000 161.00000000
661.00000000 256.00000000 1.00000000 161.00000000
568.00000000 823.00000000 0.00000000 160.00000000
385.00000000 811.00000000 0.00000000 160.00000000
664.00000000 306.00000000 1.00000000 158.00000000
359.00000000 646.00000000 0.00000000 157.00000000
570.00000000 640.00000000 1.00000000 154.00000000
679.00000000 651.00000000 0.00000000 153.00000000
475.00000000 566.00000000 1.00000000 152.00000000
675.00000000 484.00000000 1.00000000 151.00000000
582.00000000 545.00000000 0.00000000 150.00000000
601.00000000 232.00000000 0.00000000 146.00000000
564.00000000 512.00000000 0.00000000 144.00000000
645.00000000 297.00000000 0.00000000 144.00000000
591.00000000 304.00000000 0.00000000 143.00000000
661.00000000 257.00000000 0.00000000 143.00000000
427.00000000 26.00000000 0.00000000 143.00000000
560.00000000 564.00000000 0.00000000 142.00000000
553.00000000 452.00000000 0.00000000 134.00000000
664.00000000 305.00000000 0.00000000 133.00000000
575.00000000 358.00000000 0.00000000 127.00000000
475.00000000 566.00000000 0.00000000 127.00000000
567.00000000 502.00000000 0.00000000 126.00000000
359.00000000 89.00000000 0.00000000 126.00000000
598.00000000 448.00000000 0.00000000 125.00000000
526.00000000 324.00000000 0.00000000 116.00000000
592.00000000 328.00000000 0.00000000 116.00000000
557.00000000 706.00000000 0.00000000 112.00000000
383.00000000 765.00000000 0.00000000 112.00000000
335.00000000 371.00000000 0.00000000 110.00000000
671.00000000 417.00000000 0.00000000 106.00000000
543.00000000 401.00000000 0.00000000 106.00000000
633.00000000 378.00000000 0.00000000 105.00000000
608.00000000 434.00000000 0.00000000 105.00000000
546.00000000 315.00000000 0.00000000 105.00000000
530.00000000 108.00000000 0.00000000 104.00000000
559.00000000 777.00000000 0.00000000 102.00000000
692.00000000 738.00000000 0.00000000 102.00000000
646.00000000 306.00000000 0.00000000 99.00000000
457.00000000 433.00000000 0.00000000 99.00000000
572.00000000 516.00000000 0.00000000 97.00000000
675.00000000 490.00000000 0.00000000 97.00000000
611.00000000 445.00000000 0.00000000 96.00000000
536.00000000 118.00000000 0.00000000 95.00000000
