257.00000000 523.00000000 0.00000000 483.00000000
319.00000000 455.00000000 1.00000000 427.00000000
299.00000000 408.00000000 0.00000000 410.00000000
296.00000000 492.00000000 0.00000000 403.00000000
130.00000000 378.00000000 0.00000000 392.00000000
130.00000000 378.00000000 1.00000000 385.00000000
318.00000000 454.00000000 0.00000000 379.00000000
257.00000000 523.00000000 1.00000000 369.00000000
263.00000000 496.00000000 0.00000000 362.00000000
299.00000000 409.00000000 1.00000000 353.00000000
236.00000000 296.00000000 1.00000000 330.00000000
297.00000000 492.00000000 1.00000000 319.00000000
235.00000000 295.00000000 0.00000000 316.00000000
691.00000000 791.00000000 0.00000000 308.00000000
263.00000000 497.00000000 1.00000000 307.00000000
14.00000000 13.00000000 0.00000000 305.00000000
277.00000000 347.00000000 0.00000000 296.00000000
134.00000000 392.00000000 1.00000000 291.00000000
258.00000000 545.00000000 0.00000000 291.00000000
130.00000000 377.00000000 1.00000000 273.00000000
139.00000000 642.00000000 0.00000000 273.00000000
134.00000000 391.00000000 0.00000000 270.00000000
568.00000000 308.00000000 2.00000000 269.00000000
568.00000000 306.00000000 2.00000000 269.00000000
248.00000000 499.00000000 1.00000000 267.00000000
250.00000000 498.00000000 1.00000000 266.00000000
236.00000000 296.00000000 1.00000000 260.00000000
691.00000000 792.00000000 1.00000000 258.00000000
568.00000000 308.00000000 4.00000000 257.00000000
253.00000000 466.00000000 0.00000000 257.00000000
221.00000000 282.00000000 1.00000000 253.00000000
220.00000000 281.00000000 0.00000000 242.00000000
565.00000000 311.00000000 5.00000000 238.00000000
318.00000000 455.00000000 1.00000000 236.00000000
254.00000000 466.00000000 1.00000000 234.00000000
679.00000000 781.00000000 0.00000000 233.00000000
298.00000000 408.00000000 1.00000000 233.00000000
182.00000000 455.00000000 0.00000000 232.00000000
267.00000000 393.00000000 0.00000000 232.00000000
257.00000000 545.00000000 1.00000000 231.00000000
190.00000000 343.00000000 1.00000000 230.00000000
304.00000000 525.00000000 0.00000000 229.00000000
277.00000000 348.00000000 1.00000000 227.00000000
569.00000000 304.00000000 1.00000000 227.00000000
232.00000000 494.00000000 0.00000000 227.00000000
190.00000000 344.00000000 2.00000000 226.00000000
679.00000000 782.00000000 1.00000000 225.00000000
189.00000000 345.00000000 2.00000000 220.00000000
367.00000000 534.00000000 0.00000000 219.00000000
377.00000000 528.00000000 0.00000000 219.00000000
190.00000000 342.00000000 1.00000000 217.00000000
284.00000000 362.00000000 0.00000000 217.00000000
586.00000000 350.00000000 1.00000000 215.00000000
314.00000000 436.00000000 2.00000000 214.00000000
214.00000000 487.00000000 0.00000000 214.00000000
295.00000000 492.00000000 1.00000000 213.00000000
234.00000000 524.00000000 0.00000000 211.00000000
277.00000000 438.00000000 1.00000000 211.00000000
120.00000000 465.00000000 1.00000000 210.00000000
26.00000000 375.00000000 0.00000000 209.00000000
206.00000000 437.00000000 0.00000000 208.00000000
216.00000000 342.00000000 0.00000000 208.00000000
294.00000000 492.00000000 2.00000000 206.00000000
302.00000000 519.00000000 0.00000000 203.00000000
304.00000000 525.00000000 1.00000000 201.00000000
139.00000000 643.00000000 1.00000000 200.00000000
27.00000000 376.00000000 1.00000000 200.00000000
206.00000000 437.00000000 1.00000000 199.00000000
267.00000000 347.00000000 0.00000000 199.00000000
96.00000000 494.00000000 0.00000000 198.00000000
454.00000000 576.00000000 0.00000000 196.00000000
234.00000000 436.00000000 0.00000000 195.00000000
278.00000000 354.00000000 0.00000000 192.00000000
190.00000000 342.00000000 0.00000000 192.00000000
404.00000000 399.00000000 0.00000000 191.00000000
292.00000000 395.00000000 0.00000000 190.00000000
193.00000000 497.00000000 0.00000000 188.00000000
284.00000000 395.00000000 0.00000000 188.00000000
604.00000000 355.00000000 1.00000000 188.00000000
586.00000000 350.00000000 0.00000000 187.00000000
275.00000000 362.00000000 0.00000000 187.00000000
571.00000000 349.00000000 1.00000000 186.00000000
205.00000000 479.00000000 0.00000000 185.00000000
239.00000000 465.00000000 0.00000000 184.00000000
603.00000000 356.00000000 1.00000000 184.00000000
436.00000000 377.00000000 1.00000000 184.00000000
767.00000000 398.00000000 1.00000000 182.00000000
96.00000000 494.00000000 1.00000000 181.00000000
318.00000000 516.00000000 0.00000000 181.00000000
204.00000000 538.00000000 0.00000000 180.00000000
604.00000000 354.00000000 0.00000000 180.00000000
253.00000000 466.00000000 1.00000000 180.00000000
729.00000000 398.00000000 1.00000000 179.00000000
571.00000000 347.00000000 1.00000000 178.00000000
130.00000000 378.00000000 2.00000000 178.00000000
233.00000000 344.00000000 0.00000000 178.00000000
830.00000000 429.00000000 1.00000000 177.00000000
572.00000000 303.00000000 1.00000000 177.00000000
454.00000000 576.00000000 1.00000000 177.00000000
231.00000000 485.00000000 0.00000000 176.00000000
679.00000000 382.00000000 1.00000000 176.00000000
436.00000000 377.00000000 0.00000000 175.00000000
318.00000000 528.00000000 0.00000000 173.00000000
217.00000000 348.00000000 0.00000000 171.00000000
118.00000000 465.00000000 1.00000000 170.00000000
335.00000000 685.00000000 0.00000000 170.00000000
180.00000000 447.00000000 0.00000000 168.00000000
319.00000000 501.00000000 0.00000000 167.00000000
341.00000000 582.00000000 0.00000000 167.00000000
291.00000000 492.00000000 2.00000000 166.00000000
313.00000000 435.00000000 2.00000000 165.00000000
609.00000000 337.00000000 1.00000000 165.00000000
327.00000000 562.00000000 0.00000000 164.00000000
244.00000000 398.00000000 0.00000000 161.00000000
256.00000000 391.00000000 0.00000000 161.00000000
571.00000000 350.00000000 0.00000000 161.00000000
567.00000000 313.00000000 0.00000000 160.00000000
132.00000000 393.00000000 1.00000000 159.00000000
192.00000000 348.00000000 4.00000000 159.00000000
253.00000000 400.00000000 0.00000000 156.00000000
768.00000000 400.00000000 2.00000000 155.00000000
236.00000000 298.00000000 2.00000000 155.00000000
205.00000000 438.00000000 1.00000000 154.00000000
120.00000000 465.00000000 0.00000000 152.00000000
256.00000000 426.00000000 2.00000000 151.00000000
120.00000000 422.00000000 0.00000000 149.00000000
641.00000000 371.00000000 0.00000000 147.00000000
