252.00000000 496.00000000 4.00000000 588.00000000
248.00000000 497.00000000 5.00000000 586.00000000
320.00000000 531.00000000 1.00000000 563.00000000
320.00000000 531.00000000 0.00000000 536.00000000
324.00000000 768.00000000 4.00000000 510.00000000
141.00000000 444.00000000 0.00000000 508.00000000
142.00000000 444.00000000 1.00000000 506.00000000
325.00000000 763.00000000 2.00000000 494.00000000
324.00000000 762.00000000 2.00000000 484.00000000
325.00000000 759.00000000 1.00000000 481.00000000
325.00000000 758.00000000 1.00000000 473.00000000
364.00000000 366.00000000 0.00000000 459.00000000
347.00000000 531.00000000 0.00000000 458.00000000
251.00000000 492.00000000 2.00000000 450.00000000
194.00000000 459.00000000 1.00000000 448.00000000
325.00000000 758.00000000 0.00000000 434.00000000
319.00000000 531.00000000 1.00000000 428.00000000
239.00000000 584.00000000 1.00000000 414.00000000
321.00000000 496.00000000 1.00000000 410.00000000
347.00000000 532.00000000 1.00000000 410.00000000
194.00000000 458.00000000 0.00000000 407.00000000
306.00000000 622.00000000 1.00000000 400.00000000
459.00000000 821.00000000 1.00000000 389.00000000
151.00000000 453.00000000 1.00000000 388.00000000
460.00000000 822.00000000 2.00000000 377.00000000
308.00000000 490.00000000 0.00000000 371.00000000
321.00000000 496.00000000 0.00000000 369.00000000
151.00000000 451.00000000 0.00000000 350.00000000
309.00000000 472.00000000 0.00000000 349.00000000
321.00000000 555.00000000 0.00000000 349.00000000
284.00000000 530.00000000 2.00000000 345.00000000
282.00000000 528.00000000 1.00000000 338.00000000
186.00000000 421.00000000 2.00000000 336.00000000
322.00000000 555.00000000 1.00000000 332.00000000
309.00000000 473.00000000 1.00000000 332.00000000
133.00000000 566.00000000 1.00000000 330.00000000
306.00000000 624.00000000 2.00000000 328.00000000
193.00000000 461.00000000 1.00000000 326.00000000
364.00000000 367.00000000 1.00000000 323.00000000
186.00000000 420.00000000 2.00000000 320.00000000
133.00000000 565.00000000 0.00000000 318.00000000
460.00000000 820.00000000 1.00000000 315.00000000
505.00000000 447.00000000 1.00000000 314.00000000
320.00000000 534.00000000 2.00000000 311.00000000
347.00000000 534.00000000 1.00000000 308.00000000
132.00000000 567.00000000 1.00000000 300.00000000
238.00000000 584.00000000 2.00000000 299.00000000
143.00000000 537.00000000 0.00000000 299.00000000
194.00000000 462.00000000 2.00000000 298.00000000
408.00000000 400.00000000 0.00000000 292.00000000
282.00000000 531.00000000 2.00000000 292.00000000
321.00000000 557.00000000 1.00000000 290.00000000
505.00000000 446.00000000 0.00000000 286.00000000
307.00000000 620.00000000 1.00000000 286.00000000
283.00000000 528.00000000 1.00000000 284.00000000
294.00000000 801.00000000 1.00000000 283.00000000
408.00000000 402.00000000 1.00000000 278.00000000
144.00000000 431.00000000 1.00000000 278.00000000
301.00000000 543.00000000 0.00000000 277.00000000
240.00000000 584.00000000 1.00000000 276.00000000
144.00000000 470.00000000 1.00000000 275.00000000
342.00000000 421.00000000 1.00000000 273.00000000
324.00000000 450.00000000 1.00000000 273.00000000
145.00000000 430.00000000 1.00000000 270.00000000
359.00000000 820.00000000 0.00000000 265.00000000
324.00000000 449.00000000 0.00000000 263.00000000
342.00000000 421.00000000 0.00000000 262.00000000
459.00000000 818.00000000 0.00000000 262.00000000
175.00000000 516.00000000 1.00000000 261.00000000
504.00000000 448.00000000 1.00000000 260.00000000
306.00000000 618.00000000 0.00000000 258.00000000
145.00000000 471.00000000 1.00000000 254.00000000
359.00000000 821.00000000 1.00000000 253.00000000
231.00000000 621.00000000 0.00000000 248.00000000
23.00000000 452.00000000 1.00000000 247.00000000
557.00000000 401.00000000 0.00000000 247.00000000
294.00000000 802.00000000 1.00000000 246.00000000
292.00000000 501.00000000 0.00000000 245.00000000
322.00000000 496.00000000 1.00000000 241.00000000
217.00000000 591.00000000 1.00000000 235.00000000
222.00000000 608.00000000 0.00000000 234.00000000
342.00000000 441.00000000 1.00000000 233.00000000
175.00000000 515.00000000 0.00000000 233.00000000
219.00000000 589.00000000 1.00000000 233.00000000
219.00000000 588.00000000 0.00000000 224.00000000
185.00000000 398.00000000 0.00000000 222.00000000
34.00000000 437.00000000 1.00000000 221.00000000
233.00000000 629.00000000 0.00000000 220.00000000
352.00000000 367.00000000 0.00000000 211.00000000
596.00000000 403.00000000 1.00000000 203.00000000
342.00000000 439.00000000 0.00000000 202.00000000
174.00000000 473.00000000 0.00000000 201.00000000
23.00000000 451.00000000 0.00000000 199.00000000
144.00000000 429.00000000 0.00000000 198.00000000
127.00000000 501.00000000 0.00000000 197.00000000
231.00000000 622.00000000 1.00000000 197.00000000
294.00000000 802.00000000 0.00000000 196.00000000
302.00000000 543.00000000 1.00000000 196.00000000
222.00000000 608.00000000 1.00000000 196.00000000
283.00000000 528.00000000 0.00000000 192.00000000
145.00000000 470.00000000 0.00000000 189.00000000
171.00000000 546.00000000 0.00000000 186.00000000
34.00000000 436.00000000 0.00000000 186.00000000
536.00000000 403.00000000 0.00000000 185.00000000
595.00000000 403.00000000 0.00000000 185.00000000
283.00000000 586.00000000 0.00000000 184.00000000
137.00000000 1002.00000000 0.00000000 178.00000000
299.00000000 491.00000000 0.00000000 177.00000000
227.00000000 615.00000000 0.00000000 175.00000000
168.00000000 586.00000000 0.00000000 175.00000000
559.00000000 507.00000000 0.00000000 169.00000000
179.00000000 381.00000000 0.00000000 169.00000000
318.00000000 457.00000000 0.00000000 169.00000000
161.00000000 330.00000000 0.00000000 168.00000000
625.00000000 434.00000000 0.00000000 166.00000000
598.00000000 330.00000000 0.00000000 164.00000000
363.00000000 446.00000000 0.00000000 162.00000000
522.00000000 665.00000000 0.00000000 162.00000000
321.00000000 546.00000000 0.00000000 161.00000000
550.00000000 490.00000000 0.00000000 160.00000000
190.00000000 504.00000000 0.00000000 160.00000000
163.00000000 392.00000000 0.00000000 157.00000000
248.00000000 938.00000000 0.00000000 157.00000000
240.00000000 585.00000000 0.00000000 157.00000000
275.00000000 927.00000000 0.00000000 156.00000000
345.00000000 446.00000000 0.00000000 153.00000000
357.00000000 709.00000000 0.00000000 151.00000000
