352.00000000 523.00000000 0.00000000 498.00000000
234.00000000 369.00000000 0.00000000 498.00000000
235.00000000 369.00000000 1.00000000 438.00000000
379.00000000 395.00000000 0.00000000 435.00000000
383.00000000 488.00000000 0.00000000 401.00000000
384.00000000 489.00000000 1.00000000 398.00000000
352.00000000 524.00000000 1.00000000 376.00000000
239.00000000 383.00000000 0.00000000 368.00000000
354.00000000 494.00000000 0.00000000 353.00000000
354.00000000 548.00000000 0.00000000 344.00000000
239.00000000 384.00000000 1.00000000 343.00000000
379.00000000 395.00000000 1.00000000 342.00000000
344.00000000 497.00000000 1.00000000 337.00000000
622.00000000 260.00000000 2.00000000 336.00000000
624.00000000 258.00000000 2.00000000 332.00000000
400.00000000 447.00000000 1.00000000 324.00000000
234.00000000 369.00000000 1.00000000 322.00000000
355.00000000 328.00000000 0.00000000 321.00000000
382.00000000 490.00000000 2.00000000 316.00000000
315.00000000 271.00000000 0.00000000 313.00000000
383.00000000 489.00000000 1.00000000 307.00000000
302.00000000 430.00000000 0.00000000 302.00000000
620.00000000 264.00000000 4.00000000 301.00000000
329.00000000 492.00000000 0.00000000 291.00000000
400.00000000 445.00000000 0.00000000 291.00000000
354.00000000 548.00000000 1.00000000 291.00000000
355.00000000 495.00000000 1.00000000 290.00000000
343.00000000 497.00000000 1.00000000 286.00000000
217.00000000 495.00000000 0.00000000 285.00000000
302.00000000 431.00000000 1.00000000 277.00000000
362.00000000 344.00000000 0.00000000 273.00000000
622.00000000 265.00000000 5.00000000 270.00000000
301.00000000 257.00000000 0.00000000 268.00000000
264.00000000 653.00000000 0.00000000 266.00000000
315.00000000 272.00000000 1.00000000 265.00000000
789.00000000 848.00000000 0.00000000 265.00000000
304.00000000 476.00000000 0.00000000 262.00000000
625.00000000 255.00000000 1.00000000 259.00000000
281.00000000 326.00000000 1.00000000 256.00000000
404.00000000 514.00000000 0.00000000 255.00000000
391.00000000 519.00000000 0.00000000 255.00000000
301.00000000 257.00000000 1.00000000 254.00000000
458.00000000 528.00000000 0.00000000 253.00000000
217.00000000 495.00000000 1.00000000 248.00000000
393.00000000 526.00000000 0.00000000 247.00000000
790.00000000 848.00000000 1.00000000 247.00000000
280.00000000 328.00000000 2.00000000 246.00000000
372.00000000 380.00000000 0.00000000 246.00000000
281.00000000 328.00000000 1.00000000 238.00000000
345.00000000 461.00000000 0.00000000 236.00000000
345.00000000 461.00000000 1.00000000 234.00000000
381.00000000 489.00000000 2.00000000 232.00000000
280.00000000 325.00000000 0.00000000 232.00000000
313.00000000 485.00000000 0.00000000 226.00000000
251.00000000 490.00000000 0.00000000 224.00000000
776.00000000 835.00000000 1.00000000 223.00000000
400.00000000 446.00000000 1.00000000 223.00000000
302.00000000 324.00000000 0.00000000 221.00000000
315.00000000 272.00000000 1.00000000 221.00000000
355.00000000 328.00000000 1.00000000 219.00000000
450.00000000 535.00000000 0.00000000 219.00000000
393.00000000 526.00000000 1.00000000 218.00000000
280.00000000 330.00000000 2.00000000 216.00000000
362.00000000 344.00000000 1.00000000 215.00000000
776.00000000 835.00000000 0.00000000 214.00000000
234.00000000 368.00000000 2.00000000 214.00000000
326.00000000 429.00000000 0.00000000 208.00000000
284.00000000 451.00000000 0.00000000 208.00000000
227.00000000 415.00000000 1.00000000 206.00000000
239.00000000 384.00000000 1.00000000 205.00000000
228.00000000 416.00000000 2.00000000 201.00000000
314.00000000 274.00000000 2.00000000 201.00000000
357.00000000 335.00000000 0.00000000 201.00000000
275.00000000 476.00000000 1.00000000 200.00000000
534.00000000 584.00000000 1.00000000 199.00000000
276.00000000 476.00000000 1.00000000 198.00000000
379.00000000 394.00000000 1.00000000 196.00000000
309.00000000 540.00000000 0.00000000 195.00000000
363.00000000 429.00000000 1.00000000 195.00000000
662.00000000 316.00000000 1.00000000 192.00000000
404.00000000 515.00000000 1.00000000 192.00000000
333.00000000 460.00000000 0.00000000 190.00000000
473.00000000 380.00000000 0.00000000 187.00000000
251.00000000 491.00000000 1.00000000 187.00000000
329.00000000 492.00000000 1.00000000 186.00000000
233.00000000 463.00000000 1.00000000 186.00000000
434.00000000 706.00000000 0.00000000 185.00000000
701.00000000 333.00000000 1.00000000 185.00000000
230.00000000 417.00000000 1.00000000 185.00000000
743.00000000 345.00000000 1.00000000 185.00000000
302.00000000 431.00000000 1.00000000 184.00000000
280.00000000 332.00000000 4.00000000 184.00000000
644.00000000 311.00000000 1.00000000 183.00000000
328.00000000 482.00000000 0.00000000 182.00000000
405.00000000 499.00000000 0.00000000 182.00000000
534.00000000 583.00000000 0.00000000 178.00000000
185.00000000 391.00000000 0.00000000 177.00000000
350.00000000 379.00000000 0.00000000 177.00000000
296.00000000 497.00000000 0.00000000 176.00000000
742.00000000 343.00000000 1.00000000 176.00000000
345.00000000 461.00000000 1.00000000 175.00000000
229.00000000 416.00000000 0.00000000 174.00000000
629.00000000 311.00000000 1.00000000 173.00000000
662.00000000 316.00000000 0.00000000 173.00000000
333.00000000 526.00000000 0.00000000 171.00000000
269.00000000 463.00000000 0.00000000 170.00000000
405.00000000 529.00000000 0.00000000 169.00000000
661.00000000 316.00000000 1.00000000 167.00000000
365.00000000 380.00000000 0.00000000 164.00000000
406.00000000 500.00000000 2.00000000 164.00000000
447.00000000 549.00000000 0.00000000 163.00000000
258.00000000 414.00000000 2.00000000 163.00000000
316.00000000 325.00000000 0.00000000 161.00000000
234.00000000 463.00000000 0.00000000 161.00000000
347.00000000 328.00000000 0.00000000 161.00000000
152.00000000 370.00000000 0.00000000 160.00000000
417.00000000 568.00000000 0.00000000 159.00000000
628.00000000 312.00000000 0.00000000 155.00000000
212.00000000 467.00000000 0.00000000 155.00000000
190.00000000 476.00000000 0.00000000 155.00000000
411.00000000 505.00000000 0.00000000 155.00000000
410.00000000 521.00000000 0.00000000 153.00000000
243.00000000 524.00000000 0.00000000 153.00000000
281.00000000 442.00000000 0.00000000 149.00000000
340.00000000 378.00000000 0.00000000 148.00000000
323.00000000 506.00000000 0.00000000 143.00000000
407.00000000 503.00000000 2.00000000 131.00000000
