202.00000000 482.00000000 0.00000000 600.00000000
205.00000000 522.00000000 0.00000000 517.00000000
205.00000000 522.00000000 1.00000000 490.00000000
164.00000000 476.00000000 4.00000000 445.00000000
222.00000000 527.00000000 0.00000000 427.00000000
161.00000000 478.00000000 2.00000000 414.00000000
82.00000000 373.00000000 1.00000000 397.00000000
166.00000000 569.00000000 1.00000000 385.00000000
328.00000000 434.00000000 1.00000000 370.00000000
371.00000000 369.00000000 0.00000000 369.00000000
213.00000000 331.00000000 0.00000000 358.00000000
231.00000000 780.00000000 2.00000000 358.00000000
205.00000000 523.00000000 1.00000000 357.00000000
80.00000000 376.00000000 2.00000000 348.00000000
232.00000000 776.00000000 1.00000000 347.00000000
83.00000000 372.00000000 1.00000000 347.00000000
209.00000000 551.00000000 1.00000000 344.00000000
164.00000000 475.00000000 5.00000000 335.00000000
165.00000000 569.00000000 1.00000000 335.00000000
114.00000000 535.00000000 0.00000000 335.00000000
123.00000000 397.00000000 1.00000000 333.00000000
214.00000000 332.00000000 1.00000000 328.00000000
222.00000000 527.00000000 1.00000000 328.00000000
232.00000000 778.00000000 2.00000000 326.00000000
106.00000000 419.00000000 0.00000000 322.00000000
328.00000000 433.00000000 0.00000000 317.00000000
59.00000000 424.00000000 1.00000000 313.00000000
115.00000000 537.00000000 1.00000000 311.00000000
57.00000000 422.00000000 1.00000000 309.00000000
184.00000000 515.00000000 1.00000000 308.00000000
231.00000000 777.00000000 1.00000000 305.00000000
162.00000000 480.00000000 2.00000000 304.00000000
199.00000000 429.00000000 0.00000000 303.00000000
209.00000000 551.00000000 1.00000000 301.00000000
166.00000000 571.00000000 0.00000000 298.00000000
203.00000000 483.00000000 1.00000000 297.00000000
184.00000000 514.00000000 0.00000000 294.00000000
232.00000000 775.00000000 0.00000000 291.00000000
328.00000000 434.00000000 1.00000000 291.00000000
232.00000000 784.00000000 4.00000000 290.00000000
386.00000000 527.00000000 1.00000000 286.00000000
210.00000000 550.00000000 0.00000000 284.00000000
122.00000000 398.00000000 2.00000000 283.00000000
193.00000000 456.00000000 0.00000000 283.00000000
375.00000000 500.00000000 0.00000000 273.00000000
214.00000000 332.00000000 1.00000000 273.00000000
207.00000000 618.00000000 1.00000000 267.00000000
403.00000000 255.00000000 1.00000000 260.00000000
384.00000000 527.00000000 1.00000000 260.00000000
58.00000000 422.00000000 2.00000000 259.00000000
61.00000000 436.00000000 1.00000000 258.00000000
66.00000000 592.00000000 0.00000000 256.00000000
159.00000000 590.00000000 0.00000000 252.00000000
76.00000000 376.00000000 2.00000000 251.00000000
386.00000000 527.00000000 0.00000000 246.00000000
351.00000000 372.00000000 1.00000000 246.00000000
207.00000000 618.00000000 0.00000000 246.00000000
243.00000000 435.00000000 2.00000000 245.00000000
447.00000000 421.00000000 1.00000000 244.00000000
239.00000000 502.00000000 0.00000000 241.00000000
183.00000000 516.00000000 1.00000000 240.00000000
404.00000000 254.00000000 1.00000000 238.00000000
219.00000000 813.00000000 0.00000000 237.00000000
371.00000000 370.00000000 1.00000000 237.00000000
84.00000000 371.00000000 0.00000000 237.00000000
332.00000000 909.00000000 1.00000000 235.00000000
544.00000000 370.00000000 2.00000000 233.00000000
110.00000000 431.00000000 0.00000000 233.00000000
222.00000000 528.00000000 1.00000000 230.00000000
366.00000000 497.00000000 0.00000000 228.00000000
166.00000000 606.00000000 0.00000000 227.00000000
160.00000000 590.00000000 1.00000000 227.00000000
130.00000000 435.00000000 0.00000000 226.00000000
67.00000000 593.00000000 1.00000000 225.00000000
369.00000000 740.00000000 1.00000000 223.00000000
219.00000000 814.00000000 1.00000000 221.00000000
351.00000000 371.00000000 0.00000000 221.00000000
208.00000000 606.00000000 1.00000000 220.00000000
207.00000000 620.00000000 1.00000000 218.00000000
60.00000000 424.00000000 0.00000000 218.00000000
373.00000000 403.00000000 1.00000000 217.00000000
94.00000000 413.00000000 0.00000000 216.00000000
332.00000000 908.00000000 1.00000000 215.00000000
373.00000000 403.00000000 0.00000000 213.00000000
332.00000000 910.00000000 2.00000000 213.00000000
131.00000000 437.00000000 1.00000000 213.00000000
193.00000000 456.00000000 1.00000000 213.00000000
199.00000000 430.00000000 1.00000000 212.00000000
209.00000000 352.00000000 1.00000000 209.00000000
62.00000000 411.00000000 0.00000000 206.00000000
203.00000000 475.00000000 0.00000000 203.00000000
197.00000000 439.00000000 0.00000000 201.00000000
403.00000000 254.00000000 0.00000000 201.00000000
110.00000000 446.00000000 0.00000000 200.00000000
110.00000000 446.00000000 1.00000000 199.00000000
415.00000000 382.00000000 1.00000000 198.00000000
111.00000000 369.00000000 0.00000000 197.00000000
61.00000000 436.00000000 0.00000000 196.00000000
243.00000000 654.00000000 0.00000000 193.00000000
184.00000000 516.00000000 2.00000000 191.00000000
369.00000000 740.00000000 0.00000000 190.00000000
122.00000000 394.00000000 1.00000000 188.00000000
376.00000000 514.00000000 0.00000000 188.00000000
208.00000000 606.00000000 0.00000000 187.00000000
332.00000000 907.00000000 0.00000000 186.00000000
206.00000000 397.00000000 0.00000000 186.00000000
415.00000000 381.00000000 0.00000000 185.00000000
101.00000000 306.00000000 0.00000000 184.00000000
392.00000000 277.00000000 0.00000000 179.00000000
446.00000000 420.00000000 0.00000000 179.00000000
115.00000000 356.00000000 0.00000000 178.00000000
260.00000000 859.00000000 0.00000000 170.00000000
394.00000000 191.00000000 0.00000000 167.00000000
34.00000000 400.00000000 0.00000000 167.00000000
248.00000000 734.00000000 0.00000000 164.00000000
222.00000000 427.00000000 0.00000000 164.00000000
194.00000000 475.00000000 0.00000000 163.00000000
222.00000000 420.00000000 0.00000000 162.00000000
161.00000000 864.00000000 0.00000000 161.00000000
221.00000000 307.00000000 0.00000000 161.00000000
197.00000000 534.00000000 0.00000000 159.00000000
384.00000000 498.00000000 0.00000000 158.00000000
199.00000000 313.00000000 0.00000000 158.00000000
411.00000000 275.00000000 0.00000000 156.00000000
130.00000000 521.00000000 0.00000000 155.00000000
164.00000000 599.00000000 0.00000000 151.00000000
140.00000000 557.00000000 0.00000000 148.00000000
