647.00000000 127.00000000 0.00000000 593.00000000
642.00000000 135.00000000 0.00000000 546.00000000
531.00000000 194.00000000 0.00000000 546.00000000
520.00000000 93.00000000 0.00000000 535.00000000
516.00000000 101.00000000 0.00000000 531.00000000
398.00000000 246.00000000 0.00000000 513.00000000
535.00000000 187.00000000 0.00000000 507.00000000
538.00000000 194.00000000 0.00000000 499.00000000
650.00000000 135.00000000 0.00000000 494.00000000
524.00000000 101.00000000 0.00000000 494.00000000
386.00000000 159.00000000 0.00000000 492.00000000
509.00000000 163.00000000 0.00000000 477.00000000
497.00000000 272.00000000 0.00000000 459.00000000
665.00000000 201.00000000 0.00000000 458.00000000
574.00000000 309.00000000 0.00000000 457.00000000
548.00000000 302.00000000 0.00000000 449.00000000
601.00000000 105.00000000 0.00000000 447.00000000
415.00000000 238.00000000 0.00000000 446.00000000
614.00000000 217.00000000 0.00000000 431.00000000
357.00000000 47.00000000 0.00000000 421.00000000
516.00000000 14.00000000 0.00000000 420.00000000
449.00000000 267.00000000 0.00000000 417.00000000
494.00000000 278.00000000 0.00000000 417.00000000
644.00000000 305.00000000 0.00000000 416.00000000
464.00000000 152.00000000 0.00000000 413.00000000
301.00000000 14.00000000 0.00000000 408.00000000
629.00000000 125.00000000 0.00000000 404.00000000
309.00000000 149.00000000 0.00000000 403.00000000
550.00000000 164.00000000 0.00000000 403.00000000
429.00000000 275.00000000 0.00000000 402.00000000
545.00000000 309.00000000 0.00000000 401.00000000
443.00000000 219.00000000 0.00000000 401.00000000
229.00000000 45.00000000 0.00000000 400.00000000
519.00000000 196.00000000 0.00000000 398.00000000
386.00000000 245.00000000 0.00000000 397.00000000
449.00000000 268.00000000 1.00000000 394.00000000
378.00000000 37.00000000 0.00000000 388.00000000
573.00000000 87.00000000 0.00000000 385.00000000
642.00000000 166.00000000 0.00000000 384.00000000
468.00000000 131.00000000 0.00000000 381.00000000
429.00000000 37.00000000 0.00000000 381.00000000
379.00000000 37.00000000 1.00000000 378.00000000
464.00000000 153.00000000 1.00000000 377.00000000
405.00000000 89.00000000 0.00000000 377.00000000
235.00000000 46.00000000 0.00000000 374.00000000
287.00000000 185.00000000 0.00000000 373.00000000
594.00000000 12.00000000 0.00000000 373.00000000
309.00000000 14.00000000 0.00000000 371.00000000
629.00000000 125.00000000 1.00000000 371.00000000
533.00000000 303.00000000 0.00000000 369.00000000
231.00000000 38.00000000 0.00000000 368.00000000
501.00000000 279.00000000 0.00000000 368.00000000
280.00000000 86.00000000 0.00000000 367.00000000
422.00000000 89.00000000 0.00000000 367.00000000
320.00000000 235.00000000 0.00000000 362.00000000
503.00000000 14.00000000 0.00000000 361.00000000
614.00000000 92.00000000 0.00000000 359.00000000
285.00000000 204.00000000 0.00000000 358.00000000
465.00000000 248.00000000 0.00000000 358.00000000
552.00000000 309.00000000 0.00000000 357.00000000
243.00000000 147.00000000 0.00000000 357.00000000
561.00000000 182.00000000 0.00000000 356.00000000
377.00000000 14.00000000 0.00000000 352.00000000
516.00000000 185.00000000 0.00000000 348.00000000
404.00000000 218.00000000 0.00000000 345.00000000
270.00000000 212.00000000 0.00000000 345.00000000
645.00000000 306.00000000 1.00000000 343.00000000
480.00000000 90.00000000 0.00000000 340.00000000
324.00000000 241.00000000 0.00000000 340.00000000
509.00000000 163.00000000 1.00000000 323.00000000
643.00000000 166.00000000 1.00000000 320.00000000
466.00000000 249.00000000 1.00000000 319.00000000
429.00000000 38.00000000 1.00000000 313.00000000
309.00000000 149.00000000 1.00000000 308.00000000
535.00000000 280.00000000 1.00000000 307.00000000
574.00000000 190.00000000 1.00000000 304.00000000
620.00000000 251.00000000 1.00000000 304.00000000
404.00000000 218.00000000 1.00000000 299.00000000
685.00000000 130.00000000 1.00000000 299.00000000
417.00000000 487.00000000 1.00000000 293.00000000
431.00000000 181.00000000 1.00000000 292.00000000
410.00000000 184.00000000 1.00000000 289.00000000
483.00000000 273.00000000 1.00000000 280.00000000
534.00000000 303.00000000 1.00000000 279.00000000
643.00000000 247.00000000 1.00000000 276.00000000
417.00000000 487.00000000 1.00000000 276.00000000
517.00000000 15.00000000 1.00000000 275.00000000
575.00000000 310.00000000 1.00000000 274.00000000
449.00000000 268.00000000 1.00000000 273.00000000
431.00000000 181.00000000 1.00000000 273.00000000
533.00000000 302.00000000 1.00000000 271.00000000
360.00000000 292.00000000 1.00000000 271.00000000
476.00000000 216.00000000 1.00000000 270.00000000
386.00000000 237.00000000 1.00000000 269.00000000
640.00000000 97.00000000 1.00000000 269.00000000
476.00000000 300.00000000 1.00000000 265.00000000
504.00000000 95.00000000 1.00000000 264.00000000
684.00000000 130.00000000 1.00000000 264.00000000
468.00000000 90.00000000 1.00000000 264.00000000
289.00000000 261.00000000 1.00000000 264.00000000
465.00000000 152.00000000 1.00000000 263.00000000
352.00000000 152.00000000 1.00000000 263.00000000
639.00000000 96.00000000 1.00000000 262.00000000
295.00000000 41.00000000 1.00000000 262.00000000
306.00000000 236.00000000 1.00000000 261.00000000
286.00000000 177.00000000 1.00000000 260.00000000
345.00000000 182.00000000 1.00000000 260.00000000
343.00000000 182.00000000 1.00000000 258.00000000
408.00000000 183.00000000 1.00000000 258.00000000
548.00000000 130.00000000 2.00000000 257.00000000
550.00000000 155.00000000 1.00000000 255.00000000
428.00000000 124.00000000 1.00000000 254.00000000
629.00000000 125.00000000 1.00000000 251.00000000
378.00000000 40.00000000 2.00000000 244.00000000
640.00000000 96.00000000 2.00000000 222.00000000
418.00000000 490.00000000 2.00000000 218.00000000
516.00000000 276.00000000 2.00000000 206.00000000
686.00000000 130.00000000 2.00000000 205.00000000
474.00000000 218.00000000 2.00000000 204.00000000
448.00000000 272.00000000 2.00000000 201.00000000
642.00000000 455.00000000 2.00000000 138.00000000
644.00000000 248.00000000 2.00000000 137.00000000
415.00000000 489.00000000 2.00000000 136.00000000
642.00000000 164.00000000 2.00000000 134.00000000
644.00000000 456.00000000 4.00000000 107.00000000
763.00000000 531.00000000 5.00000000 107.00000000
772.00000000 464.00000000 4.00000000 100.00000000
