217.00000000 505.00000000 0.00000000 464.00000000
217.00000000 505.00000000 1.00000000 397.00000000
343.00000000 511.00000000 1.00000000 395.00000000
129.00000000 366.00000000 1.00000000 385.00000000
128.00000000 367.00000000 1.00000000 384.00000000
229.00000000 510.00000000 0.00000000 355.00000000
191.00000000 550.00000000 1.00000000 335.00000000
300.00000000 422.00000000 0.00000000 331.00000000
202.00000000 497.00000000 0.00000000 325.00000000
300.00000000 422.00000000 1.00000000 323.00000000
115.00000000 413.00000000 1.00000000 322.00000000
218.00000000 327.00000000 1.00000000 320.00000000
186.00000000 466.00000000 2.00000000 317.00000000
328.00000000 361.00000000 0.00000000 316.00000000
220.00000000 531.00000000 0.00000000 314.00000000
218.00000000 326.00000000 0.00000000 311.00000000
343.00000000 511.00000000 0.00000000 306.00000000
349.00000000 252.00000000 1.00000000 300.00000000
155.00000000 518.00000000 0.00000000 300.00000000
130.00000000 364.00000000 0.00000000 299.00000000
220.00000000 532.00000000 1.00000000 296.00000000
242.00000000 748.00000000 2.00000000 295.00000000
243.00000000 424.00000000 2.00000000 284.00000000
156.00000000 388.00000000 1.00000000 279.00000000
191.00000000 550.00000000 0.00000000 275.00000000
124.00000000 569.00000000 0.00000000 275.00000000
242.00000000 746.00000000 1.00000000 275.00000000
186.00000000 463.00000000 2.00000000 272.00000000
202.00000000 498.00000000 1.00000000 272.00000000
241.00000000 745.00000000 0.00000000 272.00000000
241.00000000 746.00000000 1.00000000 271.00000000
229.00000000 510.00000000 1.00000000 267.00000000
221.00000000 595.00000000 0.00000000 260.00000000
128.00000000 368.00000000 2.00000000 258.00000000
219.00000000 326.00000000 1.00000000 255.00000000
155.00000000 518.00000000 1.00000000 254.00000000
373.00000000 158.00000000 5.00000000 254.00000000
146.00000000 329.00000000 1.00000000 248.00000000
343.00000000 511.00000000 1.00000000 247.00000000
350.00000000 251.00000000 1.00000000 247.00000000
348.00000000 251.00000000 0.00000000 246.00000000
331.00000000 393.00000000 0.00000000 244.00000000
244.00000000 428.00000000 4.00000000 242.00000000
114.00000000 412.00000000 1.00000000 241.00000000
221.00000000 584.00000000 0.00000000 235.00000000
157.00000000 388.00000000 1.00000000 233.00000000
232.00000000 516.00000000 2.00000000 227.00000000
331.00000000 393.00000000 1.00000000 226.00000000
188.00000000 464.00000000 4.00000000 225.00000000
243.00000000 749.00000000 2.00000000 225.00000000
429.00000000 356.00000000 1.00000000 223.00000000
385.00000000 410.00000000 1.00000000 222.00000000
215.00000000 346.00000000 1.00000000 222.00000000
221.00000000 585.00000000 1.00000000 221.00000000
315.00000000 363.00000000 1.00000000 221.00000000
315.00000000 362.00000000 0.00000000 221.00000000
454.00000000 360.00000000 2.00000000 219.00000000
214.00000000 468.00000000 0.00000000 219.00000000
315.00000000 875.00000000 1.00000000 219.00000000
240.00000000 486.00000000 0.00000000 217.00000000
221.00000000 596.00000000 1.00000000 217.00000000
145.00000000 330.00000000 1.00000000 216.00000000
158.00000000 392.00000000 2.00000000 216.00000000
538.00000000 152.00000000 2.00000000 212.00000000
186.00000000 468.00000000 1.00000000 211.00000000
384.00000000 410.00000000 0.00000000 208.00000000
217.00000000 506.00000000 1.00000000 208.00000000
115.00000000 413.00000000 0.00000000 207.00000000
124.00000000 570.00000000 1.00000000 205.00000000
226.00000000 415.00000000 0.00000000 201.00000000
360.00000000 371.00000000 0.00000000 201.00000000
187.00000000 568.00000000 0.00000000 200.00000000
335.00000000 486.00000000 0.00000000 200.00000000
231.00000000 517.00000000 2.00000000 200.00000000
254.00000000 439.00000000 1.00000000 199.00000000
355.00000000 270.00000000 1.00000000 198.00000000
145.00000000 328.00000000 0.00000000 197.00000000
214.00000000 346.00000000 1.00000000 194.00000000
220.00000000 533.00000000 1.00000000 193.00000000
452.00000000 359.00000000 1.00000000 193.00000000
226.00000000 416.00000000 1.00000000 191.00000000
315.00000000 875.00000000 1.00000000 190.00000000
315.00000000 874.00000000 0.00000000 187.00000000
234.00000000 781.00000000 0.00000000 187.00000000
117.00000000 402.00000000 1.00000000 181.00000000
329.00000000 482.00000000 0.00000000 180.00000000
354.00000000 270.00000000 0.00000000 180.00000000
117.00000000 425.00000000 1.00000000 179.00000000
148.00000000 362.00000000 0.00000000 179.00000000
340.00000000 182.00000000 0.00000000 176.00000000
316.00000000 876.00000000 2.00000000 176.00000000
337.00000000 714.00000000 0.00000000 176.00000000
254.00000000 440.00000000 1.00000000 175.00000000
341.00000000 483.00000000 1.00000000 174.00000000
147.00000000 409.00000000 0.00000000 173.00000000
187.00000000 568.00000000 1.00000000 173.00000000
116.00000000 424.00000000 0.00000000 172.00000000
300.00000000 601.00000000 1.00000000 170.00000000
116.00000000 402.00000000 0.00000000 169.00000000
360.00000000 372.00000000 1.00000000 168.00000000
340.00000000 191.00000000 0.00000000 168.00000000
207.00000000 443.00000000 0.00000000 164.00000000
222.00000000 304.00000000 0.00000000 161.00000000
208.00000000 309.00000000 0.00000000 158.00000000
247.00000000 630.00000000 0.00000000 156.00000000
149.00000000 434.00000000 0.00000000 154.00000000
210.00000000 418.00000000 0.00000000 152.00000000
263.00000000 825.00000000 0.00000000 151.00000000
214.00000000 346.00000000 0.00000000 148.00000000
391.00000000 385.00000000 0.00000000 147.00000000
341.00000000 483.00000000 0.00000000 143.00000000
152.00000000 350.00000000 0.00000000 136.00000000
214.00000000 388.00000000 0.00000000 135.00000000
143.00000000 350.00000000 0.00000000 135.00000000
338.00000000 730.00000000 0.00000000 134.00000000
156.00000000 386.00000000 0.00000000 134.00000000
356.00000000 359.00000000 0.00000000 133.00000000
224.00000000 479.00000000 0.00000000 133.00000000
195.00000000 827.00000000 0.00000000 132.00000000
191.00000000 584.00000000 0.00000000 132.00000000
427.00000000 354.00000000 0.00000000 132.00000000
212.00000000 624.00000000 0.00000000 132.00000000
299.00000000 601.00000000 0.00000000 131.00000000
173.00000000 538.00000000 0.00000000 130.00000000
165.00000000 504.00000000 0.00000000 129.00000000
252.00000000 706.00000000 0.00000000 129.00000000
341.00000000 274.00000000 0.00000000 128.00000000
