407.00000000 546.00000000 1.00000000 669.00000000
407.00000000 547.00000000 1.00000000 582.00000000
333.00000000 503.00000000 5.00000000 569.00000000
411.00000000 489.00000000 1.00000000 568.00000000
408.00000000 545.00000000 0.00000000 566.00000000
164.00000000 427.00000000 1.00000000 529.00000000
408.00000000 900.00000000 4.00000000 525.00000000
435.00000000 540.00000000 1.00000000 494.00000000
407.00000000 896.00000000 2.00000000 478.00000000
164.00000000 428.00000000 2.00000000 461.00000000
434.00000000 539.00000000 0.00000000 440.00000000
408.00000000 548.00000000 2.00000000 433.00000000
411.00000000 490.00000000 1.00000000 426.00000000
398.00000000 454.00000000 1.00000000 423.00000000
407.00000000 887.00000000 1.00000000 423.00000000
312.00000000 664.00000000 2.00000000 412.00000000
407.00000000 889.00000000 1.00000000 408.00000000
164.00000000 425.00000000 1.00000000 403.00000000
406.00000000 892.00000000 2.00000000 402.00000000
332.00000000 500.00000000 4.00000000 391.00000000
302.00000000 731.00000000 1.00000000 390.00000000
388.00000000 572.00000000 0.00000000 389.00000000
410.00000000 489.00000000 0.00000000 387.00000000
407.00000000 886.00000000 0.00000000 381.00000000
396.00000000 482.00000000 0.00000000 375.00000000
251.00000000 448.00000000 1.00000000 373.00000000
398.00000000 453.00000000 0.00000000 372.00000000
301.00000000 731.00000000 0.00000000 364.00000000
392.00000000 692.00000000 2.00000000 362.00000000
311.00000000 664.00000000 2.00000000 347.00000000
151.00000000 684.00000000 1.00000000 345.00000000
151.00000000 682.00000000 1.00000000 344.00000000
251.00000000 446.00000000 1.00000000 343.00000000
168.00000000 620.00000000 1.00000000 339.00000000
388.00000000 572.00000000 1.00000000 337.00000000
435.00000000 541.00000000 1.00000000 336.00000000
398.00000000 455.00000000 1.00000000 335.00000000
521.00000000 889.00000000 1.00000000 333.00000000
367.00000000 551.00000000 1.00000000 329.00000000
458.00000000 282.00000000 1.00000000 328.00000000
397.00000000 483.00000000 1.00000000 327.00000000
391.00000000 690.00000000 1.00000000 317.00000000
368.00000000 552.00000000 2.00000000 314.00000000
415.00000000 414.00000000 1.00000000 313.00000000
180.00000000 446.00000000 2.00000000 312.00000000
522.00000000 886.00000000 1.00000000 310.00000000
408.00000000 584.00000000 1.00000000 309.00000000
304.00000000 743.00000000 1.00000000 308.00000000
252.00000000 450.00000000 2.00000000 307.00000000
409.00000000 582.00000000 1.00000000 307.00000000
458.00000000 281.00000000 0.00000000 306.00000000
181.00000000 442.00000000 1.00000000 306.00000000
237.00000000 329.00000000 0.00000000 303.00000000
569.00000000 397.00000000 1.00000000 300.00000000
151.00000000 682.00000000 0.00000000 299.00000000
379.00000000 504.00000000 1.00000000 293.00000000
408.00000000 581.00000000 0.00000000 292.00000000
413.00000000 478.00000000 0.00000000 291.00000000
289.00000000 713.00000000 1.00000000 291.00000000
181.00000000 439.00000000 1.00000000 289.00000000
165.00000000 424.00000000 0.00000000 288.00000000
251.00000000 444.00000000 0.00000000 285.00000000
169.00000000 619.00000000 1.00000000 283.00000000
116.00000000 538.00000000 0.00000000 276.00000000
569.00000000 396.00000000 0.00000000 274.00000000
285.00000000 687.00000000 2.00000000 272.00000000
188.00000000 316.00000000 0.00000000 269.00000000
415.00000000 413.00000000 0.00000000 266.00000000
379.00000000 504.00000000 0.00000000 265.00000000
391.00000000 685.00000000 0.00000000 265.00000000
237.00000000 330.00000000 1.00000000 262.00000000
438.00000000 545.00000000 2.00000000 262.00000000
391.00000000 687.00000000 1.00000000 257.00000000
304.00000000 743.00000000 0.00000000 254.00000000
368.00000000 550.00000000 1.00000000 252.00000000
601.00000000 468.00000000 0.00000000 250.00000000
373.00000000 977.00000000 1.00000000 243.00000000
228.00000000 297.00000000 1.00000000 241.00000000
459.00000000 281.00000000 1.00000000 240.00000000
289.00000000 712.00000000 0.00000000 240.00000000
601.00000000 469.00000000 1.00000000 237.00000000
521.00000000 884.00000000 0.00000000 227.00000000
287.00000000 678.00000000 1.00000000 222.00000000
674.00000000 337.00000000 0.00000000 220.00000000
386.00000000 488.00000000 1.00000000 219.00000000
374.00000000 976.00000000 1.00000000 219.00000000
366.00000000 645.00000000 1.00000000 218.00000000
181.00000000 438.00000000 0.00000000 214.00000000
396.00000000 668.00000000 1.00000000 211.00000000
434.00000000 368.00000000 1.00000000 209.00000000
635.00000000 250.00000000 0.00000000 208.00000000
228.00000000 296.00000000 0.00000000 206.00000000
182.00000000 603.00000000 0.00000000 206.00000000
602.00000000 444.00000000 0.00000000 205.00000000
453.00000000 405.00000000 0.00000000 201.00000000
439.00000000 951.00000000 0.00000000 200.00000000
369.00000000 527.00000000 0.00000000 197.00000000
396.00000000 667.00000000 0.00000000 192.00000000
415.00000000 563.00000000 0.00000000 190.00000000
172.00000000 566.00000000 0.00000000 186.00000000
604.00000000 365.00000000 0.00000000 181.00000000
73.00000000 619.00000000 0.00000000 180.00000000
287.00000000 677.00000000 0.00000000 177.00000000
366.00000000 644.00000000 0.00000000 177.00000000
603.00000000 535.00000000 0.00000000 176.00000000
368.00000000 550.00000000 0.00000000 175.00000000
463.00000000 497.00000000 0.00000000 173.00000000
374.00000000 976.00000000 0.00000000 171.00000000
146.00000000 643.00000000 0.00000000 170.00000000
606.00000000 337.00000000 0.00000000 170.00000000
168.00000000 622.00000000 0.00000000 167.00000000
410.00000000 428.00000000 0.00000000 167.00000000
408.00000000 568.00000000 0.00000000 167.00000000
220.00000000 478.00000000 0.00000000 166.00000000
91.00000000 727.00000000 0.00000000 164.00000000
386.00000000 488.00000000 0.00000000 164.00000000
434.00000000 368.00000000 0.00000000 161.00000000
473.00000000 253.00000000 0.00000000 158.00000000
497.00000000 333.00000000 0.00000000 153.00000000
131.00000000 429.00000000 0.00000000 153.00000000
369.00000000 985.00000000 0.00000000 147.00000000
446.00000000 282.00000000 0.00000000 146.00000000
450.00000000 306.00000000 0.00000000 145.00000000
214.00000000 465.00000000 0.00000000 140.00000000
408.00000000 614.00000000 0.00000000 140.00000000
188.00000000 458.00000000 0.00000000 140.00000000
419.00000000 402.00000000 0.00000000 138.00000000
