659.00000000 171.00000000 0.00000000 799.00000000
363.00000000 140.00000000 1.00000000 740.00000000
391.00000000 123.00000000 0.00000000 733.00000000
391.00000000 123.00000000 1.00000000 703.00000000
874.00000000 80.00000000 0.00000000 674.00000000
538.00000000 168.00000000 0.00000000 673.00000000
516.00000000 168.00000000 0.00000000 672.00000000
834.00000000 17.00000000 1.00000000 667.00000000
704.00000000 26.00000000 0.00000000 667.00000000
635.00000000 97.00000000 0.00000000 660.00000000
531.00000000 47.00000000 0.00000000 659.00000000
634.00000000 172.00000000 0.00000000 645.00000000
671.00000000 75.00000000 0.00000000 645.00000000
610.00000000 133.00000000 0.00000000 643.00000000
403.00000000 167.00000000 0.00000000 641.00000000
530.00000000 48.00000000 1.00000000 635.00000000
593.00000000 12.00000000 0.00000000 634.00000000
571.00000000 171.00000000 0.00000000 634.00000000
716.00000000 29.00000000 0.00000000 632.00000000
737.00000000 81.00000000 0.00000000 626.00000000
352.00000000 161.00000000 1.00000000 621.00000000
363.00000000 138.00000000 1.00000000 613.00000000
548.00000000 94.00000000 0.00000000 606.00000000
695.00000000 103.00000000 0.00000000 602.00000000
635.00000000 172.00000000 1.00000000 598.00000000
654.00000000 20.00000000 0.00000000 594.00000000
869.00000000 91.00000000 0.00000000 589.00000000
683.00000000 101.00000000 0.00000000 580.00000000
895.00000000 94.00000000 0.00000000 572.00000000
852.00000000 20.00000000 1.00000000 570.00000000
379.00000000 137.00000000 0.00000000 569.00000000
834.00000000 17.00000000 0.00000000 566.00000000
700.00000000 77.00000000 1.00000000 565.00000000
516.00000000 169.00000000 1.00000000 564.00000000
660.00000000 172.00000000 1.00000000 561.00000000
473.00000000 141.00000000 0.00000000 560.00000000
770.00000000 34.00000000 0.00000000 560.00000000
819.00000000 87.00000000 1.00000000 560.00000000
521.00000000 144.00000000 1.00000000 553.00000000
619.00000000 71.00000000 1.00000000 553.00000000
476.00000000 58.00000000 0.00000000 548.00000000
799.00000000 87.00000000 1.00000000 547.00000000
635.00000000 98.00000000 1.00000000 545.00000000
415.00000000 699.00000000 1.00000000 544.00000000
345.00000000 135.00000000 0.00000000 542.00000000
852.00000000 20.00000000 0.00000000 541.00000000
345.00000000 136.00000000 1.00000000 539.00000000
827.00000000 42.00000000 0.00000000 538.00000000
875.00000000 81.00000000 1.00000000 537.00000000
473.00000000 142.00000000 1.00000000 530.00000000
565.00000000 50.00000000 0.00000000 529.00000000
619.00000000 71.00000000 0.00000000 527.00000000
819.00000000 87.00000000 0.00000000 527.00000000
351.00000000 163.00000000 1.00000000 527.00000000
799.00000000 87.00000000 0.00000000 525.00000000
767.00000000 70.00000000 0.00000000 519.00000000
943.00000000 33.00000000 0.00000000 516.00000000
456.00000000 140.00000000 0.00000000 514.00000000
370.00000000 162.00000000 1.00000000 511.00000000
870.00000000 92.00000000 1.00000000 511.00000000
477.00000000 59.00000000 1.00000000 510.00000000
538.00000000 169.00000000 1.00000000 508.00000000
606.00000000 147.00000000 0.00000000 506.00000000
562.00000000 145.00000000 0.00000000 505.00000000
402.00000000 127.00000000 0.00000000 501.00000000
671.00000000 75.00000000 1.00000000 493.00000000
887.00000000 116.00000000 0.00000000 490.00000000
362.00000000 137.00000000 0.00000000 486.00000000
457.00000000 141.00000000 1.00000000 486.00000000
799.00000000 88.00000000 1.00000000 485.00000000
660.00000000 149.00000000 0.00000000 482.00000000
878.00000000 48.00000000 0.00000000 481.00000000
610.00000000 133.00000000 1.00000000 480.00000000
574.00000000 135.00000000 0.00000000 480.00000000
521.00000000 144.00000000 0.00000000 479.00000000
844.00000000 112.00000000 0.00000000 478.00000000
388.00000000 137.00000000 0.00000000 477.00000000
459.00000000 56.00000000 0.00000000 476.00000000
943.00000000 34.00000000 1.00000000 468.00000000
345.00000000 137.00000000 1.00000000 468.00000000
526.00000000 62.00000000 1.00000000 467.00000000
895.00000000 94.00000000 1.00000000 467.00000000
705.00000000 27.00000000 1.00000000 465.00000000
417.00000000 123.00000000 0.00000000 464.00000000
649.00000000 169.00000000 1.00000000 464.00000000
414.00000000 700.00000000 1.00000000 463.00000000
530.00000000 48.00000000 1.00000000 463.00000000
908.00000000 32.00000000 1.00000000 462.00000000
406.00000000 138.00000000 0.00000000 461.00000000
369.00000000 163.00000000 1.00000000 458.00000000
352.00000000 162.00000000 2.00000000 457.00000000
695.00000000 103.00000000 1.00000000 456.00000000
927.00000000 118.00000000 0.00000000 455.00000000
406.00000000 685.00000000 0.00000000 454.00000000
364.00000000 140.00000000 2.00000000 453.00000000
922.00000000 96.00000000 0.00000000 453.00000000
649.00000000 169.00000000 0.00000000 444.00000000
551.00000000 54.00000000 0.00000000 444.00000000
845.00000000 45.00000000 0.00000000 435.00000000
415.00000000 698.00000000 0.00000000 433.00000000
576.00000000 145.00000000 0.00000000 426.00000000
811.00000000 111.00000000 0.00000000 419.00000000
391.00000000 123.00000000 1.00000000 419.00000000
721.00000000 79.00000000 0.00000000 419.00000000
700.00000000 76.00000000 1.00000000 417.00000000
779.00000000 84.00000000 0.00000000 416.00000000
476.00000000 59.00000000 1.00000000 414.00000000
816.00000000 38.00000000 0.00000000 413.00000000
800.00000000 88.00000000 2.00000000 413.00000000
540.00000000 751.00000000 0.00000000 404.00000000
465.00000000 83.00000000 1.00000000 402.00000000
456.00000000 142.00000000 1.00000000 401.00000000
605.00000000 534.00000000 1.00000000 400.00000000
370.00000000 162.00000000 2.00000000 399.00000000
943.00000000 33.00000000 1.00000000 387.00000000
618.00000000 70.00000000 1.00000000 387.00000000
526.00000000 62.00000000 2.00000000 352.00000000
604.00000000 538.00000000 2.00000000 341.00000000
466.00000000 82.00000000 2.00000000 329.00000000
234.00000000 720.00000000 2.00000000 313.00000000
602.00000000 540.00000000 2.00000000 282.00000000
639.00000000 76.00000000 2.00000000 264.00000000
234.00000000 721.00000000 2.00000000 218.00000000
466.00000000 82.00000000 2.00000000 217.00000000
604.00000000 540.00000000 4.00000000 215.00000000
468.00000000 76.00000000 4.00000000 182.00000000
424.00000000 141.00000000 5.00000000 154.00000000
