415.00000000 541.00000000 1.00000000 651.00000000
333.00000000 497.00000000 5.00000000 643.00000000
415.00000000 543.00000000 1.00000000 552.00000000
415.00000000 540.00000000 0.00000000 549.00000000
412.00000000 868.00000000 4.00000000 536.00000000
172.00000000 424.00000000 1.00000000 534.00000000
419.00000000 491.00000000 1.00000000 503.00000000
410.00000000 862.00000000 2.00000000 490.00000000
446.00000000 538.00000000 1.00000000 482.00000000
445.00000000 538.00000000 0.00000000 475.00000000
332.00000000 492.00000000 4.00000000 448.00000000
411.00000000 858.00000000 1.00000000 445.00000000
411.00000000 856.00000000 1.00000000 443.00000000
173.00000000 424.00000000 1.00000000 441.00000000
410.00000000 860.00000000 2.00000000 440.00000000
403.00000000 483.00000000 0.00000000 419.00000000
254.00000000 446.00000000 1.00000000 418.00000000
312.00000000 638.00000000 2.00000000 418.00000000
414.00000000 544.00000000 2.00000000 408.00000000
411.00000000 854.00000000 0.00000000 406.00000000
418.00000000 492.00000000 1.00000000 399.00000000
186.00000000 439.00000000 1.00000000 398.00000000
254.00000000 445.00000000 1.00000000 395.00000000
473.00000000 304.00000000 1.00000000 394.00000000
393.00000000 563.00000000 0.00000000 393.00000000
396.00000000 674.00000000 2.00000000 389.00000000
473.00000000 304.00000000 0.00000000 385.00000000
173.00000000 585.00000000 1.00000000 376.00000000
544.00000000 881.00000000 1.00000000 369.00000000
406.00000000 458.00000000 1.00000000 365.00000000
301.00000000 696.00000000 1.00000000 356.00000000
416.00000000 575.00000000 1.00000000 351.00000000
156.00000000 635.00000000 1.00000000 350.00000000
544.00000000 884.00000000 2.00000000 345.00000000
393.00000000 563.00000000 1.00000000 342.00000000
372.00000000 544.00000000 2.00000000 335.00000000
395.00000000 671.00000000 1.00000000 335.00000000
301.00000000 695.00000000 0.00000000 333.00000000
404.00000000 484.00000000 1.00000000 333.00000000
405.00000000 458.00000000 0.00000000 332.00000000
445.00000000 540.00000000 1.00000000 331.00000000
172.00000000 426.00000000 2.00000000 330.00000000
155.00000000 636.00000000 1.00000000 326.00000000
254.00000000 448.00000000 2.00000000 325.00000000
604.00000000 413.00000000 1.00000000 325.00000000
416.00000000 574.00000000 0.00000000 323.00000000
544.00000000 879.00000000 1.00000000 321.00000000
173.00000000 422.00000000 0.00000000 312.00000000
384.00000000 502.00000000 1.00000000 311.00000000
415.00000000 576.00000000 1.00000000 311.00000000
371.00000000 543.00000000 1.00000000 310.00000000
311.00000000 639.00000000 2.00000000 309.00000000
156.00000000 634.00000000 0.00000000 308.00000000
424.00000000 424.00000000 1.00000000 305.00000000
243.00000000 381.00000000 2.00000000 302.00000000
187.00000000 436.00000000 1.00000000 298.00000000
243.00000000 345.00000000 0.00000000 298.00000000
405.00000000 459.00000000 1.00000000 297.00000000
254.00000000 443.00000000 0.00000000 295.00000000
383.00000000 502.00000000 0.00000000 289.00000000
422.00000000 480.00000000 0.00000000 284.00000000
395.00000000 668.00000000 0.00000000 283.00000000
373.00000000 545.00000000 2.00000000 282.00000000
419.00000000 490.00000000 0.00000000 274.00000000
288.00000000 678.00000000 1.00000000 273.00000000
303.00000000 707.00000000 1.00000000 271.00000000
172.00000000 585.00000000 1.00000000 265.00000000
288.00000000 677.00000000 0.00000000 262.00000000
242.00000000 347.00000000 1.00000000 259.00000000
604.00000000 412.00000000 0.00000000 256.00000000
313.00000000 637.00000000 1.00000000 255.00000000
475.00000000 304.00000000 1.00000000 254.00000000
395.00000000 669.00000000 1.00000000 253.00000000
303.00000000 706.00000000 0.00000000 252.00000000
446.00000000 382.00000000 1.00000000 252.00000000
424.00000000 422.00000000 0.00000000 243.00000000
369.00000000 627.00000000 1.00000000 240.00000000
197.00000000 334.00000000 0.00000000 240.00000000
544.00000000 878.00000000 0.00000000 234.00000000
286.00000000 647.00000000 1.00000000 231.00000000
644.00000000 484.00000000 1.00000000 228.00000000
216.00000000 594.00000000 1.00000000 228.00000000
234.00000000 318.00000000 0.00000000 227.00000000
446.00000000 924.00000000 1.00000000 222.00000000
446.00000000 923.00000000 0.00000000 222.00000000
372.00000000 543.00000000 1.00000000 219.00000000
234.00000000 318.00000000 1.00000000 218.00000000
374.00000000 931.00000000 1.00000000 217.00000000
173.00000000 585.00000000 0.00000000 207.00000000
415.00000000 562.00000000 0.00000000 205.00000000
287.00000000 647.00000000 0.00000000 196.00000000
89.00000000 575.00000000 0.00000000 195.00000000
127.00000000 512.00000000 0.00000000 193.00000000
188.00000000 434.00000000 0.00000000 193.00000000
446.00000000 381.00000000 0.00000000 192.00000000
374.00000000 931.00000000 0.00000000 191.00000000
644.00000000 483.00000000 0.00000000 191.00000000
650.00000000 357.00000000 0.00000000 191.00000000
517.00000000 352.00000000 0.00000000 188.00000000
185.00000000 572.00000000 0.00000000 188.00000000
369.00000000 626.00000000 0.00000000 187.00000000
647.00000000 550.00000000 0.00000000 183.00000000
102.00000000 666.00000000 0.00000000 180.00000000
461.00000000 305.00000000 0.00000000 180.00000000
468.00000000 584.00000000 0.00000000 178.00000000
401.00000000 651.00000000 0.00000000 175.00000000
208.00000000 335.00000000 0.00000000 174.00000000
374.00000000 521.00000000 0.00000000 173.00000000
194.00000000 451.00000000 0.00000000 171.00000000
649.00000000 384.00000000 0.00000000 170.00000000
468.00000000 417.00000000 0.00000000 169.00000000
296.00000000 686.00000000 0.00000000 165.00000000
178.00000000 399.00000000 0.00000000 159.00000000
688.00000000 272.00000000 0.00000000 158.00000000
224.00000000 470.00000000 0.00000000 158.00000000
178.00000000 540.00000000 0.00000000 155.00000000
638.00000000 464.00000000 0.00000000 154.00000000
247.00000000 520.00000000 0.00000000 152.00000000
212.00000000 659.00000000 0.00000000 152.00000000
216.00000000 593.00000000 0.00000000 151.00000000
152.00000000 602.00000000 0.00000000 150.00000000
368.00000000 939.00000000 0.00000000 150.00000000
371.00000000 543.00000000 0.00000000 148.00000000
646.00000000 460.00000000 0.00000000 148.00000000
422.00000000 558.00000000 0.00000000 147.00000000
207.00000000 226.00000000 0.00000000 147.00000000
395.00000000 675.00000000 0.00000000 146.00000000
