269.00000000 165.00000000 0.00000000 973.00000000
666.00000000 50.00000000 1.00000000 785.00000000
606.00000000 54.00000000 0.00000000 762.00000000
353.00000000 65.00000000 0.00000000 756.00000000
249.00000000 43.00000000 0.00000000 734.00000000
407.00000000 74.00000000 1.00000000 729.00000000
584.00000000 56.00000000 0.00000000 711.00000000
258.00000000 147.00000000 0.00000000 704.00000000
488.00000000 85.00000000 0.00000000 698.00000000
270.00000000 165.00000000 1.00000000 690.00000000
628.00000000 72.00000000 0.00000000 682.00000000
666.00000000 50.00000000 1.00000000 675.00000000
260.00000000 106.00000000 0.00000000 662.00000000
203.00000000 111.00000000 0.00000000 657.00000000
674.00000000 66.00000000 1.00000000 653.00000000
186.00000000 49.00000000 0.00000000 650.00000000
337.00000000 34.00000000 0.00000000 640.00000000
680.00000000 48.00000000 0.00000000 637.00000000
657.00000000 67.00000000 1.00000000 635.00000000
674.00000000 67.00000000 1.00000000 634.00000000
553.00000000 50.00000000 0.00000000 634.00000000
666.00000000 49.00000000 0.00000000 632.00000000
567.00000000 57.00000000 0.00000000 626.00000000
526.00000000 61.00000000 0.00000000 618.00000000
584.00000000 57.00000000 1.00000000 617.00000000
259.00000000 148.00000000 1.00000000 617.00000000
407.00000000 73.00000000 0.00000000 615.00000000
445.00000000 57.00000000 0.00000000 615.00000000
855.00000000 34.00000000 1.00000000 614.00000000
542.00000000 60.00000000 0.00000000 611.00000000
501.00000000 19.00000000 0.00000000 608.00000000
431.00000000 62.00000000 0.00000000 596.00000000
516.00000000 50.00000000 0.00000000 595.00000000
234.00000000 89.00000000 0.00000000 593.00000000
320.00000000 80.00000000 0.00000000 593.00000000
657.00000000 69.00000000 1.00000000 586.00000000
192.00000000 142.00000000 0.00000000 582.00000000
354.00000000 77.00000000 0.00000000 569.00000000
607.00000000 54.00000000 1.00000000 564.00000000
650.00000000 50.00000000 0.00000000 564.00000000
186.00000000 49.00000000 1.00000000 562.00000000
260.00000000 95.00000000 1.00000000 557.00000000
727.00000000 43.00000000 0.00000000 554.00000000
779.00000000 38.00000000 0.00000000 553.00000000
249.00000000 43.00000000 1.00000000 552.00000000
651.00000000 51.00000000 1.00000000 549.00000000
364.00000000 31.00000000 1.00000000 545.00000000
488.00000000 85.00000000 1.00000000 538.00000000
526.00000000 62.00000000 1.00000000 536.00000000
829.00000000 36.00000000 1.00000000 535.00000000
813.00000000 37.00000000 1.00000000 530.00000000
404.00000000 28.00000000 1.00000000 529.00000000
854.00000000 33.00000000 0.00000000 529.00000000
65.00000000 61.00000000 0.00000000 528.00000000
204.00000000 112.00000000 1.00000000 525.00000000
502.00000000 19.00000000 1.00000000 525.00000000
568.00000000 58.00000000 1.00000000 523.00000000
282.00000000 85.00000000 1.00000000 522.00000000
297.00000000 82.00000000 0.00000000 517.00000000
728.00000000 57.00000000 1.00000000 515.00000000
117.00000000 56.00000000 0.00000000 514.00000000
261.00000000 106.00000000 1.00000000 513.00000000
131.00000000 177.00000000 0.00000000 512.00000000
23.00000000 110.00000000 0.00000000 511.00000000
337.00000000 35.00000000 1.00000000 509.00000000
445.00000000 58.00000000 1.00000000 508.00000000
355.00000000 78.00000000 1.00000000 507.00000000
895.00000000 26.00000000 1.00000000 505.00000000
354.00000000 65.00000000 1.00000000 505.00000000
202.00000000 100.00000000 1.00000000 504.00000000
407.00000000 73.00000000 1.00000000 502.00000000
542.00000000 61.00000000 1.00000000 501.00000000
829.00000000 35.00000000 0.00000000 500.00000000
307.00000000 16.00000000 0.00000000 498.00000000
543.00000000 79.00000000 1.00000000 497.00000000
364.00000000 31.00000000 1.00000000 497.00000000
439.00000000 91.00000000 0.00000000 490.00000000
812.00000000 36.00000000 0.00000000 488.00000000
531.00000000 16.00000000 1.00000000 487.00000000
298.00000000 83.00000000 1.00000000 485.00000000
421.00000000 28.00000000 0.00000000 483.00000000
450.00000000 26.00000000 0.00000000 481.00000000
109.00000000 179.00000000 0.00000000 477.00000000
559.00000000 80.00000000 0.00000000 476.00000000
260.00000000 95.00000000 0.00000000 473.00000000
281.00000000 84.00000000 0.00000000 472.00000000
760.00000000 28.00000000 0.00000000 469.00000000
265.00000000 77.00000000 0.00000000 468.00000000
202.00000000 100.00000000 0.00000000 467.00000000
245.00000000 23.00000000 0.00000000 455.00000000
656.00000000 70.00000000 0.00000000 449.00000000
301.00000000 100.00000000 1.00000000 446.00000000
630.00000000 61.00000000 0.00000000 443.00000000
212.00000000 43.00000000 1.00000000 440.00000000
205.00000000 26.00000000 0.00000000 439.00000000
673.00000000 68.00000000 0.00000000 436.00000000
195.00000000 153.00000000 0.00000000 431.00000000
366.00000000 30.00000000 2.00000000 413.00000000
173.00000000 94.00000000 0.00000000 412.00000000
229.00000000 142.00000000 0.00000000 411.00000000
258.00000000 148.00000000 1.00000000 408.00000000
337.00000000 22.00000000 0.00000000 407.00000000
190.00000000 171.00000000 0.00000000 407.00000000
115.00000000 44.00000000 0.00000000 405.00000000
212.00000000 44.00000000 2.00000000 404.00000000
248.00000000 560.00000000 0.00000000 400.00000000
404.00000000 28.00000000 0.00000000 400.00000000
489.00000000 74.00000000 0.00000000 400.00000000
185.00000000 37.00000000 0.00000000 398.00000000
730.00000000 58.00000000 2.00000000 397.00000000
584.00000000 74.00000000 1.00000000 396.00000000
632.00000000 58.00000000 2.00000000 378.00000000
568.00000000 59.00000000 1.00000000 377.00000000
854.00000000 35.00000000 1.00000000 373.00000000
62.00000000 182.00000000 1.00000000 368.00000000
526.00000000 63.00000000 1.00000000 359.00000000
490.00000000 72.00000000 2.00000000 348.00000000
408.00000000 74.00000000 2.00000000 341.00000000
630.00000000 56.00000000 2.00000000 339.00000000
202.00000000 98.00000000 2.00000000 330.00000000
268.00000000 84.00000000 2.00000000 292.00000000
489.00000000 70.00000000 2.00000000 290.00000000
390.00000000 458.00000000 2.00000000 265.00000000
488.00000000 72.00000000 4.00000000 260.00000000
200.00000000 98.00000000 2.00000000 243.00000000
196.00000000 100.00000000 4.00000000 216.00000000
260.00000000 158.00000000 5.00000000 146.00000000
