200.00000000 480.00000000 4.00000000 562.00000000
256.00000000 511.00000000 0.00000000 532.00000000
197.00000000 480.00000000 5.00000000 531.00000000
112.00000000 434.00000000 0.00000000 525.00000000
197.00000000 478.00000000 2.00000000 519.00000000
256.00000000 512.00000000 1.00000000 514.00000000
268.00000000 724.00000000 4.00000000 507.00000000
265.00000000 721.00000000 2.00000000 484.00000000
267.00000000 716.00000000 1.00000000 477.00000000
266.00000000 718.00000000 2.00000000 450.00000000
267.00000000 718.00000000 1.00000000 443.00000000
256.00000000 480.00000000 0.00000000 443.00000000
152.00000000 446.00000000 0.00000000 407.00000000
267.00000000 715.00000000 0.00000000 403.00000000
119.00000000 441.00000000 0.00000000 403.00000000
279.00000000 513.00000000 0.00000000 398.00000000
287.00000000 364.00000000 0.00000000 394.00000000
247.00000000 592.00000000 1.00000000 391.00000000
190.00000000 557.00000000 1.00000000 388.00000000
192.00000000 557.00000000 1.00000000 380.00000000
386.00000000 784.00000000 1.00000000 374.00000000
153.00000000 448.00000000 1.00000000 372.00000000
255.00000000 513.00000000 1.00000000 371.00000000
256.00000000 481.00000000 1.00000000 359.00000000
279.00000000 514.00000000 1.00000000 358.00000000
415.00000000 436.00000000 0.00000000 353.00000000
198.00000000 476.00000000 2.00000000 348.00000000
109.00000000 539.00000000 1.00000000 348.00000000
248.00000000 591.00000000 1.00000000 341.00000000
415.00000000 436.00000000 1.00000000 337.00000000
226.00000000 509.00000000 1.00000000 337.00000000
146.00000000 414.00000000 2.00000000 337.00000000
385.00000000 783.00000000 1.00000000 333.00000000
226.00000000 510.00000000 2.00000000 332.00000000
112.00000000 435.00000000 1.00000000 331.00000000
386.00000000 786.00000000 2.00000000 325.00000000
119.00000000 443.00000000 1.00000000 322.00000000
226.00000000 509.00000000 1.00000000 317.00000000
108.00000000 538.00000000 0.00000000 317.00000000
258.00000000 533.00000000 0.00000000 316.00000000
144.00000000 415.00000000 2.00000000 312.00000000
245.00000000 459.00000000 0.00000000 311.00000000
257.00000000 535.00000000 1.00000000 306.00000000
152.00000000 449.00000000 1.00000000 302.00000000
258.00000000 534.00000000 1.00000000 294.00000000
243.00000000 753.00000000 1.00000000 293.00000000
115.00000000 458.00000000 1.00000000 289.00000000
145.00000000 414.00000000 1.00000000 288.00000000
257.00000000 439.00000000 0.00000000 279.00000000
288.00000000 364.00000000 1.00000000 279.00000000
461.00000000 393.00000000 0.00000000 277.00000000
385.00000000 782.00000000 0.00000000 276.00000000
326.00000000 394.00000000 0.00000000 274.00000000
108.00000000 540.00000000 1.00000000 272.00000000
280.00000000 516.00000000 1.00000000 266.00000000
114.00000000 423.00000000 1.00000000 261.00000000
152.00000000 452.00000000 2.00000000 256.00000000
256.00000000 514.00000000 2.00000000 254.00000000
414.00000000 436.00000000 1.00000000 253.00000000
248.00000000 589.00000000 0.00000000 252.00000000
245.00000000 460.00000000 1.00000000 252.00000000
186.00000000 589.00000000 0.00000000 251.00000000
297.00000000 774.00000000 0.00000000 251.00000000
115.00000000 458.00000000 0.00000000 250.00000000
243.00000000 752.00000000 1.00000000 249.00000000
384.00000000 786.00000000 2.00000000 247.00000000
256.00000000 538.00000000 2.00000000 247.00000000
271.00000000 414.00000000 1.00000000 239.00000000
245.00000000 475.00000000 0.00000000 239.00000000
140.00000000 496.00000000 0.00000000 238.00000000
271.00000000 413.00000000 0.00000000 237.00000000
193.00000000 557.00000000 0.00000000 233.00000000
33.00000000 429.00000000 0.00000000 232.00000000
232.00000000 485.00000000 0.00000000 231.00000000
25.00000000 441.00000000 1.00000000 230.00000000
241.00000000 522.00000000 0.00000000 227.00000000
243.00000000 753.00000000 0.00000000 224.00000000
497.00000000 393.00000000 0.00000000 224.00000000
33.00000000 429.00000000 1.00000000 223.00000000
603.00000000 394.00000000 1.00000000 222.00000000
226.00000000 508.00000000 0.00000000 221.00000000
24.00000000 441.00000000 1.00000000 220.00000000
178.00000000 576.00000000 0.00000000 216.00000000
114.00000000 458.00000000 1.00000000 215.00000000
298.00000000 776.00000000 1.00000000 214.00000000
115.00000000 514.00000000 0.00000000 213.00000000
140.00000000 497.00000000 1.00000000 208.00000000
526.00000000 424.00000000 0.00000000 208.00000000
176.00000000 560.00000000 0.00000000 207.00000000
272.00000000 430.00000000 0.00000000 206.00000000
327.00000000 396.00000000 1.00000000 204.00000000
123.00000000 339.00000000 1.00000000 202.00000000
175.00000000 562.00000000 1.00000000 202.00000000
497.00000000 394.00000000 1.00000000 202.00000000
144.00000000 395.00000000 0.00000000 198.00000000
441.00000000 394.00000000 0.00000000 197.00000000
257.00000000 440.00000000 1.00000000 193.00000000
145.00000000 412.00000000 1.00000000 191.00000000
113.00000000 422.00000000 0.00000000 191.00000000
437.00000000 644.00000000 1.00000000 191.00000000
466.00000000 493.00000000 0.00000000 190.00000000
103.00000000 483.00000000 0.00000000 190.00000000
497.00000000 324.00000000 0.00000000 189.00000000
272.00000000 432.00000000 1.00000000 188.00000000
123.00000000 338.00000000 0.00000000 187.00000000
25.00000000 441.00000000 0.00000000 186.00000000
227.00000000 560.00000000 0.00000000 186.00000000
253.00000000 446.00000000 0.00000000 184.00000000
137.00000000 522.00000000 0.00000000 176.00000000
231.00000000 862.00000000 0.00000000 174.00000000
278.00000000 365.00000000 0.00000000 171.00000000
437.00000000 642.00000000 0.00000000 170.00000000
183.00000000 583.00000000 0.00000000 168.00000000
457.00000000 478.00000000 0.00000000 155.00000000
338.00000000 449.00000000 0.00000000 153.00000000
138.00000000 460.00000000 0.00000000 152.00000000
394.00000000 584.00000000 0.00000000 152.00000000
461.00000000 415.00000000 0.00000000 151.00000000
436.00000000 654.00000000 0.00000000 149.00000000
139.00000000 381.00000000 0.00000000 149.00000000
248.00000000 849.00000000 0.00000000 148.00000000
501.00000000 400.00000000 0.00000000 144.00000000
524.00000000 367.00000000 0.00000000 142.00000000
164.00000000 869.00000000 0.00000000 140.00000000
131.00000000 876.00000000 0.00000000 137.00000000
188.00000000 596.00000000 0.00000000 135.00000000
151.00000000 486.00000000 0.00000000 135.00000000
