455.00000000 324.00000000 0.00000000 802.00000000
655.00000000 188.00000000 0.00000000 788.00000000
736.00000000 26.00000000 0.00000000 782.00000000
345.00000000 168.00000000 1.00000000 757.00000000
476.00000000 38.00000000 0.00000000 718.00000000
361.00000000 94.00000000 0.00000000 696.00000000
699.00000000 173.00000000 0.00000000 693.00000000
709.00000000 45.00000000 0.00000000 692.00000000
721.00000000 225.00000000 0.00000000 685.00000000
659.00000000 200.00000000 0.00000000 679.00000000
212.00000000 197.00000000 0.00000000 670.00000000
314.00000000 188.00000000 0.00000000 668.00000000
278.00000000 248.00000000 0.00000000 666.00000000
736.00000000 27.00000000 1.00000000 665.00000000
215.00000000 103.00000000 0.00000000 664.00000000
403.00000000 61.00000000 0.00000000 658.00000000
465.00000000 226.00000000 0.00000000 656.00000000
253.00000000 70.00000000 0.00000000 644.00000000
295.00000000 130.00000000 0.00000000 642.00000000
228.00000000 333.00000000 0.00000000 640.00000000
328.00000000 242.00000000 0.00000000 639.00000000
564.00000000 247.00000000 0.00000000 635.00000000
236.00000000 253.00000000 0.00000000 626.00000000
529.00000000 54.00000000 0.00000000 624.00000000
637.00000000 147.00000000 0.00000000 622.00000000
256.00000000 193.00000000 0.00000000 619.00000000
395.00000000 162.00000000 0.00000000 614.00000000
510.00000000 55.00000000 0.00000000 613.00000000
357.00000000 166.00000000 0.00000000 611.00000000
729.00000000 41.00000000 1.00000000 608.00000000
400.00000000 268.00000000 0.00000000 607.00000000
190.00000000 181.00000000 0.00000000 607.00000000
164.00000000 40.00000000 0.00000000 607.00000000
497.00000000 169.00000000 1.00000000 605.00000000
656.00000000 188.00000000 1.00000000 602.00000000
729.00000000 41.00000000 0.00000000 602.00000000
517.00000000 168.00000000 0.00000000 601.00000000
275.00000000 35.00000000 0.00000000 601.00000000
419.00000000 282.00000000 0.00000000 598.00000000
352.00000000 183.00000000 1.00000000 594.00000000
344.00000000 167.00000000 0.00000000 593.00000000
509.00000000 204.00000000 0.00000000 591.00000000
455.00000000 58.00000000 0.00000000 591.00000000
451.00000000 310.00000000 0.00000000 591.00000000
368.00000000 31.00000000 0.00000000 591.00000000
494.00000000 36.00000000 0.00000000 590.00000000
438.00000000 212.00000000 0.00000000 589.00000000
210.00000000 347.00000000 1.00000000 589.00000000
368.00000000 237.00000000 0.00000000 587.00000000
743.00000000 129.00000000 0.00000000 587.00000000
455.00000000 174.00000000 0.00000000 585.00000000
692.00000000 182.00000000 0.00000000 583.00000000
607.00000000 20.00000000 0.00000000 583.00000000
282.00000000 284.00000000 0.00000000 582.00000000
464.00000000 98.00000000 0.00000000 581.00000000
659.00000000 200.00000000 1.00000000 580.00000000
446.00000000 262.00000000 0.00000000 577.00000000
333.00000000 342.00000000 0.00000000 576.00000000
465.00000000 210.00000000 0.00000000 569.00000000
420.00000000 231.00000000 0.00000000 567.00000000
352.00000000 183.00000000 0.00000000 565.00000000
683.00000000 16.00000000 0.00000000 564.00000000
461.00000000 276.00000000 0.00000000 564.00000000
308.00000000 227.00000000 0.00000000 561.00000000
335.00000000 214.00000000 0.00000000 560.00000000
611.00000000 141.00000000 0.00000000 559.00000000
649.00000000 201.00000000 1.00000000 559.00000000
648.00000000 202.00000000 0.00000000 559.00000000
383.00000000 163.00000000 0.00000000 558.00000000
739.00000000 41.00000000 0.00000000 555.00000000
715.00000000 238.00000000 0.00000000 554.00000000
490.00000000 257.00000000 0.00000000 554.00000000
724.00000000 237.00000000 0.00000000 552.00000000
475.00000000 171.00000000 1.00000000 551.00000000
715.00000000 238.00000000 1.00000000 533.00000000
579.00000000 195.00000000 1.00000000 530.00000000
339.00000000 184.00000000 1.00000000 530.00000000
476.00000000 39.00000000 1.00000000 521.00000000
253.00000000 70.00000000 1.00000000 514.00000000
235.00000000 134.00000000 1.00000000 513.00000000
218.00000000 360.00000000 1.00000000 504.00000000
216.00000000 104.00000000 1.00000000 498.00000000
564.00000000 248.00000000 1.00000000 496.00000000
164.00000000 41.00000000 1.00000000 489.00000000
581.00000000 107.00000000 1.00000000 489.00000000
296.00000000 130.00000000 1.00000000 479.00000000
283.00000000 285.00000000 1.00000000 478.00000000
637.00000000 147.00000000 1.00000000 474.00000000
725.00000000 237.00000000 1.00000000 472.00000000
339.00000000 183.00000000 1.00000000 471.00000000
277.00000000 67.00000000 1.00000000 471.00000000
277.00000000 66.00000000 1.00000000 470.00000000
580.00000000 195.00000000 1.00000000 470.00000000
352.00000000 182.00000000 1.00000000 470.00000000
207.00000000 72.00000000 1.00000000 469.00000000
544.00000000 215.00000000 1.00000000 469.00000000
740.00000000 40.00000000 1.00000000 466.00000000
710.00000000 46.00000000 1.00000000 463.00000000
519.00000000 96.00000000 1.00000000 462.00000000
205.00000000 362.00000000 1.00000000 458.00000000
345.00000000 169.00000000 1.00000000 443.00000000
234.00000000 132.00000000 1.00000000 438.00000000
496.00000000 168.00000000 1.00000000 425.00000000
513.00000000 111.00000000 1.00000000 421.00000000
564.00000000 247.00000000 1.00000000 421.00000000
205.00000000 360.00000000 1.00000000 395.00000000
569.00000000 32.00000000 1.00000000 376.00000000
219.00000000 359.00000000 1.00000000 362.00000000
615.00000000 241.00000000 1.00000000 359.00000000
271.00000000 110.00000000 1.00000000 348.00000000
701.00000000 230.00000000 1.00000000 347.00000000
527.00000000 148.00000000 1.00000000 340.00000000
580.00000000 196.00000000 2.00000000 315.00000000
484.00000000 576.00000000 2.00000000 309.00000000
420.00000000 270.00000000 2.00000000 309.00000000
404.00000000 46.00000000 2.00000000 299.00000000
316.00000000 176.00000000 2.00000000 299.00000000
278.00000000 236.00000000 2.00000000 299.00000000
514.00000000 110.00000000 2.00000000 294.00000000
564.00000000 248.00000000 2.00000000 292.00000000
277.00000000 234.00000000 2.00000000 286.00000000
684.00000000 192.00000000 2.00000000 275.00000000
313.00000000 175.00000000 2.00000000 272.00000000
294.00000000 115.00000000 2.00000000 251.00000000
276.00000000 240.00000000 4.00000000 210.00000000
312.00000000 180.00000000 4.00000000 200.00000000
311.00000000 181.00000000 5.00000000 129.00000000
