418.00000000 537.00000000 1.00000000 677.00000000
652.00000000 848.00000000 2.00000000 666.00000000
355.00000000 504.00000000 0.00000000 634.00000000
653.00000000 848.00000000 2.00000000 631.00000000
381.00000000 448.00000000 1.00000000 613.00000000
418.00000000 535.00000000 0.00000000 602.00000000
384.00000000 467.00000000 1.00000000 586.00000000
368.00000000 221.00000000 0.00000000 576.00000000
382.00000000 447.00000000 1.00000000 570.00000000
383.00000000 466.00000000 1.00000000 565.00000000
457.00000000 525.00000000 1.00000000 562.00000000
284.00000000 875.00000000 1.00000000 558.00000000
381.00000000 446.00000000 0.00000000 549.00000000
418.00000000 538.00000000 1.00000000 537.00000000
390.00000000 526.00000000 1.00000000 536.00000000
391.00000000 526.00000000 1.00000000 516.00000000
456.00000000 526.00000000 1.00000000 516.00000000
284.00000000 874.00000000 0.00000000 515.00000000
389.00000000 510.00000000 1.00000000 510.00000000
389.00000000 509.00000000 0.00000000 509.00000000
393.00000000 546.00000000 1.00000000 505.00000000
294.00000000 1243.00000000 1.00000000 497.00000000
343.00000000 491.00000000 0.00000000 474.00000000
380.00000000 430.00000000 1.00000000 469.00000000
377.00000000 411.00000000 1.00000000 464.00000000
261.00000000 777.00000000 1.00000000 462.00000000
284.00000000 875.00000000 1.00000000 459.00000000
393.00000000 544.00000000 1.00000000 457.00000000
378.00000000 411.00000000 1.00000000 452.00000000
383.00000000 500.00000000 0.00000000 449.00000000
608.00000000 956.00000000 1.00000000 444.00000000
497.00000000 470.00000000 1.00000000 442.00000000
339.00000000 498.00000000 0.00000000 439.00000000
607.00000000 956.00000000 0.00000000 438.00000000
380.00000000 429.00000000 1.00000000 438.00000000
386.00000000 485.00000000 1.00000000 437.00000000
652.00000000 848.00000000 4.00000000 436.00000000
395.00000000 565.00000000 1.00000000 435.00000000
383.00000000 466.00000000 0.00000000 432.00000000
386.00000000 485.00000000 1.00000000 423.00000000
397.00000000 584.00000000 1.00000000 423.00000000
453.00000000 1147.00000000 1.00000000 422.00000000
320.00000000 1160.00000000 2.00000000 420.00000000
651.00000000 847.00000000 1.00000000 418.00000000
376.00000000 391.00000000 1.00000000 417.00000000
336.00000000 506.00000000 2.00000000 413.00000000
294.00000000 1244.00000000 1.00000000 412.00000000
368.00000000 221.00000000 1.00000000 411.00000000
260.00000000 825.00000000 1.00000000 411.00000000
335.00000000 506.00000000 1.00000000 408.00000000
335.00000000 506.00000000 0.00000000 406.00000000
355.00000000 505.00000000 1.00000000 404.00000000
252.00000000 900.00000000 0.00000000 403.00000000
456.00000000 524.00000000 0.00000000 393.00000000
408.00000000 490.00000000 0.00000000 391.00000000
319.00000000 1159.00000000 2.00000000 389.00000000
499.00000000 470.00000000 1.00000000 389.00000000
335.00000000 507.00000000 1.00000000 389.00000000
248.00000000 803.00000000 0.00000000 386.00000000
260.00000000 777.00000000 0.00000000 385.00000000
605.00000000 424.00000000 5.00000000 383.00000000
391.00000000 526.00000000 0.00000000 378.00000000
252.00000000 901.00000000 1.00000000 376.00000000
259.00000000 944.00000000 0.00000000 374.00000000
375.00000000 377.00000000 1.00000000 374.00000000
250.00000000 902.00000000 2.00000000 373.00000000
376.00000000 391.00000000 1.00000000 371.00000000
260.00000000 825.00000000 0.00000000 371.00000000
398.00000000 584.00000000 2.00000000 367.00000000
384.00000000 500.00000000 1.00000000 358.00000000
473.00000000 871.00000000 0.00000000 358.00000000
284.00000000 876.00000000 2.00000000 356.00000000
581.00000000 141.00000000 1.00000000 356.00000000
608.00000000 958.00000000 2.00000000 356.00000000
386.00000000 485.00000000 0.00000000 356.00000000
525.00000000 476.00000000 0.00000000 355.00000000
397.00000000 583.00000000 1.00000000 345.00000000
393.00000000 545.00000000 0.00000000 345.00000000
220.00000000 840.00000000 0.00000000 344.00000000
581.00000000 140.00000000 0.00000000 341.00000000
473.00000000 871.00000000 1.00000000 340.00000000
653.00000000 850.00000000 1.00000000 340.00000000
364.00000000 184.00000000 0.00000000 339.00000000
368.00000000 126.00000000 1.00000000 330.00000000
446.00000000 497.00000000 0.00000000 328.00000000
278.00000000 1184.00000000 1.00000000 327.00000000
379.00000000 429.00000000 0.00000000 327.00000000
524.00000000 45.00000000 0.00000000 323.00000000
397.00000000 582.00000000 0.00000000 323.00000000
382.00000000 450.00000000 2.00000000 323.00000000
294.00000000 1244.00000000 0.00000000 322.00000000
228.00000000 609.00000000 1.00000000 317.00000000
292.00000000 1232.00000000 0.00000000 313.00000000
576.00000000 345.00000000 0.00000000 313.00000000
374.00000000 376.00000000 0.00000000 309.00000000
228.00000000 609.00000000 0.00000000 306.00000000
453.00000000 1146.00000000 0.00000000 305.00000000
654.00000000 447.00000000 0.00000000 299.00000000
378.00000000 410.00000000 0.00000000 299.00000000
499.00000000 470.00000000 0.00000000 298.00000000
367.00000000 140.00000000 0.00000000 295.00000000
279.00000000 1182.00000000 0.00000000 295.00000000
472.00000000 872.00000000 4.00000000 289.00000000
340.00000000 178.00000000 0.00000000 286.00000000
368.00000000 125.00000000 0.00000000 284.00000000
251.00000000 902.00000000 2.00000000 282.00000000
236.00000000 622.00000000 0.00000000 280.00000000
561.00000000 911.00000000 0.00000000 280.00000000
239.00000000 784.00000000 0.00000000 278.00000000
306.00000000 91.00000000 0.00000000 273.00000000
564.00000000 14.00000000 0.00000000 272.00000000
352.00000000 217.00000000 0.00000000 269.00000000
498.00000000 57.00000000 0.00000000 267.00000000
368.00000000 102.00000000 0.00000000 267.00000000
240.00000000 466.00000000 0.00000000 267.00000000
575.00000000 1285.00000000 0.00000000 265.00000000
185.00000000 248.00000000 0.00000000 264.00000000
395.00000000 564.00000000 0.00000000 264.00000000
677.00000000 1238.00000000 0.00000000 262.00000000
653.00000000 850.00000000 0.00000000 260.00000000
492.00000000 478.00000000 2.00000000 259.00000000
579.00000000 912.00000000 0.00000000 255.00000000
342.00000000 161.00000000 0.00000000 250.00000000
314.00000000 12.00000000 0.00000000 250.00000000
562.00000000 468.00000000 0.00000000 250.00000000
217.00000000 437.00000000 0.00000000 247.00000000
366.00000000 154.00000000 0.00000000 245.00000000
