606.00000000 188.00000000 0.00000000 604.00000000
596.00000000 548.00000000 1.00000000 581.00000000
446.00000000 1052.00000000 1.00000000 578.00000000
596.00000000 477.00000000 1.00000000 559.00000000
445.00000000 1053.00000000 1.00000000 545.00000000
645.00000000 552.00000000 1.00000000 540.00000000
595.00000000 547.00000000 1.00000000 532.00000000
596.00000000 454.00000000 1.00000000 522.00000000
596.00000000 571.00000000 1.00000000 512.00000000
617.00000000 562.00000000 0.00000000 501.00000000
596.00000000 528.00000000 0.00000000 496.00000000
596.00000000 529.00000000 1.00000000 489.00000000
446.00000000 1051.00000000 0.00000000 481.00000000
557.00000000 499.00000000 0.00000000 478.00000000
617.00000000 562.00000000 1.00000000 476.00000000
567.00000000 519.00000000 0.00000000 468.00000000
446.00000000 1056.00000000 2.00000000 467.00000000
596.00000000 499.00000000 1.00000000 460.00000000
596.00000000 548.00000000 0.00000000 459.00000000
595.00000000 476.00000000 1.00000000 456.00000000
596.00000000 453.00000000 0.00000000 454.00000000
596.00000000 477.00000000 0.00000000 453.00000000
595.00000000 569.00000000 1.00000000 449.00000000
407.00000000 968.00000000 1.00000000 442.00000000
596.00000000 432.00000000 1.00000000 440.00000000
596.00000000 410.00000000 1.00000000 434.00000000
596.00000000 455.00000000 1.00000000 429.00000000
596.00000000 369.00000000 0.00000000 419.00000000
644.00000000 552.00000000 1.00000000 418.00000000
596.00000000 432.00000000 0.00000000 416.00000000
736.00000000 844.00000000 4.00000000 415.00000000
596.00000000 499.00000000 1.00000000 410.00000000
596.00000000 410.00000000 0.00000000 398.00000000
593.00000000 517.00000000 0.00000000 398.00000000
593.00000000 851.00000000 0.00000000 396.00000000
548.00000000 518.00000000 2.00000000 395.00000000
397.00000000 1128.00000000 1.00000000 393.00000000
595.00000000 614.00000000 0.00000000 392.00000000
596.00000000 410.00000000 1.00000000 392.00000000
607.00000000 188.00000000 1.00000000 386.00000000
595.00000000 615.00000000 1.00000000 383.00000000
597.00000000 370.00000000 1.00000000 380.00000000
596.00000000 528.00000000 1.00000000 378.00000000
596.00000000 570.00000000 0.00000000 375.00000000
644.00000000 550.00000000 0.00000000 371.00000000
552.00000000 507.00000000 0.00000000 371.00000000
567.00000000 519.00000000 1.00000000 366.00000000
595.00000000 615.00000000 1.00000000 365.00000000
596.00000000 432.00000000 1.00000000 364.00000000
593.00000000 518.00000000 1.00000000 362.00000000
738.00000000 844.00000000 2.00000000 361.00000000
405.00000000 968.00000000 1.00000000 360.00000000
738.00000000 842.00000000 2.00000000 355.00000000
595.00000000 593.00000000 1.00000000 355.00000000
596.00000000 387.00000000 1.00000000 351.00000000
446.00000000 443.00000000 1.00000000 348.00000000
596.00000000 499.00000000 0.00000000 346.00000000
407.00000000 968.00000000 0.00000000 345.00000000
595.00000000 592.00000000 1.00000000 340.00000000
445.00000000 442.00000000 1.00000000 340.00000000
547.00000000 517.00000000 1.00000000 333.00000000
427.00000000 917.00000000 1.00000000 333.00000000
721.00000000 882.00000000 2.00000000 329.00000000
426.00000000 914.00000000 0.00000000 328.00000000
594.00000000 851.00000000 1.00000000 327.00000000
596.00000000 616.00000000 2.00000000 323.00000000
393.00000000 1072.00000000 0.00000000 320.00000000
394.00000000 355.00000000 1.00000000 319.00000000
596.00000000 174.00000000 0.00000000 314.00000000
426.00000000 916.00000000 1.00000000 312.00000000
676.00000000 500.00000000 1.00000000 308.00000000
446.00000000 1055.00000000 2.00000000 306.00000000
397.00000000 1127.00000000 0.00000000 301.00000000
402.00000000 1192.00000000 2.00000000 300.00000000
406.00000000 661.00000000 1.00000000 299.00000000
350.00000000 483.00000000 0.00000000 297.00000000
548.00000000 518.00000000 1.00000000 296.00000000
654.00000000 59.00000000 0.00000000 294.00000000
598.00000000 456.00000000 2.00000000 290.00000000
446.00000000 442.00000000 0.00000000 286.00000000
428.00000000 920.00000000 2.00000000 285.00000000
412.00000000 943.00000000 0.00000000 285.00000000
720.00000000 882.00000000 2.00000000 284.00000000
595.00000000 592.00000000 0.00000000 284.00000000
596.00000000 386.00000000 0.00000000 281.00000000
548.00000000 517.00000000 0.00000000 279.00000000
631.00000000 929.00000000 1.00000000 278.00000000
558.00000000 500.00000000 1.00000000 276.00000000
410.00000000 1021.00000000 0.00000000 272.00000000
676.00000000 499.00000000 0.00000000 271.00000000
594.00000000 103.00000000 1.00000000 270.00000000
420.00000000 395.00000000 1.00000000 268.00000000
350.00000000 484.00000000 1.00000000 268.00000000
632.00000000 929.00000000 0.00000000 267.00000000
548.00000000 517.00000000 2.00000000 266.00000000
415.00000000 680.00000000 0.00000000 265.00000000
590.00000000 123.00000000 0.00000000 262.00000000
643.00000000 898.00000000 0.00000000 259.00000000
406.00000000 662.00000000 0.00000000 257.00000000
720.00000000 884.00000000 4.00000000 257.00000000
356.00000000 1054.00000000 0.00000000 254.00000000
620.00000000 579.00000000 0.00000000 252.00000000
735.00000000 848.00000000 5.00000000 249.00000000
395.00000000 72.00000000 0.00000000 247.00000000
621.00000000 58.00000000 0.00000000 246.00000000
594.00000000 103.00000000 0.00000000 244.00000000
381.00000000 543.00000000 0.00000000 240.00000000
406.00000000 939.00000000 0.00000000 236.00000000
595.00000000 924.00000000 0.00000000 235.00000000
411.00000000 951.00000000 0.00000000 235.00000000
539.00000000 980.00000000 0.00000000 234.00000000
352.00000000 504.00000000 0.00000000 233.00000000
610.00000000 145.00000000 0.00000000 232.00000000
404.00000000 456.00000000 0.00000000 231.00000000
394.00000000 354.00000000 0.00000000 230.00000000
608.00000000 137.00000000 0.00000000 229.00000000
634.00000000 1303.00000000 0.00000000 229.00000000
408.00000000 922.00000000 0.00000000 228.00000000
347.00000000 1067.00000000 0.00000000 226.00000000
597.00000000 214.00000000 0.00000000 222.00000000
602.00000000 1265.00000000 0.00000000 221.00000000
208.00000000 1156.00000000 0.00000000 218.00000000
595.00000000 642.00000000 0.00000000 218.00000000
573.00000000 33.00000000 0.00000000 218.00000000
403.00000000 1190.00000000 0.00000000 217.00000000
333.00000000 1092.00000000 0.00000000 215.00000000
613.00000000 509.00000000 0.00000000 215.00000000
