639.00000000 216.00000000 0.00000000 717.00000000
443.00000000 1010.00000000 1.00000000 669.00000000
619.00000000 555.00000000 1.00000000 639.00000000
644.00000000 570.00000000 1.00000000 631.00000000
620.00000000 556.00000000 1.00000000 624.00000000
622.00000000 489.00000000 1.00000000 622.00000000
622.00000000 490.00000000 1.00000000 606.00000000
622.00000000 468.00000000 1.00000000 601.00000000
644.00000000 569.00000000 0.00000000 600.00000000
622.00000000 467.00000000 1.00000000 586.00000000
678.00000000 560.00000000 1.00000000 577.00000000
587.00000000 528.00000000 0.00000000 562.00000000
442.00000000 1011.00000000 1.00000000 561.00000000
442.00000000 1009.00000000 0.00000000 542.00000000
619.00000000 576.00000000 1.00000000 540.00000000
784.00000000 846.00000000 2.00000000 535.00000000
622.00000000 467.00000000 0.00000000 528.00000000
621.00000000 538.00000000 1.00000000 528.00000000
619.00000000 578.00000000 1.00000000 526.00000000
623.00000000 447.00000000 1.00000000 511.00000000
617.00000000 526.00000000 0.00000000 504.00000000
620.00000000 510.00000000 1.00000000 502.00000000
624.00000000 426.00000000 1.00000000 498.00000000
623.00000000 425.00000000 1.00000000 496.00000000
618.00000000 619.00000000 1.00000000 494.00000000
621.00000000 510.00000000 1.00000000 487.00000000
621.00000000 537.00000000 0.00000000 483.00000000
622.00000000 489.00000000 0.00000000 480.00000000
640.00000000 216.00000000 1.00000000 471.00000000
784.00000000 844.00000000 4.00000000 467.00000000
620.00000000 555.00000000 0.00000000 465.00000000
784.00000000 844.00000000 1.00000000 464.00000000
587.00000000 528.00000000 1.00000000 463.00000000
571.00000000 517.00000000 0.00000000 460.00000000
618.00000000 619.00000000 1.00000000 460.00000000
617.00000000 527.00000000 1.00000000 459.00000000
442.00000000 1012.00000000 2.00000000 456.00000000
783.00000000 845.00000000 2.00000000 449.00000000
620.00000000 537.00000000 1.00000000 445.00000000
622.00000000 448.00000000 1.00000000 443.00000000
402.00000000 929.00000000 1.00000000 441.00000000
618.00000000 618.00000000 0.00000000 437.00000000
677.00000000 560.00000000 1.00000000 436.00000000
625.00000000 389.00000000 1.00000000 431.00000000
678.00000000 559.00000000 0.00000000 428.00000000
624.00000000 404.00000000 1.00000000 428.00000000
622.00000000 446.00000000 0.00000000 425.00000000
619.00000000 598.00000000 1.00000000 422.00000000
623.00000000 425.00000000 0.00000000 415.00000000
389.00000000 1071.00000000 1.00000000 410.00000000
644.00000000 571.00000000 1.00000000 407.00000000
618.00000000 598.00000000 1.00000000 403.00000000
401.00000000 929.00000000 1.00000000 400.00000000
620.00000000 620.00000000 2.00000000 400.00000000
576.00000000 510.00000000 0.00000000 393.00000000
611.00000000 840.00000000 0.00000000 392.00000000
625.00000000 404.00000000 1.00000000 390.00000000
566.00000000 526.00000000 2.00000000 375.00000000
620.00000000 578.00000000 2.00000000 374.00000000
625.00000000 388.00000000 0.00000000 366.00000000
717.00000000 511.00000000 1.00000000 364.00000000
403.00000000 929.00000000 0.00000000 363.00000000
424.00000000 884.00000000 0.00000000 363.00000000
628.00000000 204.00000000 0.00000000 360.00000000
624.00000000 470.00000000 2.00000000 357.00000000
425.00000000 885.00000000 1.00000000 356.00000000
659.00000000 92.00000000 0.00000000 352.00000000
622.00000000 490.00000000 2.00000000 351.00000000
644.00000000 176.00000000 0.00000000 351.00000000
407.00000000 655.00000000 1.00000000 349.00000000
619.00000000 577.00000000 0.00000000 347.00000000
577.00000000 510.00000000 1.00000000 347.00000000
454.00000000 458.00000000 1.00000000 346.00000000
388.00000000 1072.00000000 2.00000000 345.00000000
565.00000000 526.00000000 0.00000000 341.00000000
760.00000000 882.00000000 2.00000000 339.00000000
621.00000000 509.00000000 0.00000000 338.00000000
780.00000000 848.00000000 5.00000000 338.00000000
427.00000000 414.00000000 1.00000000 329.00000000
611.00000000 841.00000000 1.00000000 328.00000000
642.00000000 519.00000000 0.00000000 328.00000000
602.00000000 33.00000000 0.00000000 327.00000000
388.00000000 1076.00000000 4.00000000 327.00000000
393.00000000 1129.00000000 1.00000000 326.00000000
624.00000000 404.00000000 0.00000000 321.00000000
441.00000000 1015.00000000 2.00000000 320.00000000
417.00000000 671.00000000 0.00000000 317.00000000
389.00000000 1071.00000000 0.00000000 316.00000000
698.00000000 89.00000000 0.00000000 315.00000000
659.00000000 93.00000000 1.00000000 311.00000000
794.00000000 22.00000000 1.00000000 311.00000000
565.00000000 527.00000000 1.00000000 309.00000000
409.00000000 907.00000000 0.00000000 308.00000000
785.00000000 841.00000000 1.00000000 308.00000000
565.00000000 526.00000000 2.00000000 303.00000000
654.00000000 917.00000000 0.00000000 296.00000000
408.00000000 655.00000000 0.00000000 293.00000000
717.00000000 510.00000000 0.00000000 293.00000000
454.00000000 458.00000000 0.00000000 293.00000000
647.00000000 586.00000000 0.00000000 291.00000000
621.00000000 156.00000000 0.00000000 287.00000000
618.00000000 598.00000000 0.00000000 282.00000000
796.00000000 449.00000000 0.00000000 282.00000000
409.00000000 127.00000000 0.00000000 282.00000000
794.00000000 21.00000000 0.00000000 280.00000000
783.00000000 410.00000000 0.00000000 280.00000000
393.00000000 1128.00000000 0.00000000 274.00000000
400.00000000 380.00000000 0.00000000 274.00000000
386.00000000 1021.00000000 0.00000000 265.00000000
627.00000000 137.00000000 0.00000000 265.00000000
668.00000000 889.00000000 0.00000000 264.00000000
490.00000000 495.00000000 0.00000000 264.00000000
352.00000000 495.00000000 0.00000000 263.00000000
652.00000000 863.00000000 0.00000000 262.00000000
610.00000000 908.00000000 0.00000000 260.00000000
610.00000000 1229.00000000 0.00000000 258.00000000
647.00000000 1272.00000000 0.00000000 257.00000000
807.00000000 239.00000000 0.00000000 256.00000000
347.00000000 1001.00000000 0.00000000 256.00000000
628.00000000 241.00000000 0.00000000 252.00000000
654.00000000 132.00000000 0.00000000 252.00000000
352.00000000 505.00000000 0.00000000 248.00000000
404.00000000 138.00000000 0.00000000 248.00000000
617.00000000 875.00000000 0.00000000 245.00000000
596.00000000 453.00000000 0.00000000 244.00000000
404.00000000 977.00000000 0.00000000 240.00000000
476.00000000 492.00000000 0.00000000 239.00000000
