514.00000000 513.00000000 1.00000000 770.00000000
473.00000000 570.00000000 0.00000000 767.00000000
553.00000000 610.00000000 0.00000000 753.00000000
553.00000000 611.00000000 1.00000000 723.00000000
523.00000000 272.00000000 0.00000000 707.00000000
552.00000000 612.00000000 1.00000000 704.00000000
516.00000000 534.00000000 1.00000000 700.00000000
321.00000000 990.00000000 1.00000000 693.00000000
516.00000000 513.00000000 1.00000000 657.00000000
804.00000000 930.00000000 2.00000000 651.00000000
803.00000000 930.00000000 2.00000000 602.00000000
514.00000000 493.00000000 1.00000000 599.00000000
514.00000000 473.00000000 1.00000000 584.00000000
524.00000000 272.00000000 1.00000000 578.00000000
603.00000000 602.00000000 1.00000000 568.00000000
516.00000000 534.00000000 1.00000000 568.00000000
516.00000000 511.00000000 0.00000000 561.00000000
602.00000000 602.00000000 1.00000000 558.00000000
472.00000000 571.00000000 1.00000000 542.00000000
516.00000000 514.00000000 2.00000000 540.00000000
321.00000000 989.00000000 1.00000000 530.00000000
545.00000000 560.00000000 0.00000000 530.00000000
519.00000000 619.00000000 1.00000000 527.00000000
593.00000000 572.00000000 0.00000000 517.00000000
518.00000000 579.00000000 0.00000000 506.00000000
321.00000000 989.00000000 0.00000000 503.00000000
518.00000000 580.00000000 1.00000000 501.00000000
517.00000000 598.00000000 1.00000000 491.00000000
659.00000000 551.00000000 1.00000000 490.00000000
520.00000000 660.00000000 2.00000000 483.00000000
451.00000000 561.00000000 0.00000000 483.00000000
603.00000000 601.00000000 0.00000000 478.00000000
519.00000000 639.00000000 1.00000000 477.00000000
515.00000000 494.00000000 1.00000000 475.00000000
514.00000000 452.00000000 1.00000000 466.00000000
516.00000000 534.00000000 2.00000000 464.00000000
515.00000000 473.00000000 1.00000000 462.00000000
281.00000000 480.00000000 1.00000000 458.00000000
743.00000000 1042.00000000 1.00000000 457.00000000
519.00000000 660.00000000 1.00000000 457.00000000
554.00000000 614.00000000 2.00000000 447.00000000
267.00000000 1025.00000000 1.00000000 446.00000000
518.00000000 598.00000000 1.00000000 440.00000000
516.00000000 474.00000000 2.00000000 438.00000000
512.00000000 569.00000000 1.00000000 437.00000000
804.00000000 928.00000000 4.00000000 432.00000000
280.00000000 479.00000000 1.00000000 432.00000000
526.00000000 232.00000000 0.00000000 432.00000000
518.00000000 598.00000000 2.00000000 430.00000000
692.00000000 558.00000000 0.00000000 429.00000000
519.00000000 619.00000000 1.00000000 426.00000000
320.00000000 992.00000000 2.00000000 426.00000000
506.00000000 264.00000000 0.00000000 421.00000000
481.00000000 574.00000000 0.00000000 417.00000000
803.00000000 929.00000000 1.00000000 416.00000000
271.00000000 679.00000000 1.00000000 414.00000000
511.00000000 569.00000000 0.00000000 409.00000000
742.00000000 1042.00000000 1.00000000 404.00000000
271.00000000 678.00000000 0.00000000 404.00000000
272.00000000 1077.00000000 1.00000000 403.00000000
458.00000000 555.00000000 0.00000000 403.00000000
282.00000000 891.00000000 0.00000000 401.00000000
272.00000000 1076.00000000 0.00000000 399.00000000
743.00000000 1041.00000000 0.00000000 398.00000000
458.00000000 555.00000000 1.00000000 392.00000000
519.00000000 639.00000000 1.00000000 388.00000000
481.00000000 499.00000000 0.00000000 388.00000000
263.00000000 1029.00000000 2.00000000 388.00000000
506.00000000 265.00000000 1.00000000 384.00000000
264.00000000 1028.00000000 4.00000000 383.00000000
461.00000000 117.00000000 0.00000000 381.00000000
282.00000000 693.00000000 0.00000000 377.00000000
494.00000000 220.00000000 0.00000000 376.00000000
298.00000000 876.00000000 1.00000000 375.00000000
275.00000000 909.00000000 1.00000000 375.00000000
444.00000000 571.00000000 1.00000000 372.00000000
737.00000000 139.00000000 0.00000000 368.00000000
526.00000000 233.00000000 1.00000000 368.00000000
660.00000000 550.00000000 1.00000000 364.00000000
805.00000000 112.00000000 1.00000000 360.00000000
519.00000000 659.00000000 1.00000000 359.00000000
692.00000000 558.00000000 1.00000000 358.00000000
516.00000000 533.00000000 0.00000000 357.00000000
587.00000000 966.00000000 1.00000000 355.00000000
519.00000000 658.00000000 0.00000000 354.00000000
444.00000000 571.00000000 2.00000000 353.00000000
545.00000000 561.00000000 1.00000000 352.00000000
494.00000000 221.00000000 1.00000000 345.00000000
275.00000000 909.00000000 0.00000000 344.00000000
568.00000000 558.00000000 0.00000000 343.00000000
557.00000000 559.00000000 0.00000000 343.00000000
319.00000000 992.00000000 2.00000000 341.00000000
692.00000000 1001.00000000 0.00000000 341.00000000
297.00000000 875.00000000 0.00000000 340.00000000
806.00000000 111.00000000 0.00000000 340.00000000
280.00000000 479.00000000 0.00000000 337.00000000
515.00000000 492.00000000 0.00000000 333.00000000
267.00000000 1025.00000000 0.00000000 328.00000000
255.00000000 253.00000000 0.00000000 323.00000000
444.00000000 570.00000000 0.00000000 322.00000000
523.00000000 877.00000000 0.00000000 307.00000000
596.00000000 131.00000000 0.00000000 305.00000000
224.00000000 956.00000000 0.00000000 303.00000000
571.00000000 566.00000000 0.00000000 300.00000000
311.00000000 514.00000000 0.00000000 300.00000000
519.00000000 618.00000000 0.00000000 297.00000000
748.00000000 16.00000000 0.00000000 294.00000000
352.00000000 544.00000000 0.00000000 292.00000000
540.00000000 149.00000000 0.00000000 291.00000000
518.00000000 597.00000000 0.00000000 289.00000000
608.00000000 567.00000000 0.00000000 287.00000000
803.00000000 933.00000000 5.00000000 285.00000000
791.00000000 244.00000000 0.00000000 285.00000000
269.00000000 1250.00000000 0.00000000 284.00000000
713.00000000 1000.00000000 0.00000000 278.00000000
535.00000000 188.00000000 0.00000000 273.00000000
282.00000000 883.00000000 0.00000000 272.00000000
515.00000000 472.00000000 0.00000000 271.00000000
499.00000000 202.00000000 0.00000000 271.00000000
557.00000000 893.00000000 0.00000000 270.00000000
839.00000000 544.00000000 0.00000000 266.00000000
661.00000000 550.00000000 0.00000000 264.00000000
511.00000000 253.00000000 0.00000000 256.00000000
535.00000000 568.00000000 0.00000000 255.00000000
550.00000000 908.00000000 0.00000000 254.00000000
538.00000000 173.00000000 0.00000000 253.00000000
706.00000000 142.00000000 0.00000000 252.00000000
