542.00000000 467.00000000 1.00000000 821.00000000
760.00000000 784.00000000 1.00000000 724.00000000
571.00000000 543.00000000 1.00000000 711.00000000
543.00000000 483.00000000 1.00000000 695.00000000
571.00000000 541.00000000 0.00000000 677.00000000
762.00000000 786.00000000 2.00000000 669.00000000
542.00000000 452.00000000 1.00000000 656.00000000
391.00000000 835.00000000 0.00000000 648.00000000
509.00000000 511.00000000 0.00000000 642.00000000
391.00000000 836.00000000 1.00000000 633.00000000
543.00000000 466.00000000 1.00000000 629.00000000
363.00000000 1185.00000000 1.00000000 623.00000000
543.00000000 466.00000000 0.00000000 601.00000000
542.00000000 436.00000000 1.00000000 597.00000000
543.00000000 482.00000000 1.00000000 591.00000000
609.00000000 535.00000000 1.00000000 587.00000000
544.00000000 532.00000000 1.00000000 564.00000000
544.00000000 518.00000000 0.00000000 557.00000000
544.00000000 548.00000000 1.00000000 552.00000000
543.00000000 482.00000000 0.00000000 538.00000000
363.00000000 1186.00000000 1.00000000 532.00000000
571.00000000 543.00000000 1.00000000 516.00000000
539.00000000 509.00000000 0.00000000 508.00000000
545.00000000 563.00000000 1.00000000 497.00000000
760.00000000 786.00000000 2.00000000 491.00000000
541.00000000 436.00000000 1.00000000 490.00000000
544.00000000 531.00000000 1.00000000 487.00000000
550.00000000 283.00000000 0.00000000 483.00000000
609.00000000 534.00000000 0.00000000 483.00000000
544.00000000 531.00000000 0.00000000 477.00000000
544.00000000 579.00000000 1.00000000 476.00000000
363.00000000 441.00000000 1.00000000 473.00000000
542.00000000 451.00000000 0.00000000 473.00000000
652.00000000 496.00000000 1.00000000 472.00000000
404.00000000 1096.00000000 2.00000000 466.00000000
542.00000000 420.00000000 1.00000000 465.00000000
544.00000000 547.00000000 1.00000000 464.00000000
363.00000000 1185.00000000 0.00000000 460.00000000
545.00000000 579.00000000 1.00000000 460.00000000
544.00000000 562.00000000 1.00000000 459.00000000
390.00000000 837.00000000 1.00000000 455.00000000
542.00000000 436.00000000 0.00000000 448.00000000
404.00000000 1097.00000000 2.00000000 447.00000000
544.00000000 548.00000000 0.00000000 440.00000000
349.00000000 864.00000000 0.00000000 439.00000000
493.00000000 504.00000000 0.00000000 438.00000000
761.00000000 784.00000000 1.00000000 438.00000000
541.00000000 452.00000000 1.00000000 432.00000000
542.00000000 497.00000000 1.00000000 430.00000000
363.00000000 1174.00000000 0.00000000 429.00000000
487.00000000 511.00000000 0.00000000 425.00000000
651.00000000 496.00000000 1.00000000 421.00000000
363.00000000 441.00000000 0.00000000 417.00000000
404.00000000 1096.00000000 1.00000000 416.00000000
715.00000000 872.00000000 0.00000000 416.00000000
715.00000000 872.00000000 1.00000000 410.00000000
543.00000000 497.00000000 1.00000000 406.00000000
719.00000000 93.00000000 0.00000000 403.00000000
544.00000000 518.00000000 1.00000000 400.00000000
761.00000000 164.00000000 0.00000000 399.00000000
356.00000000 773.00000000 1.00000000 399.00000000
349.00000000 864.00000000 1.00000000 397.00000000
693.00000000 841.00000000 0.00000000 395.00000000
355.00000000 772.00000000 0.00000000 394.00000000
761.00000000 164.00000000 1.00000000 393.00000000
347.00000000 865.00000000 2.00000000 393.00000000
596.00000000 816.00000000 0.00000000 392.00000000
346.00000000 866.00000000 2.00000000 390.00000000
353.00000000 903.00000000 0.00000000 388.00000000
574.00000000 503.00000000 0.00000000 388.00000000
386.00000000 1120.00000000 1.00000000 385.00000000
545.00000000 578.00000000 0.00000000 382.00000000
353.00000000 904.00000000 1.00000000 381.00000000
541.00000000 409.00000000 0.00000000 380.00000000
565.00000000 503.00000000 0.00000000 378.00000000
374.00000000 747.00000000 0.00000000 376.00000000
709.00000000 185.00000000 0.00000000 375.00000000
386.00000000 1120.00000000 2.00000000 373.00000000
400.00000000 1092.00000000 4.00000000 369.00000000
545.00000000 563.00000000 0.00000000 367.00000000
535.00000000 278.00000000 0.00000000 367.00000000
562.00000000 191.00000000 0.00000000 365.00000000
541.00000000 420.00000000 0.00000000 365.00000000
374.00000000 748.00000000 1.00000000 363.00000000
674.00000000 1161.00000000 0.00000000 362.00000000
509.00000000 512.00000000 1.00000000 362.00000000
488.00000000 510.00000000 2.00000000 360.00000000
676.00000000 501.00000000 0.00000000 359.00000000
750.00000000 264.00000000 1.00000000 358.00000000
487.00000000 511.00000000 1.00000000 358.00000000
556.00000000 1054.00000000 1.00000000 357.00000000
752.00000000 464.00000000 4.00000000 355.00000000
562.00000000 192.00000000 1.00000000 354.00000000
354.00000000 594.00000000 0.00000000 352.00000000
542.00000000 409.00000000 1.00000000 351.00000000
316.00000000 810.00000000 0.00000000 351.00000000
750.00000000 263.00000000 0.00000000 349.00000000
719.00000000 94.00000000 1.00000000 347.00000000
351.00000000 1130.00000000 1.00000000 346.00000000
382.00000000 188.00000000 2.00000000 346.00000000
390.00000000 838.00000000 2.00000000 343.00000000
555.00000000 1053.00000000 0.00000000 341.00000000
502.00000000 167.00000000 0.00000000 338.00000000
652.00000000 494.00000000 0.00000000 335.00000000
550.00000000 254.00000000 0.00000000 333.00000000
543.00000000 497.00000000 0.00000000 332.00000000
395.00000000 1091.00000000 5.00000000 332.00000000
367.00000000 791.00000000 0.00000000 331.00000000
560.00000000 210.00000000 0.00000000 325.00000000
516.00000000 513.00000000 0.00000000 322.00000000
562.00000000 196.00000000 2.00000000 320.00000000
352.00000000 1129.00000000 0.00000000 320.00000000
527.00000000 245.00000000 0.00000000 312.00000000
593.00000000 817.00000000 2.00000000 306.00000000
548.00000000 747.00000000 0.00000000 303.00000000
386.00000000 468.00000000 0.00000000 301.00000000
531.00000000 231.00000000 0.00000000 299.00000000
710.00000000 1209.00000000 0.00000000 297.00000000
571.00000000 120.00000000 0.00000000 292.00000000
347.00000000 755.00000000 0.00000000 291.00000000
755.00000000 465.00000000 0.00000000 287.00000000
731.00000000 816.00000000 0.00000000 284.00000000
349.00000000 1040.00000000 0.00000000 281.00000000
545.00000000 597.00000000 0.00000000 276.00000000
342.00000000 277.00000000 0.00000000 273.00000000
730.00000000 408.00000000 0.00000000 272.00000000
758.00000000 1083.00000000 0.00000000 267.00000000
