405.00000000 592.00000000 1.00000000 587.00000000
375.00000000 522.00000000 1.00000000 582.00000000
610.00000000 922.00000000 2.00000000 578.00000000
610.00000000 922.00000000 2.00000000 558.00000000
436.00000000 582.00000000 1.00000000 553.00000000
405.00000000 591.00000000 0.00000000 551.00000000
382.00000000 580.00000000 1.00000000 519.00000000
373.00000000 503.00000000 1.00000000 508.00000000
352.00000000 558.00000000 0.00000000 505.00000000
435.00000000 582.00000000 1.00000000 485.00000000
381.00000000 579.00000000 1.00000000 481.00000000
380.00000000 564.00000000 0.00000000 473.00000000
372.00000000 502.00000000 0.00000000 459.00000000
374.00000000 521.00000000 0.00000000 446.00000000
380.00000000 565.00000000 1.00000000 444.00000000
381.00000000 580.00000000 0.00000000 436.00000000
303.00000000 913.00000000 1.00000000 431.00000000
357.00000000 282.00000000 0.00000000 430.00000000
377.00000000 540.00000000 1.00000000 429.00000000
369.00000000 467.00000000 1.00000000 425.00000000
374.00000000 521.00000000 1.00000000 417.00000000
532.00000000 52.00000000 1.00000000 416.00000000
384.00000000 599.00000000 1.00000000 416.00000000
283.00000000 816.00000000 0.00000000 415.00000000
371.00000000 485.00000000 1.00000000 411.00000000
443.00000000 1199.00000000 1.00000000 410.00000000
533.00000000 197.00000000 0.00000000 410.00000000
376.00000000 555.00000000 0.00000000 405.00000000
572.00000000 1028.00000000 0.00000000 404.00000000
283.00000000 817.00000000 1.00000000 402.00000000
470.00000000 529.00000000 1.00000000 402.00000000
343.00000000 544.00000000 0.00000000 396.00000000
376.00000000 540.00000000 0.00000000 395.00000000
302.00000000 913.00000000 1.00000000 394.00000000
469.00000000 530.00000000 1.00000000 394.00000000
373.00000000 504.00000000 1.00000000 389.00000000
369.00000000 466.00000000 1.00000000 386.00000000
560.00000000 480.00000000 5.00000000 382.00000000
533.00000000 198.00000000 1.00000000 382.00000000
367.00000000 448.00000000 1.00000000 379.00000000
609.00000000 923.00000000 1.00000000 378.00000000
612.00000000 920.00000000 4.00000000 378.00000000
530.00000000 50.00000000 1.00000000 377.00000000
572.00000000 1029.00000000 1.00000000 370.00000000
387.00000000 636.00000000 1.00000000 369.00000000
336.00000000 558.00000000 1.00000000 368.00000000
531.00000000 51.00000000 0.00000000 368.00000000
369.00000000 465.00000000 0.00000000 365.00000000
383.00000000 599.00000000 0.00000000 363.00000000
303.00000000 912.00000000 0.00000000 362.00000000
371.00000000 485.00000000 0.00000000 360.00000000
383.00000000 598.00000000 1.00000000 359.00000000
316.00000000 1269.00000000 1.00000000 355.00000000
388.00000000 635.00000000 0.00000000 353.00000000
277.00000000 935.00000000 0.00000000 350.00000000
404.00000000 593.00000000 1.00000000 348.00000000
572.00000000 1030.00000000 2.00000000 347.00000000
455.00000000 927.00000000 1.00000000 345.00000000
386.00000000 618.00000000 1.00000000 343.00000000
283.00000000 863.00000000 1.00000000 342.00000000
436.00000000 581.00000000 0.00000000 340.00000000
482.00000000 103.00000000 0.00000000 339.00000000
282.00000000 862.00000000 0.00000000 338.00000000
386.00000000 618.00000000 1.00000000 332.00000000
355.00000000 188.00000000 1.00000000 329.00000000
367.00000000 448.00000000 1.00000000 328.00000000
377.00000000 540.00000000 1.00000000 326.00000000
388.00000000 636.00000000 1.00000000 323.00000000
456.00000000 927.00000000 0.00000000 321.00000000
451.00000000 911.00000000 0.00000000 320.00000000
354.00000000 166.00000000 1.00000000 320.00000000
278.00000000 935.00000000 1.00000000 317.00000000
274.00000000 841.00000000 0.00000000 317.00000000
468.00000000 532.00000000 2.00000000 316.00000000
562.00000000 86.00000000 2.00000000 315.00000000
562.00000000 85.00000000 1.00000000 314.00000000
376.00000000 555.00000000 1.00000000 311.00000000
443.00000000 1198.00000000 0.00000000 309.00000000
354.00000000 202.00000000 0.00000000 308.00000000
483.00000000 103.00000000 1.00000000 308.00000000
254.00000000 654.00000000 1.00000000 306.00000000
354.00000000 188.00000000 0.00000000 304.00000000
260.00000000 519.00000000 1.00000000 302.00000000
470.00000000 528.00000000 0.00000000 301.00000000
484.00000000 493.00000000 1.00000000 300.00000000
466.00000000 534.00000000 2.00000000 298.00000000
334.00000000 1194.00000000 2.00000000 296.00000000
302.00000000 914.00000000 2.00000000 294.00000000
533.00000000 404.00000000 0.00000000 294.00000000
452.00000000 928.00000000 4.00000000 292.00000000
353.00000000 246.00000000 0.00000000 289.00000000
336.00000000 560.00000000 2.00000000 289.00000000
354.00000000 165.00000000 0.00000000 285.00000000
395.00000000 545.00000000 0.00000000 282.00000000
365.00000000 434.00000000 0.00000000 282.00000000
260.00000000 518.00000000 0.00000000 280.00000000
316.00000000 1269.00000000 0.00000000 279.00000000
460.00000000 115.00000000 0.00000000 279.00000000
340.00000000 551.00000000 0.00000000 279.00000000
284.00000000 977.00000000 0.00000000 276.00000000
452.00000000 927.00000000 2.00000000 275.00000000
350.00000000 1240.00000000 2.00000000 274.00000000
603.00000000 510.00000000 0.00000000 273.00000000
605.00000000 1021.00000000 2.00000000 269.00000000
516.00000000 69.00000000 0.00000000 268.00000000
336.00000000 559.00000000 0.00000000 267.00000000
386.00000000 618.00000000 0.00000000 267.00000000
523.00000000 529.00000000 0.00000000 255.00000000
335.00000000 223.00000000 0.00000000 253.00000000
354.00000000 175.00000000 0.00000000 251.00000000
309.00000000 79.00000000 0.00000000 250.00000000
427.00000000 554.00000000 0.00000000 249.00000000
366.00000000 447.00000000 0.00000000 247.00000000
492.00000000 535.00000000 0.00000000 246.00000000
214.00000000 310.00000000 0.00000000 241.00000000
304.00000000 1209.00000000 0.00000000 239.00000000
540.00000000 444.00000000 0.00000000 237.00000000
353.00000000 217.00000000 0.00000000 236.00000000
251.00000000 590.00000000 0.00000000 234.00000000
252.00000000 874.00000000 0.00000000 232.00000000
562.00000000 85.00000000 0.00000000 232.00000000
254.00000000 654.00000000 0.00000000 230.00000000
387.00000000 134.00000000 0.00000000 227.00000000
565.00000000 479.00000000 0.00000000 226.00000000
531.00000000 969.00000000 0.00000000 226.00000000
335.00000000 1195.00000000 0.00000000 224.00000000
610.00000000 924.00000000 0.00000000 223.00000000
