1122.00000000 592.00000000 2.00000000 808.00000000
998.00000000 526.00000000 1.00000000 740.00000000
998.00000000 526.00000000 1.00000000 673.00000000
1121.00000000 589.00000000 1.00000000 663.00000000
728.00000000 560.00000000 0.00000000 638.00000000
535.00000000 577.00000000 1.00000000 616.00000000
728.00000000 561.00000000 1.00000000 601.00000000
1122.00000000 593.00000000 2.00000000 600.00000000
782.00000000 311.00000000 0.00000000 579.00000000
1122.00000000 588.00000000 1.00000000 576.00000000
708.00000000 428.00000000 1.00000000 566.00000000
998.00000000 525.00000000 0.00000000 559.00000000
627.00000000 475.00000000 5.00000000 547.00000000
534.00000000 576.00000000 0.00000000 544.00000000
708.00000000 428.00000000 2.00000000 530.00000000
816.00000000 644.00000000 0.00000000 516.00000000
724.00000000 545.00000000 0.00000000 509.00000000
393.00000000 598.00000000 1.00000000 507.00000000
1122.00000000 587.00000000 0.00000000 507.00000000
392.00000000 596.00000000 0.00000000 504.00000000
520.00000000 592.00000000 2.00000000 501.00000000
719.00000000 500.00000000 0.00000000 492.00000000
522.00000000 592.00000000 1.00000000 491.00000000
682.00000000 298.00000000 1.00000000 488.00000000
692.00000000 307.00000000 0.00000000 486.00000000
477.00000000 431.00000000 1.00000000 484.00000000
791.00000000 620.00000000 0.00000000 484.00000000
521.00000000 592.00000000 1.00000000 478.00000000
709.00000000 428.00000000 1.00000000 471.00000000
683.00000000 297.00000000 0.00000000 469.00000000
1004.00000000 548.00000000 2.00000000 466.00000000
726.00000000 561.00000000 1.00000000 462.00000000
476.00000000 394.00000000 0.00000000 458.00000000
783.00000000 312.00000000 1.00000000 457.00000000
686.00000000 400.00000000 0.00000000 448.00000000
1000.00000000 526.00000000 2.00000000 434.00000000
1021.00000000 410.00000000 0.00000000 429.00000000
1056.00000000 312.00000000 1.00000000 428.00000000
438.00000000 394.00000000 0.00000000 425.00000000
523.00000000 591.00000000 0.00000000 423.00000000
1094.00000000 517.00000000 1.00000000 411.00000000
648.00000000 562.00000000 0.00000000 410.00000000
1056.00000000 311.00000000 1.00000000 407.00000000
477.00000000 429.00000000 0.00000000 403.00000000
1006.00000000 551.00000000 2.00000000 398.00000000
724.00000000 545.00000000 1.00000000 397.00000000
439.00000000 396.00000000 1.00000000 395.00000000
500.00000000 441.00000000 2.00000000 392.00000000
403.00000000 583.00000000 1.00000000 391.00000000
520.00000000 591.00000000 2.00000000 388.00000000
403.00000000 582.00000000 1.00000000 388.00000000
967.00000000 510.00000000 1.00000000 388.00000000
489.00000000 583.00000000 0.00000000 385.00000000
764.00000000 389.00000000 0.00000000 384.00000000
490.00000000 289.00000000 0.00000000 383.00000000
630.00000000 313.00000000 1.00000000 382.00000000
1074.00000000 567.00000000 1.00000000 382.00000000
500.00000000 440.00000000 2.00000000 376.00000000
741.00000000 390.00000000 0.00000000 376.00000000
1057.00000000 313.00000000 0.00000000 371.00000000
393.00000000 599.00000000 1.00000000 369.00000000
503.00000000 436.00000000 0.00000000 368.00000000
1125.00000000 635.00000000 0.00000000 368.00000000
298.00000000 644.00000000 1.00000000 366.00000000
963.00000000 535.00000000 0.00000000 365.00000000
647.00000000 337.00000000 0.00000000 365.00000000
1093.00000000 502.00000000 1.00000000 361.00000000
318.00000000 608.00000000 0.00000000 360.00000000
686.00000000 401.00000000 1.00000000 359.00000000
710.00000000 344.00000000 0.00000000 359.00000000
523.00000000 568.00000000 1.00000000 359.00000000
632.00000000 472.00000000 4.00000000 358.00000000
647.00000000 338.00000000 1.00000000 355.00000000
395.00000000 644.00000000 1.00000000 349.00000000
814.00000000 616.00000000 0.00000000 349.00000000
710.00000000 344.00000000 1.00000000 348.00000000
682.00000000 542.00000000 2.00000000 348.00000000
719.00000000 501.00000000 1.00000000 347.00000000
1004.00000000 547.00000000 1.00000000 347.00000000
503.00000000 437.00000000 1.00000000 346.00000000
478.00000000 431.00000000 1.00000000 344.00000000
816.00000000 645.00000000 1.00000000 344.00000000
1018.00000000 372.00000000 2.00000000 340.00000000
502.00000000 438.00000000 1.00000000 340.00000000
534.00000000 578.00000000 1.00000000 339.00000000
439.00000000 397.00000000 1.00000000 339.00000000
490.00000000 290.00000000 1.00000000 338.00000000
1016.00000000 373.00000000 1.00000000 335.00000000
764.00000000 440.00000000 4.00000000 333.00000000
1093.00000000 516.00000000 0.00000000 332.00000000
1131.00000000 395.00000000 0.00000000 330.00000000
510.00000000 292.00000000 1.00000000 326.00000000
509.00000000 292.00000000 0.00000000 326.00000000
1131.00000000 395.00000000 1.00000000 324.00000000
318.00000000 609.00000000 1.00000000 323.00000000
1093.00000000 501.00000000 0.00000000 321.00000000
734.00000000 630.00000000 0.00000000 319.00000000
397.00000000 643.00000000 1.00000000 319.00000000
709.00000000 427.00000000 0.00000000 318.00000000
523.00000000 567.00000000 0.00000000 318.00000000
535.00000000 605.00000000 0.00000000 315.00000000
535.00000000 605.00000000 1.00000000 314.00000000
297.00000000 644.00000000 0.00000000 313.00000000
398.00000000 395.00000000 0.00000000 306.00000000
1120.00000000 316.00000000 0.00000000 305.00000000
579.00000000 326.00000000 0.00000000 303.00000000
433.00000000 579.00000000 0.00000000 297.00000000
733.00000000 321.00000000 0.00000000 296.00000000
645.00000000 304.00000000 0.00000000 295.00000000
749.00000000 651.00000000 0.00000000 295.00000000
537.00000000 393.00000000 0.00000000 293.00000000
506.00000000 543.00000000 0.00000000 293.00000000
693.00000000 327.00000000 0.00000000 293.00000000
1035.00000000 480.00000000 0.00000000 291.00000000
968.00000000 510.00000000 0.00000000 291.00000000
1122.00000000 597.00000000 0.00000000 290.00000000
1036.00000000 502.00000000 0.00000000 286.00000000
813.00000000 547.00000000 0.00000000 285.00000000
746.00000000 333.00000000 0.00000000 278.00000000
1012.00000000 628.00000000 0.00000000 274.00000000
397.00000000 642.00000000 0.00000000 273.00000000
765.00000000 595.00000000 0.00000000 268.00000000
1123.00000000 605.00000000 0.00000000 268.00000000
808.00000000 311.00000000 0.00000000 266.00000000
635.00000000 656.00000000 0.00000000 265.00000000
432.00000000 591.00000000 0.00000000 263.00000000
637.00000000 681.00000000 0.00000000 262.00000000
