873.00000000 964.00000000 2.00000000 194.00000000
872.00000000 964.00000000 4.00000000 177.00000000
1233.00000000 305.00000000 5.00000000 177.00000000
1232.00000000 304.00000000 4.00000000 176.00000000
874.00000000 962.00000000 2.00000000 173.00000000
1233.00000000 299.00000000 2.00000000 152.00000000
873.00000000 960.00000000 1.00000000 134.00000000
1002.00000000 279.00000000 0.00000000 130.00000000
1121.00000000 544.00000000 0.00000000 128.00000000
1234.00000000 298.00000000 2.00000000 128.00000000
1337.00000000 922.00000000 2.00000000 126.00000000
1340.00000000 920.00000000 2.00000000 125.00000000
1122.00000000 544.00000000 1.00000000 123.00000000
1122.00000000 543.00000000 2.00000000 122.00000000
1124.00000000 544.00000000 2.00000000 120.00000000
1004.00000000 280.00000000 1.00000000 119.00000000
1122.00000000 544.00000000 1.00000000 119.00000000
1003.00000000 279.00000000 1.00000000 116.00000000
1121.00000000 550.00000000 0.00000000 110.00000000
1122.00000000 420.00000000 0.00000000 103.00000000
299.00000000 556.00000000 1.00000000 103.00000000
1339.00000000 916.00000000 0.00000000 102.00000000
1340.00000000 917.00000000 1.00000000 102.00000000
1121.00000000 673.00000000 0.00000000 100.00000000
1340.00000000 919.00000000 1.00000000 99.00000000
301.00000000 858.00000000 1.00000000 97.00000000
299.00000000 553.00000000 0.00000000 97.00000000
301.00000000 856.00000000 0.00000000 94.00000000
602.00000000 840.00000000 0.00000000 92.00000000
1121.00000000 29.00000000 0.00000000 92.00000000
455.00000000 995.00000000 1.00000000 91.00000000
1121.00000000 35.00000000 0.00000000 89.00000000
1002.00000000 545.00000000 0.00000000 89.00000000
602.00000000 842.00000000 1.00000000 89.00000000
1122.00000000 553.00000000 1.00000000 87.00000000
1120.00000000 808.00000000 0.00000000 87.00000000
874.00000000 958.00000000 1.00000000 87.00000000
301.00000000 861.00000000 1.00000000 86.00000000
1004.00000000 545.00000000 1.00000000 86.00000000
301.00000000 850.00000000 0.00000000 85.00000000
299.00000000 558.00000000 1.00000000 85.00000000
1004.00000000 280.00000000 2.00000000 84.00000000
454.00000000 581.00000000 0.00000000 84.00000000
454.00000000 660.00000000 0.00000000 83.00000000
743.00000000 545.00000000 0.00000000 83.00000000
1234.00000000 295.00000000 1.00000000 82.00000000
300.00000000 102.00000000 2.00000000 81.00000000
1235.00000000 292.00000000 0.00000000 80.00000000
1121.00000000 37.00000000 1.00000000 80.00000000
298.00000000 562.00000000 2.00000000 79.00000000
1003.00000000 545.00000000 1.00000000 78.00000000
1120.00000000 802.00000000 0.00000000 78.00000000
1123.00000000 423.00000000 1.00000000 78.00000000
1121.00000000 674.00000000 1.00000000 77.00000000
300.00000000 866.00000000 2.00000000 77.00000000
1001.00000000 810.00000000 0.00000000 77.00000000
1447.00000000 70.00000000 0.00000000 76.00000000
1447.00000000 72.00000000 1.00000000 76.00000000
1234.00000000 298.00000000 0.00000000 76.00000000
743.00000000 546.00000000 1.00000000 75.00000000
743.00000000 405.00000000 0.00000000 74.00000000
602.00000000 845.00000000 1.00000000 74.00000000
1121.00000000 29.00000000 1.00000000 74.00000000
1447.00000000 63.00000000 0.00000000 71.00000000
1120.00000000 810.00000000 1.00000000 68.00000000
1235.00000000 293.00000000 1.00000000 67.00000000
875.00000000 953.00000000 0.00000000 67.00000000
1004.00000000 411.00000000 1.00000000 66.00000000
875.00000000 818.00000000 0.00000000 66.00000000
742.00000000 687.00000000 0.00000000 66.00000000
743.00000000 545.00000000 1.00000000 66.00000000
301.00000000 98.00000000 1.00000000 65.00000000
743.00000000 405.00000000 1.00000000 65.00000000
455.00000000 553.00000000 0.00000000 65.00000000
1002.00000000 683.00000000 0.00000000 64.00000000
1001.00000000 678.00000000 0.00000000 64.00000000
876.00000000 688.00000000 0.00000000 63.00000000
1343.00000000 60.00000000 0.00000000 63.00000000
301.00000000 927.00000000 0.00000000 63.00000000
1121.00000000 802.00000000 1.00000000 62.00000000
1121.00000000 158.00000000 0.00000000 62.00000000
1342.00000000 789.00000000 0.00000000 62.00000000
1443.00000000 789.00000000 0.00000000 61.00000000
1002.00000000 411.00000000 0.00000000 61.00000000
455.00000000 596.00000000 1.00000000 61.00000000
1448.00000000 74.00000000 1.00000000 61.00000000
456.00000000 994.00000000 0.00000000 61.00000000
456.00000000 993.00000000 1.00000000 61.00000000
1342.00000000 176.00000000 0.00000000 61.00000000
602.00000000 943.00000000 0.00000000 60.00000000
1002.00000000 678.00000000 1.00000000 60.00000000
1120.00000000 814.00000000 1.00000000 60.00000000
1444.00000000 782.00000000 0.00000000 60.00000000
743.00000000 272.00000000 0.00000000 60.00000000
1003.00000000 417.00000000 0.00000000 59.00000000
1003.00000000 288.00000000 1.00000000 59.00000000
1121.00000000 41.00000000 1.00000000 58.00000000
876.00000000 818.00000000 1.00000000 58.00000000
455.00000000 695.00000000 0.00000000 57.00000000
301.00000000 965.00000000 0.00000000 57.00000000
455.00000000 400.00000000 0.00000000 56.00000000
299.00000000 700.00000000 0.00000000 55.00000000
301.00000000 927.00000000 1.00000000 55.00000000
1342.00000000 298.00000000 0.00000000 55.00000000
1444.00000000 791.00000000 1.00000000 54.00000000
138.00000000 859.00000000 0.00000000 53.00000000
743.00000000 687.00000000 1.00000000 53.00000000
876.00000000 824.00000000 0.00000000 52.00000000
1343.00000000 304.00000000 0.00000000 52.00000000
1448.00000000 63.00000000 1.00000000 52.00000000
602.00000000 856.00000000 0.00000000 52.00000000
1002.00000000 182.00000000 0.00000000 52.00000000
602.00000000 944.00000000 1.00000000 52.00000000
1122.00000000 158.00000000 1.00000000 51.00000000
876.00000000 10.00000000 0.00000000 51.00000000
602.00000000 409.00000000 0.00000000 50.00000000
602.00000000 962.00000000 0.00000000 50.00000000
1121.00000000 478.00000000 0.00000000 50.00000000
1235.00000000 173.00000000 0.00000000 50.00000000
602.00000000 856.00000000 1.00000000 50.00000000
1444.00000000 663.00000000 0.00000000 50.00000000
1344.00000000 62.00000000 1.00000000 50.00000000
1342.00000000 666.00000000 0.00000000 50.00000000
1120.00000000 931.00000000 0.00000000 49.00000000
1002.00000000 154.00000000 0.00000000 49.00000000
1002.00000000 237.00000000 0.00000000 49.00000000
876.00000000 681.00000000 0.00000000 49.00000000
