1092.00000000 62.00000000 1.00000000 693.00000000
958.00000000 79.00000000 1.00000000 687.00000000
701.00000000 56.00000000 1.00000000 667.00000000
1091.00000000 62.00000000 1.00000000 651.00000000
701.00000000 55.00000000 1.00000000 622.00000000
205.00000000 739.00000000 1.00000000 602.00000000
958.00000000 78.00000000 0.00000000 594.00000000
564.00000000 41.00000000 0.00000000 594.00000000
394.00000000 740.00000000 1.00000000 594.00000000
992.00000000 789.00000000 2.00000000 590.00000000
205.00000000 738.00000000 0.00000000 580.00000000
1092.00000000 62.00000000 2.00000000 578.00000000
1165.00000000 49.00000000 1.00000000 563.00000000
769.00000000 45.00000000 1.00000000 541.00000000
958.00000000 79.00000000 1.00000000 538.00000000
394.00000000 738.00000000 0.00000000 527.00000000
1092.00000000 60.00000000 0.00000000 522.00000000
253.00000000 927.00000000 0.00000000 518.00000000
335.00000000 739.00000000 1.00000000 512.00000000
564.00000000 41.00000000 1.00000000 508.00000000
203.00000000 727.00000000 1.00000000 506.00000000
769.00000000 45.00000000 1.00000000 506.00000000
1165.00000000 49.00000000 1.00000000 506.00000000
702.00000000 56.00000000 2.00000000 494.00000000
204.00000000 726.00000000 0.00000000 494.00000000
336.00000000 738.00000000 1.00000000 488.00000000
768.00000000 46.00000000 2.00000000 485.00000000
686.00000000 523.00000000 1.00000000 484.00000000
159.00000000 737.00000000 0.00000000 479.00000000
393.00000000 741.00000000 1.00000000 477.00000000
205.00000000 957.00000000 1.00000000 474.00000000
859.00000000 895.00000000 0.00000000 470.00000000
531.00000000 741.00000000 0.00000000 467.00000000
958.00000000 78.00000000 2.00000000 465.00000000
1125.00000000 373.00000000 2.00000000 460.00000000
701.00000000 55.00000000 0.00000000 452.00000000
994.00000000 790.00000000 2.00000000 448.00000000
890.00000000 86.00000000 0.00000000 448.00000000
367.00000000 738.00000000 1.00000000 445.00000000
334.00000000 740.00000000 2.00000000 435.00000000
1128.00000000 372.00000000 4.00000000 434.00000000
552.00000000 749.00000000 1.00000000 434.00000000
994.00000000 791.00000000 1.00000000 433.00000000
769.00000000 45.00000000 2.00000000 433.00000000
337.00000000 736.00000000 0.00000000 431.00000000
366.00000000 737.00000000 0.00000000 429.00000000
18.00000000 443.00000000 1.00000000 423.00000000
205.00000000 956.00000000 1.00000000 421.00000000
1264.00000000 373.00000000 2.00000000 420.00000000
1164.00000000 48.00000000 2.00000000 418.00000000
1268.00000000 376.00000000 4.00000000 412.00000000
1210.00000000 762.00000000 0.00000000 410.00000000
564.00000000 42.00000000 1.00000000 407.00000000
562.00000000 750.00000000 0.00000000 398.00000000
685.00000000 523.00000000 1.00000000 395.00000000
1165.00000000 48.00000000 0.00000000 394.00000000
524.00000000 664.00000000 1.00000000 393.00000000
185.00000000 736.00000000 0.00000000 393.00000000
233.00000000 733.00000000 1.00000000 392.00000000
1187.00000000 957.00000000 0.00000000 390.00000000
1345.00000000 773.00000000 1.00000000 390.00000000
366.00000000 739.00000000 1.00000000 388.00000000
994.00000000 792.00000000 1.00000000 387.00000000
565.00000000 76.00000000 0.00000000 384.00000000
260.00000000 343.00000000 1.00000000 381.00000000
306.00000000 741.00000000 0.00000000 378.00000000
512.00000000 741.00000000 0.00000000 374.00000000
531.00000000 748.00000000 0.00000000 371.00000000
686.00000000 522.00000000 0.00000000 369.00000000
316.00000000 430.00000000 2.00000000 368.00000000
666.00000000 557.00000000 1.00000000 367.00000000
618.00000000 750.00000000 1.00000000 363.00000000
666.00000000 557.00000000 1.00000000 363.00000000
910.00000000 769.00000000 1.00000000 362.00000000
463.00000000 740.00000000 0.00000000 359.00000000
451.00000000 739.00000000 0.00000000 355.00000000
618.00000000 748.00000000 0.00000000 355.00000000
234.00000000 733.00000000 1.00000000 354.00000000
464.00000000 740.00000000 1.00000000 351.00000000
552.00000000 748.00000000 0.00000000 346.00000000
912.00000000 767.00000000 0.00000000 345.00000000
911.00000000 768.00000000 1.00000000 344.00000000
443.00000000 739.00000000 0.00000000 341.00000000
1125.00000000 373.00000000 5.00000000 338.00000000
860.00000000 895.00000000 1.00000000 338.00000000
1080.00000000 920.00000000 1.00000000 337.00000000
562.00000000 751.00000000 1.00000000 333.00000000
577.00000000 746.00000000 0.00000000 332.00000000
483.00000000 591.00000000 0.00000000 331.00000000
159.00000000 738.00000000 1.00000000 328.00000000
904.00000000 26.00000000 1.00000000 326.00000000
480.00000000 740.00000000 0.00000000 324.00000000
306.00000000 742.00000000 1.00000000 323.00000000
279.00000000 731.00000000 1.00000000 321.00000000
891.00000000 86.00000000 1.00000000 320.00000000
1370.00000000 774.00000000 1.00000000 318.00000000
994.00000000 791.00000000 0.00000000 315.00000000
1321.00000000 763.00000000 0.00000000 313.00000000
769.00000000 45.00000000 0.00000000 312.00000000
601.00000000 749.00000000 0.00000000 311.00000000
306.00000000 733.00000000 0.00000000 308.00000000
1080.00000000 919.00000000 0.00000000 301.00000000
273.00000000 922.00000000 0.00000000 301.00000000
1127.00000000 956.00000000 0.00000000 299.00000000
429.00000000 35.00000000 0.00000000 299.00000000
524.00000000 663.00000000 0.00000000 298.00000000
12.00000000 651.00000000 0.00000000 290.00000000
456.00000000 750.00000000 0.00000000 279.00000000
205.00000000 956.00000000 0.00000000 276.00000000
345.00000000 910.00000000 0.00000000 270.00000000
905.00000000 25.00000000 0.00000000 270.00000000
234.00000000 731.00000000 0.00000000 267.00000000
279.00000000 729.00000000 0.00000000 261.00000000
287.00000000 734.00000000 0.00000000 256.00000000
19.00000000 442.00000000 0.00000000 251.00000000
1359.00000000 49.00000000 0.00000000 248.00000000
1296.00000000 56.00000000 0.00000000 246.00000000
1187.00000000 47.00000000 0.00000000 245.00000000
1298.00000000 764.00000000 0.00000000 241.00000000
411.00000000 738.00000000 0.00000000 241.00000000
1011.00000000 947.00000000 0.00000000 240.00000000
574.00000000 38.00000000 0.00000000 239.00000000
1026.00000000 54.00000000 0.00000000 238.00000000
381.00000000 769.00000000 0.00000000 237.00000000
486.00000000 611.00000000 0.00000000 233.00000000
1120.00000000 54.00000000 0.00000000 232.00000000
750.00000000 927.00000000 0.00000000 230.00000000
