1063.00000000 644.00000000 2.00000000 694.00000000
395.00000000 492.00000000 5.00000000 685.00000000
558.00000000 357.00000000 0.00000000 659.00000000
1064.00000000 642.00000000 2.00000000 653.00000000
316.00000000 554.00000000 0.00000000 595.00000000
845.00000000 555.00000000 1.00000000 584.00000000
592.00000000 637.00000000 0.00000000 578.00000000
885.00000000 441.00000000 0.00000000 565.00000000
450.00000000 351.00000000 0.00000000 553.00000000
845.00000000 554.00000000 0.00000000 537.00000000
400.00000000 488.00000000 4.00000000 522.00000000
1064.00000000 644.00000000 4.00000000 521.00000000
478.00000000 452.00000000 1.00000000 521.00000000
559.00000000 358.00000000 1.00000000 517.00000000
1069.00000000 692.00000000 0.00000000 503.00000000
564.00000000 614.00000000 0.00000000 500.00000000
271.00000000 449.00000000 0.00000000 497.00000000
1063.00000000 640.00000000 1.00000000 492.00000000
476.00000000 452.00000000 1.00000000 480.00000000
789.00000000 560.00000000 1.00000000 478.00000000
941.00000000 671.00000000 0.00000000 474.00000000
511.00000000 422.00000000 0.00000000 469.00000000
905.00000000 663.00000000 0.00000000 469.00000000
304.00000000 562.00000000 1.00000000 465.00000000
450.00000000 352.00000000 1.00000000 462.00000000
1040.00000000 545.00000000 0.00000000 455.00000000
789.00000000 560.00000000 0.00000000 454.00000000
958.00000000 417.00000000 0.00000000 450.00000000
316.00000000 554.00000000 1.00000000 448.00000000
476.00000000 452.00000000 2.00000000 446.00000000
1064.00000000 639.00000000 1.00000000 444.00000000
951.00000000 353.00000000 0.00000000 442.00000000
967.00000000 545.00000000 0.00000000 442.00000000
460.00000000 358.00000000 0.00000000 434.00000000
591.00000000 614.00000000 0.00000000 432.00000000
1064.00000000 637.00000000 0.00000000 428.00000000
884.00000000 418.00000000 0.00000000 427.00000000
592.00000000 638.00000000 1.00000000 422.00000000
488.00000000 509.00000000 0.00000000 421.00000000
305.00000000 563.00000000 1.00000000 419.00000000
1110.00000000 608.00000000 0.00000000 416.00000000
413.00000000 383.00000000 0.00000000 416.00000000
1055.00000000 608.00000000 0.00000000 416.00000000
1069.00000000 692.00000000 1.00000000 416.00000000
985.00000000 609.00000000 0.00000000 415.00000000
538.00000000 422.00000000 0.00000000 413.00000000
205.00000000 557.00000000 0.00000000 412.00000000
588.00000000 357.00000000 0.00000000 411.00000000
478.00000000 451.00000000 0.00000000 411.00000000
1072.00000000 354.00000000 1.00000000 408.00000000
497.00000000 558.00000000 0.00000000 406.00000000
951.00000000 344.00000000 0.00000000 406.00000000
885.00000000 442.00000000 1.00000000 404.00000000
854.00000000 582.00000000 2.00000000 397.00000000
959.00000000 419.00000000 1.00000000 393.00000000
1041.00000000 546.00000000 1.00000000 390.00000000
1071.00000000 366.00000000 0.00000000 386.00000000
836.00000000 564.00000000 0.00000000 386.00000000
939.00000000 545.00000000 0.00000000 385.00000000
845.00000000 555.00000000 1.00000000 384.00000000
493.00000000 545.00000000 0.00000000 383.00000000
453.00000000 430.00000000 0.00000000 382.00000000
835.00000000 546.00000000 0.00000000 378.00000000
304.00000000 562.00000000 2.00000000 372.00000000
1012.00000000 557.00000000 1.00000000 370.00000000
538.00000000 439.00000000 0.00000000 367.00000000
1071.00000000 352.00000000 0.00000000 365.00000000
416.00000000 552.00000000 0.00000000 365.00000000
241.00000000 426.00000000 0.00000000 364.00000000
288.00000000 458.00000000 2.00000000 360.00000000
401.00000000 407.00000000 2.00000000 358.00000000
512.00000000 423.00000000 1.00000000 358.00000000
719.00000000 557.00000000 0.00000000 356.00000000
485.00000000 440.00000000 0.00000000 354.00000000
489.00000000 376.00000000 0.00000000 353.00000000
271.00000000 450.00000000 1.00000000 352.00000000
288.00000000 456.00000000 1.00000000 351.00000000
306.00000000 563.00000000 0.00000000 350.00000000
860.00000000 657.00000000 0.00000000 349.00000000
910.00000000 357.00000000 1.00000000 345.00000000
208.00000000 588.00000000 1.00000000 341.00000000
846.00000000 554.00000000 2.00000000 339.00000000
242.00000000 427.00000000 1.00000000 337.00000000
912.00000000 560.00000000 0.00000000 336.00000000
720.00000000 557.00000000 1.00000000 334.00000000
478.00000000 386.00000000 0.00000000 332.00000000
591.00000000 555.00000000 0.00000000 331.00000000
806.00000000 582.00000000 2.00000000 330.00000000
502.00000000 615.00000000 0.00000000 330.00000000
497.00000000 559.00000000 1.00000000 328.00000000
996.00000000 638.00000000 0.00000000 327.00000000
1128.00000000 680.00000000 0.00000000 327.00000000
488.00000000 511.00000000 1.00000000 326.00000000
290.00000000 456.00000000 1.00000000 325.00000000
967.00000000 546.00000000 1.00000000 325.00000000
461.00000000 374.00000000 0.00000000 322.00000000
592.00000000 615.00000000 1.00000000 322.00000000
516.00000000 633.00000000 0.00000000 320.00000000
705.00000000 555.00000000 0.00000000 319.00000000
589.00000000 358.00000000 1.00000000 319.00000000
558.00000000 417.00000000 1.00000000 318.00000000
478.00000000 386.00000000 1.00000000 318.00000000
291.00000000 454.00000000 0.00000000 317.00000000
451.00000000 538.00000000 1.00000000 317.00000000
798.00000000 532.00000000 2.00000000 317.00000000
496.00000000 558.00000000 1.00000000 316.00000000
1111.00000000 609.00000000 1.00000000 316.00000000
207.00000000 589.00000000 1.00000000 315.00000000
398.00000000 366.00000000 1.00000000 315.00000000
206.00000000 558.00000000 1.00000000 314.00000000
1072.00000000 367.00000000 1.00000000 313.00000000
854.00000000 578.00000000 2.00000000 313.00000000
992.00000000 709.00000000 0.00000000 312.00000000
951.00000000 344.00000000 1.00000000 312.00000000
413.00000000 359.00000000 0.00000000 312.00000000
414.00000000 383.00000000 1.00000000 312.00000000
517.00000000 376.00000000 0.00000000 310.00000000
972.00000000 621.00000000 0.00000000 309.00000000
318.00000000 425.00000000 0.00000000 308.00000000
418.00000000 627.00000000 0.00000000 307.00000000
404.00000000 622.00000000 0.00000000 301.00000000
304.00000000 434.00000000 1.00000000 296.00000000
878.00000000 404.00000000 2.00000000 291.00000000
560.00000000 359.00000000 1.00000000 289.00000000
427.00000000 451.00000000 1.00000000 275.00000000
192.00000000 354.00000000 1.00000000 274.00000000
797.00000000 534.00000000 1.00000000 272.00000000
