468.00000000 519.00000000 1.00000000 632.00000000
700.00000000 716.00000000 4.00000000 599.00000000
695.00000000 718.00000000 5.00000000 598.00000000
257.00000000 487.00000000 0.00000000 586.00000000
502.00000000 354.00000000 1.00000000 525.00000000
468.00000000 518.00000000 2.00000000 514.00000000
564.00000000 188.00000000 2.00000000 509.00000000
502.00000000 353.00000000 0.00000000 499.00000000
562.00000000 186.00000000 2.00000000 489.00000000
468.00000000 517.00000000 0.00000000 487.00000000
1088.00000000 487.00000000 0.00000000 480.00000000
468.00000000 518.00000000 1.00000000 470.00000000
767.00000000 670.00000000 0.00000000 460.00000000
768.00000000 671.00000000 1.00000000 459.00000000
565.00000000 189.00000000 1.00000000 459.00000000
553.00000000 715.00000000 0.00000000 458.00000000
566.00000000 204.00000000 0.00000000 457.00000000
698.00000000 715.00000000 2.00000000 455.00000000
603.00000000 649.00000000 0.00000000 452.00000000
257.00000000 488.00000000 1.00000000 441.00000000
566.00000000 190.00000000 1.00000000 440.00000000
712.00000000 171.00000000 0.00000000 436.00000000
712.00000000 197.00000000 0.00000000 434.00000000
707.00000000 810.00000000 1.00000000 432.00000000
422.00000000 517.00000000 0.00000000 428.00000000
584.00000000 521.00000000 0.00000000 427.00000000
671.00000000 532.00000000 0.00000000 426.00000000
707.00000000 810.00000000 1.00000000 419.00000000
603.00000000 630.00000000 0.00000000 417.00000000
747.00000000 292.00000000 0.00000000 409.00000000
700.00000000 710.00000000 2.00000000 409.00000000
689.00000000 650.00000000 0.00000000 407.00000000
931.00000000 274.00000000 1.00000000 407.00000000
574.00000000 310.00000000 0.00000000 403.00000000
700.00000000 708.00000000 1.00000000 401.00000000
713.00000000 199.00000000 1.00000000 400.00000000
607.00000000 798.00000000 0.00000000 398.00000000
517.00000000 690.00000000 0.00000000 396.00000000
690.00000000 651.00000000 1.00000000 395.00000000
712.00000000 172.00000000 1.00000000 394.00000000
1075.00000000 261.00000000 0.00000000 387.00000000
500.00000000 317.00000000 0.00000000 387.00000000
1062.00000000 345.00000000 0.00000000 384.00000000
560.00000000 184.00000000 4.00000000 384.00000000
672.00000000 533.00000000 1.00000000 382.00000000
555.00000000 517.00000000 0.00000000 381.00000000
638.00000000 550.00000000 2.00000000 380.00000000
566.00000000 205.00000000 1.00000000 380.00000000
242.00000000 375.00000000 1.00000000 379.00000000
700.00000000 707.00000000 1.00000000 378.00000000
422.00000000 518.00000000 1.00000000 376.00000000
494.00000000 299.00000000 2.00000000 373.00000000
585.00000000 522.00000000 1.00000000 364.00000000
931.00000000 272.00000000 0.00000000 361.00000000
475.00000000 554.00000000 2.00000000 359.00000000
648.00000000 301.00000000 0.00000000 359.00000000
1062.00000000 345.00000000 1.00000000 357.00000000
769.00000000 673.00000000 1.00000000 357.00000000
1103.00000000 259.00000000 0.00000000 353.00000000
181.00000000 479.00000000 1.00000000 352.00000000
1054.00000000 374.00000000 1.00000000 351.00000000
604.00000000 631.00000000 1.00000000 347.00000000
748.00000000 293.00000000 1.00000000 346.00000000
1102.00000000 291.00000000 0.00000000 346.00000000
706.00000000 154.00000000 2.00000000 346.00000000
1052.00000000 347.00000000 0.00000000 345.00000000
241.00000000 376.00000000 1.00000000 343.00000000
565.00000000 190.00000000 0.00000000 334.00000000
1055.00000000 374.00000000 1.00000000 334.00000000
801.00000000 823.00000000 1.00000000 333.00000000
1056.00000000 357.00000000 1.00000000 333.00000000
1170.00000000 288.00000000 0.00000000 331.00000000
553.00000000 716.00000000 1.00000000 329.00000000
226.00000000 286.00000000 1.00000000 328.00000000
1060.00000000 389.00000000 0.00000000 324.00000000
461.00000000 505.00000000 0.00000000 320.00000000
496.00000000 300.00000000 2.00000000 315.00000000
575.00000000 311.00000000 1.00000000 315.00000000
501.00000000 318.00000000 1.00000000 315.00000000
931.00000000 274.00000000 1.00000000 313.00000000
691.00000000 841.00000000 0.00000000 310.00000000
604.00000000 649.00000000 1.00000000 309.00000000
234.00000000 463.00000000 1.00000000 302.00000000
1102.00000000 268.00000000 0.00000000 302.00000000
588.00000000 647.00000000 1.00000000 300.00000000
707.00000000 187.00000000 0.00000000 298.00000000
700.00000000 707.00000000 0.00000000 298.00000000
706.00000000 810.00000000 2.00000000 297.00000000
588.00000000 647.00000000 0.00000000 296.00000000
556.00000000 518.00000000 1.00000000 296.00000000
690.00000000 653.00000000 1.00000000 295.00000000
673.00000000 534.00000000 1.00000000 295.00000000
932.00000000 566.00000000 1.00000000 294.00000000
714.00000000 200.00000000 1.00000000 293.00000000
672.00000000 539.00000000 0.00000000 292.00000000
264.00000000 514.00000000 1.00000000 292.00000000
234.00000000 464.00000000 2.00000000 291.00000000
134.00000000 473.00000000 0.00000000 291.00000000
933.00000000 122.00000000 1.00000000 291.00000000
1061.00000000 390.00000000 1.00000000 290.00000000
477.00000000 668.00000000 0.00000000 286.00000000
615.00000000 682.00000000 0.00000000 285.00000000
707.00000000 536.00000000 0.00000000 281.00000000
302.00000000 585.00000000 0.00000000 279.00000000
242.00000000 374.00000000 0.00000000 276.00000000
181.00000000 478.00000000 1.00000000 276.00000000
502.00000000 354.00000000 1.00000000 275.00000000
226.00000000 285.00000000 0.00000000 273.00000000
789.00000000 287.00000000 0.00000000 272.00000000
1128.00000000 299.00000000 0.00000000 272.00000000
702.00000000 782.00000000 0.00000000 272.00000000
726.00000000 660.00000000 0.00000000 272.00000000
528.00000000 514.00000000 0.00000000 270.00000000
524.00000000 464.00000000 0.00000000 267.00000000
1197.00000000 496.00000000 0.00000000 265.00000000
1054.00000000 373.00000000 0.00000000 265.00000000
707.00000000 808.00000000 0.00000000 265.00000000
181.00000000 479.00000000 0.00000000 264.00000000
528.00000000 535.00000000 0.00000000 260.00000000
748.00000000 333.00000000 0.00000000 256.00000000
768.00000000 678.00000000 0.00000000 256.00000000
801.00000000 591.00000000 0.00000000 255.00000000
801.00000000 822.00000000 0.00000000 255.00000000
265.00000000 561.00000000 0.00000000 253.00000000
239.00000000 305.00000000 0.00000000 250.00000000
171.00000000 379.00000000 0.00000000 248.00000000
932.00000000 121.00000000 0.00000000 245.00000000
