210.00000000 912.00000000 1.00000000 701.00000000
209.00000000 913.00000000 1.00000000 621.00000000
206.00000000 895.00000000 1.00000000 603.00000000
205.00000000 896.00000000 1.00000000 596.00000000
686.00000000 840.00000000 0.00000000 561.00000000
507.00000000 867.00000000 1.00000000 546.00000000
506.00000000 869.00000000 1.00000000 531.00000000
1376.00000000 50.00000000 1.00000000 518.00000000
173.00000000 914.00000000 1.00000000 518.00000000
1264.00000000 368.00000000 4.00000000 494.00000000
711.00000000 846.00000000 1.00000000 487.00000000
686.00000000 841.00000000 1.00000000 478.00000000
1151.00000000 817.00000000 2.00000000 476.00000000
468.00000000 872.00000000 1.00000000 476.00000000
376.00000000 890.00000000 0.00000000 473.00000000
421.00000000 879.00000000 1.00000000 471.00000000
724.00000000 846.00000000 0.00000000 467.00000000
423.00000000 878.00000000 1.00000000 465.00000000
685.00000000 850.00000000 0.00000000 461.00000000
128.00000000 923.00000000 1.00000000 460.00000000
1376.00000000 52.00000000 2.00000000 457.00000000
622.00000000 849.00000000 0.00000000 451.00000000
663.00000000 844.00000000 0.00000000 444.00000000
375.00000000 891.00000000 1.00000000 441.00000000
420.00000000 884.00000000 2.00000000 440.00000000
1264.00000000 364.00000000 2.00000000 439.00000000
210.00000000 912.00000000 0.00000000 438.00000000
867.00000000 544.00000000 1.00000000 433.00000000
601.00000000 853.00000000 0.00000000 431.00000000
173.00000000 913.00000000 0.00000000 430.00000000
376.00000000 881.00000000 0.00000000 429.00000000
1375.00000000 49.00000000 1.00000000 427.00000000
741.00000000 838.00000000 0.00000000 424.00000000
208.00000000 916.00000000 2.00000000 420.00000000
789.00000000 832.00000000 0.00000000 415.00000000
1150.00000000 820.00000000 2.00000000 414.00000000
789.00000000 834.00000000 1.00000000 408.00000000
206.00000000 894.00000000 0.00000000 405.00000000
506.00000000 872.00000000 2.00000000 404.00000000
466.00000000 873.00000000 1.00000000 401.00000000
868.00000000 544.00000000 1.00000000 401.00000000
1280.00000000 44.00000000 2.00000000 396.00000000
711.00000000 847.00000000 1.00000000 396.00000000
1151.00000000 818.00000000 1.00000000 396.00000000
1366.00000000 370.00000000 2.00000000 395.00000000
507.00000000 866.00000000 0.00000000 394.00000000
418.00000000 885.00000000 2.00000000 393.00000000
585.00000000 858.00000000 1.00000000 392.00000000
1228.00000000 39.00000000 1.00000000 388.00000000
1264.00000000 364.00000000 2.00000000 387.00000000
1421.00000000 753.00000000 1.00000000 386.00000000
626.00000000 650.00000000 1.00000000 386.00000000
1228.00000000 40.00000000 2.00000000 383.00000000
686.00000000 851.00000000 1.00000000 381.00000000
768.00000000 838.00000000 1.00000000 380.00000000
712.00000000 845.00000000 0.00000000 380.00000000
741.00000000 831.00000000 0.00000000 377.00000000
1405.00000000 756.00000000 1.00000000 375.00000000
677.00000000 742.00000000 1.00000000 374.00000000
1454.00000000 98.00000000 1.00000000 370.00000000
1323.00000000 79.00000000 1.00000000 369.00000000
1375.00000000 48.00000000 0.00000000 369.00000000
601.00000000 854.00000000 1.00000000 368.00000000
376.00000000 881.00000000 1.00000000 366.00000000
257.00000000 896.00000000 1.00000000 366.00000000
1455.00000000 98.00000000 1.00000000 362.00000000
1279.00000000 43.00000000 1.00000000 360.00000000
723.00000000 846.00000000 1.00000000 359.00000000
127.00000000 924.00000000 1.00000000 357.00000000
845.00000000 588.00000000 1.00000000 352.00000000
1405.00000000 755.00000000 0.00000000 348.00000000
1229.00000000 38.00000000 1.00000000 347.00000000
574.00000000 856.00000000 0.00000000 346.00000000
1323.00000000 79.00000000 0.00000000 345.00000000
259.00000000 896.00000000 1.00000000 344.00000000
1083.00000000 807.00000000 1.00000000 344.00000000
423.00000000 876.00000000 0.00000000 343.00000000
662.00000000 846.00000000 1.00000000 338.00000000
128.00000000 922.00000000 0.00000000 337.00000000
678.00000000 741.00000000 1.00000000 337.00000000
707.00000000 610.00000000 5.00000000 332.00000000
1260.00000000 56.00000000 0.00000000 331.00000000
622.00000000 851.00000000 1.00000000 329.00000000
1280.00000000 43.00000000 1.00000000 327.00000000
1260.00000000 57.00000000 1.00000000 327.00000000
468.00000000 871.00000000 0.00000000 325.00000000
1083.00000000 806.00000000 0.00000000 323.00000000
712.00000000 604.00000000 4.00000000 323.00000000
1228.00000000 37.00000000 0.00000000 317.00000000
768.00000000 837.00000000 0.00000000 309.00000000
587.00000000 860.00000000 0.00000000 306.00000000
1454.00000000 96.00000000 0.00000000 304.00000000
1279.00000000 42.00000000 0.00000000 295.00000000
867.00000000 544.00000000 0.00000000 289.00000000
1421.00000000 753.00000000 0.00000000 288.00000000
1229.00000000 960.00000000 0.00000000 275.00000000
590.00000000 867.00000000 0.00000000 275.00000000
333.00000000 880.00000000 0.00000000 273.00000000
1455.00000000 88.00000000 0.00000000 269.00000000
626.00000000 649.00000000 0.00000000 264.00000000
1029.00000000 948.00000000 0.00000000 261.00000000
1315.00000000 760.00000000 0.00000000 256.00000000
1349.00000000 50.00000000 0.00000000 255.00000000
531.00000000 863.00000000 0.00000000 249.00000000
1175.00000000 26.00000000 0.00000000 247.00000000
478.00000000 870.00000000 0.00000000 240.00000000
386.00000000 880.00000000 0.00000000 227.00000000
346.00000000 885.00000000 0.00000000 222.00000000
173.00000000 904.00000000 0.00000000 219.00000000
1426.00000000 951.00000000 0.00000000 219.00000000
1151.00000000 819.00000000 0.00000000 219.00000000
1429.00000000 898.00000000 0.00000000 211.00000000
1144.00000000 968.00000000 0.00000000 210.00000000
490.00000000 910.00000000 0.00000000 209.00000000
1149.00000000 803.00000000 0.00000000 204.00000000
1152.00000000 936.00000000 0.00000000 203.00000000
834.00000000 610.00000000 0.00000000 203.00000000
1388.00000000 871.00000000 0.00000000 200.00000000
1417.00000000 66.00000000 0.00000000 200.00000000
1203.00000000 10.00000000 0.00000000 200.00000000
1383.00000000 968.00000000 0.00000000 197.00000000
760.00000000 886.00000000 0.00000000 197.00000000
861.00000000 813.00000000 0.00000000 194.00000000
1466.00000000 929.00000000 0.00000000 193.00000000
259.00000000 895.00000000 0.00000000 193.00000000
1426.00000000 849.00000000 0.00000000 190.00000000
1342.00000000 923.00000000 0.00000000 190.00000000
