1278.00000000 305.00000000 5.00000000 190.00000000
1280.00000000 300.00000000 4.00000000 177.00000000
943.00000000 1001.00000000 1.00000000 157.00000000
1278.00000000 296.00000000 2.00000000 155.00000000
1179.00000000 551.00000000 1.00000000 136.00000000
1180.00000000 826.00000000 0.00000000 134.00000000
1180.00000000 552.00000000 2.00000000 130.00000000
1178.00000000 552.00000000 1.00000000 125.00000000
1179.00000000 551.00000000 2.00000000 122.00000000
1385.00000000 936.00000000 2.00000000 120.00000000
1384.00000000 940.00000000 4.00000000 118.00000000
1178.00000000 551.00000000 0.00000000 118.00000000
1064.00000000 553.00000000 0.00000000 112.00000000
324.00000000 922.00000000 0.00000000 110.00000000
1060.00000000 273.00000000 0.00000000 109.00000000
1386.00000000 932.00000000 2.00000000 109.00000000
325.00000000 924.00000000 1.00000000 107.00000000
1387.00000000 929.00000000 1.00000000 107.00000000
1387.00000000 930.00000000 1.00000000 106.00000000
1060.00000000 274.00000000 1.00000000 104.00000000
1181.00000000 828.00000000 1.00000000 102.00000000
659.00000000 886.00000000 0.00000000 102.00000000
1064.00000000 554.00000000 1.00000000 101.00000000
1280.00000000 294.00000000 2.00000000 100.00000000
1064.00000000 554.00000000 1.00000000 100.00000000
319.00000000 577.00000000 1.00000000 100.00000000
1386.00000000 927.00000000 0.00000000 99.00000000
1170.00000000 21.00000000 0.00000000 96.00000000
1180.00000000 686.00000000 0.00000000 95.00000000
1170.00000000 24.00000000 1.00000000 95.00000000
1062.00000000 272.00000000 1.00000000 94.00000000
319.00000000 579.00000000 1.00000000 94.00000000
1065.00000000 694.00000000 0.00000000 92.00000000
1178.00000000 560.00000000 1.00000000 91.00000000
943.00000000 999.00000000 1.00000000 90.00000000
803.00000000 559.00000000 0.00000000 87.00000000
801.00000000 405.00000000 0.00000000 86.00000000
325.00000000 927.00000000 1.00000000 86.00000000
1170.00000000 26.00000000 1.00000000 85.00000000
660.00000000 888.00000000 1.00000000 85.00000000
1062.00000000 274.00000000 2.00000000 84.00000000
1469.00000000 70.00000000 0.00000000 84.00000000
941.00000000 708.00000000 0.00000000 84.00000000
1067.00000000 834.00000000 0.00000000 83.00000000
1170.00000000 15.00000000 0.00000000 83.00000000
319.00000000 574.00000000 0.00000000 83.00000000
1066.00000000 554.00000000 2.00000000 83.00000000
318.00000000 584.00000000 2.00000000 82.00000000
313.00000000 56.00000000 2.00000000 81.00000000
1280.00000000 290.00000000 0.00000000 81.00000000
1386.00000000 797.00000000 0.00000000 80.00000000
1058.00000000 140.00000000 0.00000000 79.00000000
1176.00000000 422.00000000 0.00000000 79.00000000
804.00000000 559.00000000 1.00000000 78.00000000
324.00000000 918.00000000 2.00000000 77.00000000
1180.00000000 687.00000000 1.00000000 75.00000000
943.00000000 999.00000000 0.00000000 74.00000000
1470.00000000 62.00000000 0.00000000 74.00000000
942.00000000 849.00000000 0.00000000 74.00000000
802.00000000 406.00000000 1.00000000 73.00000000
803.00000000 564.00000000 0.00000000 73.00000000
800.00000000 260.00000000 0.00000000 72.00000000
1177.00000000 424.00000000 1.00000000 72.00000000
321.00000000 743.00000000 0.00000000 71.00000000
805.00000000 712.00000000 0.00000000 71.00000000
1279.00000000 292.00000000 1.00000000 71.00000000
1469.00000000 72.00000000 1.00000000 71.00000000
1066.00000000 694.00000000 1.00000000 70.00000000
1381.00000000 422.00000000 0.00000000 70.00000000
316.00000000 56.00000000 2.00000000 70.00000000
1062.00000000 418.00000000 0.00000000 69.00000000
1279.00000000 296.00000000 0.00000000 69.00000000
1063.00000000 412.00000000 1.00000000 69.00000000
660.00000000 892.00000000 1.00000000 68.00000000
803.00000000 405.00000000 1.00000000 68.00000000
132.00000000 938.00000000 0.00000000 67.00000000
1476.00000000 666.00000000 0.00000000 66.00000000
1170.00000000 15.00000000 1.00000000 66.00000000
804.00000000 560.00000000 1.00000000 66.00000000
494.00000000 571.00000000 0.00000000 66.00000000
1177.00000000 511.00000000 0.00000000 66.00000000
1379.00000000 304.00000000 0.00000000 65.00000000
1277.00000000 39.00000000 0.00000000 65.00000000
661.00000000 1001.00000000 0.00000000 65.00000000
494.00000000 600.00000000 0.00000000 64.00000000
1061.00000000 282.00000000 1.00000000 64.00000000
1376.00000000 55.00000000 0.00000000 63.00000000
321.00000000 744.00000000 1.00000000 63.00000000
1176.00000000 451.00000000 0.00000000 63.00000000
1182.00000000 831.00000000 1.00000000 63.00000000
1062.00000000 413.00000000 1.00000000 62.00000000
943.00000000 854.00000000 0.00000000 62.00000000
800.00000000 254.00000000 0.00000000 61.00000000
1178.00000000 511.00000000 1.00000000 60.00000000
325.00000000 975.00000000 1.00000000 60.00000000
133.00000000 938.00000000 1.00000000 60.00000000
941.00000000 710.00000000 1.00000000 60.00000000
1280.00000000 291.00000000 1.00000000 60.00000000
497.00000000 732.00000000 0.00000000 60.00000000
1478.00000000 787.00000000 0.00000000 59.00000000
1062.00000000 412.00000000 0.00000000 58.00000000
496.00000000 684.00000000 1.00000000 58.00000000
493.00000000 398.00000000 0.00000000 57.00000000
1182.00000000 956.00000000 0.00000000 57.00000000
935.00000000 263.00000000 0.00000000 57.00000000
495.00000000 684.00000000 0.00000000 57.00000000
1172.00000000 149.00000000 0.00000000 57.00000000
1478.00000000 793.00000000 0.00000000 57.00000000
654.00000000 408.00000000 0.00000000 57.00000000
943.00000000 849.00000000 1.00000000 57.00000000
324.00000000 946.00000000 0.00000000 56.00000000
805.00000000 713.00000000 1.00000000 56.00000000
1470.00000000 63.00000000 1.00000000 56.00000000
1377.00000000 173.00000000 0.00000000 56.00000000
318.00000000 222.00000000 0.00000000 56.00000000
933.00000000 120.00000000 0.00000000 56.00000000
661.00000000 1001.00000000 1.00000000 56.00000000
801.00000000 262.00000000 1.00000000 55.00000000
325.00000000 975.00000000 0.00000000 55.00000000
1376.00000000 38.00000000 0.00000000 54.00000000
802.00000000 412.00000000 0.00000000 54.00000000
1279.00000000 314.00000000 0.00000000 53.00000000
1279.00000000 161.00000000 0.00000000 53.00000000
493.00000000 400.00000000 1.00000000 53.00000000
1067.00000000 694.00000000 1.00000000 52.00000000
1170.00000000 89.00000000 0.00000000 52.00000000
1059.00000000 134.00000000 0.00000000 51.00000000
