1118.00000000 622.00000000 2.00000000 775.00000000
1117.00000000 625.00000000 2.00000000 721.00000000
526.00000000 492.00000000 5.00000000 675.00000000
687.00000000 350.00000000 0.00000000 665.00000000
434.00000000 562.00000000 0.00000000 661.00000000
1117.00000000 619.00000000 1.00000000 599.00000000
719.00000000 640.00000000 0.00000000 586.00000000
945.00000000 547.00000000 1.00000000 573.00000000
435.00000000 563.00000000 1.00000000 562.00000000
944.00000000 546.00000000 0.00000000 551.00000000
607.00000000 449.00000000 1.00000000 530.00000000
944.00000000 547.00000000 1.00000000 529.00000000
977.00000000 437.00000000 0.00000000 528.00000000
1117.00000000 618.00000000 1.00000000 520.00000000
606.00000000 449.00000000 1.00000000 519.00000000
309.00000000 569.00000000 0.00000000 516.00000000
579.00000000 340.00000000 0.00000000 515.00000000
385.00000000 446.00000000 0.00000000 511.00000000
692.00000000 617.00000000 0.00000000 508.00000000
580.00000000 340.00000000 1.00000000 490.00000000
688.00000000 350.00000000 1.00000000 489.00000000
1120.00000000 624.00000000 4.00000000 481.00000000
421.00000000 572.00000000 1.00000000 480.00000000
590.00000000 347.00000000 0.00000000 478.00000000
1122.00000000 666.00000000 0.00000000 477.00000000
528.00000000 488.00000000 4.00000000 468.00000000
606.00000000 448.00000000 2.00000000 466.00000000
898.00000000 553.00000000 0.00000000 462.00000000
898.00000000 554.00000000 1.00000000 459.00000000
616.00000000 509.00000000 0.00000000 451.00000000
626.00000000 561.00000000 0.00000000 450.00000000
423.00000000 573.00000000 1.00000000 450.00000000
953.00000000 574.00000000 2.00000000 448.00000000
352.00000000 419.00000000 0.00000000 446.00000000
640.00000000 417.00000000 0.00000000 443.00000000
1117.00000000 618.00000000 0.00000000 438.00000000
422.00000000 572.00000000 2.00000000 431.00000000
406.00000000 454.00000000 2.00000000 426.00000000
385.00000000 446.00000000 1.00000000 424.00000000
543.00000000 374.00000000 0.00000000 423.00000000
1079.00000000 545.00000000 1.00000000 419.00000000
621.00000000 548.00000000 0.00000000 418.00000000
666.00000000 416.00000000 0.00000000 411.00000000
718.00000000 615.00000000 0.00000000 410.00000000
310.00000000 571.00000000 1.00000000 409.00000000
582.00000000 425.00000000 0.00000000 406.00000000
720.00000000 640.00000000 1.00000000 404.00000000
352.00000000 420.00000000 1.00000000 395.00000000
543.00000000 557.00000000 0.00000000 394.00000000
384.00000000 418.00000000 0.00000000 393.00000000
607.00000000 448.00000000 0.00000000 392.00000000
1036.00000000 415.00000000 0.00000000 380.00000000
1078.00000000 545.00000000 1.00000000 379.00000000
913.00000000 576.00000000 2.00000000 378.00000000
946.00000000 546.00000000 2.00000000 376.00000000
625.00000000 561.00000000 1.00000000 375.00000000
423.00000000 573.00000000 0.00000000 372.00000000
393.00000000 564.00000000 0.00000000 372.00000000
952.00000000 568.00000000 2.00000000 366.00000000
972.00000000 402.00000000 2.00000000 366.00000000
1030.00000000 354.00000000 0.00000000 364.00000000
715.00000000 350.00000000 0.00000000 364.00000000
396.00000000 337.00000000 0.00000000 361.00000000
1029.00000000 345.00000000 0.00000000 360.00000000
408.00000000 451.00000000 0.00000000 359.00000000
1025.00000000 654.00000000 0.00000000 358.00000000
645.00000000 639.00000000 0.00000000 358.00000000
405.00000000 453.00000000 1.00000000 357.00000000
531.00000000 398.00000000 2.00000000 356.00000000
631.00000000 621.00000000 0.00000000 356.00000000
977.00000000 415.00000000 0.00000000 354.00000000
617.00000000 510.00000000 1.00000000 353.00000000
641.00000000 418.00000000 1.00000000 349.00000000
1043.00000000 535.00000000 0.00000000 348.00000000
937.00000000 556.00000000 0.00000000 348.00000000
1122.00000000 666.00000000 1.00000000 344.00000000
318.00000000 559.00000000 1.00000000 342.00000000
1028.00000000 342.00000000 2.00000000 340.00000000
608.00000000 378.00000000 0.00000000 339.00000000
543.00000000 374.00000000 1.00000000 337.00000000
312.00000000 605.00000000 1.00000000 337.00000000
527.00000000 354.00000000 1.00000000 336.00000000
435.00000000 584.00000000 1.00000000 336.00000000
623.00000000 561.00000000 1.00000000 335.00000000
407.00000000 452.00000000 1.00000000 334.00000000
615.00000000 435.00000000 0.00000000 334.00000000
439.00000000 418.00000000 0.00000000 334.00000000
311.00000000 606.00000000 1.00000000 334.00000000
542.00000000 347.00000000 0.00000000 333.00000000
995.00000000 649.00000000 0.00000000 331.00000000
1100.00000000 533.00000000 0.00000000 330.00000000
232.00000000 598.00000000 0.00000000 329.00000000
959.00000000 645.00000000 0.00000000 329.00000000
413.00000000 339.00000000 0.00000000 326.00000000
1058.00000000 594.00000000 0.00000000 326.00000000
903.00000000 528.00000000 1.00000000 325.00000000
608.00000000 378.00000000 1.00000000 324.00000000
424.00000000 554.00000000 1.00000000 324.00000000
666.00000000 434.00000000 0.00000000 323.00000000
1078.00000000 530.00000000 1.00000000 323.00000000
717.00000000 555.00000000 0.00000000 321.00000000
719.00000000 616.00000000 1.00000000 321.00000000
578.00000000 541.00000000 1.00000000 320.00000000
622.00000000 548.00000000 1.00000000 320.00000000
249.00000000 574.00000000 0.00000000 320.00000000
591.00000000 364.00000000 0.00000000 319.00000000
545.00000000 637.00000000 0.00000000 318.00000000
1111.00000000 591.00000000 0.00000000 317.00000000
231.00000000 574.00000000 0.00000000 313.00000000
422.00000000 427.00000000 1.00000000 313.00000000
687.00000000 411.00000000 1.00000000 312.00000000
1021.00000000 535.00000000 0.00000000 312.00000000
1047.00000000 593.00000000 1.00000000 309.00000000
583.00000000 425.00000000 1.00000000 307.00000000
1028.00000000 343.00000000 1.00000000 306.00000000
424.00000000 555.00000000 0.00000000 306.00000000
692.00000000 618.00000000 1.00000000 304.00000000
632.00000000 358.00000000 0.00000000 302.00000000
647.00000000 369.00000000 0.00000000 302.00000000
318.00000000 419.00000000 0.00000000 302.00000000
530.00000000 654.00000000 0.00000000 301.00000000
862.00000000 101.00000000 0.00000000 301.00000000
545.00000000 638.00000000 1.00000000 301.00000000
977.00000000 438.00000000 1.00000000 301.00000000
529.00000000 634.00000000 0.00000000 300.00000000
1029.00000000 592.00000000 1.00000000 299.00000000
435.00000000 562.00000000 1.00000000 298.00000000
