1493.00000000 871.00000000 2.00000000 106.00000000
830.00000000 577.00000000 0.00000000 103.00000000
1376.00000000 292.00000000 4.00000000 101.00000000
832.00000000 847.00000000 1.00000000 100.00000000
830.00000000 580.00000000 1.00000000 96.00000000
826.00000000 35.00000000 0.00000000 96.00000000
1289.00000000 96.00000000 0.00000000 94.00000000
833.00000000 845.00000000 1.00000000 94.00000000
1340.00000000 819.00000000 0.00000000 89.00000000
1231.00000000 53.00000000 0.00000000 87.00000000
293.00000000 544.00000000 0.00000000 86.00000000
1380.00000000 294.00000000 5.00000000 86.00000000
1295.00000000 695.00000000 0.00000000 86.00000000
830.00000000 584.00000000 1.00000000 82.00000000
834.00000000 848.00000000 2.00000000 82.00000000
1377.00000000 288.00000000 1.00000000 82.00000000
626.00000000 266.00000000 1.00000000 81.00000000
1296.00000000 844.00000000 0.00000000 81.00000000
275.00000000 393.00000000 0.00000000 81.00000000
292.00000000 339.00000000 0.00000000 80.00000000
830.00000000 588.00000000 2.00000000 80.00000000
1377.00000000 288.00000000 2.00000000 80.00000000
292.00000000 376.00000000 0.00000000 80.00000000
275.00000000 356.00000000 0.00000000 80.00000000
292.00000000 283.00000000 0.00000000 79.00000000
292.00000000 321.00000000 0.00000000 79.00000000
292.00000000 265.00000000 0.00000000 78.00000000
1467.00000000 554.00000000 2.00000000 78.00000000
274.00000000 318.00000000 0.00000000 78.00000000
292.00000000 246.00000000 0.00000000 78.00000000
275.00000000 337.00000000 0.00000000 78.00000000
275.00000000 281.00000000 0.00000000 77.00000000
293.00000000 506.00000000 0.00000000 77.00000000
292.00000000 451.00000000 0.00000000 76.00000000
292.00000000 395.00000000 0.00000000 76.00000000
276.00000000 563.00000000 0.00000000 75.00000000
1340.00000000 820.00000000 1.00000000 74.00000000
220.00000000 390.00000000 0.00000000 74.00000000
292.00000000 432.00000000 0.00000000 74.00000000
274.00000000 243.00000000 0.00000000 74.00000000
256.00000000 278.00000000 0.00000000 74.00000000
1378.00000000 288.00000000 2.00000000 74.00000000
293.00000000 526.00000000 0.00000000 73.00000000
1441.00000000 427.00000000 0.00000000 73.00000000
274.00000000 299.00000000 0.00000000 73.00000000
1237.00000000 714.00000000 0.00000000 73.00000000
1468.00000000 552.00000000 2.00000000 73.00000000
760.00000000 113.00000000 0.00000000 73.00000000
293.00000000 469.00000000 0.00000000 73.00000000
275.00000000 469.00000000 0.00000000 72.00000000
293.00000000 488.00000000 0.00000000 72.00000000
292.00000000 228.00000000 0.00000000 72.00000000
274.00000000 262.00000000 0.00000000 72.00000000
1468.00000000 560.00000000 4.00000000 71.00000000
1340.00000000 544.00000000 2.00000000 71.00000000
275.00000000 432.00000000 0.00000000 71.00000000
257.00000000 392.00000000 0.00000000 71.00000000
1415.00000000 895.00000000 0.00000000 71.00000000
275.00000000 506.00000000 0.00000000 71.00000000
292.00000000 413.00000000 0.00000000 71.00000000
292.00000000 302.00000000 0.00000000 70.00000000
292.00000000 95.00000000 0.00000000 70.00000000
294.00000000 562.00000000 0.00000000 70.00000000
309.00000000 378.00000000 0.00000000 69.00000000
292.00000000 358.00000000 0.00000000 69.00000000
275.00000000 487.00000000 0.00000000 69.00000000
827.00000000 37.00000000 1.00000000 69.00000000
1490.00000000 442.00000000 2.00000000 69.00000000
239.00000000 352.00000000 0.00000000 68.00000000
1415.00000000 897.00000000 1.00000000 68.00000000
275.00000000 375.00000000 0.00000000 68.00000000
275.00000000 450.00000000 0.00000000 68.00000000
239.00000000 333.00000000 0.00000000 68.00000000
1340.00000000 543.00000000 2.00000000 67.00000000
276.00000000 526.00000000 0.00000000 67.00000000
292.00000000 150.00000000 0.00000000 67.00000000
625.00000000 263.00000000 0.00000000 67.00000000
276.00000000 544.00000000 0.00000000 67.00000000
256.00000000 297.00000000 0.00000000 67.00000000
1376.00000000 287.00000000 0.00000000 67.00000000
309.00000000 396.00000000 0.00000000 67.00000000
256.00000000 316.00000000 0.00000000 66.00000000
238.00000000 295.00000000 0.00000000 66.00000000
555.00000000 193.00000000 0.00000000 65.00000000
1377.00000000 159.00000000 0.00000000 65.00000000
219.00000000 273.00000000 0.00000000 65.00000000
1494.00000000 868.00000000 2.00000000 65.00000000
828.00000000 41.00000000 1.00000000 64.00000000
1231.00000000 53.00000000 1.00000000 64.00000000
627.00000000 270.00000000 1.00000000 63.00000000
1467.00000000 547.00000000 1.00000000 63.00000000
974.00000000 93.00000000 1.00000000 62.00000000
1490.00000000 439.00000000 1.00000000 62.00000000
629.00000000 584.00000000 1.00000000 62.00000000
630.00000000 584.00000000 2.00000000 62.00000000
1415.00000000 900.00000000 1.00000000 61.00000000
1290.00000000 96.00000000 1.00000000 60.00000000
1377.00000000 287.00000000 1.00000000 59.00000000
1340.00000000 820.00000000 1.00000000 59.00000000
1511.00000000 720.00000000 1.00000000 59.00000000
1339.00000000 544.00000000 1.00000000 58.00000000
1467.00000000 543.00000000 1.00000000 58.00000000
275.00000000 281.00000000 1.00000000 57.00000000
1297.00000000 845.00000000 1.00000000 56.00000000
1489.00000000 439.00000000 1.00000000 55.00000000
275.00000000 319.00000000 1.00000000 55.00000000
275.00000000 337.00000000 1.00000000 55.00000000
275.00000000 300.00000000 1.00000000 54.00000000
275.00000000 394.00000000 1.00000000 54.00000000
973.00000000 93.00000000 1.00000000 53.00000000
1469.00000000 640.00000000 1.00000000 53.00000000
1295.00000000 695.00000000 1.00000000 53.00000000
257.00000000 279.00000000 1.00000000 52.00000000
1468.00000000 745.00000000 1.00000000 52.00000000
275.00000000 356.00000000 1.00000000 52.00000000
628.00000000 583.00000000 1.00000000 50.00000000
1341.00000000 681.00000000 1.00000000 50.00000000
1173.00000000 736.00000000 1.00000000 50.00000000
1237.00000000 715.00000000 1.00000000 50.00000000
276.00000000 507.00000000 1.00000000 50.00000000
162.00000000 305.00000000 1.00000000 50.00000000
1296.00000000 695.00000000 1.00000000 50.00000000
275.00000000 375.00000000 1.00000000 49.00000000
257.00000000 393.00000000 1.00000000 49.00000000
239.00000000 353.00000000 1.00000000 49.00000000
975.00000000 328.00000000 1.00000000 47.00000000
1469.00000000 640.00000000 1.00000000 46.00000000
