1369.00000000 509.00000000 0.00000000 810.00000000
1320.00000000 508.00000000 1.00000000 805.00000000
71.00000000 420.00000000 1.00000000 798.00000000
1320.00000000 507.00000000 0.00000000 753.00000000
1317.00000000 564.00000000 1.00000000 752.00000000
1355.00000000 509.00000000 1.00000000 731.00000000
76.00000000 240.00000000 1.00000000 731.00000000
71.00000000 420.00000000 0.00000000 729.00000000
1370.00000000 510.00000000 1.00000000 697.00000000
1337.00000000 509.00000000 1.00000000 695.00000000
1356.00000000 510.00000000 1.00000000 688.00000000
1318.00000000 564.00000000 1.00000000 676.00000000
31.00000000 419.00000000 1.00000000 674.00000000
1335.00000000 565.00000000 1.00000000 660.00000000
1335.00000000 565.00000000 1.00000000 654.00000000
1367.00000000 568.00000000 1.00000000 646.00000000
1320.00000000 509.00000000 1.00000000 640.00000000
1337.00000000 509.00000000 1.00000000 626.00000000
1366.00000000 567.00000000 0.00000000 616.00000000
1353.00000000 567.00000000 1.00000000 615.00000000
75.00000000 239.00000000 0.00000000 606.00000000
1318.00000000 563.00000000 0.00000000 596.00000000
1355.00000000 509.00000000 0.00000000 596.00000000
31.00000000 417.00000000 0.00000000 581.00000000
74.00000000 240.00000000 1.00000000 581.00000000
1363.00000000 651.00000000 0.00000000 578.00000000
35.00000000 248.00000000 1.00000000 574.00000000
1337.00000000 508.00000000 0.00000000 561.00000000
1382.00000000 206.00000000 2.00000000 558.00000000
1353.00000000 567.00000000 1.00000000 547.00000000
35.00000000 248.00000000 1.00000000 540.00000000
72.00000000 421.00000000 1.00000000 540.00000000
31.00000000 418.00000000 1.00000000 518.00000000
653.00000000 857.00000000 2.00000000 504.00000000
1325.00000000 319.00000000 1.00000000 503.00000000
36.00000000 247.00000000 0.00000000 500.00000000
1313.00000000 644.00000000 0.00000000 498.00000000
1349.00000000 655.00000000 1.00000000 492.00000000
1314.00000000 644.00000000 1.00000000 492.00000000
1383.00000000 206.00000000 2.00000000 488.00000000
55.00000000 244.00000000 1.00000000 483.00000000
1367.00000000 568.00000000 1.00000000 479.00000000
12.00000000 417.00000000 0.00000000 471.00000000
77.00000000 188.00000000 0.00000000 468.00000000
1335.00000000 564.00000000 0.00000000 464.00000000
55.00000000 244.00000000 1.00000000 464.00000000
474.00000000 940.00000000 2.00000000 462.00000000
1370.00000000 510.00000000 1.00000000 456.00000000
1029.00000000 920.00000000 0.00000000 452.00000000
1029.00000000 921.00000000 1.00000000 449.00000000
76.00000000 242.00000000 2.00000000 446.00000000
33.00000000 315.00000000 0.00000000 443.00000000
581.00000000 814.00000000 1.00000000 443.00000000
74.00000000 320.00000000 1.00000000 440.00000000
1383.00000000 206.00000000 1.00000000 440.00000000
1349.00000000 639.00000000 1.00000000 437.00000000
792.00000000 352.00000000 4.00000000 435.00000000
1369.00000000 313.00000000 1.00000000 434.00000000
1368.00000000 315.00000000 1.00000000 434.00000000
34.00000000 316.00000000 1.00000000 431.00000000
1324.00000000 320.00000000 2.00000000 429.00000000
72.00000000 410.00000000 0.00000000 427.00000000
92.00000000 499.00000000 1.00000000 426.00000000
51.00000000 409.00000000 1.00000000 426.00000000
964.00000000 340.00000000 4.00000000 418.00000000
35.00000000 267.00000000 0.00000000 415.00000000
51.00000000 409.00000000 0.00000000 414.00000000
353.00000000 888.00000000 2.00000000 413.00000000
967.00000000 345.00000000 5.00000000 412.00000000
1363.00000000 653.00000000 1.00000000 405.00000000
113.00000000 852.00000000 1.00000000 405.00000000
394.00000000 953.00000000 0.00000000 404.00000000
36.00000000 227.00000000 0.00000000 401.00000000
1364.00000000 640.00000000 1.00000000 400.00000000
230.00000000 700.00000000 1.00000000 399.00000000
92.00000000 499.00000000 0.00000000 392.00000000
73.00000000 319.00000000 0.00000000 392.00000000
955.00000000 901.00000000 0.00000000 392.00000000
190.00000000 859.00000000 1.00000000 391.00000000
1382.00000000 206.00000000 1.00000000 391.00000000
15.00000000 313.00000000 0.00000000 388.00000000
1349.00000000 654.00000000 0.00000000 388.00000000
581.00000000 813.00000000 0.00000000 385.00000000
580.00000000 818.00000000 2.00000000 385.00000000
1352.00000000 567.00000000 0.00000000 383.00000000
652.00000000 860.00000000 2.00000000 382.00000000
1331.00000000 642.00000000 1.00000000 380.00000000
1273.00000000 945.00000000 1.00000000 377.00000000
1272.00000000 959.00000000 1.00000000 376.00000000
354.00000000 888.00000000 2.00000000 375.00000000
395.00000000 910.00000000 0.00000000 373.00000000
36.00000000 250.00000000 2.00000000 373.00000000
1331.00000000 642.00000000 0.00000000 370.00000000
55.00000000 243.00000000 0.00000000 368.00000000
75.00000000 272.00000000 0.00000000 366.00000000
219.00000000 836.00000000 0.00000000 365.00000000
1349.00000000 638.00000000 0.00000000 361.00000000
190.00000000 858.00000000 0.00000000 360.00000000
794.00000000 347.00000000 2.00000000 359.00000000
1368.00000000 311.00000000 0.00000000 357.00000000
73.00000000 360.00000000 0.00000000 354.00000000
982.00000000 909.00000000 0.00000000 350.00000000
1364.00000000 639.00000000 0.00000000 349.00000000
1325.00000000 337.00000000 0.00000000 348.00000000
881.00000000 881.00000000 0.00000000 347.00000000
31.00000000 408.00000000 0.00000000 345.00000000
33.00000000 357.00000000 0.00000000 344.00000000
1369.00000000 333.00000000 0.00000000 342.00000000
36.00000000 180.00000000 0.00000000 339.00000000
437.00000000 906.00000000 0.00000000 335.00000000
16.00000000 264.00000000 0.00000000 334.00000000
113.00000000 851.00000000 0.00000000 334.00000000
175.00000000 688.00000000 0.00000000 333.00000000
1325.00000000 316.00000000 0.00000000 325.00000000
36.00000000 220.00000000 0.00000000 325.00000000
53.00000000 310.00000000 0.00000000 325.00000000
28.00000000 455.00000000 0.00000000 325.00000000
1382.00000000 205.00000000 0.00000000 321.00000000
1099.00000000 940.00000000 0.00000000 316.00000000
14.00000000 356.00000000 0.00000000 312.00000000
98.00000000 192.00000000 0.00000000 312.00000000
17.00000000 219.00000000 0.00000000 311.00000000
919.00000000 890.00000000 0.00000000 309.00000000
1303.00000000 506.00000000 0.00000000 308.00000000
230.00000000 699.00000000 0.00000000 307.00000000
419.00000000 528.00000000 0.00000000 307.00000000
70.00000000 505.00000000 0.00000000 303.00000000
