86.00000000 958.00000000 0.00000000 554.00000000
791.00000000 893.00000000 2.00000000 524.00000000
792.00000000 896.00000000 4.00000000 520.00000000
1250.00000000 895.00000000 0.00000000 515.00000000
960.00000000 348.00000000 4.00000000 505.00000000
18.00000000 770.00000000 1.00000000 489.00000000
120.00000000 780.00000000 2.00000000 483.00000000
1250.00000000 897.00000000 1.00000000 481.00000000
170.00000000 783.00000000 1.00000000 474.00000000
956.00000000 350.00000000 5.00000000 471.00000000
294.00000000 794.00000000 0.00000000 460.00000000
1082.00000000 881.00000000 0.00000000 455.00000000
323.00000000 806.00000000 0.00000000 451.00000000
792.00000000 896.00000000 2.00000000 451.00000000
1082.00000000 882.00000000 1.00000000 443.00000000
1167.00000000 888.00000000 0.00000000 436.00000000
19.00000000 770.00000000 0.00000000 432.00000000
120.00000000 777.00000000 1.00000000 432.00000000
168.00000000 784.00000000 1.00000000 419.00000000
313.00000000 803.00000000 1.00000000 417.00000000
435.00000000 552.00000000 1.00000000 411.00000000
791.00000000 895.00000000 1.00000000 394.00000000
294.00000000 801.00000000 0.00000000 384.00000000
16.00000000 758.00000000 0.00000000 384.00000000
323.00000000 806.00000000 1.00000000 377.00000000
435.00000000 552.00000000 1.00000000 377.00000000
170.00000000 782.00000000 0.00000000 374.00000000
121.00000000 777.00000000 1.00000000 372.00000000
1197.00000000 892.00000000 0.00000000 371.00000000
144.00000000 784.00000000 2.00000000 369.00000000
377.00000000 809.00000000 1.00000000 363.00000000
958.00000000 345.00000000 2.00000000 362.00000000
87.00000000 959.00000000 1.00000000 359.00000000
792.00000000 896.00000000 1.00000000 352.00000000
312.00000000 804.00000000 1.00000000 352.00000000
377.00000000 808.00000000 0.00000000 347.00000000
690.00000000 862.00000000 2.00000000 347.00000000
145.00000000 782.00000000 1.00000000 346.00000000
168.00000000 786.00000000 2.00000000 343.00000000
690.00000000 862.00000000 2.00000000 339.00000000
1288.00000000 914.00000000 1.00000000 339.00000000
232.00000000 788.00000000 1.00000000 339.00000000
337.00000000 803.00000000 0.00000000 336.00000000
97.00000000 780.00000000 1.00000000 333.00000000
283.00000000 708.00000000 1.00000000 331.00000000
231.00000000 787.00000000 0.00000000 327.00000000
75.00000000 766.00000000 1.00000000 326.00000000
619.00000000 404.00000000 2.00000000 325.00000000
213.00000000 786.00000000 0.00000000 325.00000000
313.00000000 801.00000000 0.00000000 325.00000000
1288.00000000 916.00000000 2.00000000 323.00000000
690.00000000 858.00000000 1.00000000 322.00000000
294.00000000 803.00000000 1.00000000 319.00000000
94.00000000 456.00000000 2.00000000 317.00000000
1198.00000000 893.00000000 1.00000000 315.00000000
691.00000000 857.00000000 1.00000000 314.00000000
830.00000000 688.00000000 2.00000000 314.00000000
359.00000000 810.00000000 1.00000000 308.00000000
94.00000000 453.00000000 1.00000000 306.00000000
1323.00000000 904.00000000 0.00000000 305.00000000
146.00000000 780.00000000 1.00000000 305.00000000
221.00000000 787.00000000 0.00000000 303.00000000
282.00000000 708.00000000 1.00000000 302.00000000
17.00000000 759.00000000 1.00000000 300.00000000
1213.00000000 895.00000000 1.00000000 300.00000000
97.00000000 779.00000000 0.00000000 300.00000000
276.00000000 792.00000000 0.00000000 294.00000000
434.00000000 552.00000000 0.00000000 294.00000000
45.00000000 367.00000000 1.00000000 291.00000000
360.00000000 808.00000000 1.00000000 284.00000000
243.00000000 627.00000000 0.00000000 282.00000000
691.00000000 857.00000000 0.00000000 276.00000000
415.00000000 592.00000000 1.00000000 276.00000000
121.00000000 775.00000000 0.00000000 275.00000000
831.00000000 687.00000000 1.00000000 274.00000000
1324.00000000 905.00000000 1.00000000 274.00000000
1329.00000000 917.00000000 1.00000000 273.00000000
312.00000000 968.00000000 0.00000000 273.00000000
1356.00000000 906.00000000 0.00000000 271.00000000
294.00000000 793.00000000 1.00000000 269.00000000
292.00000000 804.00000000 1.00000000 267.00000000
243.00000000 628.00000000 1.00000000 264.00000000
147.00000000 779.00000000 0.00000000 264.00000000
75.00000000 765.00000000 0.00000000 260.00000000
276.00000000 793.00000000 1.00000000 259.00000000
212.00000000 787.00000000 1.00000000 259.00000000
246.00000000 650.00000000 1.00000000 251.00000000
224.00000000 797.00000000 0.00000000 248.00000000
70.00000000 494.00000000 1.00000000 248.00000000
416.00000000 592.00000000 1.00000000 243.00000000
46.00000000 367.00000000 1.00000000 241.00000000
359.00000000 806.00000000 0.00000000 240.00000000
247.00000000 789.00000000 0.00000000 238.00000000
1356.00000000 907.00000000 1.00000000 238.00000000
97.00000000 771.00000000 0.00000000 235.00000000
792.00000000 895.00000000 0.00000000 229.00000000
283.00000000 707.00000000 0.00000000 229.00000000
1214.00000000 894.00000000 0.00000000 229.00000000
1341.00000000 905.00000000 0.00000000 228.00000000
93.00000000 952.00000000 0.00000000 223.00000000
1308.00000000 902.00000000 0.00000000 207.00000000
246.00000000 649.00000000 0.00000000 203.00000000
184.00000000 783.00000000 0.00000000 203.00000000
205.00000000 948.00000000 0.00000000 197.00000000
160.00000000 813.00000000 0.00000000 196.00000000
808.00000000 13.00000000 0.00000000 194.00000000
761.00000000 821.00000000 0.00000000 186.00000000
407.00000000 610.00000000 0.00000000 179.00000000
325.00000000 504.00000000 0.00000000 179.00000000
16.00000000 954.00000000 0.00000000 175.00000000
149.00000000 962.00000000 0.00000000 175.00000000
1161.00000000 893.00000000 0.00000000 169.00000000
337.00000000 796.00000000 0.00000000 167.00000000
1134.00000000 890.00000000 0.00000000 167.00000000
1126.00000000 883.00000000 0.00000000 165.00000000
83.00000000 770.00000000 0.00000000 165.00000000
366.00000000 817.00000000 0.00000000 164.00000000
1082.00000000 872.00000000 0.00000000 159.00000000
444.00000000 806.00000000 0.00000000 156.00000000
354.00000000 849.00000000 0.00000000 155.00000000
787.00000000 875.00000000 0.00000000 154.00000000
740.00000000 523.00000000 0.00000000 153.00000000
1172.00000000 881.00000000 0.00000000 153.00000000
41.00000000 765.00000000 0.00000000 152.00000000
1290.00000000 900.00000000 0.00000000 152.00000000
415.00000000 592.00000000 0.00000000 150.00000000
1047.00000000 876.00000000 0.00000000 149.00000000
