1514.00000000 108.00000000 1.00000000 254.00000000
1514.00000000 108.00000000 1.00000000 181.00000000
1523.00000000 793.00000000 0.00000000 166.00000000
1453.00000000 882.00000000 5.00000000 136.00000000
1324.00000000 296.00000000 4.00000000 120.00000000
1452.00000000 880.00000000 4.00000000 114.00000000
659.00000000 573.00000000 1.00000000 108.00000000
1324.00000000 292.00000000 2.00000000 104.00000000
1323.00000000 294.00000000 2.00000000 99.00000000
659.00000000 571.00000000 0.00000000 93.00000000
1514.00000000 107.00000000 0.00000000 93.00000000
1272.00000000 547.00000000 1.00000000 91.00000000
659.00000000 576.00000000 1.00000000 90.00000000
1453.00000000 876.00000000 2.00000000 90.00000000
658.00000000 833.00000000 1.00000000 89.00000000
657.00000000 834.00000000 1.00000000 86.00000000
1459.00000000 449.00000000 2.00000000 86.00000000
1274.00000000 546.00000000 2.00000000 84.00000000
1212.00000000 847.00000000 0.00000000 84.00000000
660.00000000 580.00000000 2.00000000 78.00000000
1323.00000000 291.00000000 1.00000000 78.00000000
1357.00000000 903.00000000 1.00000000 78.00000000
1221.00000000 97.00000000 0.00000000 78.00000000
1267.00000000 823.00000000 0.00000000 77.00000000
1429.00000000 647.00000000 0.00000000 76.00000000
1272.00000000 545.00000000 2.00000000 76.00000000
1459.00000000 445.00000000 1.00000000 74.00000000
1065.00000000 558.00000000 0.00000000 73.00000000
1460.00000000 448.00000000 2.00000000 72.00000000
1430.00000000 556.00000000 2.00000000 72.00000000
657.00000000 832.00000000 0.00000000 71.00000000
658.00000000 836.00000000 2.00000000 70.00000000
1063.00000000 735.00000000 0.00000000 70.00000000
1356.00000000 902.00000000 0.00000000 69.00000000
1357.00000000 906.00000000 1.00000000 68.00000000
1150.00000000 55.00000000 0.00000000 67.00000000
463.00000000 458.00000000 0.00000000 66.00000000
1429.00000000 647.00000000 1.00000000 66.00000000
837.00000000 103.00000000 0.00000000 65.00000000
1064.00000000 735.00000000 1.00000000 65.00000000
1272.00000000 547.00000000 1.00000000 65.00000000
430.00000000 265.00000000 1.00000000 64.00000000
1459.00000000 445.00000000 1.00000000 64.00000000
463.00000000 444.00000000 0.00000000 63.00000000
1431.00000000 552.00000000 1.00000000 63.00000000
1064.00000000 736.00000000 1.00000000 62.00000000
463.00000000 416.00000000 0.00000000 61.00000000
488.00000000 308.00000000 0.00000000 61.00000000
463.00000000 472.00000000 0.00000000 61.00000000
499.00000000 310.00000000 0.00000000 60.00000000
475.00000000 431.00000000 0.00000000 60.00000000
1267.00000000 823.00000000 1.00000000 60.00000000
1479.00000000 727.00000000 0.00000000 60.00000000
1358.00000000 910.00000000 2.00000000 60.00000000
1429.00000000 547.00000000 0.00000000 59.00000000
464.00000000 374.00000000 0.00000000 59.00000000
487.00000000 404.00000000 0.00000000 59.00000000
1511.00000000 184.00000000 0.00000000 59.00000000
1270.00000000 684.00000000 0.00000000 59.00000000
465.00000000 318.00000000 0.00000000 59.00000000
1150.00000000 54.00000000 1.00000000 58.00000000
965.00000000 357.00000000 0.00000000 58.00000000
487.00000000 376.00000000 0.00000000 58.00000000
499.00000000 337.00000000 0.00000000 58.00000000
488.00000000 322.00000000 0.00000000 57.00000000
476.00000000 334.00000000 0.00000000 57.00000000
1429.00000000 647.00000000 1.00000000 57.00000000
487.00000000 363.00000000 0.00000000 57.00000000
522.00000000 313.00000000 0.00000000 57.00000000
1222.00000000 97.00000000 1.00000000 57.00000000
464.00000000 388.00000000 0.00000000 57.00000000
1430.00000000 549.00000000 1.00000000 57.00000000
1069.00000000 195.00000000 0.00000000 56.00000000
842.00000000 94.00000000 2.00000000 56.00000000
464.00000000 430.00000000 0.00000000 56.00000000
475.00000000 417.00000000 0.00000000 56.00000000
1323.00000000 290.00000000 1.00000000 56.00000000
1323.00000000 289.00000000 0.00000000 56.00000000
840.00000000 94.00000000 1.00000000 56.00000000
1480.00000000 728.00000000 1.00000000 55.00000000
499.00000000 391.00000000 0.00000000 55.00000000
1272.00000000 546.00000000 0.00000000 55.00000000
465.00000000 347.00000000 0.00000000 55.00000000
476.00000000 362.00000000 0.00000000 55.00000000
465.00000000 305.00000000 0.00000000 54.00000000
463.00000000 528.00000000 0.00000000 54.00000000
487.00000000 391.00000000 0.00000000 54.00000000
510.00000000 366.00000000 0.00000000 54.00000000
1069.00000000 369.00000000 1.00000000 54.00000000
499.00000000 323.00000000 0.00000000 54.00000000
487.00000000 446.00000000 0.00000000 53.00000000
1216.00000000 698.00000000 1.00000000 53.00000000
463.00000000 486.00000000 0.00000000 53.00000000
476.00000000 389.00000000 0.00000000 53.00000000
465.00000000 333.00000000 0.00000000 53.00000000
487.00000000 432.00000000 0.00000000 53.00000000
487.00000000 473.00000000 0.00000000 52.00000000
463.00000000 514.00000000 0.00000000 52.00000000
1272.00000000 552.00000000 0.00000000 52.00000000
597.00000000 144.00000000 0.00000000 52.00000000
464.00000000 403.00000000 0.00000000 52.00000000
1327.00000000 33.00000000 0.00000000 52.00000000
543.00000000 316.00000000 0.00000000 52.00000000
618.00000000 87.00000000 0.00000000 52.00000000
475.00000000 487.00000000 0.00000000 52.00000000
957.00000000 966.00000000 0.00000000 52.00000000
546.00000000 156.00000000 0.00000000 52.00000000
427.00000000 572.00000000 1.00000000 51.00000000
1066.00000000 561.00000000 1.00000000 51.00000000
1213.00000000 847.00000000 1.00000000 51.00000000
1216.00000000 550.00000000 1.00000000 51.00000000
834.00000000 328.00000000 1.00000000 50.00000000
1271.00000000 685.00000000 1.00000000 50.00000000
965.00000000 360.00000000 1.00000000 49.00000000
1512.00000000 184.00000000 1.00000000 47.00000000
1271.00000000 685.00000000 1.00000000 46.00000000
1070.00000000 197.00000000 1.00000000 46.00000000
667.00000000 41.00000000 1.00000000 46.00000000
838.00000000 95.00000000 1.00000000 45.00000000
1328.00000000 32.00000000 1.00000000 45.00000000
1214.00000000 698.00000000 1.00000000 45.00000000
1216.00000000 548.00000000 1.00000000 45.00000000
837.00000000 107.00000000 1.00000000 45.00000000
427.00000000 573.00000000 1.00000000 43.00000000
1219.00000000 247.00000000 1.00000000 42.00000000
957.00000000 969.00000000 1.00000000 42.00000000
1144.00000000 878.00000000 1.00000000 42.00000000
