106.00000000 446.00000000 1.00000000 807.00000000
128.00000000 276.00000000 1.00000000 773.00000000
1282.00000000 504.00000000 1.00000000 766.00000000
127.00000000 447.00000000 1.00000000 753.00000000
107.00000000 280.00000000 1.00000000 752.00000000
1298.00000000 505.00000000 1.00000000 737.00000000
1384.00000000 507.00000000 1.00000000 732.00000000
1297.00000000 559.00000000 1.00000000 727.00000000
1384.00000000 506.00000000 1.00000000 703.00000000
1281.00000000 557.00000000 1.00000000 686.00000000
1298.00000000 504.00000000 0.00000000 682.00000000
127.00000000 277.00000000 1.00000000 678.00000000
1365.00000000 506.00000000 1.00000000 662.00000000
1298.00000000 504.00000000 1.00000000 648.00000000
1281.00000000 503.00000000 0.00000000 644.00000000
107.00000000 281.00000000 1.00000000 640.00000000
1383.00000000 565.00000000 1.00000000 629.00000000
1298.00000000 560.00000000 1.00000000 629.00000000
1383.00000000 564.00000000 1.00000000 626.00000000
1281.00000000 558.00000000 1.00000000 625.00000000
106.00000000 445.00000000 0.00000000 612.00000000
106.00000000 446.00000000 1.00000000 610.00000000
106.00000000 524.00000000 1.00000000 603.00000000
1266.00000000 504.00000000 1.00000000 599.00000000
68.00000000 287.00000000 1.00000000 592.00000000
127.00000000 446.00000000 0.00000000 591.00000000
1266.00000000 503.00000000 0.00000000 583.00000000
1297.00000000 558.00000000 0.00000000 580.00000000
127.00000000 350.00000000 1.00000000 578.00000000
1365.00000000 505.00000000 0.00000000 577.00000000
1282.00000000 504.00000000 1.00000000 576.00000000
127.00000000 275.00000000 0.00000000 574.00000000
1304.00000000 220.00000000 2.00000000 573.00000000
1366.00000000 506.00000000 1.00000000 560.00000000
50.00000000 244.00000000 1.00000000 559.00000000
107.00000000 279.00000000 0.00000000 558.00000000
67.00000000 288.00000000 1.00000000 543.00000000
67.00000000 445.00000000 1.00000000 538.00000000
51.00000000 244.00000000 1.00000000 531.00000000
1281.00000000 557.00000000 0.00000000 530.00000000
1249.00000000 591.00000000 1.00000000 530.00000000
127.00000000 448.00000000 1.00000000 529.00000000
1302.00000000 319.00000000 1.00000000 528.00000000
1384.00000000 506.00000000 0.00000000 522.00000000
1264.00000000 641.00000000 1.00000000 512.00000000
66.00000000 444.00000000 0.00000000 510.00000000
1303.00000000 220.00000000 2.00000000 510.00000000
494.00000000 940.00000000 2.00000000 500.00000000
1303.00000000 219.00000000 1.00000000 496.00000000
1366.00000000 564.00000000 1.00000000 489.00000000
1249.00000000 591.00000000 0.00000000 488.00000000
106.00000000 523.00000000 0.00000000 482.00000000
695.00000000 814.00000000 2.00000000 481.00000000
128.00000000 278.00000000 2.00000000 475.00000000
1365.00000000 563.00000000 1.00000000 473.00000000
128.00000000 224.00000000 0.00000000 471.00000000
127.00000000 350.00000000 0.00000000 465.00000000
1026.00000000 850.00000000 0.00000000 462.00000000
253.00000000 847.00000000 1.00000000 459.00000000
150.00000000 564.00000000 1.00000000 456.00000000
67.00000000 286.00000000 0.00000000 451.00000000
495.00000000 958.00000000 0.00000000 448.00000000
127.00000000 525.00000000 1.00000000 445.00000000
253.00000000 846.00000000 0.00000000 442.00000000
88.00000000 263.00000000 0.00000000 441.00000000
1279.00000000 641.00000000 1.00000000 438.00000000
50.00000000 246.00000000 2.00000000 437.00000000
1296.00000000 635.00000000 0.00000000 435.00000000
87.00000000 282.00000000 0.00000000 433.00000000
106.00000000 282.00000000 2.00000000 431.00000000
107.00000000 221.00000000 0.00000000 428.00000000
1383.00000000 563.00000000 0.00000000 427.00000000
960.00000000 360.00000000 4.00000000 426.00000000
1384.00000000 566.00000000 2.00000000 421.00000000
1304.00000000 320.00000000 2.00000000 420.00000000
28.00000000 811.00000000 1.00000000 420.00000000
495.00000000 959.00000000 1.00000000 414.00000000
312.00000000 837.00000000 0.00000000 413.00000000
1230.00000000 872.00000000 1.00000000 412.00000000
1302.00000000 319.00000000 1.00000000 411.00000000
808.00000000 372.00000000 4.00000000 410.00000000
85.00000000 217.00000000 0.00000000 410.00000000
292.00000000 696.00000000 1.00000000 409.00000000
51.00000000 243.00000000 0.00000000 409.00000000
694.00000000 818.00000000 2.00000000 402.00000000
149.00000000 596.00000000 1.00000000 400.00000000
379.00000000 892.00000000 0.00000000 399.00000000
958.00000000 356.00000000 2.00000000 398.00000000
1364.00000000 562.00000000 0.00000000 397.00000000
460.00000000 564.00000000 1.00000000 395.00000000
127.00000000 524.00000000 0.00000000 392.00000000
695.00000000 819.00000000 1.00000000 389.00000000
106.00000000 388.00000000 0.00000000 388.00000000
149.00000000 596.00000000 0.00000000 387.00000000
1279.00000000 641.00000000 0.00000000 386.00000000
86.00000000 300.00000000 0.00000000 380.00000000
1364.00000000 633.00000000 0.00000000 378.00000000
492.00000000 939.00000000 2.00000000 378.00000000
86.00000000 523.00000000 0.00000000 378.00000000
472.00000000 533.00000000 0.00000000 369.00000000
1263.00000000 641.00000000 0.00000000 365.00000000
67.00000000 345.00000000 0.00000000 364.00000000
961.00000000 362.00000000 5.00000000 363.00000000
415.00000000 905.00000000 0.00000000 360.00000000
106.00000000 436.00000000 0.00000000 350.00000000
86.00000000 387.00000000 0.00000000 349.00000000
1303.00000000 217.00000000 0.00000000 349.00000000
898.00000000 825.00000000 0.00000000 348.00000000
531.00000000 954.00000000 0.00000000 347.00000000
86.00000000 436.00000000 0.00000000 344.00000000
1302.00000000 317.00000000 0.00000000 343.00000000
628.00000000 781.00000000 0.00000000 339.00000000
65.00000000 213.00000000 0.00000000 337.00000000
453.00000000 919.00000000 0.00000000 333.00000000
107.00000000 302.00000000 0.00000000 333.00000000
68.00000000 260.00000000 0.00000000 332.00000000
127.00000000 389.00000000 0.00000000 330.00000000
1303.00000000 337.00000000 0.00000000 330.00000000
127.00000000 305.00000000 0.00000000 329.00000000
28.00000000 207.00000000 0.00000000 328.00000000
200.00000000 860.00000000 0.00000000 327.00000000
238.00000000 688.00000000 0.00000000 327.00000000
67.00000000 386.00000000 0.00000000 323.00000000
342.00000000 160.00000000 0.00000000 322.00000000
106.00000000 630.00000000 0.00000000 322.00000000
282.00000000 832.00000000 0.00000000 320.00000000
1230.00000000 871.00000000 0.00000000 318.00000000
