1519.00000000 603.00000000 0.00000000 577.00000000
1519.00000000 630.00000000 1.00000000 454.00000000
1519.00000000 630.00000000 0.00000000 450.00000000
1519.00000000 614.00000000 1.00000000 432.00000000
1519.00000000 613.00000000 0.00000000 389.00000000
1519.00000000 603.00000000 1.00000000 381.00000000
1519.00000000 636.00000000 0.00000000 302.00000000
1493.00000000 118.00000000 2.00000000 228.00000000
1515.00000000 803.00000000 1.00000000 212.00000000
1515.00000000 802.00000000 0.00000000 191.00000000
1496.00000000 116.00000000 2.00000000 176.00000000
1514.00000000 804.00000000 1.00000000 166.00000000
1255.00000000 311.00000000 5.00000000 157.00000000
1496.00000000 113.00000000 1.00000000 144.00000000
1256.00000000 308.00000000 4.00000000 140.00000000
1255.00000000 302.00000000 2.00000000 129.00000000
1495.00000000 112.00000000 1.00000000 125.00000000
1519.00000000 301.00000000 1.00000000 124.00000000
1256.00000000 302.00000000 2.00000000 117.00000000
1518.00000000 301.00000000 0.00000000 104.00000000
1519.00000000 649.00000000 0.00000000 100.00000000
1392.00000000 244.00000000 4.00000000 100.00000000
485.00000000 575.00000000 1.00000000 97.00000000
485.00000000 578.00000000 1.00000000 94.00000000
1394.00000000 243.00000000 2.00000000 94.00000000
1257.00000000 299.00000000 1.00000000 91.00000000
484.00000000 817.00000000 1.00000000 85.00000000
485.00000000 573.00000000 0.00000000 84.00000000
1197.00000000 551.00000000 1.00000000 84.00000000
1520.00000000 209.00000000 1.00000000 82.00000000
1430.00000000 454.00000000 2.00000000 81.00000000
1304.00000000 908.00000000 1.00000000 80.00000000
1303.00000000 910.00000000 1.00000000 79.00000000
1394.00000000 568.00000000 2.00000000 79.00000000
1198.00000000 552.00000000 2.00000000 79.00000000
1396.00000000 240.00000000 2.00000000 78.00000000
484.00000000 582.00000000 2.00000000 78.00000000
1524.00000000 37.00000000 0.00000000 77.00000000
1429.00000000 452.00000000 1.00000000 77.00000000
1125.00000000 847.00000000 0.00000000 77.00000000
1126.00000000 700.00000000 0.00000000 77.00000000
1394.00000000 562.00000000 2.00000000 76.00000000
1304.00000000 914.00000000 2.00000000 75.00000000
485.00000000 817.00000000 1.00000000 74.00000000
484.00000000 816.00000000 0.00000000 74.00000000
1129.00000000 265.00000000 0.00000000 74.00000000
945.00000000 733.00000000 0.00000000 73.00000000
1196.00000000 557.00000000 0.00000000 73.00000000
1494.00000000 111.00000000 0.00000000 73.00000000
1393.00000000 555.00000000 1.00000000 71.00000000
948.00000000 210.00000000 0.00000000 71.00000000
1393.00000000 552.00000000 0.00000000 71.00000000
1197.00000000 551.00000000 1.00000000 70.00000000
1130.00000000 111.00000000 0.00000000 70.00000000
1514.00000000 895.00000000 1.00000000 70.00000000
1196.00000000 551.00000000 0.00000000 69.00000000
946.00000000 562.00000000 0.00000000 68.00000000
1393.00000000 652.00000000 0.00000000 68.00000000
1520.00000000 208.00000000 0.00000000 68.00000000
823.00000000 954.00000000 0.00000000 67.00000000
1517.00000000 427.00000000 1.00000000 67.00000000
1520.00000000 648.00000000 1.00000000 66.00000000
1394.00000000 558.00000000 1.00000000 66.00000000
1516.00000000 658.00000000 1.00000000 66.00000000
945.00000000 734.00000000 1.00000000 65.00000000
1429.00000000 451.00000000 1.00000000 64.00000000
1304.00000000 907.00000000 0.00000000 63.00000000
1195.00000000 688.00000000 0.00000000 63.00000000
1127.00000000 701.00000000 1.00000000 62.00000000
680.00000000 132.00000000 0.00000000 62.00000000
823.00000000 957.00000000 1.00000000 61.00000000
1395.00000000 239.00000000 1.00000000 60.00000000
949.00000000 214.00000000 1.00000000 60.00000000
1129.00000000 258.00000000 1.00000000 60.00000000
677.00000000 343.00000000 0.00000000 59.00000000
1042.00000000 875.00000000 0.00000000 59.00000000
1390.00000000 861.00000000 0.00000000 58.00000000
1393.00000000 653.00000000 1.00000000 58.00000000
1257.00000000 299.00000000 1.00000000 58.00000000
827.00000000 369.00000000 0.00000000 58.00000000
1517.00000000 427.00000000 0.00000000 57.00000000
1042.00000000 875.00000000 1.00000000 57.00000000
1126.00000000 701.00000000 1.00000000 56.00000000
1496.00000000 100.00000000 0.00000000 56.00000000
946.00000000 735.00000000 1.00000000 55.00000000
1197.00000000 560.00000000 1.00000000 55.00000000
674.00000000 782.00000000 0.00000000 55.00000000
948.00000000 379.00000000 1.00000000 55.00000000
567.00000000 748.00000000 0.00000000 55.00000000
677.00000000 344.00000000 1.00000000 55.00000000
678.00000000 343.00000000 1.00000000 55.00000000
1517.00000000 290.00000000 1.00000000 54.00000000
1131.00000000 112.00000000 1.00000000 54.00000000
947.00000000 557.00000000 1.00000000 54.00000000
1514.00000000 898.00000000 1.00000000 54.00000000
1128.00000000 554.00000000 1.00000000 53.00000000
681.00000000 135.00000000 1.00000000 52.00000000
567.00000000 758.00000000 0.00000000 52.00000000
1197.00000000 421.00000000 0.00000000 52.00000000
541.00000000 643.00000000 0.00000000 51.00000000
1353.00000000 659.00000000 0.00000000 51.00000000
1392.00000000 754.00000000 0.00000000 51.00000000
1306.00000000 785.00000000 0.00000000 51.00000000
1524.00000000 50.00000000 0.00000000 50.00000000
948.00000000 379.00000000 0.00000000 50.00000000
1257.00000000 298.00000000 0.00000000 50.00000000
484.00000000 799.00000000 0.00000000 50.00000000
484.00000000 799.00000000 1.00000000 50.00000000
950.00000000 37.00000000 0.00000000 50.00000000
567.00000000 769.00000000 0.00000000 50.00000000
1129.00000000 258.00000000 0.00000000 49.00000000
1354.00000000 438.00000000 0.00000000 49.00000000
1493.00000000 188.00000000 0.00000000 48.00000000
1127.00000000 552.00000000 0.00000000 48.00000000
1129.00000000 120.00000000 0.00000000 48.00000000
568.00000000 641.00000000 0.00000000 48.00000000
541.00000000 632.00000000 0.00000000 47.00000000
532.00000000 763.00000000 0.00000000 47.00000000
532.00000000 644.00000000 0.00000000 46.00000000
567.00000000 684.00000000 0.00000000 46.00000000
602.00000000 691.00000000 0.00000000 46.00000000
523.00000000 677.00000000 0.00000000 46.00000000
1125.00000000 766.00000000 0.00000000 45.00000000
602.00000000 670.00000000 0.00000000 45.00000000
532.00000000 731.00000000 0.00000000 45.00000000
1043.00000000 721.00000000 0.00000000 45.00000000
1429.00000000 449.00000000 0.00000000 45.00000000
