791.00000000 684.00000000 2.00000000 662.00000000
792.00000000 684.00000000 4.00000000 652.00000000
599.00000000 429.00000000 0.00000000 590.00000000
274.00000000 440.00000000 1.00000000 574.00000000
562.00000000 555.00000000 1.00000000 567.00000000
849.00000000 644.00000000 0.00000000 518.00000000
798.00000000 745.00000000 1.00000000 518.00000000
792.00000000 680.00000000 2.00000000 516.00000000
561.00000000 555.00000000 1.00000000 511.00000000
666.00000000 325.00000000 0.00000000 509.00000000
289.00000000 538.00000000 0.00000000 508.00000000
272.00000000 439.00000000 1.00000000 497.00000000
786.00000000 684.00000000 5.00000000 494.00000000
765.00000000 557.00000000 0.00000000 488.00000000
653.00000000 697.00000000 0.00000000 486.00000000
562.00000000 555.00000000 0.00000000 486.00000000
683.00000000 552.00000000 0.00000000 479.00000000
327.00000000 350.00000000 0.00000000 466.00000000
289.00000000 539.00000000 1.00000000 460.00000000
798.00000000 745.00000000 0.00000000 459.00000000
782.00000000 637.00000000 0.00000000 458.00000000
766.00000000 559.00000000 1.00000000 453.00000000
702.00000000 630.00000000 0.00000000 452.00000000
673.00000000 401.00000000 0.00000000 451.00000000
666.00000000 315.00000000 1.00000000 450.00000000
509.00000000 557.00000000 1.00000000 450.00000000
615.00000000 683.00000000 0.00000000 448.00000000
562.00000000 556.00000000 2.00000000 446.00000000
598.00000000 403.00000000 0.00000000 444.00000000
600.00000000 430.00000000 1.00000000 443.00000000
224.00000000 472.00000000 4.00000000 440.00000000
509.00000000 556.00000000 0.00000000 440.00000000
849.00000000 646.00000000 1.00000000 439.00000000
354.00000000 620.00000000 0.00000000 439.00000000
801.00000000 333.00000000 0.00000000 438.00000000
791.00000000 676.00000000 1.00000000 437.00000000
666.00000000 315.00000000 0.00000000 435.00000000
274.00000000 439.00000000 0.00000000 432.00000000
790.00000000 677.00000000 1.00000000 430.00000000
568.00000000 582.00000000 2.00000000 429.00000000
173.00000000 534.00000000 1.00000000 427.00000000
674.00000000 403.00000000 1.00000000 424.00000000
801.00000000 316.00000000 0.00000000 422.00000000
707.00000000 750.00000000 0.00000000 416.00000000
654.00000000 550.00000000 0.00000000 410.00000000
253.00000000 347.00000000 0.00000000 410.00000000
162.00000000 442.00000000 1.00000000 396.00000000
667.00000000 327.00000000 1.00000000 387.00000000
702.00000000 643.00000000 0.00000000 386.00000000
968.00000000 393.00000000 0.00000000 385.00000000
802.00000000 335.00000000 1.00000000 380.00000000
875.00000000 742.00000000 0.00000000 380.00000000
172.00000000 533.00000000 1.00000000 379.00000000
684.00000000 553.00000000 1.00000000 379.00000000
791.00000000 675.00000000 0.00000000 377.00000000
734.00000000 570.00000000 2.00000000 369.00000000
173.00000000 534.00000000 0.00000000 367.00000000
801.00000000 318.00000000 1.00000000 366.00000000
713.00000000 666.00000000 0.00000000 361.00000000
782.00000000 639.00000000 1.00000000 361.00000000
523.00000000 582.00000000 2.00000000 360.00000000
661.00000000 311.00000000 2.00000000 358.00000000
572.00000000 670.00000000 0.00000000 355.00000000
553.00000000 565.00000000 0.00000000 352.00000000
552.00000000 545.00000000 0.00000000 351.00000000
830.00000000 396.00000000 0.00000000 350.00000000
801.00000000 319.00000000 1.00000000 346.00000000
743.00000000 398.00000000 0.00000000 345.00000000
272.00000000 440.00000000 2.00000000 343.00000000
162.00000000 441.00000000 0.00000000 339.00000000
875.00000000 742.00000000 1.00000000 339.00000000
568.00000000 580.00000000 2.00000000 338.00000000
258.00000000 519.00000000 1.00000000 337.00000000
334.00000000 596.00000000 0.00000000 337.00000000
287.00000000 526.00000000 0.00000000 336.00000000
272.00000000 379.00000000 0.00000000 331.00000000
179.00000000 526.00000000 0.00000000 329.00000000
688.00000000 642.00000000 0.00000000 329.00000000
797.00000000 745.00000000 1.00000000 327.00000000
599.00000000 404.00000000 1.00000000 326.00000000
626.00000000 564.00000000 0.00000000 326.00000000
703.00000000 631.00000000 1.00000000 325.00000000
874.00000000 589.00000000 0.00000000 325.00000000
969.00000000 393.00000000 1.00000000 324.00000000
664.00000000 312.00000000 2.00000000 323.00000000
830.00000000 422.00000000 0.00000000 322.00000000
732.00000000 571.00000000 1.00000000 321.00000000
258.00000000 518.00000000 2.00000000 321.00000000
784.00000000 769.00000000 0.00000000 320.00000000
221.00000000 363.00000000 1.00000000 318.00000000
794.00000000 726.00000000 0.00000000 314.00000000
1051.00000000 445.00000000 1.00000000 313.00000000
875.00000000 589.00000000 1.00000000 313.00000000
221.00000000 362.00000000 0.00000000 313.00000000
624.00000000 332.00000000 1.00000000 311.00000000
162.00000000 442.00000000 1.00000000 310.00000000
653.00000000 697.00000000 1.00000000 308.00000000
1050.00000000 453.00000000 0.00000000 308.00000000
328.00000000 350.00000000 1.00000000 307.00000000
594.00000000 388.00000000 2.00000000 303.00000000
95.00000000 530.00000000 1.00000000 302.00000000
831.00000000 421.00000000 1.00000000 300.00000000
299.00000000 561.00000000 1.00000000 299.00000000
354.00000000 597.00000000 0.00000000 297.00000000
899.00000000 419.00000000 1.00000000 297.00000000
259.00000000 518.00000000 1.00000000 294.00000000
121.00000000 549.00000000 0.00000000 294.00000000
797.00000000 558.00000000 0.00000000 291.00000000
282.00000000 493.00000000 0.00000000 291.00000000
849.00000000 647.00000000 1.00000000 288.00000000
625.00000000 549.00000000 0.00000000 287.00000000
794.00000000 304.00000000 1.00000000 287.00000000
968.00000000 304.00000000 0.00000000 285.00000000
863.00000000 395.00000000 0.00000000 284.00000000
517.00000000 530.00000000 1.00000000 283.00000000
1050.00000000 444.00000000 0.00000000 279.00000000
288.00000000 538.00000000 1.00000000 276.00000000
849.00000000 670.00000000 0.00000000 276.00000000
664.00000000 313.00000000 1.00000000 274.00000000
230.00000000 378.00000000 0.00000000 272.00000000
348.00000000 347.00000000 0.00000000 272.00000000
674.00000000 424.00000000 0.00000000 271.00000000
627.00000000 581.00000000 0.00000000 271.00000000
801.00000000 336.00000000 1.00000000 268.00000000
296.00000000 412.00000000 0.00000000 268.00000000
173.00000000 519.00000000 0.00000000 264.00000000
971.00000000 568.00000000 0.00000000 261.00000000
