281.00000000 960.00000000 1.00000000 623.00000000
1242.00000000 770.00000000 1.00000000 617.00000000
707.00000000 816.00000000 0.00000000 570.00000000
1214.00000000 117.00000000 1.00000000 553.00000000
628.00000000 846.00000000 1.00000000 543.00000000
277.00000000 941.00000000 1.00000000 531.00000000
1290.00000000 263.00000000 0.00000000 530.00000000
562.00000000 866.00000000 1.00000000 529.00000000
486.00000000 890.00000000 1.00000000 523.00000000
1215.00000000 117.00000000 1.00000000 522.00000000
1243.00000000 770.00000000 1.00000000 517.00000000
1258.00000000 134.00000000 1.00000000 515.00000000
1108.00000000 347.00000000 2.00000000 509.00000000
275.00000000 943.00000000 1.00000000 496.00000000
487.00000000 888.00000000 1.00000000 495.00000000
1146.00000000 818.00000000 1.00000000 486.00000000
561.00000000 868.00000000 1.00000000 481.00000000
1308.00000000 246.00000000 0.00000000 477.00000000
1201.00000000 671.00000000 0.00000000 477.00000000
1290.00000000 264.00000000 1.00000000 476.00000000
1258.00000000 135.00000000 1.00000000 471.00000000
1215.00000000 116.00000000 0.00000000 466.00000000
1308.00000000 247.00000000 1.00000000 454.00000000
1216.00000000 118.00000000 2.00000000 451.00000000
443.00000000 908.00000000 0.00000000 447.00000000
1147.00000000 818.00000000 1.00000000 447.00000000
1173.00000000 804.00000000 1.00000000 443.00000000
486.00000000 894.00000000 2.00000000 441.00000000
1168.00000000 83.00000000 1.00000000 438.00000000
727.00000000 816.00000000 0.00000000 436.00000000
1244.00000000 652.00000000 1.00000000 434.00000000
1258.00000000 133.00000000 0.00000000 432.00000000
1321.00000000 568.00000000 1.00000000 432.00000000
1110.00000000 344.00000000 2.00000000 430.00000000
528.00000000 876.00000000 1.00000000 429.00000000
444.00000000 899.00000000 0.00000000 429.00000000
1173.00000000 805.00000000 1.00000000 427.00000000
1241.00000000 806.00000000 1.00000000 424.00000000
869.00000000 966.00000000 0.00000000 423.00000000
1220.00000000 817.00000000 1.00000000 422.00000000
443.00000000 899.00000000 1.00000000 417.00000000
329.00000000 934.00000000 1.00000000 414.00000000
1244.00000000 651.00000000 0.00000000 412.00000000
1273.00000000 196.00000000 1.00000000 412.00000000
438.00000000 412.00000000 2.00000000 411.00000000
443.00000000 910.00000000 1.00000000 410.00000000
1220.00000000 815.00000000 1.00000000 408.00000000
727.00000000 817.00000000 1.00000000 407.00000000
1324.00000000 256.00000000 0.00000000 406.00000000
845.00000000 516.00000000 1.00000000 406.00000000
328.00000000 938.00000000 2.00000000 405.00000000
656.00000000 832.00000000 0.00000000 400.00000000
1192.00000000 674.00000000 0.00000000 398.00000000
527.00000000 878.00000000 1.00000000 397.00000000
1148.00000000 818.00000000 2.00000000 395.00000000
707.00000000 817.00000000 1.00000000 395.00000000
1241.00000000 804.00000000 1.00000000 391.00000000
562.00000000 864.00000000 0.00000000 391.00000000
639.00000000 838.00000000 0.00000000 389.00000000
689.00000000 822.00000000 0.00000000 389.00000000
282.00000000 959.00000000 0.00000000 384.00000000
707.00000000 825.00000000 0.00000000 384.00000000
737.00000000 816.00000000 0.00000000 380.00000000
487.00000000 887.00000000 0.00000000 378.00000000
1147.00000000 818.00000000 0.00000000 376.00000000
560.00000000 870.00000000 2.00000000 374.00000000
660.00000000 633.00000000 1.00000000 371.00000000
787.00000000 796.00000000 0.00000000 371.00000000
277.00000000 940.00000000 0.00000000 370.00000000
1281.00000000 721.00000000 0.00000000 370.00000000
1272.00000000 196.00000000 0.00000000 368.00000000
526.00000000 880.00000000 2.00000000 366.00000000
1316.00000000 724.00000000 0.00000000 366.00000000
828.00000000 560.00000000 1.00000000 364.00000000
750.00000000 800.00000000 0.00000000 363.00000000
402.00000000 905.00000000 1.00000000 362.00000000
1220.00000000 814.00000000 0.00000000 360.00000000
771.00000000 802.00000000 0.00000000 359.00000000
701.00000000 719.00000000 1.00000000 358.00000000
483.00000000 896.00000000 2.00000000 357.00000000
1090.00000000 292.00000000 2.00000000 356.00000000
1110.00000000 343.00000000 1.00000000 355.00000000
771.00000000 803.00000000 1.00000000 353.00000000
440.00000000 416.00000000 4.00000000 352.00000000
1281.00000000 714.00000000 0.00000000 350.00000000
1173.00000000 805.00000000 0.00000000 349.00000000
1165.00000000 100.00000000 1.00000000 349.00000000
1242.00000000 770.00000000 0.00000000 348.00000000
243.00000000 968.00000000 0.00000000 347.00000000
1320.00000000 567.00000000 0.00000000 346.00000000
330.00000000 932.00000000 1.00000000 345.00000000
1023.00000000 930.00000000 2.00000000 344.00000000
1324.00000000 257.00000000 1.00000000 342.00000000
1320.00000000 557.00000000 0.00000000 341.00000000
1264.00000000 709.00000000 0.00000000 341.00000000
702.00000000 719.00000000 1.00000000 337.00000000
829.00000000 559.00000000 1.00000000 335.00000000
1029.00000000 437.00000000 1.00000000 331.00000000
1299.00000000 719.00000000 0.00000000 330.00000000
1121.00000000 813.00000000 0.00000000 328.00000000
1043.00000000 52.00000000 0.00000000 327.00000000
528.00000000 875.00000000 0.00000000 322.00000000
1028.00000000 17.00000000 0.00000000 321.00000000
628.00000000 847.00000000 0.00000000 320.00000000
994.00000000 743.00000000 0.00000000 317.00000000
1279.00000000 786.00000000 0.00000000 316.00000000
618.00000000 845.00000000 0.00000000 315.00000000
1138.00000000 92.00000000 0.00000000 314.00000000
1198.00000000 793.00000000 0.00000000 308.00000000
844.00000000 516.00000000 0.00000000 308.00000000
403.00000000 904.00000000 0.00000000 307.00000000
660.00000000 632.00000000 0.00000000 306.00000000
1119.00000000 832.00000000 0.00000000 302.00000000
1240.00000000 803.00000000 0.00000000 298.00000000
1249.00000000 860.00000000 0.00000000 297.00000000
724.00000000 588.00000000 5.00000000 296.00000000
1235.00000000 137.00000000 0.00000000 294.00000000
1296.00000000 813.00000000 0.00000000 293.00000000
1168.00000000 82.00000000 0.00000000 293.00000000
1307.00000000 259.00000000 0.00000000 292.00000000
1272.00000000 253.00000000 0.00000000 287.00000000
1244.00000000 710.00000000 0.00000000 284.00000000
1166.00000000 98.00000000 0.00000000 284.00000000
1278.00000000 142.00000000 0.00000000 283.00000000
1108.00000000 348.00000000 4.00000000 280.00000000
1242.00000000 751.00000000 0.00000000 279.00000000
1146.00000000 861.00000000 0.00000000 276.00000000
