876.00000000 916.00000000 5.00000000 212.00000000
876.00000000 905.00000000 2.00000000 210.00000000
876.00000000 908.00000000 4.00000000 209.00000000
878.00000000 904.00000000 2.00000000 175.00000000
484.00000000 916.00000000 4.00000000 168.00000000
483.00000000 910.00000000 2.00000000 156.00000000
1139.00000000 509.00000000 1.00000000 155.00000000
1139.00000000 509.00000000 1.00000000 146.00000000
876.00000000 902.00000000 1.00000000 143.00000000
1267.00000000 257.00000000 2.00000000 133.00000000
486.00000000 908.00000000 2.00000000 132.00000000
1014.00000000 246.00000000 0.00000000 131.00000000
1139.00000000 509.00000000 0.00000000 128.00000000
1140.00000000 508.00000000 2.00000000 125.00000000
1380.00000000 899.00000000 2.00000000 121.00000000
1268.00000000 256.00000000 2.00000000 117.00000000
86.00000000 908.00000000 2.00000000 112.00000000
1015.00000000 247.00000000 1.00000000 111.00000000
1134.00000000 771.00000000 0.00000000 107.00000000
618.00000000 777.00000000 1.00000000 102.00000000
1380.00000000 896.00000000 2.00000000 101.00000000
1139.00000000 514.00000000 0.00000000 101.00000000
618.00000000 774.00000000 0.00000000 101.00000000
87.00000000 906.00000000 1.00000000 101.00000000
486.00000000 905.00000000 1.00000000 100.00000000
352.00000000 112.00000000 2.00000000 95.00000000
352.00000000 513.00000000 1.00000000 95.00000000
1137.00000000 638.00000000 0.00000000 94.00000000
1135.00000000 773.00000000 1.00000000 93.00000000
1011.00000000 508.00000000 0.00000000 92.00000000
1015.00000000 246.00000000 1.00000000 91.00000000
877.00000000 900.00000000 1.00000000 90.00000000
354.00000000 777.00000000 1.00000000 90.00000000
354.00000000 774.00000000 0.00000000 89.00000000
1141.00000000 384.00000000 0.00000000 88.00000000
352.00000000 511.00000000 0.00000000 86.00000000
352.00000000 110.00000000 1.00000000 86.00000000
352.00000000 516.00000000 1.00000000 84.00000000
1381.00000000 896.00000000 1.00000000 84.00000000
751.00000000 374.00000000 0.00000000 83.00000000
1269.00000000 253.00000000 1.00000000 82.00000000
1142.00000000 387.00000000 1.00000000 82.00000000
1381.00000000 896.00000000 1.00000000 81.00000000
1269.00000000 251.00000000 0.00000000 80.00000000
88.00000000 904.00000000 1.00000000 80.00000000
1016.00000000 246.00000000 2.00000000 80.00000000
1012.00000000 508.00000000 1.00000000 80.00000000
1012.00000000 509.00000000 1.00000000 79.00000000
1398.00000000 124.00000000 0.00000000 77.00000000
1010.00000000 637.00000000 0.00000000 76.00000000
1144.00000000 119.00000000 0.00000000 76.00000000
750.00000000 506.00000000 0.00000000 76.00000000
353.00000000 780.00000000 1.00000000 76.00000000
1395.00000000 253.00000000 0.00000000 76.00000000
618.00000000 780.00000000 1.00000000 75.00000000
352.00000000 109.00000000 1.00000000 72.00000000
1381.00000000 894.00000000 0.00000000 71.00000000
1385.00000000 763.00000000 0.00000000 70.00000000
1270.00000000 252.00000000 1.00000000 70.00000000
1138.00000000 638.00000000 1.00000000 70.00000000
1395.00000000 259.00000000 0.00000000 68.00000000
1508.00000000 769.00000000 0.00000000 68.00000000
486.00000000 903.00000000 1.00000000 67.00000000
1013.00000000 377.00000000 0.00000000 65.00000000
1144.00000000 120.00000000 1.00000000 63.00000000
1135.00000000 776.00000000 1.00000000 63.00000000
1517.00000000 383.00000000 0.00000000 63.00000000
752.00000000 374.00000000 1.00000000 62.00000000
354.00000000 872.00000000 0.00000000 62.00000000
1517.00000000 391.00000000 1.00000000 62.00000000
751.00000000 507.00000000 1.00000000 62.00000000
1399.00000000 125.00000000 1.00000000 62.00000000
1013.00000000 377.00000000 1.00000000 61.00000000
750.00000000 639.00000000 0.00000000 60.00000000
878.00000000 896.00000000 0.00000000 60.00000000
485.00000000 571.00000000 0.00000000 60.00000000
1509.00000000 762.00000000 0.00000000 59.00000000
1010.00000000 638.00000000 1.00000000 58.00000000
881.00000000 644.00000000 0.00000000 58.00000000
1009.00000000 766.00000000 0.00000000 56.00000000
879.00000000 768.00000000 0.00000000 56.00000000
1272.00000000 121.00000000 0.00000000 56.00000000
354.00000000 832.00000000 0.00000000 56.00000000
1396.00000000 253.00000000 1.00000000 54.00000000
88.00000000 903.00000000 0.00000000 54.00000000
880.00000000 768.00000000 1.00000000 54.00000000
486.00000000 572.00000000 1.00000000 54.00000000
1400.00000000 124.00000000 1.00000000 54.00000000
1013.00000000 377.00000000 1.00000000 54.00000000
1140.00000000 412.00000000 0.00000000 53.00000000
1013.00000000 383.00000000 0.00000000 53.00000000
1143.00000000 109.00000000 0.00000000 53.00000000
352.00000000 619.00000000 1.00000000 53.00000000
354.00000000 833.00000000 1.00000000 52.00000000
1509.00000000 771.00000000 1.00000000 51.00000000
1509.00000000 763.00000000 1.00000000 51.00000000
352.00000000 107.00000000 0.00000000 51.00000000
1132.00000000 892.00000000 0.00000000 50.00000000
1132.00000000 880.00000000 0.00000000 50.00000000
1516.00000000 389.00000000 0.00000000 50.00000000
355.00000000 873.00000000 1.00000000 49.00000000
1272.00000000 127.00000000 0.00000000 49.00000000
1393.00000000 381.00000000 0.00000000 49.00000000
352.00000000 618.00000000 0.00000000 48.00000000
1264.00000000 637.00000000 0.00000000 48.00000000
1139.00000000 473.00000000 0.00000000 48.00000000
1143.00000000 102.00000000 0.00000000 48.00000000
1138.00000000 544.00000000 0.00000000 48.00000000
486.00000000 375.00000000 1.00000000 48.00000000
1386.00000000 764.00000000 1.00000000 48.00000000
354.00000000 889.00000000 0.00000000 48.00000000
487.00000000 905.00000000 0.00000000 47.00000000
1133.00000000 835.00000000 0.00000000 47.00000000
619.00000000 379.00000000 0.00000000 47.00000000
1013.00000000 299.00000000 0.00000000 47.00000000
885.00000000 113.00000000 0.00000000 47.00000000
1388.00000000 642.00000000 0.00000000 47.00000000
1134.00000000 818.00000000 0.00000000 47.00000000
1013.00000000 288.00000000 0.00000000 47.00000000
750.00000000 639.00000000 1.00000000 46.00000000
880.00000000 774.00000000 0.00000000 46.00000000
1513.00000000 511.00000000 0.00000000 45.00000000
1524.00000000 127.00000000 0.00000000 45.00000000
354.00000000 794.00000000 0.00000000 45.00000000
883.00000000 381.00000000 0.00000000 45.00000000
354.00000000 808.00000000 0.00000000 45.00000000
352.00000000 639.00000000 0.00000000 45.00000000
