736.00000000 700.00000000 4.00000000 647.00000000
499.00000000 535.00000000 1.00000000 609.00000000
735.00000000 701.00000000 5.00000000 599.00000000
271.00000000 517.00000000 0.00000000 593.00000000
528.00000000 381.00000000 0.00000000 537.00000000
735.00000000 698.00000000 2.00000000 524.00000000
528.00000000 382.00000000 1.00000000 522.00000000
500.00000000 536.00000000 2.00000000 519.00000000
587.00000000 233.00000000 1.00000000 494.00000000
499.00000000 534.00000000 1.00000000 492.00000000
747.00000000 781.00000000 1.00000000 480.00000000
499.00000000 533.00000000 0.00000000 478.00000000
593.00000000 709.00000000 0.00000000 475.00000000
582.00000000 229.00000000 2.00000000 474.00000000
588.00000000 246.00000000 0.00000000 469.00000000
736.00000000 694.00000000 2.00000000 456.00000000
584.00000000 230.00000000 2.00000000 454.00000000
736.00000000 692.00000000 1.00000000 442.00000000
737.00000000 691.00000000 1.00000000 439.00000000
703.00000000 535.00000000 0.00000000 437.00000000
586.00000000 231.00000000 1.00000000 437.00000000
650.00000000 779.00000000 0.00000000 437.00000000
724.00000000 641.00000000 0.00000000 434.00000000
271.00000000 517.00000000 1.00000000 431.00000000
746.00000000 782.00000000 1.00000000 429.00000000
252.00000000 411.00000000 1.00000000 429.00000000
640.00000000 645.00000000 0.00000000 426.00000000
555.00000000 690.00000000 0.00000000 426.00000000
617.00000000 531.00000000 0.00000000 422.00000000
729.00000000 217.00000000 0.00000000 421.00000000
800.00000000 652.00000000 0.00000000 419.00000000
670.00000000 554.00000000 2.00000000 412.00000000
599.00000000 340.00000000 0.00000000 410.00000000
506.00000000 568.00000000 2.00000000 408.00000000
639.00000000 628.00000000 0.00000000 408.00000000
451.00000000 536.00000000 0.00000000 407.00000000
800.00000000 653.00000000 1.00000000 405.00000000
731.00000000 239.00000000 0.00000000 398.00000000
526.00000000 349.00000000 0.00000000 397.00000000
671.00000000 332.00000000 0.00000000 395.00000000
251.00000000 411.00000000 1.00000000 395.00000000
725.00000000 642.00000000 1.00000000 391.00000000
586.00000000 233.00000000 0.00000000 391.00000000
588.00000000 247.00000000 1.00000000 391.00000000
186.00000000 513.00000000 1.00000000 390.00000000
588.00000000 528.00000000 0.00000000 389.00000000
1051.00000000 359.00000000 0.00000000 387.00000000
731.00000000 241.00000000 1.00000000 386.00000000
934.00000000 303.00000000 1.00000000 384.00000000
767.00000000 321.00000000 0.00000000 383.00000000
520.00000000 333.00000000 2.00000000 377.00000000
618.00000000 531.00000000 1.00000000 377.00000000
580.00000000 228.00000000 4.00000000 371.00000000
452.00000000 537.00000000 1.00000000 364.00000000
729.00000000 217.00000000 1.00000000 362.00000000
934.00000000 302.00000000 0.00000000 361.00000000
801.00000000 656.00000000 1.00000000 359.00000000
704.00000000 537.00000000 1.00000000 359.00000000
836.00000000 785.00000000 1.00000000 350.00000000
1079.00000000 478.00000000 0.00000000 347.00000000
640.00000000 629.00000000 1.00000000 346.00000000
490.00000000 522.00000000 0.00000000 344.00000000
1046.00000000 385.00000000 1.00000000 341.00000000
722.00000000 200.00000000 2.00000000 339.00000000
185.00000000 511.00000000 1.00000000 337.00000000
733.00000000 811.00000000 0.00000000 336.00000000
767.00000000 322.00000000 1.00000000 335.00000000
522.00000000 334.00000000 2.00000000 331.00000000
325.00000000 607.00000000 0.00000000 329.00000000
246.00000000 494.00000000 1.00000000 328.00000000
737.00000000 690.00000000 0.00000000 326.00000000
625.00000000 644.00000000 0.00000000 323.00000000
653.00000000 674.00000000 0.00000000 323.00000000
593.00000000 709.00000000 1.00000000 322.00000000
1046.00000000 370.00000000 1.00000000 321.00000000
250.00000000 412.00000000 2.00000000 318.00000000
600.00000000 342.00000000 1.00000000 317.00000000
231.00000000 326.00000000 1.00000000 315.00000000
252.00000000 410.00000000 0.00000000 313.00000000
1052.00000000 397.00000000 0.00000000 313.00000000
246.00000000 496.00000000 2.00000000 312.00000000
747.00000000 780.00000000 0.00000000 312.00000000
287.00000000 306.00000000 0.00000000 308.00000000
1059.00000000 291.00000000 0.00000000 306.00000000
625.00000000 644.00000000 1.00000000 306.00000000
186.00000000 513.00000000 0.00000000 305.00000000
526.00000000 350.00000000 1.00000000 305.00000000
514.00000000 672.00000000 0.00000000 304.00000000
742.00000000 757.00000000 1.00000000 300.00000000
836.00000000 784.00000000 0.00000000 299.00000000
280.00000000 541.00000000 1.00000000 299.00000000
1046.00000000 370.00000000 1.00000000 299.00000000
769.00000000 356.00000000 1.00000000 299.00000000
722.00000000 202.00000000 1.00000000 297.00000000
803.00000000 687.00000000 1.00000000 297.00000000
934.00000000 304.00000000 1.00000000 294.00000000
738.00000000 538.00000000 0.00000000 293.00000000
246.00000000 343.00000000 0.00000000 292.00000000
1140.00000000 311.00000000 0.00000000 292.00000000
1051.00000000 360.00000000 1.00000000 292.00000000
172.00000000 415.00000000 0.00000000 292.00000000
561.00000000 546.00000000 0.00000000 291.00000000
742.00000000 757.00000000 0.00000000 290.00000000
828.00000000 581.00000000 0.00000000 288.00000000
653.00000000 675.00000000 1.00000000 287.00000000
704.00000000 538.00000000 1.00000000 287.00000000
1045.00000000 384.00000000 0.00000000 286.00000000
704.00000000 542.00000000 0.00000000 283.00000000
131.00000000 509.00000000 0.00000000 283.00000000
1083.00000000 315.00000000 0.00000000 282.00000000
769.00000000 357.00000000 0.00000000 279.00000000
731.00000000 241.00000000 1.00000000 278.00000000
729.00000000 219.00000000 1.00000000 278.00000000
458.00000000 506.00000000 1.00000000 276.00000000
560.00000000 526.00000000 0.00000000 272.00000000
563.00000000 567.00000000 0.00000000 268.00000000
805.00000000 317.00000000 0.00000000 267.00000000
801.00000000 659.00000000 0.00000000 262.00000000
231.00000000 325.00000000 0.00000000 262.00000000
555.00000000 482.00000000 0.00000000 256.00000000
724.00000000 230.00000000 0.00000000 252.00000000
230.00000000 311.00000000 0.00000000 246.00000000
492.00000000 545.00000000 0.00000000 245.00000000
802.00000000 688.00000000 0.00000000 244.00000000
386.00000000 525.00000000 0.00000000 243.00000000
929.00000000 174.00000000 0.00000000 241.00000000
269.00000000 504.00000000 0.00000000 236.00000000
