144.00000000 938.00000000 1.00000000 759.00000000
144.00000000 939.00000000 1.00000000 734.00000000
144.00000000 940.00000000 2.00000000 623.00000000
187.00000000 240.00000000 0.00000000 606.00000000
725.00000000 657.00000000 1.00000000 576.00000000
164.00000000 193.00000000 0.00000000 556.00000000
144.00000000 936.00000000 0.00000000 553.00000000
724.00000000 656.00000000 0.00000000 537.00000000
144.00000000 663.00000000 1.00000000 497.00000000
141.00000000 941.00000000 2.00000000 485.00000000
187.00000000 240.00000000 1.00000000 446.00000000
253.00000000 475.00000000 1.00000000 442.00000000
183.00000000 928.00000000 0.00000000 439.00000000
143.00000000 661.00000000 0.00000000 434.00000000
176.00000000 975.00000000 0.00000000 432.00000000
729.00000000 779.00000000 0.00000000 432.00000000
68.00000000 1120.00000000 2.00000000 430.00000000
164.00000000 193.00000000 1.00000000 427.00000000
184.00000000 1098.00000000 0.00000000 423.00000000
253.00000000 475.00000000 0.00000000 423.00000000
183.00000000 910.00000000 0.00000000 420.00000000
552.00000000 272.00000000 1.00000000 412.00000000
262.00000000 578.00000000 1.00000000 409.00000000
504.00000000 171.00000000 0.00000000 401.00000000
353.00000000 432.00000000 2.00000000 399.00000000
261.00000000 515.00000000 1.00000000 394.00000000
128.00000000 274.00000000 1.00000000 391.00000000
65.00000000 1122.00000000 2.00000000 388.00000000
129.00000000 274.00000000 1.00000000 383.00000000
528.00000000 878.00000000 0.00000000 378.00000000
347.00000000 670.00000000 2.00000000 372.00000000
695.00000000 573.00000000 0.00000000 369.00000000
593.00000000 270.00000000 0.00000000 368.00000000
184.00000000 1080.00000000 0.00000000 362.00000000
625.00000000 309.00000000 0.00000000 360.00000000
461.00000000 337.00000000 0.00000000 359.00000000
333.00000000 932.00000000 0.00000000 359.00000000
356.00000000 432.00000000 4.00000000 357.00000000
354.00000000 434.00000000 2.00000000 356.00000000
182.00000000 799.00000000 1.00000000 354.00000000
429.00000000 718.00000000 1.00000000 352.00000000
69.00000000 1117.00000000 1.00000000 351.00000000
164.00000000 797.00000000 1.00000000 350.00000000
554.00000000 274.00000000 2.00000000 349.00000000
335.00000000 927.00000000 0.00000000 348.00000000
261.00000000 514.00000000 0.00000000 347.00000000
490.00000000 863.00000000 1.00000000 347.00000000
262.00000000 576.00000000 0.00000000 335.00000000
129.00000000 272.00000000 0.00000000 334.00000000
675.00000000 400.00000000 1.00000000 332.00000000
518.00000000 325.00000000 0.00000000 330.00000000
408.00000000 902.00000000 0.00000000 330.00000000
678.00000000 951.00000000 0.00000000 329.00000000
277.00000000 1003.00000000 0.00000000 329.00000000
687.00000000 620.00000000 0.00000000 326.00000000
140.00000000 944.00000000 4.00000000 323.00000000
144.00000000 663.00000000 1.00000000 321.00000000
293.00000000 1125.00000000 1.00000000 320.00000000
200.00000000 981.00000000 0.00000000 320.00000000
594.00000000 327.00000000 1.00000000 320.00000000
275.00000000 538.00000000 0.00000000 319.00000000
634.00000000 558.00000000 0.00000000 318.00000000
526.00000000 569.00000000 0.00000000 318.00000000
164.00000000 796.00000000 1.00000000 317.00000000
504.00000000 172.00000000 1.00000000 316.00000000
533.00000000 960.00000000 0.00000000 315.00000000
363.00000000 786.00000000 0.00000000 314.00000000
275.00000000 539.00000000 1.00000000 314.00000000
490.00000000 862.00000000 0.00000000 313.00000000
787.00000000 550.00000000 0.00000000 313.00000000
695.00000000 574.00000000 1.00000000 310.00000000
533.00000000 960.00000000 1.00000000 309.00000000
641.00000000 1017.00000000 1.00000000 308.00000000
625.00000000 987.00000000 1.00000000 307.00000000
433.00000000 559.00000000 1.00000000 307.00000000
625.00000000 987.00000000 0.00000000 306.00000000
420.00000000 330.00000000 0.00000000 305.00000000
572.00000000 674.00000000 2.00000000 304.00000000
489.00000000 865.00000000 1.00000000 304.00000000
625.00000000 309.00000000 1.00000000 303.00000000
335.00000000 946.00000000 0.00000000 301.00000000
555.00000000 277.00000000 0.00000000 300.00000000
571.00000000 671.00000000 1.00000000 300.00000000
184.00000000 797.00000000 1.00000000 300.00000000
219.00000000 970.00000000 0.00000000 299.00000000
431.00000000 718.00000000 1.00000000 297.00000000
359.00000000 323.00000000 0.00000000 296.00000000
431.00000000 560.00000000 1.00000000 295.00000000
525.00000000 1010.00000000 1.00000000 295.00000000
640.00000000 1017.00000000 0.00000000 294.00000000
196.00000000 902.00000000 0.00000000 293.00000000
593.00000000 271.00000000 1.00000000 293.00000000
685.00000000 536.00000000 1.00000000 292.00000000
430.00000000 718.00000000 2.00000000 292.00000000
679.00000000 487.00000000 1.00000000 291.00000000
753.00000000 326.00000000 0.00000000 291.00000000
692.00000000 999.00000000 0.00000000 290.00000000
526.00000000 1009.00000000 0.00000000 288.00000000
222.00000000 1120.00000000 0.00000000 287.00000000
693.00000000 999.00000000 1.00000000 287.00000000
199.00000000 953.00000000 0.00000000 286.00000000
278.00000000 1003.00000000 1.00000000 286.00000000
484.00000000 727.00000000 1.00000000 286.00000000
432.00000000 558.00000000 0.00000000 285.00000000
608.00000000 444.00000000 0.00000000 284.00000000
689.00000000 461.00000000 1.00000000 283.00000000
320.00000000 948.00000000 0.00000000 283.00000000
351.00000000 875.00000000 1.00000000 281.00000000
480.00000000 164.00000000 0.00000000 280.00000000
300.00000000 900.00000000 2.00000000 280.00000000
678.00000000 487.00000000 1.00000000 279.00000000
350.00000000 875.00000000 1.00000000 279.00000000
538.00000000 1079.00000000 0.00000000 278.00000000
434.00000000 296.00000000 0.00000000 278.00000000
261.00000000 578.00000000 1.00000000 275.00000000
170.00000000 907.00000000 0.00000000 274.00000000
543.00000000 758.00000000 1.00000000 274.00000000
760.00000000 856.00000000 0.00000000 273.00000000
593.00000000 326.00000000 0.00000000 269.00000000
132.00000000 317.00000000 0.00000000 268.00000000
451.00000000 970.00000000 0.00000000 267.00000000
337.00000000 1082.00000000 0.00000000 266.00000000
333.00000000 915.00000000 0.00000000 265.00000000
563.00000000 354.00000000 0.00000000 264.00000000
484.00000000 725.00000000 0.00000000 262.00000000
678.00000000 400.00000000 2.00000000 261.00000000
265.00000000 277.00000000 5.00000000 250.00000000
