540.00000000 118.00000000 2.00000000 727.00000000
625.00000000 325.00000000 1.00000000 655.00000000
50.00000000 862.00000000 1.00000000 646.00000000
45.00000000 596.00000000 0.00000000 644.00000000
625.00000000 323.00000000 0.00000000 644.00000000
654.00000000 144.00000000 0.00000000 641.00000000
55.00000000 125.00000000 0.00000000 601.00000000
46.00000000 596.00000000 1.00000000 597.00000000
538.00000000 118.00000000 1.00000000 584.00000000
654.00000000 144.00000000 1.00000000 572.00000000
50.00000000 864.00000000 2.00000000 567.00000000
51.00000000 862.00000000 1.00000000 564.00000000
487.00000000 191.00000000 1.00000000 548.00000000
79.00000000 168.00000000 0.00000000 541.00000000
487.00000000 191.00000000 0.00000000 539.00000000
265.00000000 347.00000000 2.00000000 513.00000000
22.00000000 216.00000000 1.00000000 509.00000000
653.00000000 144.00000000 1.00000000 500.00000000
498.00000000 490.00000000 0.00000000 500.00000000
268.00000000 344.00000000 4.00000000 495.00000000
602.00000000 103.00000000 0.00000000 490.00000000
625.00000000 325.00000000 1.00000000 485.00000000
795.00000000 214.00000000 0.00000000 481.00000000
29.00000000 234.00000000 1.00000000 480.00000000
733.00000000 188.00000000 0.00000000 480.00000000
646.00000000 406.00000000 2.00000000 468.00000000
562.00000000 982.00000000 0.00000000 463.00000000
759.00000000 550.00000000 1.00000000 461.00000000
642.00000000 110.00000000 0.00000000 460.00000000
540.00000000 118.00000000 2.00000000 458.00000000
26.00000000 473.00000000 1.00000000 453.00000000
27.00000000 473.00000000 1.00000000 453.00000000
55.00000000 125.00000000 1.00000000 452.00000000
350.00000000 218.00000000 0.00000000 449.00000000
343.00000000 386.00000000 1.00000000 434.00000000
778.00000000 753.00000000 0.00000000 430.00000000
343.00000000 386.00000000 1.00000000 425.00000000
48.00000000 865.00000000 2.00000000 424.00000000
738.00000000 979.00000000 0.00000000 410.00000000
27.00000000 473.00000000 0.00000000 410.00000000
65.00000000 757.00000000 0.00000000 409.00000000
30.00000000 235.00000000 1.00000000 409.00000000
510.00000000 956.00000000 1.00000000 408.00000000
602.00000000 104.00000000 1.00000000 408.00000000
79.00000000 169.00000000 1.00000000 407.00000000
654.00000000 144.00000000 2.00000000 404.00000000
663.00000000 244.00000000 1.00000000 402.00000000
563.00000000 983.00000000 1.00000000 401.00000000
794.00000000 760.00000000 0.00000000 400.00000000
752.00000000 323.00000000 0.00000000 398.00000000
647.00000000 407.00000000 2.00000000 398.00000000
499.00000000 490.00000000 1.00000000 397.00000000
339.00000000 867.00000000 1.00000000 397.00000000
446.00000000 835.00000000 1.00000000 395.00000000
626.00000000 287.00000000 0.00000000 392.00000000
557.00000000 930.00000000 1.00000000 391.00000000
597.00000000 286.00000000 0.00000000 390.00000000
65.00000000 757.00000000 1.00000000 388.00000000
758.00000000 551.00000000 1.00000000 384.00000000
444.00000000 175.00000000 0.00000000 382.00000000
760.00000000 549.00000000 0.00000000 382.00000000
22.00000000 215.00000000 1.00000000 382.00000000
634.00000000 251.00000000 1.00000000 381.00000000
266.00000000 350.00000000 2.00000000 377.00000000
51.00000000 861.00000000 0.00000000 375.00000000
752.00000000 868.00000000 1.00000000 374.00000000
663.00000000 243.00000000 1.00000000 374.00000000
752.00000000 323.00000000 1.00000000 373.00000000
795.00000000 215.00000000 1.00000000 373.00000000
733.00000000 189.00000000 1.00000000 372.00000000
163.00000000 443.00000000 1.00000000 371.00000000
448.00000000 835.00000000 1.00000000 368.00000000
764.00000000 1044.00000000 1.00000000 367.00000000
153.00000000 403.00000000 1.00000000 366.00000000
366.00000000 664.00000000 2.00000000 365.00000000
19.00000000 407.00000000 0.00000000 364.00000000
567.00000000 249.00000000 0.00000000 364.00000000
446.00000000 838.00000000 2.00000000 363.00000000
796.00000000 694.00000000 1.00000000 359.00000000
367.00000000 663.00000000 1.00000000 356.00000000
45.00000000 596.00000000 1.00000000 356.00000000
87.00000000 730.00000000 1.00000000 356.00000000
782.00000000 578.00000000 0.00000000 354.00000000
509.00000000 956.00000000 0.00000000 354.00000000
738.00000000 979.00000000 1.00000000 353.00000000
164.00000000 510.00000000 1.00000000 353.00000000
360.00000000 612.00000000 4.00000000 351.00000000
30.00000000 236.00000000 2.00000000 351.00000000
86.00000000 731.00000000 1.00000000 349.00000000
589.00000000 287.00000000 0.00000000 347.00000000
562.00000000 975.00000000 0.00000000 345.00000000
377.00000000 243.00000000 1.00000000 342.00000000
339.00000000 866.00000000 0.00000000 339.00000000
251.00000000 886.00000000 0.00000000 339.00000000
547.00000000 984.00000000 0.00000000 338.00000000
726.00000000 979.00000000 0.00000000 329.00000000
557.00000000 929.00000000 0.00000000 328.00000000
448.00000000 834.00000000 0.00000000 326.00000000
83.00000000 902.00000000 0.00000000 325.00000000
796.00000000 693.00000000 0.00000000 325.00000000
663.00000000 243.00000000 0.00000000 320.00000000
163.00000000 442.00000000 0.00000000 318.00000000
94.00000000 1022.00000000 0.00000000 318.00000000
541.00000000 249.00000000 0.00000000 314.00000000
27.00000000 440.00000000 0.00000000 308.00000000
480.00000000 919.00000000 0.00000000 307.00000000
745.00000000 224.00000000 0.00000000 306.00000000
12.00000000 362.00000000 0.00000000 305.00000000
674.00000000 1052.00000000 0.00000000 305.00000000
763.00000000 1044.00000000 0.00000000 304.00000000
326.00000000 479.00000000 0.00000000 304.00000000
368.00000000 175.00000000 0.00000000 304.00000000
273.00000000 223.00000000 0.00000000 302.00000000
325.00000000 176.00000000 0.00000000 301.00000000
384.00000000 1071.00000000 0.00000000 300.00000000
487.00000000 928.00000000 0.00000000 299.00000000
58.00000000 654.00000000 0.00000000 299.00000000
231.00000000 157.00000000 0.00000000 298.00000000
175.00000000 67.00000000 0.00000000 297.00000000
405.00000000 203.00000000 0.00000000 296.00000000
593.00000000 444.00000000 0.00000000 296.00000000
356.00000000 616.00000000 5.00000000 295.00000000
600.00000000 537.00000000 0.00000000 294.00000000
389.00000000 560.00000000 0.00000000 294.00000000
565.00000000 78.00000000 0.00000000 292.00000000
364.00000000 513.00000000 0.00000000 292.00000000
779.00000000 642.00000000 0.00000000 288.00000000
