574.00000000 807.00000000 0.00000000 1060.00000000
574.00000000 807.00000000 1.00000000 812.00000000
722.00000000 292.00000000 1.00000000 802.00000000
722.00000000 271.00000000 1.00000000 740.00000000
721.00000000 251.00000000 1.00000000 688.00000000
565.00000000 633.00000000 0.00000000 673.00000000
565.00000000 634.00000000 1.00000000 662.00000000
720.00000000 461.00000000 1.00000000 652.00000000
720.00000000 460.00000000 0.00000000 641.00000000
565.00000000 636.00000000 1.00000000 635.00000000
722.00000000 292.00000000 0.00000000 628.00000000
729.00000000 480.00000000 0.00000000 608.00000000
376.00000000 256.00000000 1.00000000 600.00000000
721.00000000 270.00000000 0.00000000 586.00000000
720.00000000 250.00000000 0.00000000 569.00000000
376.00000000 255.00000000 1.00000000 543.00000000
644.00000000 141.00000000 0.00000000 534.00000000
599.00000000 296.00000000 0.00000000 528.00000000
801.00000000 315.00000000 0.00000000 519.00000000
692.00000000 296.00000000 0.00000000 513.00000000
690.00000000 256.00000000 0.00000000 476.00000000
607.00000000 294.00000000 0.00000000 473.00000000
572.00000000 203.00000000 0.00000000 471.00000000
691.00000000 277.00000000 0.00000000 469.00000000
607.00000000 277.00000000 0.00000000 466.00000000
690.00000000 567.00000000 0.00000000 453.00000000
498.00000000 322.00000000 2.00000000 450.00000000
666.00000000 565.00000000 1.00000000 443.00000000
526.00000000 529.00000000 1.00000000 439.00000000
623.00000000 147.00000000 1.00000000 439.00000000
517.00000000 589.00000000 0.00000000 439.00000000
754.00000000 661.00000000 1.00000000 435.00000000
609.00000000 153.00000000 1.00000000 435.00000000
746.00000000 455.00000000 0.00000000 427.00000000
517.00000000 590.00000000 1.00000000 426.00000000
729.00000000 481.00000000 1.00000000 421.00000000
627.00000000 270.00000000 0.00000000 417.00000000
613.00000000 328.00000000 0.00000000 414.00000000
627.00000000 289.00000000 0.00000000 413.00000000
574.00000000 807.00000000 1.00000000 413.00000000
654.00000000 956.00000000 0.00000000 413.00000000
654.00000000 957.00000000 1.00000000 413.00000000
722.00000000 292.00000000 1.00000000 412.00000000
645.00000000 700.00000000 1.00000000 410.00000000
770.00000000 424.00000000 1.00000000 409.00000000
651.00000000 552.00000000 0.00000000 409.00000000
623.00000000 147.00000000 1.00000000 409.00000000
646.00000000 859.00000000 0.00000000 400.00000000
380.00000000 330.00000000 0.00000000 394.00000000
376.00000000 256.00000000 0.00000000 392.00000000
680.00000000 860.00000000 0.00000000 390.00000000
500.00000000 322.00000000 2.00000000 383.00000000
690.00000000 567.00000000 1.00000000 381.00000000
572.00000000 204.00000000 1.00000000 381.00000000
336.00000000 825.00000000 1.00000000 381.00000000
692.00000000 297.00000000 1.00000000 381.00000000
644.00000000 700.00000000 0.00000000 378.00000000
681.00000000 868.00000000 0.00000000 378.00000000
736.00000000 457.00000000 0.00000000 377.00000000
181.00000000 806.00000000 0.00000000 375.00000000
680.00000000 853.00000000 0.00000000 375.00000000
181.00000000 807.00000000 1.00000000 374.00000000
691.00000000 277.00000000 1.00000000 373.00000000
770.00000000 424.00000000 0.00000000 372.00000000
657.00000000 140.00000000 1.00000000 371.00000000
613.00000000 337.00000000 1.00000000 371.00000000
719.00000000 462.00000000 1.00000000 364.00000000
737.00000000 459.00000000 1.00000000 364.00000000
608.00000000 154.00000000 1.00000000 361.00000000
770.00000000 407.00000000 1.00000000 357.00000000
665.00000000 637.00000000 0.00000000 357.00000000
524.00000000 528.00000000 1.00000000 357.00000000
381.00000000 331.00000000 1.00000000 356.00000000
753.00000000 663.00000000 1.00000000 356.00000000
721.00000000 271.00000000 1.00000000 355.00000000
504.00000000 424.00000000 1.00000000 354.00000000
680.00000000 853.00000000 1.00000000 352.00000000
684.00000000 759.00000000 1.00000000 351.00000000
566.00000000 638.00000000 2.00000000 350.00000000
780.00000000 665.00000000 0.00000000 349.00000000
750.00000000 743.00000000 1.00000000 348.00000000
746.00000000 456.00000000 1.00000000 348.00000000
778.00000000 292.00000000 0.00000000 348.00000000
690.00000000 257.00000000 1.00000000 348.00000000
613.00000000 336.00000000 0.00000000 346.00000000
587.00000000 208.00000000 0.00000000 345.00000000
526.00000000 528.00000000 0.00000000 342.00000000
645.00000000 142.00000000 1.00000000 342.00000000
514.00000000 1008.00000000 0.00000000 341.00000000
711.00000000 462.00000000 0.00000000 340.00000000
723.00000000 976.00000000 0.00000000 340.00000000
620.00000000 272.00000000 0.00000000 339.00000000
626.00000000 299.00000000 0.00000000 339.00000000
557.00000000 445.00000000 0.00000000 337.00000000
504.00000000 424.00000000 2.00000000 336.00000000
666.00000000 564.00000000 0.00000000 336.00000000
572.00000000 742.00000000 2.00000000 335.00000000
702.00000000 290.00000000 0.00000000 334.00000000
364.00000000 977.00000000 0.00000000 333.00000000
530.00000000 578.00000000 1.00000000 330.00000000
218.00000000 380.00000000 2.00000000 329.00000000
754.00000000 660.00000000 0.00000000 328.00000000
328.00000000 600.00000000 0.00000000 326.00000000
654.00000000 272.00000000 0.00000000 325.00000000
336.00000000 824.00000000 0.00000000 324.00000000
721.00000000 654.00000000 1.00000000 324.00000000
768.00000000 294.00000000 0.00000000 322.00000000
792.00000000 734.00000000 0.00000000 322.00000000
769.00000000 425.00000000 1.00000000 322.00000000
692.00000000 494.00000000 0.00000000 318.00000000
376.00000000 256.00000000 2.00000000 316.00000000
658.00000000 861.00000000 0.00000000 315.00000000
526.00000000 531.00000000 2.00000000 315.00000000
660.00000000 138.00000000 2.00000000 312.00000000
722.00000000 654.00000000 2.00000000 310.00000000
651.00000000 153.00000000 0.00000000 310.00000000
770.00000000 407.00000000 0.00000000 307.00000000
678.00000000 918.00000000 0.00000000 305.00000000
532.00000000 536.00000000 4.00000000 305.00000000
612.00000000 359.00000000 0.00000000 304.00000000
702.00000000 270.00000000 0.00000000 304.00000000
557.00000000 402.00000000 0.00000000 304.00000000
618.00000000 239.00000000 0.00000000 299.00000000
721.00000000 653.00000000 2.00000000 289.00000000
217.00000000 379.00000000 2.00000000 288.00000000
537.00000000 667.00000000 5.00000000 249.00000000
536.00000000 660.00000000 4.00000000 228.00000000
