707.00000000 856.00000000 1.00000000 916.00000000
707.00000000 857.00000000 0.00000000 876.00000000
436.00000000 206.00000000 1.00000000 794.00000000
697.00000000 654.00000000 1.00000000 788.00000000
698.00000000 652.00000000 1.00000000 695.00000000
438.00000000 207.00000000 1.00000000 664.00000000
528.00000000 195.00000000 0.00000000 647.00000000
160.00000000 842.00000000 1.00000000 632.00000000
697.00000000 651.00000000 0.00000000 630.00000000
528.00000000 195.00000000 1.00000000 626.00000000
749.00000000 258.00000000 0.00000000 618.00000000
438.00000000 206.00000000 2.00000000 603.00000000
527.00000000 195.00000000 1.00000000 572.00000000
675.00000000 766.00000000 1.00000000 555.00000000
517.00000000 454.00000000 0.00000000 551.00000000
698.00000000 656.00000000 2.00000000 545.00000000
707.00000000 857.00000000 1.00000000 544.00000000
788.00000000 250.00000000 0.00000000 511.00000000
674.00000000 766.00000000 1.00000000 510.00000000
796.00000000 917.00000000 0.00000000 505.00000000
749.00000000 259.00000000 1.00000000 501.00000000
517.00000000 455.00000000 1.00000000 500.00000000
535.00000000 130.00000000 0.00000000 497.00000000
760.00000000 236.00000000 0.00000000 488.00000000
598.00000000 214.00000000 0.00000000 485.00000000
755.00000000 325.00000000 0.00000000 484.00000000
782.00000000 86.00000000 1.00000000 481.00000000
159.00000000 842.00000000 1.00000000 479.00000000
159.00000000 842.00000000 0.00000000 471.00000000
767.00000000 295.00000000 0.00000000 467.00000000
676.00000000 259.00000000 1.00000000 464.00000000
675.00000000 765.00000000 0.00000000 462.00000000
236.00000000 846.00000000 1.00000000 462.00000000
662.00000000 221.00000000 0.00000000 456.00000000
677.00000000 258.00000000 0.00000000 455.00000000
674.00000000 260.00000000 1.00000000 455.00000000
535.00000000 131.00000000 1.00000000 454.00000000
629.00000000 599.00000000 1.00000000 453.00000000
662.00000000 221.00000000 1.00000000 453.00000000
767.00000000 306.00000000 1.00000000 447.00000000
749.00000000 238.00000000 0.00000000 444.00000000
763.00000000 91.00000000 1.00000000 443.00000000
408.00000000 550.00000000 0.00000000 443.00000000
509.00000000 290.00000000 1.00000000 442.00000000
373.00000000 868.00000000 1.00000000 440.00000000
528.00000000 196.00000000 2.00000000 438.00000000
402.00000000 284.00000000 0.00000000 430.00000000
371.00000000 869.00000000 1.00000000 425.00000000
510.00000000 304.00000000 0.00000000 423.00000000
517.00000000 455.00000000 1.00000000 421.00000000
759.00000000 255.00000000 0.00000000 417.00000000
673.00000000 845.00000000 0.00000000 416.00000000
759.00000000 256.00000000 1.00000000 416.00000000
605.00000000 1085.00000000 0.00000000 416.00000000
518.00000000 166.00000000 0.00000000 413.00000000
159.00000000 393.00000000 0.00000000 411.00000000
482.00000000 346.00000000 0.00000000 409.00000000
778.00000000 231.00000000 0.00000000 405.00000000
598.00000000 214.00000000 1.00000000 404.00000000
760.00000000 236.00000000 1.00000000 402.00000000
267.00000000 452.00000000 1.00000000 402.00000000
311.00000000 473.00000000 1.00000000 402.00000000
535.00000000 291.00000000 1.00000000 401.00000000
510.00000000 305.00000000 1.00000000 401.00000000
121.00000000 380.00000000 1.00000000 399.00000000
770.00000000 270.00000000 0.00000000 399.00000000
766.00000000 330.00000000 0.00000000 398.00000000
456.00000000 1037.00000000 0.00000000 398.00000000
120.00000000 380.00000000 1.00000000 397.00000000
611.00000000 247.00000000 0.00000000 396.00000000
654.00000000 832.00000000 0.00000000 391.00000000
504.00000000 341.00000000 0.00000000 388.00000000
453.00000000 982.00000000 0.00000000 388.00000000
300.00000000 306.00000000 1.00000000 387.00000000
268.00000000 452.00000000 2.00000000 386.00000000
438.00000000 206.00000000 2.00000000 386.00000000
236.00000000 845.00000000 0.00000000 385.00000000
689.00000000 431.00000000 1.00000000 383.00000000
788.00000000 228.00000000 0.00000000 382.00000000
627.00000000 601.00000000 1.00000000 382.00000000
630.00000000 598.00000000 0.00000000 381.00000000
453.00000000 982.00000000 1.00000000 381.00000000
786.00000000 262.00000000 0.00000000 377.00000000
651.00000000 751.00000000 0.00000000 376.00000000
310.00000000 473.00000000 0.00000000 375.00000000
444.00000000 293.00000000 0.00000000 373.00000000
155.00000000 560.00000000 0.00000000 372.00000000
301.00000000 305.00000000 0.00000000 372.00000000
711.00000000 150.00000000 1.00000000 370.00000000
219.00000000 329.00000000 1.00000000 370.00000000
416.00000000 996.00000000 1.00000000 369.00000000
764.00000000 94.00000000 2.00000000 368.00000000
157.00000000 379.00000000 0.00000000 364.00000000
788.00000000 250.00000000 1.00000000 364.00000000
444.00000000 293.00000000 1.00000000 362.00000000
373.00000000 867.00000000 0.00000000 362.00000000
655.00000000 833.00000000 1.00000000 361.00000000
796.00000000 897.00000000 0.00000000 360.00000000
504.00000000 596.00000000 0.00000000 358.00000000
509.00000000 289.00000000 0.00000000 355.00000000
236.00000000 847.00000000 1.00000000 351.00000000
608.00000000 285.00000000 2.00000000 349.00000000
153.00000000 602.00000000 0.00000000 348.00000000
674.00000000 262.00000000 2.00000000 348.00000000
439.00000000 324.00000000 0.00000000 348.00000000
299.00000000 305.00000000 1.00000000 346.00000000
689.00000000 380.00000000 0.00000000 345.00000000
784.00000000 86.00000000 2.00000000 344.00000000
168.00000000 743.00000000 0.00000000 342.00000000
711.00000000 150.00000000 0.00000000 341.00000000
216.00000000 306.00000000 0.00000000 340.00000000
503.00000000 377.00000000 0.00000000 338.00000000
518.00000000 456.00000000 2.00000000 338.00000000
304.00000000 881.00000000 0.00000000 338.00000000
661.00000000 645.00000000 0.00000000 337.00000000
532.00000000 1094.00000000 0.00000000 334.00000000
480.00000000 499.00000000 0.00000000 334.00000000
614.00000000 348.00000000 0.00000000 334.00000000
767.00000000 304.00000000 0.00000000 333.00000000
688.00000000 430.00000000 0.00000000 332.00000000
153.00000000 514.00000000 0.00000000 331.00000000
485.00000000 173.00000000 0.00000000 330.00000000
246.00000000 461.00000000 2.00000000 325.00000000
608.00000000 328.00000000 2.00000000 320.00000000
432.00000000 784.00000000 4.00000000 309.00000000
373.00000000 203.00000000 5.00000000 291.00000000
380.00000000 200.00000000 4.00000000 285.00000000
