130.00000000 992.00000000 1.00000000 661.00000000
130.00000000 994.00000000 2.00000000 652.00000000
130.00000000 991.00000000 1.00000000 629.00000000
127.00000000 995.00000000 2.00000000 554.00000000
181.00000000 135.00000000 0.00000000 519.00000000
171.00000000 974.00000000 0.00000000 493.00000000
171.00000000 952.00000000 0.00000000 487.00000000
130.00000000 990.00000000 0.00000000 477.00000000
181.00000000 135.00000000 1.00000000 470.00000000
164.00000000 1032.00000000 0.00000000 451.00000000
185.00000000 940.00000000 0.00000000 440.00000000
171.00000000 1178.00000000 0.00000000 398.00000000
128.00000000 1000.00000000 4.00000000 386.00000000
247.00000000 851.00000000 1.00000000 383.00000000
244.00000000 429.00000000 1.00000000 377.00000000
315.00000000 955.00000000 0.00000000 375.00000000
251.00000000 476.00000000 1.00000000 371.00000000
252.00000000 551.00000000 1.00000000 362.00000000
264.00000000 506.00000000 1.00000000 361.00000000
403.00000000 537.00000000 1.00000000 361.00000000
172.00000000 816.00000000 1.00000000 356.00000000
618.00000000 642.00000000 0.00000000 347.00000000
156.00000000 71.00000000 0.00000000 345.00000000
243.00000000 429.00000000 0.00000000 343.00000000
172.00000000 1156.00000000 0.00000000 340.00000000
246.00000000 851.00000000 1.00000000 339.00000000
364.00000000 1004.00000000 0.00000000 338.00000000
158.00000000 951.00000000 0.00000000 337.00000000
246.00000000 850.00000000 2.00000000 334.00000000
251.00000000 475.00000000 0.00000000 327.00000000
501.00000000 242.00000000 1.00000000 326.00000000
188.00000000 1034.00000000 0.00000000 322.00000000
151.00000000 817.00000000 1.00000000 318.00000000
403.00000000 536.00000000 0.00000000 315.00000000
130.00000000 651.00000000 1.00000000 315.00000000
338.00000000 392.00000000 2.00000000 314.00000000
164.00000000 1038.00000000 0.00000000 313.00000000
251.00000000 550.00000000 0.00000000 313.00000000
316.00000000 949.00000000 0.00000000 312.00000000
264.00000000 505.00000000 0.00000000 311.00000000
598.00000000 560.00000000 0.00000000 309.00000000
100.00000000 660.00000000 4.00000000 308.00000000
209.00000000 1193.00000000 0.00000000 308.00000000
401.00000000 537.00000000 1.00000000 307.00000000
171.00000000 952.00000000 1.00000000 305.00000000
594.00000000 524.00000000 1.00000000 305.00000000
330.00000000 659.00000000 2.00000000 303.00000000
316.00000000 971.00000000 0.00000000 302.00000000
172.00000000 815.00000000 1.00000000 298.00000000
632.00000000 832.00000000 0.00000000 294.00000000
243.00000000 851.00000000 2.00000000 294.00000000
276.00000000 1181.00000000 1.00000000 291.00000000
152.00000000 816.00000000 1.00000000 291.00000000
172.00000000 974.00000000 1.00000000 291.00000000
251.00000000 551.00000000 1.00000000 288.00000000
130.00000000 650.00000000 0.00000000 288.00000000
101.00000000 653.00000000 2.00000000 288.00000000
472.00000000 1011.00000000 0.00000000 286.00000000
207.00000000 1018.00000000 0.00000000 286.00000000
364.00000000 1004.00000000 1.00000000 285.00000000
157.00000000 71.00000000 1.00000000 284.00000000
157.00000000 1028.00000000 0.00000000 283.00000000
181.00000000 1026.00000000 0.00000000 283.00000000
248.00000000 851.00000000 0.00000000 283.00000000
265.00000000 974.00000000 0.00000000 281.00000000
187.00000000 1001.00000000 0.00000000 280.00000000
161.00000000 972.00000000 0.00000000 277.00000000
398.00000000 709.00000000 1.00000000 276.00000000
265.00000000 333.00000000 5.00000000 276.00000000
205.00000000 1012.00000000 0.00000000 273.00000000
164.00000000 1032.00000000 1.00000000 271.00000000
530.00000000 304.00000000 0.00000000 271.00000000
303.00000000 975.00000000 0.00000000 269.00000000
598.00000000 561.00000000 1.00000000 268.00000000
597.00000000 449.00000000 1.00000000 267.00000000
130.00000000 651.00000000 1.00000000 266.00000000
284.00000000 924.00000000 2.00000000 265.00000000
502.00000000 243.00000000 1.00000000 263.00000000
207.00000000 927.00000000 0.00000000 263.00000000
102.00000000 652.00000000 2.00000000 262.00000000
531.00000000 247.00000000 0.00000000 261.00000000
492.00000000 762.00000000 2.00000000 260.00000000
331.00000000 889.00000000 1.00000000 259.00000000
174.00000000 1042.00000000 0.00000000 257.00000000
618.00000000 643.00000000 1.00000000 256.00000000
530.00000000 305.00000000 1.00000000 254.00000000
344.00000000 267.00000000 0.00000000 253.00000000
217.00000000 734.00000000 0.00000000 253.00000000
275.00000000 1182.00000000 1.00000000 252.00000000
675.00000000 643.00000000 0.00000000 252.00000000
509.00000000 659.00000000 1.00000000 251.00000000
552.00000000 290.00000000 1.00000000 251.00000000
415.00000000 980.00000000 0.00000000 251.00000000
476.00000000 874.00000000 0.00000000 249.00000000
212.00000000 924.00000000 0.00000000 246.00000000
171.00000000 958.00000000 0.00000000 245.00000000
415.00000000 981.00000000 1.00000000 244.00000000
251.00000000 476.00000000 1.00000000 244.00000000
103.00000000 649.00000000 1.00000000 244.00000000
443.00000000 602.00000000 1.00000000 243.00000000
264.00000000 506.00000000 1.00000000 243.00000000
477.00000000 127.00000000 0.00000000 242.00000000
304.00000000 981.00000000 0.00000000 242.00000000
593.00000000 523.00000000 0.00000000 241.00000000
596.00000000 561.00000000 1.00000000 241.00000000
356.00000000 437.00000000 1.00000000 240.00000000
284.00000000 922.00000000 1.00000000 240.00000000
109.00000000 586.00000000 0.00000000 240.00000000
103.00000000 734.00000000 1.00000000 239.00000000
545.00000000 973.00000000 0.00000000 237.00000000
159.00000000 928.00000000 0.00000000 237.00000000
109.00000000 587.00000000 1.00000000 236.00000000
205.00000000 409.00000000 1.00000000 234.00000000
159.00000000 1158.00000000 0.00000000 234.00000000
172.00000000 818.00000000 2.00000000 234.00000000
172.00000000 1178.00000000 1.00000000 233.00000000
510.00000000 660.00000000 2.00000000 231.00000000
342.00000000 788.00000000 0.00000000 231.00000000
296.00000000 929.00000000 0.00000000 230.00000000
316.00000000 1129.00000000 0.00000000 229.00000000
208.00000000 737.00000000 0.00000000 226.00000000
288.00000000 995.00000000 0.00000000 218.00000000
552.00000000 291.00000000 0.00000000 218.00000000
377.00000000 531.00000000 0.00000000 218.00000000
555.00000000 1001.00000000 0.00000000 218.00000000
186.00000000 1202.00000000 0.00000000 217.00000000
170.00000000 982.00000000 0.00000000 216.00000000
