750.00000000 784.00000000 0.00000000 898.00000000
459.00000000 207.00000000 1.00000000 823.00000000
751.00000000 784.00000000 1.00000000 790.00000000
739.00000000 618.00000000 1.00000000 726.00000000
460.00000000 208.00000000 2.00000000 671.00000000
739.00000000 619.00000000 1.00000000 670.00000000
560.00000000 210.00000000 0.00000000 635.00000000
738.00000000 616.00000000 0.00000000 628.00000000
777.00000000 292.00000000 0.00000000 613.00000000
124.00000000 832.00000000 1.00000000 608.00000000
124.00000000 832.00000000 1.00000000 607.00000000
559.00000000 210.00000000 1.00000000 565.00000000
419.00000000 277.00000000 0.00000000 552.00000000
787.00000000 274.00000000 0.00000000 522.00000000
257.00000000 427.00000000 2.00000000 508.00000000
787.00000000 155.00000000 1.00000000 501.00000000
538.00000000 374.00000000 0.00000000 497.00000000
19.00000000 982.00000000 1.00000000 494.00000000
99.00000000 349.00000000 1.00000000 490.00000000
710.00000000 285.00000000 1.00000000 487.00000000
787.00000000 290.00000000 0.00000000 485.00000000
460.00000000 208.00000000 1.00000000 483.00000000
258.00000000 430.00000000 2.00000000 480.00000000
789.00000000 154.00000000 1.00000000 480.00000000
633.00000000 236.00000000 0.00000000 475.00000000
555.00000000 446.00000000 1.00000000 468.00000000
538.00000000 376.00000000 1.00000000 464.00000000
558.00000000 209.00000000 1.00000000 462.00000000
711.00000000 284.00000000 0.00000000 458.00000000
750.00000000 783.00000000 1.00000000 453.00000000
672.00000000 574.00000000 1.00000000 452.00000000
696.00000000 250.00000000 0.00000000 452.00000000
548.00000000 181.00000000 0.00000000 451.00000000
436.00000000 531.00000000 0.00000000 450.00000000
19.00000000 982.00000000 0.00000000 439.00000000
708.00000000 285.00000000 1.00000000 437.00000000
504.00000000 972.00000000 0.00000000 437.00000000
103.00000000 362.00000000 0.00000000 436.00000000
124.00000000 832.00000000 0.00000000 434.00000000
104.00000000 362.00000000 1.00000000 433.00000000
511.00000000 183.00000000 0.00000000 431.00000000
700.00000000 770.00000000 0.00000000 431.00000000
124.00000000 834.00000000 2.00000000 431.00000000
741.00000000 195.00000000 0.00000000 427.00000000
558.00000000 448.00000000 2.00000000 425.00000000
514.00000000 344.00000000 0.00000000 420.00000000
461.00000000 206.00000000 2.00000000 418.00000000
118.00000000 630.00000000 0.00000000 414.00000000
777.00000000 275.00000000 0.00000000 413.00000000
230.00000000 826.00000000 1.00000000 406.00000000
544.00000000 309.00000000 1.00000000 403.00000000
403.00000000 830.00000000 1.00000000 403.00000000
403.00000000 831.00000000 1.00000000 403.00000000
336.00000000 681.00000000 1.00000000 402.00000000
458.00000000 942.00000000 1.00000000 402.00000000
105.00000000 539.00000000 1.00000000 400.00000000
313.00000000 454.00000000 1.00000000 399.00000000
538.00000000 341.00000000 0.00000000 395.00000000
229.00000000 827.00000000 1.00000000 394.00000000
717.00000000 778.00000000 0.00000000 394.00000000
794.00000000 332.00000000 1.00000000 393.00000000
794.00000000 332.00000000 0.00000000 393.00000000
98.00000000 348.00000000 0.00000000 392.00000000
570.00000000 298.00000000 1.00000000 392.00000000
458.00000000 942.00000000 0.00000000 391.00000000
420.00000000 277.00000000 1.00000000 390.00000000
679.00000000 881.00000000 1.00000000 390.00000000
497.00000000 923.00000000 0.00000000 390.00000000
696.00000000 250.00000000 1.00000000 390.00000000
741.00000000 196.00000000 1.00000000 387.00000000
740.00000000 620.00000000 2.00000000 387.00000000
498.00000000 924.00000000 1.00000000 385.00000000
794.00000000 323.00000000 0.00000000 380.00000000
62.00000000 346.00000000 1.00000000 380.00000000
802.00000000 272.00000000 0.00000000 379.00000000
560.00000000 210.00000000 2.00000000 378.00000000
672.00000000 573.00000000 0.00000000 374.00000000
53.00000000 940.00000000 1.00000000 374.00000000
566.00000000 152.00000000 1.00000000 372.00000000
105.00000000 538.00000000 0.00000000 371.00000000
52.00000000 944.00000000 2.00000000 371.00000000
544.00000000 309.00000000 0.00000000 370.00000000
133.00000000 730.00000000 1.00000000 370.00000000
634.00000000 237.00000000 1.00000000 366.00000000
565.00000000 152.00000000 0.00000000 363.00000000
671.00000000 574.00000000 1.00000000 362.00000000
470.00000000 290.00000000 0.00000000 362.00000000
716.00000000 523.00000000 0.00000000 361.00000000
403.00000000 830.00000000 0.00000000 360.00000000
717.00000000 712.00000000 1.00000000 359.00000000
699.00000000 1058.00000000 1.00000000 358.00000000
542.00000000 295.00000000 1.00000000 358.00000000
367.00000000 132.00000000 0.00000000 355.00000000
183.00000000 479.00000000 0.00000000 354.00000000
328.00000000 639.00000000 2.00000000 352.00000000
778.00000000 292.00000000 1.00000000 350.00000000
257.00000000 429.00000000 1.00000000 348.00000000
132.00000000 753.00000000 0.00000000 348.00000000
658.00000000 987.00000000 0.00000000 347.00000000
726.00000000 432.00000000 0.00000000 346.00000000
541.00000000 294.00000000 0.00000000 346.00000000
313.00000000 453.00000000 0.00000000 343.00000000
726.00000000 389.00000000 0.00000000 341.00000000
482.00000000 961.00000000 0.00000000 341.00000000
321.00000000 852.00000000 0.00000000 339.00000000
678.00000000 881.00000000 0.00000000 338.00000000
118.00000000 278.00000000 0.00000000 338.00000000
796.00000000 304.00000000 0.00000000 338.00000000
789.00000000 173.00000000 0.00000000 337.00000000
62.00000000 348.00000000 2.00000000 337.00000000
99.00000000 490.00000000 0.00000000 336.00000000
230.00000000 825.00000000 0.00000000 335.00000000
569.00000000 298.00000000 0.00000000 335.00000000
602.00000000 729.00000000 1.00000000 334.00000000
669.00000000 989.00000000 0.00000000 330.00000000
465.00000000 319.00000000 0.00000000 328.00000000
744.00000000 721.00000000 0.00000000 326.00000000
95.00000000 457.00000000 0.00000000 325.00000000
784.00000000 347.00000000 0.00000000 325.00000000
655.00000000 358.00000000 0.00000000 324.00000000
585.00000000 1008.00000000 0.00000000 322.00000000
644.00000000 299.00000000 2.00000000 322.00000000
647.00000000 267.00000000 0.00000000 321.00000000
104.00000000 583.00000000 0.00000000 319.00000000
228.00000000 440.00000000 4.00000000 305.00000000
328.00000000 640.00000000 4.00000000 296.00000000
390.00000000 192.00000000 5.00000000 257.00000000
