678.00000000 216.00000000 0.00000000 610.00000000
678.00000000 219.00000000 1.00000000 586.00000000
678.00000000 217.00000000 1.00000000 585.00000000
345.00000000 305.00000000 5.00000000 534.00000000
680.00000000 220.00000000 2.00000000 505.00000000
350.00000000 308.00000000 2.00000000 472.00000000
348.00000000 308.00000000 4.00000000 462.00000000
352.00000000 308.00000000 2.00000000 442.00000000
717.00000000 222.00000000 0.00000000 437.00000000
95.00000000 26.00000000 1.00000000 434.00000000
515.00000000 86.00000000 0.00000000 421.00000000
95.00000000 26.00000000 0.00000000 413.00000000
94.00000000 26.00000000 1.00000000 404.00000000
348.00000000 287.00000000 1.00000000 392.00000000
515.00000000 87.00000000 1.00000000 374.00000000
189.00000000 302.00000000 2.00000000 362.00000000
90.00000000 136.00000000 2.00000000 362.00000000
90.00000000 137.00000000 1.00000000 356.00000000
681.00000000 220.00000000 2.00000000 346.00000000
528.00000000 302.00000000 2.00000000 344.00000000
184.00000000 304.00000000 4.00000000 327.00000000
348.00000000 287.00000000 0.00000000 324.00000000
346.00000000 275.00000000 1.00000000 308.00000000
142.00000000 254.00000000 2.00000000 305.00000000
190.00000000 302.00000000 2.00000000 297.00000000
352.00000000 306.00000000 1.00000000 296.00000000
142.00000000 253.00000000 1.00000000 279.00000000
346.00000000 276.00000000 2.00000000 273.00000000
661.00000000 246.00000000 0.00000000 272.00000000
528.00000000 306.00000000 2.00000000 270.00000000
19.00000000 119.00000000 0.00000000 269.00000000
527.00000000 306.00000000 1.00000000 265.00000000
374.00000000 54.00000000 2.00000000 263.00000000
329.00000000 247.00000000 1.00000000 249.00000000
516.00000000 87.00000000 1.00000000 248.00000000
662.00000000 246.00000000 1.00000000 247.00000000
677.00000000 288.00000000 1.00000000 245.00000000
369.00000000 46.00000000 0.00000000 244.00000000
718.00000000 223.00000000 1.00000000 242.00000000
330.00000000 246.00000000 1.00000000 237.00000000
91.00000000 138.00000000 1.00000000 232.00000000
636.00000000 148.00000000 1.00000000 231.00000000
527.00000000 308.00000000 1.00000000 226.00000000
370.00000000 47.00000000 1.00000000 224.00000000
142.00000000 252.00000000 1.00000000 211.00000000
346.00000000 270.00000000 0.00000000 208.00000000
526.00000000 294.00000000 1.00000000 207.00000000
647.00000000 149.00000000 1.00000000 205.00000000
407.00000000 151.00000000 1.00000000 202.00000000
391.00000000 96.00000000 1.00000000 201.00000000
579.00000000 374.00000000 1.00000000 199.00000000
236.00000000 23.00000000 0.00000000 197.00000000
478.00000000 214.00000000 0.00000000 194.00000000
579.00000000 371.00000000 0.00000000 193.00000000
346.00000000 272.00000000 1.00000000 191.00000000
671.00000000 271.00000000 1.00000000 190.00000000
494.00000000 243.00000000 0.00000000 185.00000000
371.00000000 50.00000000 1.00000000 185.00000000
237.00000000 22.00000000 1.00000000 185.00000000
579.00000000 372.00000000 1.00000000 184.00000000
527.00000000 309.00000000 0.00000000 182.00000000
495.00000000 244.00000000 1.00000000 173.00000000
352.00000000 302.00000000 1.00000000 171.00000000
19.00000000 120.00000000 1.00000000 168.00000000
432.00000000 433.00000000 1.00000000 165.00000000
540.00000000 244.00000000 1.00000000 164.00000000
26.00000000 130.00000000 0.00000000 162.00000000
636.00000000 147.00000000 0.00000000 162.00000000
647.00000000 147.00000000 0.00000000 161.00000000
523.00000000 422.00000000 1.00000000 161.00000000
739.00000000 98.00000000 0.00000000 159.00000000
695.00000000 277.00000000 0.00000000 159.00000000
511.00000000 309.00000000 1.00000000 158.00000000
677.00000000 287.00000000 1.00000000 157.00000000
695.00000000 278.00000000 1.00000000 157.00000000
323.00000000 442.00000000 0.00000000 157.00000000
526.00000000 294.00000000 1.00000000 157.00000000
391.00000000 95.00000000 1.00000000 155.00000000
501.00000000 175.00000000 1.00000000 152.00000000
394.00000000 107.00000000 1.00000000 152.00000000
514.00000000 264.00000000 1.00000000 150.00000000
186.00000000 307.00000000 0.00000000 148.00000000
540.00000000 243.00000000 0.00000000 147.00000000
362.00000000 144.00000000 0.00000000 147.00000000
91.00000000 139.00000000 0.00000000 145.00000000
671.00000000 270.00000000 1.00000000 144.00000000
134.00000000 479.00000000 0.00000000 142.00000000
764.00000000 395.00000000 1.00000000 141.00000000
526.00000000 280.00000000 0.00000000 141.00000000
676.00000000 287.00000000 0.00000000 136.00000000
142.00000000 251.00000000 0.00000000 135.00000000
352.00000000 301.00000000 0.00000000 130.00000000
330.00000000 246.00000000 0.00000000 130.00000000
613.00000000 195.00000000 0.00000000 130.00000000
168.00000000 328.00000000 0.00000000 128.00000000
393.00000000 106.00000000 0.00000000 128.00000000
458.00000000 309.00000000 0.00000000 127.00000000
501.00000000 176.00000000 0.00000000 126.00000000
432.00000000 432.00000000 0.00000000 124.00000000
477.00000000 152.00000000 0.00000000 123.00000000
511.00000000 309.00000000 0.00000000 122.00000000
382.00000000 76.00000000 0.00000000 117.00000000
736.00000000 315.00000000 0.00000000 115.00000000
352.00000000 309.00000000 0.00000000 113.00000000
403.00000000 284.00000000 0.00000000 111.00000000
43.00000000 108.00000000 0.00000000 109.00000000
509.00000000 172.00000000 0.00000000 109.00000000
189.00000000 447.00000000 0.00000000 109.00000000
577.00000000 355.00000000 0.00000000 108.00000000
282.00000000 455.00000000 0.00000000 108.00000000
149.00000000 168.00000000 0.00000000 105.00000000
509.00000000 280.00000000 0.00000000 101.00000000
391.00000000 96.00000000 0.00000000 99.00000000
480.00000000 229.00000000 0.00000000 99.00000000
72.00000000 110.00000000 0.00000000 98.00000000
526.00000000 294.00000000 0.00000000 98.00000000
765.00000000 393.00000000 0.00000000 97.00000000
66.00000000 110.00000000 0.00000000 96.00000000
94.00000000 63.00000000 0.00000000 95.00000000
205.00000000 354.00000000 0.00000000 93.00000000
670.00000000 269.00000000 0.00000000 93.00000000
661.00000000 152.00000000 0.00000000 92.00000000
344.00000000 246.00000000 0.00000000 90.00000000
693.00000000 199.00000000 0.00000000 88.00000000
669.00000000 302.00000000 0.00000000 88.00000000
514.00000000 264.00000000 0.00000000 88.00000000
522.00000000 422.00000000 0.00000000 86.00000000
