726.00000000 178.00000000 2.00000000 483.00000000
722.00000000 173.00000000 1.00000000 462.00000000
214.00000000 308.00000000 2.00000000 455.00000000
724.00000000 176.00000000 2.00000000 442.00000000
212.00000000 308.00000000 4.00000000 431.00000000
209.00000000 299.00000000 5.00000000 423.00000000
722.00000000 173.00000000 1.00000000 410.00000000
728.00000000 180.00000000 4.00000000 400.00000000
509.00000000 429.00000000 0.00000000 400.00000000
68.00000000 250.00000000 1.00000000 398.00000000
67.00000000 251.00000000 1.00000000 395.00000000
216.00000000 306.00000000 2.00000000 384.00000000
214.00000000 285.00000000 1.00000000 338.00000000
90.00000000 294.00000000 2.00000000 323.00000000
67.00000000 249.00000000 0.00000000 314.00000000
721.00000000 171.00000000 0.00000000 308.00000000
94.00000000 294.00000000 2.00000000 299.00000000
214.00000000 284.00000000 0.00000000 298.00000000
213.00000000 271.00000000 1.00000000 294.00000000
68.00000000 254.00000000 2.00000000 278.00000000
510.00000000 430.00000000 1.00000000 265.00000000
411.00000000 23.00000000 1.00000000 264.00000000
48.00000000 69.00000000 0.00000000 255.00000000
199.00000000 242.00000000 1.00000000 253.00000000
214.00000000 272.00000000 2.00000000 247.00000000
686.00000000 62.00000000 0.00000000 240.00000000
724.00000000 305.00000000 2.00000000 235.00000000
411.00000000 24.00000000 1.00000000 232.00000000
192.00000000 342.00000000 2.00000000 231.00000000
629.00000000 66.00000000 1.00000000 230.00000000
686.00000000 63.00000000 1.00000000 229.00000000
630.00000000 66.00000000 2.00000000 226.00000000
199.00000000 243.00000000 1.00000000 223.00000000
654.00000000 64.00000000 2.00000000 222.00000000
217.00000000 305.00000000 1.00000000 219.00000000
213.00000000 285.00000000 1.00000000 214.00000000
213.00000000 267.00000000 0.00000000 211.00000000
654.00000000 65.00000000 1.00000000 208.00000000
45.00000000 119.00000000 0.00000000 204.00000000
213.00000000 268.00000000 1.00000000 203.00000000
412.00000000 21.00000000 0.00000000 201.00000000
16.00000000 16.00000000 0.00000000 200.00000000
722.00000000 301.00000000 1.00000000 197.00000000
94.00000000 294.00000000 1.00000000 195.00000000
685.00000000 227.00000000 1.00000000 194.00000000
687.00000000 229.00000000 1.00000000 190.00000000
770.00000000 137.00000000 0.00000000 185.00000000
675.00000000 64.00000000 0.00000000 184.00000000
772.00000000 286.00000000 1.00000000 183.00000000
44.00000000 147.00000000 0.00000000 177.00000000
237.00000000 25.00000000 1.00000000 173.00000000
422.00000000 322.00000000 1.00000000 172.00000000
378.00000000 232.00000000 0.00000000 171.00000000
388.00000000 142.00000000 1.00000000 170.00000000
509.00000000 422.00000000 1.00000000 170.00000000
378.00000000 233.00000000 1.00000000 170.00000000
403.00000000 472.00000000 1.00000000 170.00000000
389.00000000 144.00000000 1.00000000 169.00000000
421.00000000 321.00000000 1.00000000 168.00000000
16.00000000 17.00000000 1.00000000 166.00000000
629.00000000 62.00000000 0.00000000 164.00000000
286.00000000 458.00000000 1.00000000 162.00000000
349.00000000 196.00000000 0.00000000 161.00000000
404.00000000 473.00000000 1.00000000 161.00000000
217.00000000 300.00000000 1.00000000 160.00000000
420.00000000 282.00000000 0.00000000 159.00000000
400.00000000 322.00000000 0.00000000 159.00000000
654.00000000 60.00000000 0.00000000 158.00000000
676.00000000 71.00000000 0.00000000 156.00000000
420.00000000 283.00000000 1.00000000 151.00000000
199.00000000 241.00000000 0.00000000 151.00000000
575.00000000 149.00000000 0.00000000 150.00000000
422.00000000 323.00000000 0.00000000 149.00000000
722.00000000 301.00000000 1.00000000 147.00000000
629.00000000 64.00000000 1.00000000 146.00000000
444.00000000 230.00000000 0.00000000 145.00000000
286.00000000 458.00000000 0.00000000 144.00000000
30.00000000 135.00000000 0.00000000 144.00000000
328.00000000 316.00000000 1.00000000 144.00000000
237.00000000 24.00000000 0.00000000 144.00000000
628.00000000 71.00000000 0.00000000 138.00000000
654.00000000 61.00000000 1.00000000 137.00000000
444.00000000 231.00000000 1.00000000 136.00000000
251.00000000 53.00000000 1.00000000 136.00000000
13.00000000 130.00000000 0.00000000 136.00000000
262.00000000 86.00000000 1.00000000 133.00000000
770.00000000 137.00000000 1.00000000 130.00000000
683.00000000 25.00000000 0.00000000 129.00000000
182.00000000 441.00000000 0.00000000 127.00000000
217.00000000 299.00000000 0.00000000 127.00000000
48.00000000 70.00000000 1.00000000 127.00000000
702.00000000 13.00000000 0.00000000 121.00000000
690.00000000 174.00000000 0.00000000 121.00000000
267.00000000 284.00000000 1.00000000 120.00000000
685.00000000 227.00000000 0.00000000 120.00000000
507.00000000 421.00000000 0.00000000 117.00000000
400.00000000 321.00000000 1.00000000 117.00000000
33.00000000 63.00000000 0.00000000 117.00000000
251.00000000 53.00000000 0.00000000 116.00000000
576.00000000 150.00000000 1.00000000 116.00000000
654.00000000 68.00000000 0.00000000 116.00000000
93.00000000 297.00000000 0.00000000 116.00000000
723.00000000 185.00000000 1.00000000 115.00000000
279.00000000 167.00000000 0.00000000 115.00000000
241.00000000 160.00000000 0.00000000 115.00000000
210.00000000 23.00000000 0.00000000 110.00000000
702.00000000 274.00000000 0.00000000 109.00000000
262.00000000 86.00000000 0.00000000 108.00000000
772.00000000 288.00000000 0.00000000 108.00000000
267.00000000 283.00000000 0.00000000 107.00000000
231.00000000 132.00000000 0.00000000 107.00000000
358.00000000 118.00000000 0.00000000 107.00000000
337.00000000 197.00000000 0.00000000 104.00000000
475.00000000 417.00000000 0.00000000 103.00000000
46.00000000 105.00000000 0.00000000 99.00000000
44.00000000 130.00000000 0.00000000 98.00000000
662.00000000 15.00000000 0.00000000 98.00000000
771.00000000 490.00000000 0.00000000 98.00000000
82.00000000 315.00000000 0.00000000 94.00000000
446.00000000 350.00000000 0.00000000 94.00000000
675.00000000 26.00000000 0.00000000 93.00000000
736.00000000 18.00000000 0.00000000 92.00000000
722.00000000 185.00000000 0.00000000 91.00000000
516.00000000 16.00000000 0.00000000 91.00000000
217.00000000 308.00000000 0.00000000 91.00000000
429.00000000 345.00000000 0.00000000 88.00000000
738.00000000 59.00000000 0.00000000 88.00000000
