772.00000000 58.00000000 1.00000000 544.00000000
772.00000000 57.00000000 0.00000000 530.00000000
520.00000000 183.00000000 2.00000000 518.00000000
520.00000000 184.00000000 4.00000000 483.00000000
738.00000000 36.00000000 0.00000000 447.00000000
608.00000000 198.00000000 0.00000000 424.00000000
738.00000000 37.00000000 1.00000000 410.00000000
520.00000000 184.00000000 2.00000000 389.00000000
742.00000000 57.00000000 1.00000000 357.00000000
428.00000000 312.00000000 4.00000000 348.00000000
407.00000000 370.00000000 2.00000000 339.00000000
424.00000000 305.00000000 5.00000000 333.00000000
742.00000000 57.00000000 0.00000000 321.00000000
609.00000000 206.00000000 0.00000000 313.00000000
765.00000000 192.00000000 1.00000000 309.00000000
745.00000000 118.00000000 1.00000000 307.00000000
609.00000000 199.00000000 1.00000000 301.00000000
175.00000000 203.00000000 2.00000000 291.00000000
742.00000000 56.00000000 1.00000000 289.00000000
521.00000000 183.00000000 1.00000000 279.00000000
745.00000000 117.00000000 0.00000000 274.00000000
746.00000000 118.00000000 1.00000000 256.00000000
429.00000000 308.00000000 2.00000000 255.00000000
731.00000000 130.00000000 0.00000000 246.00000000
428.00000000 276.00000000 0.00000000 245.00000000
172.00000000 200.00000000 2.00000000 244.00000000
770.00000000 119.00000000 0.00000000 243.00000000
428.00000000 277.00000000 1.00000000 241.00000000
428.00000000 278.00000000 1.00000000 235.00000000
766.00000000 155.00000000 1.00000000 228.00000000
743.00000000 152.00000000 0.00000000 225.00000000
769.00000000 120.00000000 1.00000000 224.00000000
737.00000000 82.00000000 0.00000000 224.00000000
732.00000000 131.00000000 1.00000000 223.00000000
743.00000000 152.00000000 1.00000000 219.00000000
522.00000000 184.00000000 1.00000000 216.00000000
408.00000000 370.00000000 2.00000000 212.00000000
731.00000000 186.00000000 0.00000000 211.00000000
741.00000000 187.00000000 0.00000000 208.00000000
765.00000000 191.00000000 1.00000000 205.00000000
609.00000000 199.00000000 1.00000000 203.00000000
739.00000000 36.00000000 1.00000000 203.00000000
733.00000000 151.00000000 0.00000000 199.00000000
741.00000000 188.00000000 1.00000000 198.00000000
747.00000000 83.00000000 0.00000000 190.00000000
768.00000000 154.00000000 1.00000000 190.00000000
430.00000000 302.00000000 2.00000000 188.00000000
772.00000000 86.00000000 0.00000000 183.00000000
767.00000000 154.00000000 0.00000000 183.00000000
427.00000000 251.00000000 1.00000000 182.00000000
250.00000000 329.00000000 1.00000000 181.00000000
428.00000000 260.00000000 2.00000000 176.00000000
428.00000000 280.00000000 2.00000000 175.00000000
742.00000000 189.00000000 1.00000000 175.00000000
731.00000000 188.00000000 1.00000000 174.00000000
732.00000000 120.00000000 1.00000000 173.00000000
742.00000000 54.00000000 2.00000000 172.00000000
541.00000000 265.00000000 0.00000000 169.00000000
736.00000000 84.00000000 1.00000000 169.00000000
427.00000000 251.00000000 0.00000000 168.00000000
173.00000000 200.00000000 1.00000000 167.00000000
522.00000000 184.00000000 0.00000000 167.00000000
603.00000000 271.00000000 0.00000000 161.00000000
414.00000000 212.00000000 1.00000000 161.00000000
733.00000000 121.00000000 1.00000000 160.00000000
190.00000000 179.00000000 0.00000000 157.00000000
636.00000000 380.00000000 2.00000000 157.00000000
675.00000000 31.00000000 1.00000000 156.00000000
747.00000000 84.00000000 1.00000000 155.00000000
428.00000000 260.00000000 1.00000000 155.00000000
250.00000000 329.00000000 1.00000000 154.00000000
540.00000000 301.00000000 1.00000000 153.00000000
414.00000000 211.00000000 1.00000000 153.00000000
541.00000000 281.00000000 1.00000000 151.00000000
743.00000000 154.00000000 1.00000000 151.00000000
540.00000000 281.00000000 1.00000000 147.00000000
733.00000000 152.00000000 1.00000000 146.00000000
693.00000000 70.00000000 0.00000000 146.00000000
190.00000000 180.00000000 1.00000000 145.00000000
210.00000000 253.00000000 0.00000000 145.00000000
573.00000000 21.00000000 0.00000000 141.00000000
542.00000000 266.00000000 1.00000000 140.00000000
707.00000000 98.00000000 1.00000000 140.00000000
675.00000000 31.00000000 0.00000000 138.00000000
772.00000000 86.00000000 1.00000000 137.00000000
210.00000000 254.00000000 1.00000000 136.00000000
656.00000000 116.00000000 0.00000000 134.00000000
540.00000000 301.00000000 0.00000000 134.00000000
303.00000000 124.00000000 0.00000000 134.00000000
732.00000000 164.00000000 0.00000000 133.00000000
519.00000000 200.00000000 1.00000000 131.00000000
706.00000000 98.00000000 0.00000000 130.00000000
693.00000000 70.00000000 1.00000000 129.00000000
548.00000000 221.00000000 0.00000000 129.00000000
502.00000000 304.00000000 0.00000000 128.00000000
221.00000000 381.00000000 1.00000000 127.00000000
461.00000000 104.00000000 0.00000000 126.00000000
685.00000000 321.00000000 0.00000000 126.00000000
716.00000000 118.00000000 0.00000000 125.00000000
599.00000000 229.00000000 0.00000000 122.00000000
640.00000000 125.00000000 0.00000000 122.00000000
480.00000000 127.00000000 0.00000000 121.00000000
690.00000000 161.00000000 0.00000000 121.00000000
281.00000000 77.00000000 0.00000000 118.00000000
766.00000000 188.00000000 0.00000000 115.00000000
733.00000000 121.00000000 0.00000000 113.00000000
640.00000000 114.00000000 0.00000000 112.00000000
661.00000000 275.00000000 0.00000000 110.00000000
427.00000000 259.00000000 0.00000000 107.00000000
190.00000000 124.00000000 0.00000000 106.00000000
275.00000000 423.00000000 0.00000000 104.00000000
468.00000000 272.00000000 0.00000000 103.00000000
190.00000000 139.00000000 0.00000000 102.00000000
246.00000000 51.00000000 0.00000000 102.00000000
656.00000000 124.00000000 0.00000000 101.00000000
670.00000000 138.00000000 0.00000000 101.00000000
323.00000000 264.00000000 0.00000000 101.00000000
560.00000000 369.00000000 0.00000000 101.00000000
466.00000000 33.00000000 0.00000000 99.00000000
491.00000000 118.00000000 0.00000000 96.00000000
651.00000000 277.00000000 0.00000000 96.00000000
250.00000000 330.00000000 0.00000000 95.00000000
582.00000000 171.00000000 0.00000000 94.00000000
519.00000000 198.00000000 0.00000000 94.00000000
542.00000000 24.00000000 0.00000000 94.00000000
550.00000000 488.00000000 0.00000000 92.00000000
504.00000000 282.00000000 0.00000000 91.00000000
