155.00000000 181.00000000 2.00000000 334.00000000
170.00000000 110.00000000 0.00000000 333.00000000
156.00000000 178.00000000 2.00000000 329.00000000
152.00000000 188.00000000 4.00000000 318.00000000
170.00000000 111.00000000 1.00000000 310.00000000
152.00000000 192.00000000 5.00000000 291.00000000
155.00000000 175.00000000 1.00000000 264.00000000
169.00000000 111.00000000 1.00000000 249.00000000
156.00000000 171.00000000 0.00000000 235.00000000
569.00000000 281.00000000 0.00000000 233.00000000
620.00000000 164.00000000 2.00000000 227.00000000
156.00000000 173.00000000 1.00000000 226.00000000
402.00000000 508.00000000 0.00000000 222.00000000
169.00000000 115.00000000 2.00000000 221.00000000
219.00000000 325.00000000 1.00000000 212.00000000
168.00000000 120.00000000 4.00000000 211.00000000
296.00000000 182.00000000 2.00000000 207.00000000
622.00000000 166.00000000 2.00000000 206.00000000
168.00000000 112.00000000 2.00000000 206.00000000
295.00000000 182.00000000 1.00000000 204.00000000
569.00000000 282.00000000 1.00000000 202.00000000
217.00000000 356.00000000 2.00000000 192.00000000
97.00000000 169.00000000 1.00000000 192.00000000
180.00000000 493.00000000 0.00000000 188.00000000
180.00000000 494.00000000 1.00000000 186.00000000
220.00000000 326.00000000 2.00000000 185.00000000
182.00000000 24.00000000 0.00000000 175.00000000
183.00000000 279.00000000 1.00000000 173.00000000
214.00000000 246.00000000 0.00000000 173.00000000
350.00000000 198.00000000 1.00000000 167.00000000
182.00000000 278.00000000 1.00000000 164.00000000
220.00000000 324.00000000 1.00000000 163.00000000
226.00000000 270.00000000 2.00000000 163.00000000
135.00000000 95.00000000 0.00000000 162.00000000
97.00000000 170.00000000 1.00000000 162.00000000
350.00000000 197.00000000 0.00000000 158.00000000
618.00000000 162.00000000 1.00000000 157.00000000
96.00000000 170.00000000 2.00000000 157.00000000
183.00000000 279.00000000 0.00000000 153.00000000
29.00000000 291.00000000 0.00000000 153.00000000
295.00000000 181.00000000 1.00000000 151.00000000
226.00000000 270.00000000 1.00000000 150.00000000
32.00000000 152.00000000 0.00000000 150.00000000
466.00000000 41.00000000 1.00000000 145.00000000
185.00000000 502.00000000 0.00000000 144.00000000
216.00000000 356.00000000 2.00000000 144.00000000
86.00000000 89.00000000 0.00000000 140.00000000
465.00000000 42.00000000 1.00000000 135.00000000
209.00000000 491.00000000 1.00000000 134.00000000
179.00000000 494.00000000 1.00000000 134.00000000
215.00000000 248.00000000 1.00000000 132.00000000
317.00000000 87.00000000 1.00000000 131.00000000
350.00000000 199.00000000 1.00000000 131.00000000
307.00000000 204.00000000 1.00000000 131.00000000
227.00000000 270.00000000 1.00000000 130.00000000
171.00000000 78.00000000 0.00000000 130.00000000
307.00000000 203.00000000 0.00000000 128.00000000
209.00000000 491.00000000 0.00000000 128.00000000
332.00000000 270.00000000 0.00000000 125.00000000
256.00000000 134.00000000 0.00000000 125.00000000
29.00000000 291.00000000 1.00000000 124.00000000
32.00000000 152.00000000 1.00000000 123.00000000
465.00000000 41.00000000 0.00000000 122.00000000
25.00000000 190.00000000 1.00000000 122.00000000
227.00000000 296.00000000 1.00000000 122.00000000
136.00000000 14.00000000 0.00000000 122.00000000
327.00000000 342.00000000 1.00000000 119.00000000
106.00000000 386.00000000 0.00000000 119.00000000
318.00000000 84.00000000 1.00000000 118.00000000
23.00000000 208.00000000 0.00000000 118.00000000
327.00000000 341.00000000 0.00000000 118.00000000
222.00000000 223.00000000 0.00000000 118.00000000
162.00000000 31.00000000 0.00000000 117.00000000
402.00000000 506.00000000 1.00000000 117.00000000
586.00000000 332.00000000 0.00000000 116.00000000
214.00000000 356.00000000 1.00000000 116.00000000
182.00000000 24.00000000 1.00000000 116.00000000
340.00000000 360.00000000 1.00000000 115.00000000
103.00000000 154.00000000 0.00000000 112.00000000
306.00000000 205.00000000 1.00000000 112.00000000
23.00000000 209.00000000 1.00000000 112.00000000
195.00000000 196.00000000 0.00000000 111.00000000
105.00000000 386.00000000 1.00000000 110.00000000
227.00000000 255.00000000 0.00000000 109.00000000
26.00000000 84.00000000 0.00000000 109.00000000
332.00000000 271.00000000 1.00000000 109.00000000
228.00000000 267.00000000 0.00000000 108.00000000
228.00000000 299.00000000 1.00000000 107.00000000
294.00000000 180.00000000 0.00000000 107.00000000
83.00000000 231.00000000 0.00000000 107.00000000
638.00000000 40.00000000 1.00000000 104.00000000
340.00000000 359.00000000 0.00000000 104.00000000
340.00000000 505.00000000 0.00000000 103.00000000
97.00000000 167.00000000 0.00000000 102.00000000
637.00000000 39.00000000 1.00000000 102.00000000
100.00000000 145.00000000 1.00000000 101.00000000
650.00000000 268.00000000 1.00000000 101.00000000
262.00000000 289.00000000 1.00000000 100.00000000
316.00000000 87.00000000 0.00000000 100.00000000
25.00000000 190.00000000 0.00000000 99.00000000
333.00000000 328.00000000 0.00000000 98.00000000
100.00000000 144.00000000 0.00000000 98.00000000
329.00000000 102.00000000 0.00000000 98.00000000
20.00000000 221.00000000 0.00000000 97.00000000
98.00000000 265.00000000 0.00000000 96.00000000
71.00000000 254.00000000 1.00000000 96.00000000
214.00000000 364.00000000 1.00000000 96.00000000
270.00000000 130.00000000 0.00000000 96.00000000
71.00000000 253.00000000 0.00000000 92.00000000
502.00000000 53.00000000 0.00000000 91.00000000
285.00000000 161.00000000 0.00000000 90.00000000
179.00000000 251.00000000 0.00000000 90.00000000
176.00000000 234.00000000 0.00000000 89.00000000
284.00000000 170.00000000 0.00000000 88.00000000
48.00000000 200.00000000 0.00000000 87.00000000
340.00000000 98.00000000 0.00000000 86.00000000
631.00000000 53.00000000 0.00000000 86.00000000
83.00000000 241.00000000 0.00000000 84.00000000
340.00000000 374.00000000 0.00000000 82.00000000
278.00000000 308.00000000 0.00000000 82.00000000
101.00000000 378.00000000 0.00000000 82.00000000
352.00000000 371.00000000 0.00000000 81.00000000
171.00000000 91.00000000 0.00000000 80.00000000
249.00000000 471.00000000 0.00000000 80.00000000
165.00000000 436.00000000 0.00000000 78.00000000
319.00000000 266.00000000 0.00000000 78.00000000
262.00000000 288.00000000 0.00000000 77.00000000
