183.00000000 296.00000000 2.00000000 358.00000000
441.00000000 430.00000000 0.00000000 338.00000000
670.00000000 138.00000000 2.00000000 328.00000000
672.00000000 140.00000000 4.00000000 328.00000000
76.00000000 242.00000000 1.00000000 328.00000000
186.00000000 294.00000000 2.00000000 320.00000000
76.00000000 241.00000000 0.00000000 307.00000000
90.00000000 282.00000000 5.00000000 303.00000000
185.00000000 272.00000000 1.00000000 256.00000000
184.00000000 296.00000000 4.00000000 253.00000000
666.00000000 134.00000000 2.00000000 251.00000000
168.00000000 328.00000000 2.00000000 251.00000000
90.00000000 282.00000000 2.00000000 242.00000000
442.00000000 430.00000000 1.00000000 240.00000000
183.00000000 260.00000000 1.00000000 236.00000000
28.00000000 178.00000000 1.00000000 228.00000000
173.00000000 231.00000000 1.00000000 225.00000000
185.00000000 272.00000000 0.00000000 223.00000000
292.00000000 180.00000000 0.00000000 222.00000000
30.00000000 180.00000000 2.00000000 221.00000000
94.00000000 282.00000000 2.00000000 217.00000000
94.00000000 284.00000000 1.00000000 215.00000000
76.00000000 243.00000000 1.00000000 209.00000000
173.00000000 230.00000000 0.00000000 206.00000000
158.00000000 359.00000000 2.00000000 204.00000000
186.00000000 294.00000000 1.00000000 200.00000000
664.00000000 132.00000000 1.00000000 198.00000000
60.00000000 120.00000000 0.00000000 183.00000000
29.00000000 176.00000000 1.00000000 183.00000000
728.00000000 270.00000000 2.00000000 183.00000000
183.00000000 255.00000000 0.00000000 182.00000000
202.00000000 12.00000000 0.00000000 180.00000000
158.00000000 360.00000000 2.00000000 179.00000000
625.00000000 200.00000000 1.00000000 178.00000000
722.00000000 86.00000000 0.00000000 178.00000000
184.00000000 256.00000000 1.00000000 178.00000000
726.00000000 270.00000000 1.00000000 175.00000000
339.00000000 469.00000000 1.00000000 173.00000000
628.00000000 202.00000000 2.00000000 172.00000000
318.00000000 216.00000000 0.00000000 171.00000000
330.00000000 124.00000000 1.00000000 169.00000000
183.00000000 272.00000000 1.00000000 163.00000000
319.00000000 217.00000000 1.00000000 162.00000000
61.00000000 94.00000000 0.00000000 160.00000000
172.00000000 231.00000000 1.00000000 158.00000000
301.00000000 199.00000000 1.00000000 158.00000000
29.00000000 175.00000000 0.00000000 153.00000000
624.00000000 200.00000000 1.00000000 153.00000000
329.00000000 123.00000000 1.00000000 151.00000000
168.00000000 328.00000000 1.00000000 151.00000000
379.00000000 214.00000000 1.00000000 147.00000000
356.00000000 268.00000000 0.00000000 145.00000000
318.00000000 217.00000000 1.00000000 143.00000000
186.00000000 286.00000000 1.00000000 142.00000000
378.00000000 213.00000000 1.00000000 140.00000000
722.00000000 86.00000000 1.00000000 139.00000000
378.00000000 212.00000000 0.00000000 139.00000000
562.00000000 12.00000000 0.00000000 138.00000000
276.00000000 304.00000000 1.00000000 138.00000000
339.00000000 469.00000000 1.00000000 137.00000000
358.00000000 311.00000000 0.00000000 136.00000000
95.00000000 285.00000000 1.00000000 136.00000000
664.00000000 133.00000000 1.00000000 136.00000000
358.00000000 311.00000000 1.00000000 134.00000000
292.00000000 181.00000000 1.00000000 132.00000000
202.00000000 15.00000000 1.00000000 131.00000000
615.00000000 16.00000000 0.00000000 128.00000000
357.00000000 269.00000000 1.00000000 126.00000000
339.00000000 311.00000000 0.00000000 125.00000000
60.00000000 120.00000000 1.00000000 124.00000000
614.00000000 17.00000000 1.00000000 123.00000000
439.00000000 421.00000000 1.00000000 122.00000000
61.00000000 94.00000000 1.00000000 121.00000000
302.00000000 200.00000000 1.00000000 119.00000000
158.00000000 253.00000000 1.00000000 119.00000000
506.00000000 116.00000000 0.00000000 115.00000000
330.00000000 124.00000000 0.00000000 115.00000000
590.00000000 16.00000000 0.00000000 114.00000000
506.00000000 117.00000000 1.00000000 113.00000000
591.00000000 264.00000000 0.00000000 112.00000000
239.00000000 447.00000000 1.00000000 112.00000000
631.00000000 137.00000000 1.00000000 111.00000000
236.00000000 154.00000000 0.00000000 111.00000000
562.00000000 22.00000000 0.00000000 111.00000000
214.00000000 41.00000000 1.00000000 108.00000000
562.00000000 22.00000000 1.00000000 107.00000000
10.00000000 314.00000000 0.00000000 107.00000000
93.00000000 353.00000000 1.00000000 105.00000000
630.00000000 137.00000000 0.00000000 103.00000000
213.00000000 41.00000000 0.00000000 102.00000000
226.00000000 270.00000000 0.00000000 100.00000000
644.00000000 255.00000000 0.00000000 99.00000000
276.00000000 303.00000000 0.00000000 99.00000000
499.00000000 494.00000000 0.00000000 99.00000000
157.00000000 424.00000000 0.00000000 98.00000000
381.00000000 342.00000000 0.00000000 98.00000000
29.00000000 33.00000000 0.00000000 97.00000000
94.00000000 285.00000000 0.00000000 96.00000000
186.00000000 285.00000000 0.00000000 95.00000000
365.00000000 335.00000000 0.00000000 95.00000000
626.00000000 14.00000000 0.00000000 95.00000000
663.00000000 131.00000000 0.00000000 95.00000000
447.00000000 42.00000000 0.00000000 93.00000000
205.00000000 148.00000000 0.00000000 92.00000000
291.00000000 188.00000000 0.00000000 90.00000000
239.00000000 447.00000000 0.00000000 90.00000000
158.00000000 252.00000000 0.00000000 89.00000000
302.00000000 98.00000000 0.00000000 87.00000000
725.00000000 273.00000000 0.00000000 84.00000000
223.00000000 74.00000000 0.00000000 84.00000000
625.00000000 200.00000000 0.00000000 83.00000000
379.00000000 225.00000000 0.00000000 80.00000000
27.00000000 113.00000000 0.00000000 79.00000000
758.00000000 420.00000000 0.00000000 79.00000000
26.00000000 261.00000000 0.00000000 79.00000000
623.00000000 137.00000000 0.00000000 78.00000000
413.00000000 508.00000000 0.00000000 77.00000000
439.00000000 420.00000000 0.00000000 76.00000000
350.00000000 137.00000000 0.00000000 75.00000000
636.00000000 147.00000000 0.00000000 75.00000000
408.00000000 414.00000000 0.00000000 74.00000000
315.00000000 113.00000000 0.00000000 74.00000000
349.00000000 323.00000000 0.00000000 73.00000000
187.00000000 295.00000000 0.00000000 73.00000000
183.00000000 230.00000000 0.00000000 73.00000000
197.00000000 120.00000000 0.00000000 73.00000000
120.00000000 202.00000000 0.00000000 72.00000000
