711.00000000 207.00000000 1.00000000 718.00000000
712.00000000 209.00000000 1.00000000 704.00000000
712.00000000 207.00000000 0.00000000 686.00000000
712.00000000 210.00000000 2.00000000 647.00000000
770.00000000 214.00000000 0.00000000 531.00000000
282.00000000 305.00000000 5.00000000 525.00000000
715.00000000 212.00000000 2.00000000 483.00000000
494.00000000 58.00000000 1.00000000 448.00000000
288.00000000 308.00000000 2.00000000 425.00000000
770.00000000 215.00000000 1.00000000 409.00000000
284.00000000 308.00000000 4.00000000 407.00000000
503.00000000 308.00000000 2.00000000 403.00000000
504.00000000 308.00000000 4.00000000 399.00000000
494.00000000 57.00000000 0.00000000 398.00000000
286.00000000 284.00000000 1.00000000 393.00000000
290.00000000 306.00000000 2.00000000 368.00000000
115.00000000 294.00000000 2.00000000 362.00000000
286.00000000 283.00000000 0.00000000 336.00000000
69.00000000 244.00000000 1.00000000 332.00000000
70.00000000 246.00000000 2.00000000 329.00000000
494.00000000 59.00000000 1.00000000 313.00000000
688.00000000 243.00000000 1.00000000 301.00000000
116.00000000 294.00000000 2.00000000 300.00000000
284.00000000 272.00000000 2.00000000 296.00000000
688.00000000 242.00000000 0.00000000 293.00000000
284.00000000 271.00000000 1.00000000 289.00000000
708.00000000 296.00000000 2.00000000 282.00000000
503.00000000 312.00000000 1.00000000 271.00000000
502.00000000 312.00000000 2.00000000 271.00000000
690.00000000 244.00000000 1.00000000 266.00000000
570.00000000 395.00000000 0.00000000 263.00000000
316.00000000 22.00000000 1.00000000 258.00000000
700.00000000 271.00000000 1.00000000 255.00000000
316.00000000 24.00000000 1.00000000 250.00000000
265.00000000 240.00000000 1.00000000 248.00000000
28.00000000 28.00000000 0.00000000 244.00000000
69.00000000 244.00000000 1.00000000 240.00000000
285.00000000 284.00000000 1.00000000 240.00000000
708.00000000 294.00000000 1.00000000 239.00000000
712.00000000 214.00000000 0.00000000 238.00000000
702.00000000 272.00000000 2.00000000 237.00000000
569.00000000 390.00000000 1.00000000 233.00000000
289.00000000 305.00000000 1.00000000 231.00000000
315.00000000 21.00000000 0.00000000 231.00000000
502.00000000 314.00000000 1.00000000 228.00000000
480.00000000 281.00000000 1.00000000 223.00000000
699.00000000 271.00000000 1.00000000 220.00000000
463.00000000 238.00000000 1.00000000 217.00000000
463.00000000 237.00000000 0.00000000 216.00000000
267.00000000 240.00000000 1.00000000 208.00000000
568.00000000 389.00000000 0.00000000 202.00000000
284.00000000 266.00000000 0.00000000 200.00000000
569.00000000 391.00000000 1.00000000 198.00000000
708.00000000 293.00000000 1.00000000 197.00000000
28.00000000 29.00000000 1.00000000 197.00000000
707.00000000 292.00000000 0.00000000 197.00000000
502.00000000 314.00000000 0.00000000 195.00000000
655.00000000 124.00000000 1.00000000 188.00000000
357.00000000 134.00000000 1.00000000 186.00000000
500.00000000 296.00000000 1.00000000 186.00000000
734.00000000 283.00000000 1.00000000 182.00000000
474.00000000 161.00000000 1.00000000 180.00000000
252.00000000 448.00000000 0.00000000 180.00000000
521.00000000 239.00000000 1.00000000 179.00000000
378.00000000 447.00000000 1.00000000 179.00000000
733.00000000 282.00000000 0.00000000 176.00000000
285.00000000 267.00000000 1.00000000 175.00000000
113.00000000 300.00000000 0.00000000 174.00000000
521.00000000 239.00000000 0.00000000 173.00000000
481.00000000 280.00000000 1.00000000 173.00000000
690.00000000 128.00000000 0.00000000 166.00000000
671.00000000 125.00000000 1.00000000 166.00000000
343.00000000 87.00000000 1.00000000 159.00000000
502.00000000 282.00000000 1.00000000 158.00000000
482.00000000 315.00000000 0.00000000 158.00000000
620.00000000 181.00000000 0.00000000 157.00000000
69.00000000 243.00000000 0.00000000 156.00000000
490.00000000 443.00000000 1.00000000 155.00000000
502.00000000 281.00000000 0.00000000 153.00000000
572.00000000 45.00000000 0.00000000 151.00000000
290.00000000 300.00000000 1.00000000 149.00000000
482.00000000 314.00000000 1.00000000 144.00000000
377.00000000 446.00000000 0.00000000 143.00000000
306.00000000 130.00000000 0.00000000 143.00000000
444.00000000 134.00000000 0.00000000 141.00000000
415.00000000 313.00000000 1.00000000 141.00000000
330.00000000 53.00000000 1.00000000 138.00000000
480.00000000 279.00000000 0.00000000 137.00000000
95.00000000 321.00000000 1.00000000 137.00000000
441.00000000 205.00000000 0.00000000 135.00000000
444.00000000 134.00000000 1.00000000 134.00000000
341.00000000 75.00000000 1.00000000 134.00000000
695.00000000 276.00000000 0.00000000 128.00000000
342.00000000 85.00000000 0.00000000 128.00000000
699.00000000 270.00000000 0.00000000 125.00000000
94.00000000 321.00000000 0.00000000 124.00000000
473.00000000 161.00000000 0.00000000 120.00000000
751.00000000 304.00000000 0.00000000 120.00000000
267.00000000 239.00000000 0.00000000 118.00000000
330.00000000 53.00000000 0.00000000 118.00000000
655.00000000 123.00000000 0.00000000 116.00000000
483.00000000 156.00000000 0.00000000 114.00000000
289.00000000 299.00000000 0.00000000 113.00000000
697.00000000 311.00000000 0.00000000 111.00000000
130.00000000 350.00000000 0.00000000 111.00000000
693.00000000 206.00000000 0.00000000 109.00000000
683.00000000 127.00000000 0.00000000 109.00000000
26.00000000 57.00000000 0.00000000 109.00000000
735.00000000 185.00000000 0.00000000 108.00000000
349.00000000 283.00000000 0.00000000 104.00000000
671.00000000 123.00000000 0.00000000 102.00000000
473.00000000 246.00000000 0.00000000 101.00000000
424.00000000 21.00000000 0.00000000 94.00000000
415.00000000 312.00000000 0.00000000 93.00000000
200.00000000 458.00000000 0.00000000 93.00000000
743.00000000 323.00000000 0.00000000 93.00000000
341.00000000 76.00000000 0.00000000 93.00000000
393.00000000 384.00000000 0.00000000 92.00000000
390.00000000 463.00000000 0.00000000 92.00000000
291.00000000 306.00000000 0.00000000 91.00000000
748.00000000 181.00000000 0.00000000 91.00000000
113.00000000 442.00000000 0.00000000 90.00000000
468.00000000 145.00000000 0.00000000 90.00000000
545.00000000 398.00000000 0.00000000 89.00000000
482.00000000 336.00000000 0.00000000 89.00000000
687.00000000 439.00000000 0.00000000 87.00000000
773.00000000 316.00000000 0.00000000 86.00000000
