471.00000000 65.00000000 0.00000000 496.00000000
475.00000000 72.00000000 0.00000000 466.00000000
276.00000000 393.00000000 0.00000000 360.00000000
276.00000000 394.00000000 1.00000000 358.00000000
297.00000000 398.00000000 0.00000000 344.00000000
468.00000000 78.00000000 0.00000000 344.00000000
432.00000000 181.00000000 0.00000000 341.00000000
69.00000000 62.00000000 0.00000000 329.00000000
471.00000000 65.00000000 1.00000000 326.00000000
420.00000000 121.00000000 1.00000000 316.00000000
324.00000000 405.00000000 0.00000000 309.00000000
256.00000000 74.00000000 2.00000000 305.00000000
433.00000000 182.00000000 1.00000000 291.00000000
361.00000000 94.00000000 0.00000000 285.00000000
431.00000000 60.00000000 0.00000000 278.00000000
255.00000000 73.00000000 1.00000000 275.00000000
420.00000000 120.00000000 0.00000000 269.00000000
323.00000000 405.00000000 1.00000000 264.00000000
477.00000000 200.00000000 1.00000000 236.00000000
420.00000000 121.00000000 1.00000000 230.00000000
467.00000000 79.00000000 1.00000000 228.00000000
257.00000000 74.00000000 1.00000000 218.00000000
827.00000000 565.00000000 0.00000000 216.00000000
434.00000000 50.00000000 2.00000000 214.00000000
478.00000000 200.00000000 1.00000000 208.00000000
486.00000000 400.00000000 0.00000000 206.00000000
421.00000000 247.00000000 1.00000000 202.00000000
432.00000000 50.00000000 2.00000000 202.00000000
61.00000000 60.00000000 0.00000000 202.00000000
426.00000000 202.00000000 0.00000000 199.00000000
275.00000000 394.00000000 1.00000000 196.00000000
299.00000000 233.00000000 0.00000000 196.00000000
827.00000000 565.00000000 1.00000000 195.00000000
266.00000000 89.00000000 0.00000000 194.00000000
417.00000000 192.00000000 0.00000000 194.00000000
297.00000000 398.00000000 1.00000000 193.00000000
285.00000000 164.00000000 0.00000000 191.00000000
397.00000000 289.00000000 0.00000000 190.00000000
257.00000000 73.00000000 2.00000000 190.00000000
311.00000000 36.00000000 0.00000000 190.00000000
271.00000000 116.00000000 0.00000000 188.00000000
285.00000000 85.00000000 1.00000000 185.00000000
446.00000000 76.00000000 0.00000000 183.00000000
329.00000000 148.00000000 1.00000000 183.00000000
436.00000000 46.00000000 0.00000000 181.00000000
421.00000000 246.00000000 0.00000000 181.00000000
473.00000000 444.00000000 1.00000000 180.00000000
436.00000000 47.00000000 1.00000000 180.00000000
603.00000000 330.00000000 0.00000000 180.00000000
285.00000000 84.00000000 1.00000000 179.00000000
325.00000000 306.00000000 1.00000000 178.00000000
502.00000000 450.00000000 0.00000000 177.00000000
277.00000000 72.00000000 0.00000000 177.00000000
486.00000000 402.00000000 1.00000000 176.00000000
494.00000000 396.00000000 0.00000000 172.00000000
474.00000000 57.00000000 0.00000000 172.00000000
435.00000000 49.00000000 1.00000000 171.00000000
61.00000000 61.00000000 1.00000000 171.00000000
474.00000000 70.00000000 2.00000000 167.00000000
497.00000000 415.00000000 0.00000000 166.00000000
431.00000000 61.00000000 1.00000000 166.00000000
492.00000000 404.00000000 0.00000000 165.00000000
410.00000000 19.00000000 1.00000000 165.00000000
456.00000000 87.00000000 0.00000000 164.00000000
427.00000000 388.00000000 1.00000000 164.00000000
330.00000000 149.00000000 0.00000000 164.00000000
428.00000000 136.00000000 1.00000000 163.00000000
516.00000000 289.00000000 1.00000000 162.00000000
428.00000000 386.00000000 0.00000000 161.00000000
477.00000000 198.00000000 0.00000000 161.00000000
164.00000000 185.00000000 0.00000000 159.00000000
591.00000000 348.00000000 0.00000000 159.00000000
476.00000000 175.00000000 1.00000000 158.00000000
475.00000000 175.00000000 2.00000000 155.00000000
465.00000000 213.00000000 1.00000000 155.00000000
360.00000000 95.00000000 1.00000000 155.00000000
413.00000000 323.00000000 1.00000000 152.00000000
472.00000000 70.00000000 2.00000000 152.00000000
414.00000000 37.00000000 1.00000000 152.00000000
285.00000000 165.00000000 1.00000000 152.00000000
62.00000000 60.00000000 1.00000000 151.00000000
377.00000000 322.00000000 1.00000000 151.00000000
476.00000000 176.00000000 2.00000000 151.00000000
324.00000000 306.00000000 2.00000000 150.00000000
424.00000000 217.00000000 1.00000000 150.00000000
297.00000000 296.00000000 0.00000000 149.00000000
248.00000000 236.00000000 0.00000000 148.00000000
440.00000000 422.00000000 0.00000000 148.00000000
472.00000000 445.00000000 1.00000000 148.00000000
376.00000000 322.00000000 0.00000000 148.00000000
326.00000000 308.00000000 1.00000000 147.00000000
375.00000000 158.00000000 0.00000000 147.00000000
427.00000000 388.00000000 1.00000000 147.00000000
454.00000000 398.00000000 2.00000000 146.00000000
256.00000000 73.00000000 0.00000000 146.00000000
465.00000000 213.00000000 0.00000000 146.00000000
428.00000000 135.00000000 1.00000000 146.00000000
610.00000000 345.00000000 0.00000000 145.00000000
206.00000000 193.00000000 0.00000000 145.00000000
183.00000000 383.00000000 1.00000000 145.00000000
195.00000000 164.00000000 0.00000000 145.00000000
275.00000000 99.00000000 0.00000000 145.00000000
196.00000000 164.00000000 1.00000000 145.00000000
400.00000000 265.00000000 0.00000000 144.00000000
516.00000000 288.00000000 0.00000000 144.00000000
424.00000000 405.00000000 0.00000000 144.00000000
395.00000000 318.00000000 0.00000000 143.00000000
430.00000000 38.00000000 0.00000000 143.00000000
380.00000000 92.00000000 0.00000000 143.00000000
386.00000000 313.00000000 0.00000000 142.00000000
476.00000000 72.00000000 1.00000000 141.00000000
760.00000000 359.00000000 0.00000000 140.00000000
478.00000000 200.00000000 2.00000000 139.00000000
410.00000000 140.00000000 0.00000000 139.00000000
419.00000000 256.00000000 0.00000000 139.00000000
149.00000000 181.00000000 0.00000000 138.00000000
476.00000000 176.00000000 0.00000000 138.00000000
64.00000000 62.00000000 2.00000000 138.00000000
469.00000000 175.00000000 5.00000000 136.00000000
252.00000000 163.00000000 0.00000000 136.00000000
376.00000000 421.00000000 0.00000000 135.00000000
66.00000000 223.00000000 0.00000000 134.00000000
312.00000000 25.00000000 1.00000000 134.00000000
421.00000000 247.00000000 1.00000000 131.00000000
376.00000000 321.00000000 1.00000000 127.00000000
472.00000000 176.00000000 4.00000000 127.00000000
612.00000000 456.00000000 4.00000000 126.00000000
