266.00000000 558.00000000 1.00000000 750.00000000
264.00000000 558.00000000 1.00000000 689.00000000
266.00000000 558.00000000 0.00000000 593.00000000
128.00000000 113.00000000 1.00000000 446.00000000
264.00000000 560.00000000 2.00000000 397.00000000
498.00000000 283.00000000 1.00000000 389.00000000
128.00000000 114.00000000 2.00000000 368.00000000
129.00000000 113.00000000 1.00000000 344.00000000
35.00000000 73.00000000 1.00000000 343.00000000
247.00000000 564.00000000 0.00000000 342.00000000
497.00000000 282.00000000 1.00000000 321.00000000
254.00000000 357.00000000 1.00000000 319.00000000
498.00000000 283.00000000 0.00000000 319.00000000
208.00000000 76.00000000 2.00000000 313.00000000
209.00000000 107.00000000 1.00000000 300.00000000
221.00000000 509.00000000 0.00000000 295.00000000
36.00000000 73.00000000 0.00000000 293.00000000
505.00000000 294.00000000 0.00000000 293.00000000
254.00000000 358.00000000 1.00000000 284.00000000
24.00000000 79.00000000 1.00000000 280.00000000
210.00000000 106.00000000 2.00000000 278.00000000
49.00000000 659.00000000 0.00000000 277.00000000
306.00000000 529.00000000 1.00000000 275.00000000
29.00000000 57.00000000 1.00000000 274.00000000
270.00000000 260.00000000 1.00000000 269.00000000
209.00000000 76.00000000 2.00000000 266.00000000
120.00000000 130.00000000 0.00000000 264.00000000
33.00000000 72.00000000 1.00000000 264.00000000
238.00000000 384.00000000 1.00000000 261.00000000
239.00000000 564.00000000 1.00000000 259.00000000
305.00000000 530.00000000 1.00000000 257.00000000
214.00000000 622.00000000 1.00000000 257.00000000
209.00000000 76.00000000 1.00000000 256.00000000
329.00000000 364.00000000 1.00000000 253.00000000
506.00000000 295.00000000 1.00000000 253.00000000
239.00000000 564.00000000 0.00000000 251.00000000
524.00000000 360.00000000 0.00000000 250.00000000
582.00000000 350.00000000 1.00000000 248.00000000
254.00000000 358.00000000 2.00000000 248.00000000
214.00000000 622.00000000 0.00000000 242.00000000
24.00000000 79.00000000 0.00000000 240.00000000
292.00000000 336.00000000 0.00000000 237.00000000
581.00000000 350.00000000 0.00000000 235.00000000
292.00000000 336.00000000 1.00000000 231.00000000
329.00000000 364.00000000 0.00000000 231.00000000
210.00000000 106.00000000 1.00000000 229.00000000
178.00000000 439.00000000 1.00000000 226.00000000
528.00000000 118.00000000 1.00000000 224.00000000
265.00000000 271.00000000 1.00000000 223.00000000
258.00000000 371.00000000 0.00000000 223.00000000
174.00000000 123.00000000 0.00000000 222.00000000
239.00000000 543.00000000 0.00000000 221.00000000
164.00000000 137.00000000 1.00000000 220.00000000
216.00000000 219.00000000 1.00000000 219.00000000
127.00000000 115.00000000 2.00000000 218.00000000
239.00000000 497.00000000 0.00000000 218.00000000
30.00000000 58.00000000 2.00000000 218.00000000
120.00000000 130.00000000 1.00000000 217.00000000
505.00000000 304.00000000 0.00000000 216.00000000
15.00000000 153.00000000 0.00000000 214.00000000
498.00000000 282.00000000 2.00000000 213.00000000
169.00000000 189.00000000 1.00000000 213.00000000
564.00000000 61.00000000 1.00000000 212.00000000
239.00000000 383.00000000 0.00000000 212.00000000
217.00000000 218.00000000 0.00000000 209.00000000
31.00000000 339.00000000 1.00000000 209.00000000
175.00000000 412.00000000 2.00000000 208.00000000
233.00000000 288.00000000 1.00000000 208.00000000
169.00000000 188.00000000 0.00000000 208.00000000
108.00000000 417.00000000 1.00000000 207.00000000
49.00000000 660.00000000 1.00000000 207.00000000
174.00000000 124.00000000 1.00000000 206.00000000
94.00000000 309.00000000 0.00000000 205.00000000
528.00000000 118.00000000 0.00000000 205.00000000
306.00000000 532.00000000 2.00000000 204.00000000
346.00000000 549.00000000 1.00000000 203.00000000
210.00000000 76.00000000 1.00000000 203.00000000
172.00000000 46.00000000 1.00000000 202.00000000
564.00000000 61.00000000 0.00000000 201.00000000
270.00000000 259.00000000 0.00000000 201.00000000
191.00000000 187.00000000 1.00000000 201.00000000
394.00000000 524.00000000 1.00000000 200.00000000
28.00000000 47.00000000 0.00000000 198.00000000
192.00000000 186.00000000 0.00000000 197.00000000
645.00000000 303.00000000 1.00000000 197.00000000
57.00000000 427.00000000 0.00000000 196.00000000
172.00000000 416.00000000 4.00000000 195.00000000
398.00000000 458.00000000 2.00000000 195.00000000
213.00000000 622.00000000 1.00000000 195.00000000
129.00000000 113.00000000 0.00000000 193.00000000
729.00000000 231.00000000 5.00000000 192.00000000
190.00000000 188.00000000 1.00000000 190.00000000
197.00000000 268.00000000 0.00000000 189.00000000
728.00000000 236.00000000 4.00000000 188.00000000
480.00000000 139.00000000 0.00000000 186.00000000
52.00000000 508.00000000 0.00000000 185.00000000
260.00000000 379.00000000 0.00000000 183.00000000
264.00000000 271.00000000 0.00000000 182.00000000
21.00000000 29.00000000 1.00000000 181.00000000
291.00000000 336.00000000 1.00000000 181.00000000
393.00000000 523.00000000 0.00000000 180.00000000
316.00000000 575.00000000 0.00000000 179.00000000
168.00000000 36.00000000 0.00000000 178.00000000
540.00000000 211.00000000 0.00000000 177.00000000
455.00000000 449.00000000 0.00000000 176.00000000
154.00000000 127.00000000 0.00000000 175.00000000
645.00000000 302.00000000 0.00000000 174.00000000
208.00000000 210.00000000 0.00000000 172.00000000
113.00000000 148.00000000 0.00000000 171.00000000
210.00000000 76.00000000 0.00000000 171.00000000
233.00000000 287.00000000 0.00000000 171.00000000
294.00000000 522.00000000 0.00000000 169.00000000
277.00000000 557.00000000 0.00000000 167.00000000
463.00000000 127.00000000 0.00000000 167.00000000
458.00000000 295.00000000 0.00000000 164.00000000
473.00000000 411.00000000 0.00000000 164.00000000
73.00000000 82.00000000 0.00000000 163.00000000
268.00000000 285.00000000 0.00000000 163.00000000
517.00000000 173.00000000 0.00000000 163.00000000
441.00000000 366.00000000 0.00000000 162.00000000
31.00000000 60.00000000 0.00000000 162.00000000
43.00000000 627.00000000 0.00000000 162.00000000
417.00000000 201.00000000 0.00000000 162.00000000
519.00000000 33.00000000 0.00000000 161.00000000
236.00000000 584.00000000 0.00000000 161.00000000
111.00000000 415.00000000 0.00000000 160.00000000
26.00000000 162.00000000 0.00000000 159.00000000
