76.00000000 541.00000000 1.00000000 496.00000000
77.00000000 540.00000000 1.00000000 404.00000000
77.00000000 537.00000000 0.00000000 378.00000000
76.00000000 542.00000000 2.00000000 372.00000000
609.00000000 564.00000000 1.00000000 332.00000000
213.00000000 159.00000000 0.00000000 327.00000000
609.00000000 565.00000000 1.00000000 315.00000000
312.00000000 164.00000000 0.00000000 314.00000000
22.00000000 548.00000000 1.00000000 312.00000000
50.00000000 535.00000000 0.00000000 312.00000000
260.00000000 207.00000000 1.00000000 310.00000000
568.00000000 421.00000000 0.00000000 304.00000000
567.00000000 439.00000000 0.00000000 298.00000000
559.00000000 451.00000000 0.00000000 294.00000000
564.00000000 475.00000000 1.00000000 284.00000000
741.00000000 255.00000000 1.00000000 283.00000000
65.00000000 451.00000000 1.00000000 281.00000000
567.00000000 439.00000000 1.00000000 280.00000000
263.00000000 566.00000000 0.00000000 270.00000000
146.00000000 544.00000000 2.00000000 269.00000000
222.00000000 45.00000000 0.00000000 267.00000000
211.00000000 88.00000000 1.00000000 264.00000000
152.00000000 661.00000000 0.00000000 264.00000000
622.00000000 547.00000000 1.00000000 263.00000000
65.00000000 451.00000000 0.00000000 263.00000000
214.00000000 74.00000000 0.00000000 262.00000000
275.00000000 519.00000000 0.00000000 260.00000000
622.00000000 547.00000000 1.00000000 259.00000000
22.00000000 548.00000000 0.00000000 259.00000000
50.00000000 535.00000000 1.00000000 256.00000000
103.00000000 557.00000000 0.00000000 254.00000000
609.00000000 564.00000000 0.00000000 254.00000000
381.00000000 575.00000000 0.00000000 250.00000000
395.00000000 427.00000000 1.00000000 250.00000000
551.00000000 432.00000000 1.00000000 250.00000000
222.00000000 325.00000000 1.00000000 250.00000000
144.00000000 545.00000000 2.00000000 249.00000000
149.00000000 150.00000000 0.00000000 247.00000000
222.00000000 325.00000000 0.00000000 246.00000000
680.00000000 310.00000000 0.00000000 243.00000000
40.00000000 43.00000000 0.00000000 243.00000000
621.00000000 545.00000000 0.00000000 241.00000000
30.00000000 256.00000000 0.00000000 240.00000000
204.00000000 275.00000000 0.00000000 240.00000000
211.00000000 88.00000000 0.00000000 238.00000000
741.00000000 257.00000000 1.00000000 236.00000000
92.00000000 551.00000000 0.00000000 235.00000000
825.00000000 306.00000000 1.00000000 235.00000000
77.00000000 544.00000000 0.00000000 233.00000000
564.00000000 475.00000000 1.00000000 230.00000000
656.00000000 214.00000000 1.00000000 229.00000000
15.00000000 294.00000000 0.00000000 227.00000000
569.00000000 418.00000000 1.00000000 227.00000000
263.00000000 567.00000000 1.00000000 226.00000000
116.00000000 112.00000000 0.00000000 224.00000000
277.00000000 511.00000000 0.00000000 223.00000000
188.00000000 321.00000000 1.00000000 220.00000000
54.00000000 547.00000000 0.00000000 219.00000000
335.00000000 190.00000000 0.00000000 219.00000000
656.00000000 214.00000000 0.00000000 218.00000000
69.00000000 158.00000000 1.00000000 218.00000000
299.00000000 115.00000000 1.00000000 217.00000000
435.00000000 468.00000000 0.00000000 217.00000000
393.00000000 438.00000000 2.00000000 217.00000000
362.00000000 405.00000000 0.00000000 216.00000000
24.00000000 301.00000000 0.00000000 216.00000000
610.00000000 529.00000000 0.00000000 216.00000000
270.00000000 42.00000000 0.00000000 216.00000000
551.00000000 433.00000000 1.00000000 216.00000000
543.00000000 258.00000000 1.00000000 215.00000000
210.00000000 89.00000000 1.00000000 214.00000000
559.00000000 451.00000000 1.00000000 213.00000000
585.00000000 462.00000000 1.00000000 213.00000000
568.00000000 421.00000000 1.00000000 213.00000000
570.00000000 420.00000000 2.00000000 212.00000000
228.00000000 304.00000000 2.00000000 212.00000000
198.00000000 534.00000000 0.00000000 212.00000000
276.00000000 519.00000000 1.00000000 211.00000000
73.00000000 45.00000000 0.00000000 211.00000000
261.00000000 18.00000000 0.00000000 211.00000000
552.00000000 432.00000000 0.00000000 211.00000000
228.00000000 300.00000000 4.00000000 209.00000000
12.00000000 144.00000000 0.00000000 209.00000000
380.00000000 567.00000000 1.00000000 209.00000000
543.00000000 304.00000000 1.00000000 209.00000000
154.00000000 429.00000000 0.00000000 207.00000000
261.00000000 208.00000000 0.00000000 207.00000000
299.00000000 115.00000000 0.00000000 207.00000000
434.00000000 545.00000000 0.00000000 205.00000000
550.00000000 436.00000000 2.00000000 205.00000000
306.00000000 171.00000000 0.00000000 205.00000000
798.00000000 151.00000000 1.00000000 204.00000000
270.00000000 409.00000000 0.00000000 204.00000000
591.00000000 518.00000000 0.00000000 203.00000000
681.00000000 310.00000000 1.00000000 203.00000000
70.00000000 158.00000000 0.00000000 203.00000000
392.00000000 448.00000000 4.00000000 203.00000000
289.00000000 312.00000000 1.00000000 202.00000000
297.00000000 57.00000000 0.00000000 202.00000000
576.00000000 483.00000000 0.00000000 202.00000000
120.00000000 41.00000000 0.00000000 202.00000000
316.00000000 456.00000000 0.00000000 201.00000000
661.00000000 449.00000000 0.00000000 201.00000000
619.00000000 418.00000000 1.00000000 201.00000000
295.00000000 86.00000000 0.00000000 200.00000000
543.00000000 243.00000000 0.00000000 200.00000000
21.00000000 547.00000000 1.00000000 199.00000000
787.00000000 232.00000000 0.00000000 199.00000000
271.00000000 409.00000000 1.00000000 198.00000000
408.00000000 356.00000000 0.00000000 198.00000000
147.00000000 541.00000000 1.00000000 198.00000000
797.00000000 201.00000000 1.00000000 197.00000000
73.00000000 543.00000000 2.00000000 197.00000000
275.00000000 200.00000000 0.00000000 197.00000000
121.00000000 98.00000000 1.00000000 196.00000000
84.00000000 324.00000000 1.00000000 196.00000000
667.00000000 241.00000000 1.00000000 196.00000000
469.00000000 446.00000000 5.00000000 195.00000000
543.00000000 551.00000000 2.00000000 195.00000000
15.00000000 253.00000000 0.00000000 194.00000000
217.00000000 335.00000000 0.00000000 194.00000000
380.00000000 567.00000000 0.00000000 193.00000000
306.00000000 172.00000000 1.00000000 190.00000000
543.00000000 302.00000000 1.00000000 190.00000000
288.00000000 552.00000000 2.00000000 184.00000000
622.00000000 550.00000000 2.00000000 182.00000000
186.00000000 322.00000000 2.00000000 177.00000000
