353.00000000 531.00000000 0.00000000 661.00000000
353.00000000 531.00000000 1.00000000 610.00000000
257.00000000 230.00000000 1.00000000 480.00000000
188.00000000 99.00000000 1.00000000 455.00000000
140.00000000 130.00000000 0.00000000 435.00000000
178.00000000 143.00000000 0.00000000 433.00000000
159.00000000 446.00000000 0.00000000 419.00000000
257.00000000 230.00000000 1.00000000 416.00000000
188.00000000 112.00000000 1.00000000 415.00000000
258.00000000 229.00000000 0.00000000 395.00000000
188.00000000 98.00000000 0.00000000 394.00000000
187.00000000 131.00000000 1.00000000 390.00000000
345.00000000 396.00000000 1.00000000 372.00000000
186.00000000 130.00000000 0.00000000 366.00000000
511.00000000 344.00000000 0.00000000 356.00000000
511.00000000 344.00000000 1.00000000 344.00000000
312.00000000 203.00000000 1.00000000 339.00000000
159.00000000 447.00000000 1.00000000 326.00000000
141.00000000 131.00000000 1.00000000 321.00000000
188.00000000 111.00000000 1.00000000 320.00000000
345.00000000 395.00000000 0.00000000 319.00000000
193.00000000 201.00000000 0.00000000 319.00000000
188.00000000 111.00000000 0.00000000 315.00000000
352.00000000 531.00000000 1.00000000 314.00000000
193.00000000 124.00000000 0.00000000 303.00000000
313.00000000 225.00000000 1.00000000 302.00000000
188.00000000 100.00000000 1.00000000 302.00000000
690.00000000 63.00000000 0.00000000 280.00000000
313.00000000 224.00000000 1.00000000 278.00000000
168.00000000 128.00000000 0.00000000 278.00000000
333.00000000 414.00000000 0.00000000 277.00000000
182.00000000 172.00000000 1.00000000 277.00000000
190.00000000 192.00000000 1.00000000 277.00000000
193.00000000 201.00000000 1.00000000 276.00000000
246.00000000 630.00000000 0.00000000 274.00000000
318.00000000 574.00000000 0.00000000 272.00000000
293.00000000 451.00000000 0.00000000 271.00000000
186.00000000 130.00000000 1.00000000 270.00000000
313.00000000 203.00000000 1.00000000 270.00000000
312.00000000 204.00000000 2.00000000 257.00000000
345.00000000 395.00000000 1.00000000 250.00000000
246.00000000 437.00000000 1.00000000 245.00000000
182.00000000 172.00000000 2.00000000 244.00000000
42.00000000 485.00000000 0.00000000 244.00000000
380.00000000 513.00000000 1.00000000 243.00000000
335.00000000 535.00000000 0.00000000 243.00000000
143.00000000 299.00000000 1.00000000 241.00000000
176.00000000 95.00000000 0.00000000 240.00000000
245.00000000 630.00000000 1.00000000 239.00000000
115.00000000 223.00000000 0.00000000 237.00000000
186.00000000 130.00000000 2.00000000 236.00000000
184.00000000 138.00000000 0.00000000 235.00000000
185.00000000 205.00000000 0.00000000 229.00000000
290.00000000 434.00000000 2.00000000 228.00000000
319.00000000 574.00000000 1.00000000 227.00000000
381.00000000 511.00000000 0.00000000 226.00000000
313.00000000 224.00000000 0.00000000 224.00000000
282.00000000 245.00000000 0.00000000 224.00000000
568.00000000 389.00000000 0.00000000 222.00000000
256.00000000 232.00000000 2.00000000 221.00000000
172.00000000 522.00000000 1.00000000 219.00000000
667.00000000 311.00000000 2.00000000 218.00000000
380.00000000 513.00000000 1.00000000 217.00000000
352.00000000 337.00000000 0.00000000 215.00000000
286.00000000 281.00000000 0.00000000 214.00000000
104.00000000 125.00000000 0.00000000 214.00000000
101.00000000 379.00000000 1.00000000 212.00000000
234.00000000 363.00000000 0.00000000 211.00000000
330.00000000 349.00000000 0.00000000 210.00000000
318.00000000 301.00000000 0.00000000 210.00000000
439.00000000 507.00000000 0.00000000 209.00000000
177.00000000 96.00000000 1.00000000 209.00000000
293.00000000 435.00000000 1.00000000 209.00000000
192.00000000 385.00000000 1.00000000 208.00000000
405.00000000 493.00000000 0.00000000 208.00000000
668.00000000 312.00000000 4.00000000 208.00000000
690.00000000 63.00000000 1.00000000 207.00000000
143.00000000 298.00000000 0.00000000 206.00000000
396.00000000 400.00000000 0.00000000 206.00000000
171.00000000 523.00000000 1.00000000 205.00000000
666.00000000 312.00000000 2.00000000 205.00000000
186.00000000 130.00000000 2.00000000 204.00000000
77.00000000 509.00000000 0.00000000 204.00000000
277.00000000 317.00000000 0.00000000 203.00000000
355.00000000 329.00000000 0.00000000 202.00000000
131.00000000 113.00000000 0.00000000 201.00000000
314.00000000 224.00000000 2.00000000 200.00000000
115.00000000 135.00000000 0.00000000 199.00000000
189.00000000 192.00000000 1.00000000 199.00000000
442.00000000 462.00000000 2.00000000 197.00000000
568.00000000 379.00000000 0.00000000 196.00000000
509.00000000 357.00000000 1.00000000 196.00000000
510.00000000 358.00000000 1.00000000 195.00000000
510.00000000 358.00000000 0.00000000 195.00000000
516.00000000 352.00000000 0.00000000 195.00000000
301.00000000 280.00000000 0.00000000 194.00000000
94.00000000 383.00000000 0.00000000 193.00000000
292.00000000 434.00000000 1.00000000 192.00000000
334.00000000 414.00000000 1.00000000 191.00000000
91.00000000 400.00000000 0.00000000 191.00000000
285.00000000 236.00000000 1.00000000 190.00000000
130.00000000 206.00000000 1.00000000 189.00000000
444.00000000 463.00000000 2.00000000 188.00000000
256.00000000 437.00000000 0.00000000 188.00000000
667.00000000 305.00000000 5.00000000 188.00000000
257.00000000 438.00000000 1.00000000 186.00000000
287.00000000 183.00000000 1.00000000 186.00000000
50.00000000 456.00000000 0.00000000 186.00000000
648.00000000 204.00000000 0.00000000 186.00000000
287.00000000 183.00000000 1.00000000 186.00000000
288.00000000 435.00000000 2.00000000 185.00000000
104.00000000 126.00000000 1.00000000 185.00000000
207.00000000 497.00000000 0.00000000 184.00000000
370.00000000 381.00000000 0.00000000 183.00000000
530.00000000 357.00000000 0.00000000 183.00000000
127.00000000 241.00000000 0.00000000 182.00000000
133.00000000 120.00000000 0.00000000 182.00000000
183.00000000 173.00000000 1.00000000 182.00000000
372.00000000 506.00000000 0.00000000 182.00000000
313.00000000 203.00000000 0.00000000 182.00000000
532.00000000 231.00000000 0.00000000 182.00000000
301.00000000 280.00000000 1.00000000 181.00000000
188.00000000 263.00000000 0.00000000 180.00000000
214.00000000 642.00000000 0.00000000 179.00000000
456.00000000 288.00000000 0.00000000 178.00000000
386.00000000 543.00000000 0.00000000 176.00000000
440.00000000 464.00000000 4.00000000 159.00000000
