424.00000000 640.00000000 1.00000000 833.00000000
424.00000000 639.00000000 0.00000000 804.00000000
53.00000000 351.00000000 1.00000000 503.00000000
424.00000000 640.00000000 1.00000000 501.00000000
405.00000000 655.00000000 1.00000000 466.00000000
53.00000000 351.00000000 0.00000000 465.00000000
404.00000000 654.00000000 1.00000000 429.00000000
142.00000000 347.00000000 1.00000000 420.00000000
337.00000000 489.00000000 1.00000000 410.00000000
405.00000000 655.00000000 0.00000000 409.00000000
412.00000000 651.00000000 0.00000000 378.00000000
47.00000000 359.00000000 0.00000000 377.00000000
205.00000000 309.00000000 1.00000000 376.00000000
143.00000000 346.00000000 1.00000000 369.00000000
142.00000000 362.00000000 0.00000000 352.00000000
500.00000000 335.00000000 1.00000000 351.00000000
50.00000000 557.00000000 0.00000000 350.00000000
52.00000000 350.00000000 1.00000000 344.00000000
336.00000000 489.00000000 1.00000000 343.00000000
511.00000000 341.00000000 0.00000000 336.00000000
591.00000000 354.00000000 0.00000000 335.00000000
142.00000000 350.00000000 2.00000000 335.00000000
383.00000000 280.00000000 0.00000000 332.00000000
205.00000000 389.00000000 0.00000000 328.00000000
660.00000000 212.00000000 2.00000000 325.00000000
204.00000000 310.00000000 2.00000000 316.00000000
347.00000000 528.00000000 0.00000000 315.00000000
337.00000000 490.00000000 0.00000000 311.00000000
460.00000000 194.00000000 0.00000000 310.00000000
500.00000000 335.00000000 0.00000000 309.00000000
171.00000000 555.00000000 0.00000000 307.00000000
347.00000000 528.00000000 1.00000000 306.00000000
659.00000000 212.00000000 2.00000000 305.00000000
432.00000000 601.00000000 1.00000000 301.00000000
47.00000000 360.00000000 1.00000000 301.00000000
660.00000000 212.00000000 1.00000000 298.00000000
621.00000000 293.00000000 0.00000000 297.00000000
69.00000000 421.00000000 0.00000000 297.00000000
311.00000000 407.00000000 0.00000000 296.00000000
335.00000000 514.00000000 0.00000000 294.00000000
192.00000000 286.00000000 2.00000000 292.00000000
205.00000000 390.00000000 1.00000000 292.00000000
48.00000000 607.00000000 0.00000000 292.00000000
335.00000000 516.00000000 1.00000000 291.00000000
591.00000000 355.00000000 1.00000000 290.00000000
550.00000000 384.00000000 0.00000000 288.00000000
396.00000000 638.00000000 1.00000000 288.00000000
191.00000000 513.00000000 0.00000000 288.00000000
192.00000000 285.00000000 1.00000000 287.00000000
48.00000000 607.00000000 1.00000000 283.00000000
180.00000000 350.00000000 1.00000000 283.00000000
621.00000000 293.00000000 1.00000000 281.00000000
258.00000000 441.00000000 0.00000000 280.00000000
143.00000000 345.00000000 0.00000000 274.00000000
309.00000000 581.00000000 0.00000000 273.00000000
432.00000000 601.00000000 0.00000000 272.00000000
402.00000000 473.00000000 1.00000000 272.00000000
661.00000000 212.00000000 1.00000000 270.00000000
205.00000000 312.00000000 1.00000000 269.00000000
216.00000000 437.00000000 1.00000000 269.00000000
312.00000000 407.00000000 1.00000000 266.00000000
358.00000000 457.00000000 0.00000000 265.00000000
500.00000000 335.00000000 1.00000000 261.00000000
246.00000000 592.00000000 1.00000000 256.00000000
422.00000000 644.00000000 2.00000000 256.00000000
498.00000000 405.00000000 1.00000000 256.00000000
168.00000000 347.00000000 0.00000000 255.00000000
509.00000000 564.00000000 0.00000000 255.00000000
489.00000000 514.00000000 2.00000000 255.00000000
143.00000000 362.00000000 1.00000000 253.00000000
10.00000000 261.00000000 0.00000000 253.00000000
54.00000000 504.00000000 1.00000000 253.00000000
309.00000000 581.00000000 1.00000000 252.00000000
656.00000000 216.00000000 4.00000000 251.00000000
300.00000000 564.00000000 1.00000000 251.00000000
401.00000000 472.00000000 0.00000000 251.00000000
205.00000000 313.00000000 0.00000000 248.00000000
336.00000000 490.00000000 2.00000000 248.00000000
346.00000000 528.00000000 1.00000000 245.00000000
444.00000000 608.00000000 2.00000000 245.00000000
171.00000000 555.00000000 1.00000000 244.00000000
482.00000000 602.00000000 0.00000000 243.00000000
189.00000000 475.00000000 0.00000000 243.00000000
247.00000000 592.00000000 1.00000000 242.00000000
498.00000000 405.00000000 0.00000000 241.00000000
53.00000000 503.00000000 1.00000000 240.00000000
656.00000000 214.00000000 5.00000000 240.00000000
203.00000000 311.00000000 2.00000000 238.00000000
369.00000000 607.00000000 0.00000000 238.00000000
477.00000000 613.00000000 1.00000000 238.00000000
507.00000000 352.00000000 1.00000000 238.00000000
383.00000000 281.00000000 1.00000000 235.00000000
572.00000000 392.00000000 2.00000000 232.00000000
287.00000000 413.00000000 0.00000000 231.00000000
510.00000000 564.00000000 1.00000000 231.00000000
47.00000000 636.00000000 0.00000000 230.00000000
183.00000000 336.00000000 0.00000000 230.00000000
506.00000000 352.00000000 1.00000000 230.00000000
488.00000000 516.00000000 4.00000000 228.00000000
38.00000000 333.00000000 0.00000000 227.00000000
46.00000000 606.00000000 1.00000000 227.00000000
243.00000000 391.00000000 0.00000000 226.00000000
395.00000000 637.00000000 1.00000000 224.00000000
357.00000000 447.00000000 0.00000000 223.00000000
193.00000000 284.00000000 0.00000000 221.00000000
490.00000000 528.00000000 1.00000000 219.00000000
50.00000000 490.00000000 0.00000000 218.00000000
507.00000000 352.00000000 0.00000000 217.00000000
77.00000000 611.00000000 0.00000000 216.00000000
488.00000000 422.00000000 0.00000000 216.00000000
514.00000000 348.00000000 0.00000000 215.00000000
523.00000000 74.00000000 0.00000000 215.00000000
530.00000000 482.00000000 0.00000000 213.00000000
399.00000000 463.00000000 0.00000000 212.00000000
647.00000000 53.00000000 0.00000000 211.00000000
350.00000000 503.00000000 0.00000000 207.00000000
311.00000000 417.00000000 0.00000000 206.00000000
216.00000000 436.00000000 0.00000000 206.00000000
19.00000000 462.00000000 0.00000000 205.00000000
259.00000000 428.00000000 0.00000000 205.00000000
499.00000000 318.00000000 0.00000000 205.00000000
143.00000000 352.00000000 0.00000000 205.00000000
648.00000000 239.00000000 0.00000000 204.00000000
354.00000000 636.00000000 0.00000000 203.00000000
289.00000000 434.00000000 0.00000000 202.00000000
522.00000000 495.00000000 0.00000000 202.00000000
192.00000000 285.00000000 2.00000000 202.00000000
