147.00000000 517.00000000 1.00000000 470.00000000
148.00000000 517.00000000 1.00000000 450.00000000
149.00000000 514.00000000 0.00000000 394.00000000
125.00000000 512.00000000 0.00000000 384.00000000
103.00000000 523.00000000 0.00000000 348.00000000
146.00000000 518.00000000 2.00000000 337.00000000
103.00000000 524.00000000 1.00000000 323.00000000
548.00000000 421.00000000 0.00000000 315.00000000
137.00000000 441.00000000 0.00000000 300.00000000
100.00000000 522.00000000 2.00000000 292.00000000
258.00000000 134.00000000 0.00000000 291.00000000
258.00000000 135.00000000 1.00000000 289.00000000
561.00000000 411.00000000 0.00000000 287.00000000
560.00000000 426.00000000 0.00000000 286.00000000
597.00000000 532.00000000 1.00000000 285.00000000
206.00000000 518.00000000 2.00000000 282.00000000
22.00000000 66.00000000 0.00000000 278.00000000
558.00000000 457.00000000 1.00000000 276.00000000
315.00000000 497.00000000 0.00000000 274.00000000
547.00000000 421.00000000 1.00000000 274.00000000
562.00000000 408.00000000 1.00000000 269.00000000
299.00000000 234.00000000 1.00000000 268.00000000
554.00000000 436.00000000 0.00000000 266.00000000
101.00000000 521.00000000 1.00000000 259.00000000
126.00000000 513.00000000 1.00000000 256.00000000
315.00000000 38.00000000 1.00000000 252.00000000
608.00000000 519.00000000 1.00000000 249.00000000
129.00000000 522.00000000 0.00000000 249.00000000
207.00000000 517.00000000 1.00000000 249.00000000
561.00000000 411.00000000 1.00000000 248.00000000
766.00000000 284.00000000 0.00000000 247.00000000
305.00000000 537.00000000 0.00000000 247.00000000
576.00000000 445.00000000 1.00000000 246.00000000
344.00000000 197.00000000 0.00000000 244.00000000
560.00000000 427.00000000 1.00000000 230.00000000
510.00000000 405.00000000 0.00000000 228.00000000
19.00000000 255.00000000 0.00000000 228.00000000
268.00000000 333.00000000 0.00000000 227.00000000
538.00000000 274.00000000 1.00000000 226.00000000
597.00000000 533.00000000 0.00000000 225.00000000
140.00000000 194.00000000 0.00000000 224.00000000
96.00000000 309.00000000 0.00000000 222.00000000
184.00000000 144.00000000 1.00000000 221.00000000
381.00000000 42.00000000 0.00000000 221.00000000
607.00000000 519.00000000 1.00000000 220.00000000
416.00000000 418.00000000 1.00000000 220.00000000
598.00000000 531.00000000 1.00000000 219.00000000
402.00000000 40.00000000 2.00000000 218.00000000
558.00000000 456.00000000 0.00000000 218.00000000
280.00000000 301.00000000 0.00000000 218.00000000
332.00000000 155.00000000 0.00000000 217.00000000
115.00000000 99.00000000 0.00000000 217.00000000
203.00000000 520.00000000 2.00000000 216.00000000
314.00000000 38.00000000 1.00000000 216.00000000
547.00000000 422.00000000 1.00000000 215.00000000
347.00000000 258.00000000 0.00000000 211.00000000
776.00000000 313.00000000 1.00000000 211.00000000
87.00000000 292.00000000 0.00000000 210.00000000
300.00000000 234.00000000 1.00000000 209.00000000
79.00000000 287.00000000 1.00000000 208.00000000
562.00000000 410.00000000 2.00000000 206.00000000
94.00000000 301.00000000 1.00000000 205.00000000
632.00000000 236.00000000 0.00000000 205.00000000
608.00000000 517.00000000 0.00000000 204.00000000
22.00000000 66.00000000 1.00000000 204.00000000
143.00000000 101.00000000 0.00000000 204.00000000
310.00000000 404.00000000 0.00000000 202.00000000
46.00000000 342.00000000 0.00000000 201.00000000
274.00000000 315.00000000 1.00000000 201.00000000
655.00000000 316.00000000 0.00000000 201.00000000
137.00000000 442.00000000 1.00000000 200.00000000
703.00000000 270.00000000 1.00000000 200.00000000
557.00000000 517.00000000 1.00000000 200.00000000
355.00000000 34.00000000 0.00000000 199.00000000
265.00000000 342.00000000 0.00000000 198.00000000
96.00000000 275.00000000 0.00000000 197.00000000
33.00000000 281.00000000 0.00000000 197.00000000
274.00000000 316.00000000 2.00000000 196.00000000
809.00000000 265.00000000 1.00000000 196.00000000
408.00000000 31.00000000 0.00000000 195.00000000
153.00000000 333.00000000 0.00000000 195.00000000
766.00000000 284.00000000 1.00000000 195.00000000
405.00000000 543.00000000 0.00000000 194.00000000
269.00000000 333.00000000 1.00000000 193.00000000
156.00000000 312.00000000 4.00000000 192.00000000
161.00000000 526.00000000 0.00000000 192.00000000
557.00000000 516.00000000 0.00000000 192.00000000
153.00000000 334.00000000 1.00000000 191.00000000
241.00000000 331.00000000 1.00000000 191.00000000
332.00000000 156.00000000 1.00000000 191.00000000
633.00000000 236.00000000 1.00000000 190.00000000
41.00000000 179.00000000 0.00000000 190.00000000
554.00000000 437.00000000 1.00000000 190.00000000
30.00000000 259.00000000 0.00000000 190.00000000
576.00000000 447.00000000 1.00000000 190.00000000
702.00000000 270.00000000 0.00000000 189.00000000
513.00000000 393.00000000 0.00000000 189.00000000
546.00000000 424.00000000 2.00000000 189.00000000
154.00000000 460.00000000 0.00000000 189.00000000
330.00000000 108.00000000 0.00000000 189.00000000
740.00000000 257.00000000 1.00000000 188.00000000
260.00000000 195.00000000 0.00000000 188.00000000
776.00000000 312.00000000 0.00000000 186.00000000
417.00000000 418.00000000 1.00000000 186.00000000
387.00000000 400.00000000 0.00000000 185.00000000
328.00000000 136.00000000 2.00000000 185.00000000
240.00000000 330.00000000 1.00000000 185.00000000
261.00000000 123.00000000 0.00000000 184.00000000
758.00000000 202.00000000 0.00000000 184.00000000
295.00000000 183.00000000 1.00000000 184.00000000
93.00000000 301.00000000 1.00000000 184.00000000
415.00000000 429.00000000 2.00000000 183.00000000
330.00000000 154.00000000 1.00000000 183.00000000
315.00000000 458.00000000 0.00000000 182.00000000
540.00000000 526.00000000 2.00000000 182.00000000
449.00000000 518.00000000 0.00000000 182.00000000
336.00000000 256.00000000 0.00000000 182.00000000
52.00000000 222.00000000 0.00000000 181.00000000
213.00000000 618.00000000 0.00000000 181.00000000
324.00000000 323.00000000 0.00000000 180.00000000
299.00000000 75.00000000 0.00000000 178.00000000
313.00000000 38.00000000 0.00000000 177.00000000
404.00000000 535.00000000 0.00000000 177.00000000
66.00000000 484.00000000 0.00000000 176.00000000
158.00000000 313.00000000 2.00000000 163.00000000
272.00000000 312.00000000 4.00000000 159.00000000
543.00000000 424.00000000 5.00000000 155.00000000
