680.00000000 517.00000000 1.00000000 521.00000000
1045.00000000 395.00000000 1.00000000 484.00000000
680.00000000 518.00000000 2.00000000 442.00000000
1045.00000000 395.00000000 1.00000000 422.00000000
681.00000000 516.00000000 1.00000000 421.00000000
1025.00000000 369.00000000 1.00000000 377.00000000
1045.00000000 395.00000000 0.00000000 376.00000000
1141.00000000 301.00000000 1.00000000 375.00000000
1024.00000000 369.00000000 0.00000000 337.00000000
1142.00000000 392.00000000 2.00000000 335.00000000
1141.00000000 300.00000000 0.00000000 334.00000000
1298.00000000 905.00000000 0.00000000 331.00000000
1224.00000000 594.00000000 2.00000000 329.00000000
1081.00000000 395.00000000 1.00000000 328.00000000
1142.00000000 393.00000000 2.00000000 327.00000000
725.00000000 321.00000000 0.00000000 314.00000000
1141.00000000 302.00000000 1.00000000 309.00000000
1298.00000000 898.00000000 0.00000000 306.00000000
1204.00000000 287.00000000 0.00000000 295.00000000
1025.00000000 369.00000000 1.00000000 294.00000000
1141.00000000 391.00000000 1.00000000 292.00000000
680.00000000 514.00000000 0.00000000 290.00000000
1064.00000000 236.00000000 0.00000000 290.00000000
1223.00000000 592.00000000 1.00000000 288.00000000
772.00000000 500.00000000 2.00000000 284.00000000
1299.00000000 906.00000000 1.00000000 284.00000000
1006.00000000 374.00000000 1.00000000 280.00000000
752.00000000 340.00000000 4.00000000 274.00000000
816.00000000 475.00000000 1.00000000 274.00000000
864.00000000 713.00000000 0.00000000 266.00000000
830.00000000 487.00000000 1.00000000 265.00000000
754.00000000 344.00000000 1.00000000 264.00000000
1007.00000000 374.00000000 1.00000000 263.00000000
1064.00000000 237.00000000 1.00000000 261.00000000
749.00000000 339.00000000 2.00000000 259.00000000
817.00000000 473.00000000 1.00000000 258.00000000
1062.00000000 247.00000000 0.00000000 258.00000000
950.00000000 388.00000000 2.00000000 257.00000000
950.00000000 387.00000000 2.00000000 255.00000000
847.00000000 423.00000000 1.00000000 254.00000000
1205.00000000 287.00000000 1.00000000 252.00000000
1046.00000000 396.00000000 2.00000000 252.00000000
1140.00000000 391.00000000 1.00000000 248.00000000
772.00000000 499.00000000 1.00000000 247.00000000
1059.00000000 599.00000000 1.00000000 246.00000000
1114.00000000 274.00000000 1.00000000 245.00000000
1160.00000000 340.00000000 1.00000000 244.00000000
859.00000000 309.00000000 0.00000000 243.00000000
1060.00000000 599.00000000 1.00000000 243.00000000
978.00000000 511.00000000 0.00000000 239.00000000
865.00000000 714.00000000 1.00000000 238.00000000
951.00000000 305.00000000 1.00000000 236.00000000
688.00000000 79.00000000 1.00000000 236.00000000
1081.00000000 395.00000000 0.00000000 235.00000000
688.00000000 124.00000000 0.00000000 235.00000000
952.00000000 308.00000000 2.00000000 231.00000000
861.00000000 321.00000000 0.00000000 230.00000000
689.00000000 102.00000000 0.00000000 229.00000000
1224.00000000 593.00000000 2.00000000 228.00000000
687.00000000 127.00000000 1.00000000 227.00000000
1081.00000000 395.00000000 1.00000000 227.00000000
688.00000000 126.00000000 1.00000000 225.00000000
1114.00000000 273.00000000 0.00000000 225.00000000
766.00000000 547.00000000 1.00000000 224.00000000
752.00000000 343.00000000 1.00000000 221.00000000
1060.00000000 223.00000000 1.00000000 218.00000000
689.00000000 102.00000000 1.00000000 217.00000000
989.00000000 552.00000000 1.00000000 216.00000000
754.00000000 344.00000000 0.00000000 216.00000000
1140.00000000 389.00000000 0.00000000 216.00000000
1144.00000000 396.00000000 4.00000000 214.00000000
914.00000000 737.00000000 1.00000000 213.00000000
719.00000000 238.00000000 1.00000000 212.00000000
718.00000000 239.00000000 1.00000000 211.00000000
752.00000000 344.00000000 2.00000000 211.00000000
726.00000000 745.00000000 1.00000000 211.00000000
830.00000000 487.00000000 0.00000000 211.00000000
726.00000000 338.00000000 0.00000000 209.00000000
987.00000000 528.00000000 0.00000000 209.00000000
1216.00000000 328.00000000 1.00000000 204.00000000
1116.00000000 284.00000000 1.00000000 204.00000000
688.00000000 36.00000000 0.00000000 204.00000000
968.00000000 749.00000000 1.00000000 203.00000000
1260.00000000 912.00000000 0.00000000 203.00000000
832.00000000 243.00000000 0.00000000 198.00000000
811.00000000 486.00000000 1.00000000 197.00000000
980.00000000 302.00000000 1.00000000 196.00000000
688.00000000 37.00000000 1.00000000 196.00000000
719.00000000 238.00000000 0.00000000 190.00000000
1004.00000000 567.00000000 0.00000000 190.00000000
811.00000000 485.00000000 0.00000000 188.00000000
836.00000000 708.00000000 0.00000000 188.00000000
923.00000000 497.00000000 0.00000000 187.00000000
1216.00000000 327.00000000 0.00000000 187.00000000
837.00000000 620.00000000 0.00000000 186.00000000
940.00000000 420.00000000 0.00000000 184.00000000
732.00000000 670.00000000 0.00000000 184.00000000
816.00000000 475.00000000 0.00000000 179.00000000
659.00000000 526.00000000 0.00000000 178.00000000
819.00000000 329.00000000 0.00000000 178.00000000
854.00000000 234.00000000 0.00000000 177.00000000
1067.00000000 468.00000000 0.00000000 176.00000000
1092.00000000 226.00000000 0.00000000 175.00000000
688.00000000 79.00000000 0.00000000 175.00000000
1159.00000000 338.00000000 0.00000000 174.00000000
740.00000000 253.00000000 0.00000000 172.00000000
1176.00000000 530.00000000 0.00000000 172.00000000
779.00000000 403.00000000 0.00000000 172.00000000
1061.00000000 222.00000000 0.00000000 172.00000000
852.00000000 446.00000000 0.00000000 172.00000000
847.00000000 422.00000000 0.00000000 171.00000000
1096.00000000 232.00000000 0.00000000 171.00000000
766.00000000 546.00000000 0.00000000 170.00000000
989.00000000 551.00000000 0.00000000 169.00000000
1006.00000000 373.00000000 0.00000000 169.00000000
1109.00000000 242.00000000 0.00000000 168.00000000
968.00000000 748.00000000 0.00000000 168.00000000
869.00000000 405.00000000 0.00000000 168.00000000
1045.00000000 453.00000000 0.00000000 167.00000000
1021.00000000 499.00000000 0.00000000 167.00000000
1172.00000000 434.00000000 0.00000000 166.00000000
1298.00000000 913.00000000 0.00000000 164.00000000
688.00000000 89.00000000 0.00000000 164.00000000
750.00000000 483.00000000 0.00000000 163.00000000
752.00000000 339.00000000 5.00000000 162.00000000
357.00000000 471.00000000 0.00000000 161.00000000
718.00000000 564.00000000 0.00000000 161.00000000
