456.00000000 496.00000000 0.00000000 587.00000000
456.00000000 496.00000000 1.00000000 576.00000000
1045.00000000 219.00000000 1.00000000 469.00000000
987.00000000 299.00000000 0.00000000 456.00000000
593.00000000 542.00000000 0.00000000 454.00000000
1045.00000000 219.00000000 1.00000000 451.00000000
333.00000000 487.00000000 0.00000000 436.00000000
528.00000000 459.00000000 0.00000000 431.00000000
566.00000000 525.00000000 0.00000000 430.00000000
455.00000000 470.00000000 0.00000000 430.00000000
586.00000000 603.00000000 0.00000000 427.00000000
991.00000000 122.00000000 1.00000000 424.00000000
351.00000000 671.00000000 1.00000000 423.00000000
987.00000000 300.00000000 1.00000000 411.00000000
548.00000000 151.00000000 0.00000000 410.00000000
83.00000000 253.00000000 0.00000000 409.00000000
318.00000000 344.00000000 0.00000000 394.00000000
25.00000000 610.00000000 1.00000000 394.00000000
587.00000000 604.00000000 1.00000000 387.00000000
552.00000000 534.00000000 0.00000000 380.00000000
455.00000000 470.00000000 1.00000000 374.00000000
1044.00000000 218.00000000 2.00000000 371.00000000
594.00000000 511.00000000 0.00000000 370.00000000
566.00000000 525.00000000 1.00000000 369.00000000
548.00000000 177.00000000 0.00000000 364.00000000
552.00000000 534.00000000 1.00000000 361.00000000
666.00000000 531.00000000 0.00000000 358.00000000
25.00000000 610.00000000 0.00000000 355.00000000
333.00000000 488.00000000 1.00000000 351.00000000
553.00000000 508.00000000 0.00000000 347.00000000
490.00000000 55.00000000 0.00000000 346.00000000
74.00000000 494.00000000 0.00000000 342.00000000
221.00000000 372.00000000 0.00000000 341.00000000
1043.00000000 217.00000000 2.00000000 340.00000000
661.00000000 764.00000000 1.00000000 339.00000000
519.00000000 93.00000000 0.00000000 337.00000000
318.00000000 345.00000000 1.00000000 337.00000000
1045.00000000 219.00000000 0.00000000 332.00000000
661.00000000 763.00000000 0.00000000 331.00000000
562.00000000 558.00000000 0.00000000 331.00000000
991.00000000 120.00000000 0.00000000 331.00000000
75.00000000 495.00000000 1.00000000 330.00000000
429.00000000 60.00000000 0.00000000 330.00000000
572.00000000 615.00000000 0.00000000 328.00000000
95.00000000 269.00000000 0.00000000 327.00000000
554.00000000 508.00000000 1.00000000 325.00000000
593.00000000 542.00000000 1.00000000 325.00000000
573.00000000 615.00000000 1.00000000 319.00000000
548.00000000 151.00000000 1.00000000 318.00000000
108.00000000 304.00000000 4.00000000 317.00000000
562.00000000 558.00000000 1.00000000 314.00000000
826.00000000 400.00000000 0.00000000 310.00000000
72.00000000 458.00000000 1.00000000 309.00000000
347.00000000 514.00000000 1.00000000 309.00000000
1067.00000000 229.00000000 0.00000000 307.00000000
581.00000000 521.00000000 0.00000000 307.00000000
95.00000000 269.00000000 1.00000000 306.00000000
14.00000000 434.00000000 0.00000000 305.00000000
528.00000000 460.00000000 1.00000000 304.00000000
221.00000000 372.00000000 1.00000000 304.00000000
185.00000000 106.00000000 1.00000000 303.00000000
552.00000000 52.00000000 0.00000000 303.00000000
590.00000000 572.00000000 0.00000000 303.00000000
351.00000000 668.00000000 0.00000000 301.00000000
666.00000000 531.00000000 1.00000000 301.00000000
535.00000000 473.00000000 0.00000000 301.00000000
560.00000000 583.00000000 1.00000000 300.00000000
578.00000000 546.00000000 1.00000000 297.00000000
581.00000000 521.00000000 1.00000000 293.00000000
221.00000000 701.00000000 0.00000000 293.00000000
107.00000000 523.00000000 2.00000000 284.00000000
181.00000000 117.00000000 1.00000000 283.00000000
827.00000000 401.00000000 1.00000000 283.00000000
992.00000000 123.00000000 1.00000000 282.00000000
83.00000000 254.00000000 1.00000000 280.00000000
560.00000000 583.00000000 0.00000000 279.00000000
1114.00000000 352.00000000 0.00000000 278.00000000
86.00000000 246.00000000 0.00000000 278.00000000
976.00000000 133.00000000 1.00000000 274.00000000
1044.00000000 220.00000000 4.00000000 274.00000000
221.00000000 134.00000000 0.00000000 272.00000000
181.00000000 116.00000000 0.00000000 272.00000000
125.00000000 95.00000000 1.00000000 271.00000000
988.00000000 301.00000000 1.00000000 271.00000000
104.00000000 299.00000000 2.00000000 271.00000000
57.00000000 222.00000000 0.00000000 271.00000000
48.00000000 467.00000000 0.00000000 267.00000000
1035.00000000 231.00000000 0.00000000 266.00000000
25.00000000 610.00000000 1.00000000 265.00000000
674.00000000 620.00000000 2.00000000 262.00000000
497.00000000 215.00000000 0.00000000 261.00000000
467.00000000 164.00000000 0.00000000 257.00000000
578.00000000 547.00000000 0.00000000 256.00000000
43.00000000 409.00000000 0.00000000 253.00000000
141.00000000 749.00000000 0.00000000 251.00000000
82.00000000 260.00000000 0.00000000 250.00000000
333.00000000 490.00000000 1.00000000 250.00000000
74.00000000 226.00000000 1.00000000 246.00000000
878.00000000 345.00000000 0.00000000 244.00000000
736.00000000 444.00000000 1.00000000 244.00000000
616.00000000 557.00000000 1.00000000 244.00000000
455.00000000 497.00000000 1.00000000 243.00000000
214.00000000 129.00000000 0.00000000 240.00000000
548.00000000 151.00000000 1.00000000 236.00000000
586.00000000 639.00000000 0.00000000 236.00000000
352.00000000 671.00000000 1.00000000 235.00000000
279.00000000 409.00000000 0.00000000 235.00000000
251.00000000 384.00000000 0.00000000 234.00000000
74.00000000 263.00000000 0.00000000 234.00000000
125.00000000 94.00000000 0.00000000 233.00000000
618.00000000 630.00000000 2.00000000 233.00000000
988.00000000 300.00000000 2.00000000 231.00000000
616.00000000 556.00000000 2.00000000 231.00000000
575.00000000 576.00000000 0.00000000 230.00000000
567.00000000 58.00000000 0.00000000 228.00000000
104.00000000 296.00000000 2.00000000 228.00000000
185.00000000 106.00000000 1.00000000 227.00000000
977.00000000 132.00000000 1.00000000 226.00000000
101.00000000 260.00000000 0.00000000 223.00000000
110.00000000 518.00000000 2.00000000 223.00000000
560.00000000 582.00000000 1.00000000 223.00000000
72.00000000 458.00000000 2.00000000 222.00000000
236.00000000 454.00000000 0.00000000 222.00000000
315.00000000 474.00000000 0.00000000 221.00000000
235.00000000 749.00000000 0.00000000 220.00000000
53.00000000 656.00000000 2.00000000 212.00000000
379.00000000 441.00000000 5.00000000 212.00000000
