444.00000000 562.00000000 1.00000000 547.00000000
444.00000000 564.00000000 2.00000000 506.00000000
30.00000000 900.00000000 2.00000000 499.00000000
31.00000000 896.00000000 1.00000000 489.00000000
32.00000000 896.00000000 1.00000000 486.00000000
784.00000000 415.00000000 1.00000000 440.00000000
572.00000000 107.00000000 1.00000000 415.00000000
178.00000000 940.00000000 2.00000000 411.00000000
315.00000000 710.00000000 1.00000000 400.00000000
444.00000000 564.00000000 1.00000000 396.00000000
175.00000000 939.00000000 2.00000000 388.00000000
482.00000000 339.00000000 1.00000000 385.00000000
33.00000000 895.00000000 0.00000000 385.00000000
860.00000000 156.00000000 1.00000000 385.00000000
519.00000000 370.00000000 1.00000000 378.00000000
376.00000000 753.00000000 1.00000000 369.00000000
750.00000000 415.00000000 1.00000000 361.00000000
141.00000000 497.00000000 1.00000000 360.00000000
376.00000000 753.00000000 1.00000000 358.00000000
785.00000000 417.00000000 1.00000000 352.00000000
860.00000000 156.00000000 2.00000000 350.00000000
859.00000000 155.00000000 1.00000000 347.00000000
803.00000000 370.00000000 0.00000000 345.00000000
810.00000000 572.00000000 1.00000000 344.00000000
719.00000000 416.00000000 1.00000000 344.00000000
823.00000000 420.00000000 0.00000000 343.00000000
702.00000000 350.00000000 1.00000000 341.00000000
178.00000000 937.00000000 1.00000000 340.00000000
701.00000000 350.00000000 1.00000000 335.00000000
581.00000000 364.00000000 1.00000000 335.00000000
448.00000000 794.00000000 1.00000000 335.00000000
482.00000000 339.00000000 1.00000000 335.00000000
143.00000000 496.00000000 1.00000000 333.00000000
482.00000000 342.00000000 2.00000000 332.00000000
616.00000000 193.00000000 0.00000000 332.00000000
803.00000000 371.00000000 1.00000000 328.00000000
750.00000000 416.00000000 1.00000000 328.00000000
744.00000000 395.00000000 1.00000000 328.00000000
793.00000000 430.00000000 1.00000000 327.00000000
696.00000000 214.00000000 2.00000000 325.00000000
519.00000000 370.00000000 1.00000000 325.00000000
376.00000000 756.00000000 2.00000000 324.00000000
245.00000000 465.00000000 1.00000000 323.00000000
880.00000000 399.00000000 1.00000000 320.00000000
809.00000000 427.00000000 1.00000000 319.00000000
766.00000000 354.00000000 0.00000000 317.00000000
758.00000000 379.00000000 0.00000000 317.00000000
695.00000000 211.00000000 1.00000000 314.00000000
316.00000000 710.00000000 0.00000000 314.00000000
732.00000000 423.00000000 1.00000000 313.00000000
172.00000000 940.00000000 4.00000000 311.00000000
580.00000000 366.00000000 2.00000000 310.00000000
920.00000000 240.00000000 1.00000000 308.00000000
328.00000000 717.00000000 1.00000000 307.00000000
616.00000000 193.00000000 1.00000000 307.00000000
780.00000000 571.00000000 0.00000000 306.00000000
766.00000000 355.00000000 1.00000000 306.00000000
695.00000000 212.00000000 1.00000000 305.00000000
719.00000000 415.00000000 0.00000000 304.00000000
809.00000000 427.00000000 0.00000000 304.00000000
779.00000000 551.00000000 0.00000000 303.00000000
791.00000000 355.00000000 1.00000000 301.00000000
327.00000000 716.00000000 0.00000000 300.00000000
860.00000000 155.00000000 0.00000000 298.00000000
745.00000000 390.00000000 0.00000000 298.00000000
572.00000000 106.00000000 0.00000000 297.00000000
625.00000000 420.00000000 0.00000000 295.00000000
562.00000000 215.00000000 0.00000000 294.00000000
903.00000000 220.00000000 1.00000000 290.00000000
376.00000000 752.00000000 0.00000000 288.00000000
701.00000000 353.00000000 2.00000000 287.00000000
444.00000000 565.00000000 2.00000000 285.00000000
731.00000000 422.00000000 0.00000000 284.00000000
702.00000000 348.00000000 0.00000000 283.00000000
596.00000000 130.00000000 0.00000000 283.00000000
810.00000000 569.00000000 1.00000000 283.00000000
754.00000000 368.00000000 1.00000000 281.00000000
695.00000000 214.00000000 2.00000000 280.00000000
448.00000000 793.00000000 1.00000000 279.00000000
695.00000000 210.00000000 0.00000000 278.00000000
624.00000000 396.00000000 0.00000000 276.00000000
571.00000000 195.00000000 0.00000000 275.00000000
798.00000000 388.00000000 0.00000000 272.00000000
762.00000000 434.00000000 0.00000000 270.00000000
722.00000000 96.00000000 0.00000000 269.00000000
196.00000000 699.00000000 1.00000000 268.00000000
562.00000000 216.00000000 1.00000000 268.00000000
780.00000000 571.00000000 1.00000000 268.00000000
787.00000000 376.00000000 0.00000000 266.00000000
871.00000000 468.00000000 0.00000000 265.00000000
482.00000000 337.00000000 0.00000000 265.00000000
791.00000000 355.00000000 0.00000000 261.00000000
142.00000000 494.00000000 0.00000000 259.00000000
700.00000000 356.00000000 4.00000000 255.00000000
1056.00000000 236.00000000 0.00000000 254.00000000
449.00000000 791.00000000 0.00000000 252.00000000
750.00000000 411.00000000 0.00000000 250.00000000
793.00000000 429.00000000 0.00000000 244.00000000
864.00000000 168.00000000 0.00000000 242.00000000
731.00000000 436.00000000 0.00000000 240.00000000
750.00000000 417.00000000 0.00000000 240.00000000
823.00000000 427.00000000 0.00000000 239.00000000
398.00000000 656.00000000 0.00000000 238.00000000
330.00000000 475.00000000 0.00000000 236.00000000
245.00000000 465.00000000 0.00000000 235.00000000
1088.00000000 359.00000000 0.00000000 233.00000000
903.00000000 219.00000000 0.00000000 233.00000000
664.00000000 309.00000000 0.00000000 231.00000000
444.00000000 564.00000000 0.00000000 230.00000000
580.00000000 343.00000000 0.00000000 228.00000000
429.00000000 788.00000000 0.00000000 228.00000000
880.00000000 399.00000000 0.00000000 228.00000000
272.00000000 299.00000000 0.00000000 228.00000000
274.00000000 436.00000000 0.00000000 223.00000000
655.00000000 328.00000000 0.00000000 223.00000000
395.00000000 411.00000000 0.00000000 222.00000000
876.00000000 401.00000000 5.00000000 221.00000000
794.00000000 408.00000000 0.00000000 221.00000000
441.00000000 519.00000000 0.00000000 218.00000000
657.00000000 316.00000000 0.00000000 217.00000000
587.00000000 126.00000000 0.00000000 217.00000000
525.00000000 447.00000000 0.00000000 217.00000000
598.00000000 185.00000000 0.00000000 216.00000000
718.00000000 304.00000000 0.00000000 216.00000000
810.00000000 567.00000000 0.00000000 214.00000000
785.00000000 417.00000000 0.00000000 213.00000000
415.00000000 514.00000000 0.00000000 213.00000000
