278.00000000 154.00000000 2.00000000 557.00000000
277.00000000 155.00000000 2.00000000 543.00000000
79.00000000 292.00000000 0.00000000 525.00000000
278.00000000 154.00000000 1.00000000 509.00000000
1004.00000000 355.00000000 1.00000000 490.00000000
240.00000000 201.00000000 1.00000000 480.00000000
149.00000000 216.00000000 1.00000000 463.00000000
240.00000000 200.00000000 0.00000000 457.00000000
280.00000000 153.00000000 1.00000000 456.00000000
147.00000000 214.00000000 2.00000000 455.00000000
280.00000000 156.00000000 4.00000000 443.00000000
144.00000000 216.00000000 4.00000000 439.00000000
230.00000000 481.00000000 0.00000000 434.00000000
148.00000000 214.00000000 2.00000000 424.00000000
148.00000000 216.00000000 1.00000000 422.00000000
1004.00000000 355.00000000 0.00000000 415.00000000
680.00000000 307.00000000 1.00000000 414.00000000
302.00000000 373.00000000 1.00000000 394.00000000
1005.00000000 354.00000000 1.00000000 394.00000000
29.00000000 314.00000000 0.00000000 390.00000000
72.00000000 70.00000000 1.00000000 387.00000000
352.00000000 610.00000000 0.00000000 383.00000000
353.00000000 611.00000000 1.00000000 382.00000000
280.00000000 152.00000000 0.00000000 381.00000000
85.00000000 310.00000000 0.00000000 376.00000000
236.00000000 567.00000000 0.00000000 369.00000000
149.00000000 216.00000000 0.00000000 367.00000000
680.00000000 306.00000000 0.00000000 365.00000000
239.00000000 200.00000000 1.00000000 353.00000000
451.00000000 680.00000000 1.00000000 352.00000000
1050.00000000 354.00000000 0.00000000 349.00000000
753.00000000 306.00000000 0.00000000 348.00000000
451.00000000 679.00000000 0.00000000 347.00000000
412.00000000 318.00000000 0.00000000 346.00000000
72.00000000 71.00000000 1.00000000 345.00000000
534.00000000 117.00000000 1.00000000 344.00000000
309.00000000 383.00000000 0.00000000 343.00000000
341.00000000 539.00000000 0.00000000 343.00000000
767.00000000 462.00000000 0.00000000 341.00000000
94.00000000 364.00000000 2.00000000 330.00000000
318.00000000 442.00000000 1.00000000 326.00000000
302.00000000 372.00000000 0.00000000 322.00000000
318.00000000 443.00000000 1.00000000 320.00000000
275.00000000 225.00000000 1.00000000 319.00000000
80.00000000 293.00000000 1.00000000 317.00000000
277.00000000 158.00000000 5.00000000 315.00000000
274.00000000 226.00000000 1.00000000 315.00000000
473.00000000 379.00000000 0.00000000 315.00000000
534.00000000 117.00000000 0.00000000 315.00000000
503.00000000 100.00000000 1.00000000 314.00000000
302.00000000 373.00000000 1.00000000 313.00000000
503.00000000 99.00000000 0.00000000 313.00000000
704.00000000 332.00000000 1.00000000 313.00000000
688.00000000 531.00000000 0.00000000 312.00000000
410.00000000 101.00000000 1.00000000 309.00000000
533.00000000 117.00000000 1.00000000 308.00000000
502.00000000 24.00000000 0.00000000 308.00000000
330.00000000 87.00000000 0.00000000 306.00000000
725.00000000 115.00000000 0.00000000 306.00000000
680.00000000 306.00000000 1.00000000 306.00000000
545.00000000 82.00000000 0.00000000 303.00000000
506.00000000 60.00000000 0.00000000 302.00000000
308.00000000 384.00000000 1.00000000 300.00000000
779.00000000 492.00000000 1.00000000 296.00000000
86.00000000 311.00000000 1.00000000 296.00000000
870.00000000 201.00000000 0.00000000 295.00000000
53.00000000 356.00000000 2.00000000 293.00000000
767.00000000 463.00000000 1.00000000 293.00000000
857.00000000 142.00000000 0.00000000 292.00000000
415.00000000 369.00000000 0.00000000 292.00000000
410.00000000 100.00000000 1.00000000 291.00000000
308.00000000 386.00000000 1.00000000 291.00000000
329.00000000 325.00000000 0.00000000 288.00000000
72.00000000 72.00000000 0.00000000 287.00000000
491.00000000 538.00000000 0.00000000 287.00000000
94.00000000 363.00000000 1.00000000 286.00000000
95.00000000 362.00000000 1.00000000 286.00000000
374.00000000 550.00000000 1.00000000 286.00000000
341.00000000 539.00000000 1.00000000 286.00000000
21.00000000 376.00000000 0.00000000 280.00000000
513.00000000 499.00000000 0.00000000 279.00000000
149.00000000 555.00000000 1.00000000 277.00000000
237.00000000 651.00000000 0.00000000 277.00000000
516.00000000 374.00000000 2.00000000 275.00000000
31.00000000 240.00000000 1.00000000 275.00000000
360.00000000 305.00000000 0.00000000 275.00000000
390.00000000 458.00000000 1.00000000 274.00000000
753.00000000 307.00000000 1.00000000 274.00000000
118.00000000 348.00000000 0.00000000 274.00000000
926.00000000 582.00000000 1.00000000 273.00000000
23.00000000 101.00000000 1.00000000 269.00000000
1006.00000000 356.00000000 2.00000000 269.00000000
353.00000000 612.00000000 1.00000000 268.00000000
814.00000000 68.00000000 0.00000000 268.00000000
776.00000000 175.00000000 0.00000000 267.00000000
620.00000000 800.00000000 0.00000000 267.00000000
415.00000000 370.00000000 1.00000000 267.00000000
486.00000000 45.00000000 0.00000000 266.00000000
1072.00000000 328.00000000 1.00000000 265.00000000
31.00000000 44.00000000 1.00000000 265.00000000
693.00000000 710.00000000 0.00000000 265.00000000
523.00000000 72.00000000 0.00000000 265.00000000
598.00000000 290.00000000 0.00000000 265.00000000
1050.00000000 355.00000000 1.00000000 264.00000000
72.00000000 70.00000000 2.00000000 264.00000000
389.00000000 458.00000000 0.00000000 262.00000000
29.00000000 240.00000000 0.00000000 261.00000000
264.00000000 237.00000000 1.00000000 261.00000000
755.00000000 50.00000000 0.00000000 259.00000000
410.00000000 101.00000000 0.00000000 259.00000000
274.00000000 226.00000000 2.00000000 259.00000000
95.00000000 369.00000000 0.00000000 258.00000000
521.00000000 437.00000000 0.00000000 258.00000000
704.00000000 332.00000000 0.00000000 257.00000000
475.00000000 19.00000000 0.00000000 255.00000000
596.00000000 297.00000000 0.00000000 254.00000000
387.00000000 364.00000000 2.00000000 254.00000000
236.00000000 499.00000000 0.00000000 251.00000000
23.00000000 101.00000000 0.00000000 250.00000000
362.00000000 186.00000000 2.00000000 248.00000000
22.00000000 339.00000000 0.00000000 246.00000000
284.00000000 178.00000000 0.00000000 245.00000000
337.00000000 328.00000000 0.00000000 244.00000000
245.00000000 351.00000000 0.00000000 244.00000000
994.00000000 393.00000000 0.00000000 243.00000000
550.00000000 75.00000000 0.00000000 241.00000000
317.00000000 444.00000000 0.00000000 239.00000000
