952.00000000 525.00000000 0.00000000 571.00000000
277.00000000 312.00000000 1.00000000 549.00000000
278.00000000 311.00000000 1.00000000 533.00000000
246.00000000 348.00000000 0.00000000 533.00000000
278.00000000 312.00000000 2.00000000 492.00000000
246.00000000 349.00000000 1.00000000 487.00000000
278.00000000 310.00000000 0.00000000 462.00000000
178.00000000 369.00000000 1.00000000 447.00000000
179.00000000 369.00000000 1.00000000 441.00000000
176.00000000 368.00000000 2.00000000 440.00000000
277.00000000 313.00000000 2.00000000 437.00000000
125.00000000 287.00000000 0.00000000 424.00000000
953.00000000 526.00000000 1.00000000 424.00000000
178.00000000 369.00000000 0.00000000 420.00000000
295.00000000 463.00000000 1.00000000 417.00000000
110.00000000 469.00000000 2.00000000 412.00000000
126.00000000 287.00000000 1.00000000 408.00000000
295.00000000 463.00000000 0.00000000 398.00000000
25.00000000 403.00000000 1.00000000 390.00000000
301.00000000 471.00000000 1.00000000 388.00000000
950.00000000 500.00000000 0.00000000 386.00000000
504.00000000 189.00000000 1.00000000 384.00000000
811.00000000 358.00000000 0.00000000 384.00000000
492.00000000 197.00000000 0.00000000 383.00000000
110.00000000 468.00000000 2.00000000 382.00000000
506.00000000 496.00000000 1.00000000 369.00000000
301.00000000 470.00000000 0.00000000 363.00000000
810.00000000 358.00000000 1.00000000 360.00000000
274.00000000 361.00000000 1.00000000 356.00000000
137.00000000 470.00000000 1.00000000 353.00000000
24.00000000 403.00000000 1.00000000 352.00000000
461.00000000 456.00000000 0.00000000 351.00000000
737.00000000 391.00000000 1.00000000 347.00000000
520.00000000 236.00000000 1.00000000 346.00000000
138.00000000 469.00000000 1.00000000 345.00000000
690.00000000 103.00000000 0.00000000 343.00000000
983.00000000 168.00000000 0.00000000 339.00000000
432.00000000 693.00000000 0.00000000 338.00000000
175.00000000 370.00000000 2.00000000 337.00000000
40.00000000 276.00000000 1.00000000 333.00000000
521.00000000 236.00000000 0.00000000 332.00000000
506.00000000 496.00000000 1.00000000 332.00000000
833.00000000 509.00000000 0.00000000 325.00000000
396.00000000 412.00000000 0.00000000 325.00000000
520.00000000 369.00000000 1.00000000 325.00000000
1009.00000000 496.00000000 0.00000000 323.00000000
339.00000000 635.00000000 0.00000000 322.00000000
983.00000000 168.00000000 1.00000000 320.00000000
398.00000000 452.00000000 0.00000000 318.00000000
504.00000000 188.00000000 0.00000000 314.00000000
146.00000000 57.00000000 0.00000000 313.00000000
357.00000000 29.00000000 0.00000000 312.00000000
453.00000000 456.00000000 0.00000000 311.00000000
99.00000000 276.00000000 0.00000000 307.00000000
488.00000000 229.00000000 0.00000000 306.00000000
339.00000000 636.00000000 1.00000000 306.00000000
458.00000000 422.00000000 1.00000000 304.00000000
178.00000000 617.00000000 1.00000000 301.00000000
395.00000000 249.00000000 1.00000000 300.00000000
432.00000000 694.00000000 1.00000000 300.00000000
703.00000000 371.00000000 1.00000000 300.00000000
703.00000000 370.00000000 0.00000000 298.00000000
280.00000000 316.00000000 4.00000000 298.00000000
1008.00000000 226.00000000 0.00000000 297.00000000
1008.00000000 226.00000000 1.00000000 295.00000000
1112.00000000 563.00000000 0.00000000 294.00000000
504.00000000 189.00000000 1.00000000 294.00000000
724.00000000 745.00000000 0.00000000 293.00000000
274.00000000 360.00000000 1.00000000 293.00000000
24.00000000 403.00000000 0.00000000 293.00000000
691.00000000 105.00000000 1.00000000 292.00000000
906.00000000 109.00000000 0.00000000 290.00000000
772.00000000 420.00000000 0.00000000 290.00000000
724.00000000 745.00000000 1.00000000 285.00000000
951.00000000 501.00000000 1.00000000 284.00000000
266.00000000 371.00000000 1.00000000 283.00000000
350.00000000 322.00000000 1.00000000 282.00000000
40.00000000 275.00000000 0.00000000 282.00000000
366.00000000 43.00000000 0.00000000 281.00000000
301.00000000 472.00000000 1.00000000 281.00000000
506.00000000 494.00000000 0.00000000 281.00000000
279.00000000 493.00000000 1.00000000 281.00000000
738.00000000 391.00000000 1.00000000 280.00000000
624.00000000 816.00000000 0.00000000 280.00000000
398.00000000 453.00000000 1.00000000 280.00000000
713.00000000 576.00000000 0.00000000 279.00000000
644.00000000 56.00000000 1.00000000 279.00000000
323.00000000 255.00000000 0.00000000 279.00000000
1061.00000000 571.00000000 0.00000000 278.00000000
868.00000000 697.00000000 0.00000000 278.00000000
188.00000000 138.00000000 0.00000000 277.00000000
273.00000000 361.00000000 0.00000000 277.00000000
349.00000000 322.00000000 1.00000000 275.00000000
519.00000000 369.00000000 0.00000000 275.00000000
132.00000000 436.00000000 0.00000000 274.00000000
1006.00000000 142.00000000 0.00000000 274.00000000
958.00000000 125.00000000 0.00000000 271.00000000
176.00000000 592.00000000 0.00000000 270.00000000
1032.00000000 540.00000000 0.00000000 268.00000000
138.00000000 468.00000000 0.00000000 264.00000000
548.00000000 260.00000000 5.00000000 263.00000000
108.00000000 472.00000000 4.00000000 261.00000000
174.00000000 162.00000000 2.00000000 261.00000000
852.00000000 538.00000000 1.00000000 260.00000000
680.00000000 86.00000000 0.00000000 259.00000000
1061.00000000 624.00000000 0.00000000 258.00000000
473.00000000 581.00000000 0.00000000 257.00000000
395.00000000 249.00000000 0.00000000 257.00000000
236.00000000 542.00000000 0.00000000 256.00000000
449.00000000 465.00000000 0.00000000 256.00000000
394.00000000 248.00000000 1.00000000 256.00000000
500.00000000 448.00000000 2.00000000 256.00000000
371.00000000 521.00000000 0.00000000 256.00000000
643.00000000 56.00000000 1.00000000 256.00000000
493.00000000 304.00000000 0.00000000 255.00000000
279.00000000 492.00000000 0.00000000 253.00000000
594.00000000 106.00000000 0.00000000 253.00000000
1009.00000000 248.00000000 0.00000000 252.00000000
673.00000000 77.00000000 0.00000000 250.00000000
596.00000000 368.00000000 0.00000000 250.00000000
232.00000000 188.00000000 0.00000000 249.00000000
702.00000000 370.00000000 1.00000000 243.00000000
507.00000000 292.00000000 1.00000000 236.00000000
296.00000000 32.00000000 2.00000000 232.00000000
68.00000000 384.00000000 2.00000000 223.00000000
348.00000000 322.00000000 2.00000000 213.00000000
67.00000000 384.00000000 2.00000000 205.00000000
