39.00000000 382.00000000 1.00000000 604.00000000
593.00000000 516.00000000 0.00000000 554.00000000
1049.00000000 337.00000000 1.00000000 529.00000000
38.00000000 383.00000000 1.00000000 508.00000000
594.00000000 516.00000000 1.00000000 504.00000000
1049.00000000 336.00000000 0.00000000 464.00000000
39.00000000 381.00000000 0.00000000 463.00000000
201.00000000 272.00000000 0.00000000 444.00000000
593.00000000 494.00000000 0.00000000 435.00000000
1049.00000000 336.00000000 1.00000000 434.00000000
194.00000000 503.00000000 1.00000000 430.00000000
1014.00000000 264.00000000 0.00000000 426.00000000
194.00000000 502.00000000 0.00000000 417.00000000
38.00000000 384.00000000 2.00000000 401.00000000
714.00000000 555.00000000 0.00000000 399.00000000
475.00000000 504.00000000 0.00000000 391.00000000
496.00000000 662.00000000 1.00000000 388.00000000
19.00000000 408.00000000 0.00000000 381.00000000
1011.00000000 389.00000000 0.00000000 374.00000000
659.00000000 487.00000000 0.00000000 368.00000000
709.00000000 604.00000000 0.00000000 362.00000000
460.00000000 379.00000000 0.00000000 359.00000000
51.00000000 490.00000000 0.00000000 357.00000000
1050.00000000 336.00000000 2.00000000 354.00000000
201.00000000 273.00000000 1.00000000 352.00000000
680.00000000 548.00000000 0.00000000 348.00000000
1091.00000000 433.00000000 0.00000000 344.00000000
212.00000000 306.00000000 0.00000000 342.00000000
1015.00000000 265.00000000 1.00000000 331.00000000
676.00000000 239.00000000 0.00000000 331.00000000
594.00000000 494.00000000 1.00000000 331.00000000
460.00000000 379.00000000 1.00000000 331.00000000
359.00000000 181.00000000 0.00000000 322.00000000
191.00000000 281.00000000 0.00000000 321.00000000
692.00000000 541.00000000 0.00000000 320.00000000
1011.00000000 390.00000000 1.00000000 316.00000000
688.00000000 568.00000000 0.00000000 315.00000000
775.00000000 548.00000000 0.00000000 314.00000000
58.00000000 185.00000000 1.00000000 310.00000000
86.00000000 384.00000000 1.00000000 307.00000000
651.00000000 188.00000000 0.00000000 306.00000000
680.00000000 159.00000000 0.00000000 305.00000000
320.00000000 149.00000000 1.00000000 300.00000000
476.00000000 505.00000000 1.00000000 298.00000000
496.00000000 661.00000000 0.00000000 296.00000000
51.00000000 490.00000000 1.00000000 295.00000000
217.00000000 289.00000000 0.00000000 294.00000000
676.00000000 260.00000000 0.00000000 293.00000000
391.00000000 411.00000000 1.00000000 291.00000000
232.00000000 324.00000000 4.00000000 290.00000000
1011.00000000 390.00000000 1.00000000 289.00000000
421.00000000 434.00000000 0.00000000 289.00000000
61.00000000 226.00000000 1.00000000 289.00000000
681.00000000 528.00000000 0.00000000 287.00000000
771.00000000 728.00000000 0.00000000 287.00000000
362.00000000 692.00000000 0.00000000 286.00000000
36.00000000 415.00000000 0.00000000 285.00000000
133.00000000 613.00000000 1.00000000 285.00000000
1004.00000000 270.00000000 0.00000000 285.00000000
391.00000000 410.00000000 0.00000000 285.00000000
1049.00000000 336.00000000 2.00000000 282.00000000
626.00000000 153.00000000 0.00000000 282.00000000
250.00000000 127.00000000 1.00000000 280.00000000
569.00000000 147.00000000 0.00000000 279.00000000
704.00000000 538.00000000 0.00000000 278.00000000
117.00000000 443.00000000 1.00000000 276.00000000
30.00000000 422.00000000 0.00000000 276.00000000
1111.00000000 468.00000000 0.00000000 275.00000000
56.00000000 185.00000000 1.00000000 274.00000000
60.00000000 225.00000000 0.00000000 274.00000000
697.00000000 613.00000000 0.00000000 273.00000000
702.00000000 559.00000000 0.00000000 273.00000000
132.00000000 612.00000000 0.00000000 272.00000000
735.00000000 567.00000000 1.00000000 271.00000000
36.00000000 416.00000000 1.00000000 270.00000000
86.00000000 383.00000000 0.00000000 270.00000000
712.00000000 579.00000000 0.00000000 270.00000000
1091.00000000 433.00000000 1.00000000 269.00000000
682.00000000 527.00000000 1.00000000 269.00000000
704.00000000 538.00000000 1.00000000 268.00000000
680.00000000 549.00000000 1.00000000 267.00000000
476.00000000 507.00000000 1.00000000 266.00000000
74.00000000 601.00000000 0.00000000 266.00000000
710.00000000 604.00000000 1.00000000 265.00000000
702.00000000 559.00000000 1.00000000 265.00000000
1109.00000000 509.00000000 0.00000000 264.00000000
201.00000000 334.00000000 0.00000000 263.00000000
250.00000000 127.00000000 0.00000000 260.00000000
315.00000000 158.00000000 0.00000000 260.00000000
190.00000000 466.00000000 1.00000000 260.00000000
899.00000000 454.00000000 0.00000000 258.00000000
651.00000000 189.00000000 1.00000000 256.00000000
1042.00000000 345.00000000 0.00000000 256.00000000
43.00000000 449.00000000 1.00000000 255.00000000
1109.00000000 510.00000000 1.00000000 254.00000000
377.00000000 473.00000000 1.00000000 253.00000000
193.00000000 503.00000000 1.00000000 253.00000000
492.00000000 528.00000000 1.00000000 252.00000000
390.00000000 411.00000000 1.00000000 251.00000000
192.00000000 246.00000000 1.00000000 249.00000000
716.00000000 531.00000000 0.00000000 249.00000000
96.00000000 267.00000000 0.00000000 249.00000000
188.00000000 311.00000000 0.00000000 247.00000000
208.00000000 407.00000000 0.00000000 247.00000000
319.00000000 149.00000000 0.00000000 246.00000000
359.00000000 396.00000000 0.00000000 246.00000000
170.00000000 239.00000000 0.00000000 244.00000000
119.00000000 328.00000000 0.00000000 243.00000000
135.00000000 643.00000000 0.00000000 243.00000000
376.00000000 472.00000000 0.00000000 241.00000000
56.00000000 186.00000000 2.00000000 236.00000000
1012.00000000 390.00000000 2.00000000 235.00000000
250.00000000 128.00000000 1.00000000 233.00000000
161.00000000 449.00000000 1.00000000 225.00000000
42.00000000 387.00000000 2.00000000 223.00000000
735.00000000 567.00000000 1.00000000 221.00000000
132.00000000 613.00000000 1.00000000 219.00000000
98.00000000 474.00000000 2.00000000 217.00000000
319.00000000 149.00000000 1.00000000 216.00000000
1013.00000000 265.00000000 1.00000000 215.00000000
231.00000000 328.00000000 5.00000000 215.00000000
476.00000000 510.00000000 2.00000000 214.00000000
229.00000000 319.00000000 2.00000000 211.00000000
736.00000000 624.00000000 2.00000000 209.00000000
168.00000000 656.00000000 4.00000000 202.00000000
782.00000000 616.00000000 2.00000000 195.00000000
234.00000000 531.00000000 2.00000000 193.00000000
