303.00000000 504.00000000 0.00000000 609.00000000
12.00000000 605.00000000 0.00000000 530.00000000
303.00000000 505.00000000 1.00000000 479.00000000
473.00000000 548.00000000 0.00000000 468.00000000
802.00000000 256.00000000 1.00000000 456.00000000
872.00000000 144.00000000 1.00000000 453.00000000
390.00000000 123.00000000 0.00000000 452.00000000
872.00000000 144.00000000 1.00000000 425.00000000
412.00000000 557.00000000 0.00000000 420.00000000
801.00000000 255.00000000 0.00000000 417.00000000
815.00000000 24.00000000 1.00000000 411.00000000
208.00000000 346.00000000 0.00000000 409.00000000
872.00000000 144.00000000 2.00000000 403.00000000
389.00000000 538.00000000 0.00000000 399.00000000
304.00000000 475.00000000 0.00000000 388.00000000
458.00000000 817.00000000 0.00000000 383.00000000
816.00000000 25.00000000 1.00000000 375.00000000
459.00000000 818.00000000 1.00000000 364.00000000
379.00000000 519.00000000 0.00000000 361.00000000
390.00000000 123.00000000 1.00000000 355.00000000
414.00000000 523.00000000 0.00000000 352.00000000
403.00000000 627.00000000 1.00000000 349.00000000
871.00000000 144.00000000 2.00000000 345.00000000
209.00000000 347.00000000 1.00000000 342.00000000
142.00000000 378.00000000 0.00000000 340.00000000
953.00000000 317.00000000 1.00000000 340.00000000
992.00000000 385.00000000 1.00000000 338.00000000
953.00000000 318.00000000 1.00000000 337.00000000
242.00000000 190.00000000 1.00000000 337.00000000
217.00000000 683.00000000 0.00000000 336.00000000
222.00000000 522.00000000 1.00000000 334.00000000
388.00000000 152.00000000 0.00000000 334.00000000
390.00000000 538.00000000 1.00000000 332.00000000
403.00000000 627.00000000 0.00000000 332.00000000
473.00000000 548.00000000 1.00000000 328.00000000
362.00000000 464.00000000 0.00000000 322.00000000
64.00000000 524.00000000 2.00000000 318.00000000
872.00000000 142.00000000 0.00000000 312.00000000
380.00000000 519.00000000 1.00000000 310.00000000
129.00000000 119.00000000 1.00000000 306.00000000
802.00000000 258.00000000 2.00000000 305.00000000
377.00000000 548.00000000 0.00000000 305.00000000
953.00000000 316.00000000 0.00000000 305.00000000
803.00000000 257.00000000 1.00000000 305.00000000
476.00000000 650.00000000 2.00000000 301.00000000
992.00000000 386.00000000 1.00000000 298.00000000
800.00000000 260.00000000 2.00000000 297.00000000
304.00000000 476.00000000 1.00000000 296.00000000
402.00000000 534.00000000 0.00000000 295.00000000
799.00000000 41.00000000 1.00000000 292.00000000
899.00000000 154.00000000 0.00000000 292.00000000
992.00000000 384.00000000 0.00000000 291.00000000
369.00000000 63.00000000 0.00000000 289.00000000
129.00000000 118.00000000 0.00000000 288.00000000
815.00000000 22.00000000 0.00000000 287.00000000
899.00000000 154.00000000 1.00000000 287.00000000
384.00000000 576.00000000 0.00000000 286.00000000
629.00000000 392.00000000 0.00000000 284.00000000
213.00000000 494.00000000 0.00000000 281.00000000
347.00000000 199.00000000 0.00000000 281.00000000
347.00000000 26.00000000 0.00000000 280.00000000
72.00000000 310.00000000 2.00000000 280.00000000
872.00000000 144.00000000 4.00000000 278.00000000
396.00000000 14.00000000 0.00000000 276.00000000
217.00000000 684.00000000 1.00000000 275.00000000
142.00000000 378.00000000 1.00000000 274.00000000
431.00000000 576.00000000 1.00000000 272.00000000
166.00000000 434.00000000 0.00000000 270.00000000
402.00000000 534.00000000 1.00000000 268.00000000
399.00000000 563.00000000 1.00000000 266.00000000
63.00000000 524.00000000 1.00000000 265.00000000
45.00000000 241.00000000 0.00000000 265.00000000
683.00000000 321.00000000 0.00000000 264.00000000
60.00000000 268.00000000 0.00000000 262.00000000
431.00000000 575.00000000 1.00000000 261.00000000
377.00000000 548.00000000 1.00000000 260.00000000
45.00000000 463.00000000 1.00000000 258.00000000
45.00000000 462.00000000 0.00000000 257.00000000
952.00000000 318.00000000 2.00000000 257.00000000
73.00000000 313.00000000 2.00000000 256.00000000
148.00000000 461.00000000 1.00000000 256.00000000
987.00000000 472.00000000 1.00000000 256.00000000
295.00000000 48.00000000 0.00000000 255.00000000
382.00000000 602.00000000 1.00000000 255.00000000
792.00000000 301.00000000 0.00000000 254.00000000
859.00000000 162.00000000 1.00000000 253.00000000
347.00000000 275.00000000 1.00000000 252.00000000
147.00000000 137.00000000 0.00000000 252.00000000
390.00000000 123.00000000 1.00000000 252.00000000
851.00000000 407.00000000 1.00000000 251.00000000
42.00000000 250.00000000 0.00000000 250.00000000
486.00000000 830.00000000 0.00000000 249.00000000
120.00000000 88.00000000 2.00000000 249.00000000
412.00000000 558.00000000 1.00000000 248.00000000
148.00000000 460.00000000 0.00000000 248.00000000
347.00000000 275.00000000 0.00000000 247.00000000
986.00000000 471.00000000 1.00000000 247.00000000
19.00000000 562.00000000 1.00000000 246.00000000
986.00000000 472.00000000 2.00000000 244.00000000
75.00000000 319.00000000 1.00000000 244.00000000
965.00000000 277.00000000 0.00000000 242.00000000
127.00000000 705.00000000 0.00000000 240.00000000
476.00000000 647.00000000 1.00000000 239.00000000
475.00000000 653.00000000 2.00000000 238.00000000
408.00000000 19.00000000 0.00000000 238.00000000
72.00000000 306.00000000 1.00000000 237.00000000
12.00000000 441.00000000 0.00000000 234.00000000
965.00000000 299.00000000 0.00000000 234.00000000
675.00000000 387.00000000 0.00000000 231.00000000
43.00000000 202.00000000 0.00000000 231.00000000
325.00000000 147.00000000 0.00000000 231.00000000
980.00000000 330.00000000 0.00000000 231.00000000
852.00000000 304.00000000 0.00000000 231.00000000
408.00000000 592.00000000 0.00000000 230.00000000
965.00000000 292.00000000 0.00000000 229.00000000
67.00000000 282.00000000 0.00000000 229.00000000
322.00000000 312.00000000 0.00000000 228.00000000
31.00000000 472.00000000 0.00000000 228.00000000
965.00000000 284.00000000 0.00000000 227.00000000
126.00000000 128.00000000 0.00000000 227.00000000
381.00000000 602.00000000 0.00000000 226.00000000
28.00000000 225.00000000 0.00000000 226.00000000
391.00000000 639.00000000 0.00000000 224.00000000
156.00000000 504.00000000 4.00000000 218.00000000
241.00000000 189.00000000 1.00000000 213.00000000
899.00000000 154.00000000 1.00000000 211.00000000
876.00000000 147.00000000 5.00000000 177.00000000
