128.00000000 940.00000000 4.00000000 566.00000000
130.00000000 936.00000000 2.00000000 560.00000000
132.00000000 936.00000000 2.00000000 519.00000000
356.00000000 936.00000000 2.00000000 505.00000000
975.00000000 446.00000000 1.00000000 474.00000000
808.00000000 222.00000000 1.00000000 473.00000000
322.00000000 515.00000000 1.00000000 462.00000000
912.00000000 401.00000000 1.00000000 454.00000000
808.00000000 221.00000000 0.00000000 444.00000000
909.00000000 305.00000000 1.00000000 427.00000000
968.00000000 552.00000000 0.00000000 425.00000000
321.00000000 516.00000000 1.00000000 424.00000000
990.00000000 552.00000000 1.00000000 424.00000000
356.00000000 936.00000000 2.00000000 423.00000000
1031.00000000 279.00000000 0.00000000 419.00000000
526.00000000 694.00000000 0.00000000 419.00000000
132.00000000 936.00000000 1.00000000 416.00000000
912.00000000 400.00000000 0.00000000 412.00000000
949.00000000 446.00000000 1.00000000 403.00000000
134.00000000 936.00000000 1.00000000 403.00000000
335.00000000 913.00000000 1.00000000 397.00000000
754.00000000 410.00000000 1.00000000 395.00000000
1031.00000000 279.00000000 1.00000000 392.00000000
720.00000000 386.00000000 1.00000000 392.00000000
909.00000000 305.00000000 1.00000000 390.00000000
810.00000000 408.00000000 1.00000000 389.00000000
665.00000000 748.00000000 1.00000000 379.00000000
539.00000000 699.00000000 1.00000000 377.00000000
721.00000000 386.00000000 1.00000000 376.00000000
948.00000000 445.00000000 0.00000000 374.00000000
357.00000000 934.00000000 1.00000000 371.00000000
975.00000000 446.00000000 0.00000000 367.00000000
591.00000000 723.00000000 1.00000000 366.00000000
912.00000000 401.00000000 1.00000000 365.00000000
526.00000000 694.00000000 1.00000000 363.00000000
335.00000000 913.00000000 1.00000000 362.00000000
1030.00000000 280.00000000 1.00000000 360.00000000
980.00000000 456.00000000 0.00000000 356.00000000
912.00000000 402.00000000 2.00000000 353.00000000
910.00000000 306.00000000 2.00000000 353.00000000
909.00000000 304.00000000 0.00000000 351.00000000
810.00000000 408.00000000 1.00000000 350.00000000
591.00000000 722.00000000 0.00000000 349.00000000
990.00000000 550.00000000 0.00000000 344.00000000
845.00000000 286.00000000 0.00000000 341.00000000
645.00000000 747.00000000 1.00000000 340.00000000
974.00000000 445.00000000 1.00000000 340.00000000
910.00000000 404.00000000 2.00000000 330.00000000
980.00000000 406.00000000 0.00000000 329.00000000
1072.00000000 337.00000000 1.00000000 328.00000000
539.00000000 698.00000000 0.00000000 328.00000000
722.00000000 388.00000000 2.00000000 328.00000000
934.00000000 451.00000000 0.00000000 325.00000000
753.00000000 410.00000000 1.00000000 324.00000000
664.00000000 748.00000000 1.00000000 321.00000000
591.00000000 724.00000000 1.00000000 320.00000000
945.00000000 431.00000000 0.00000000 319.00000000
334.00000000 914.00000000 2.00000000 314.00000000
352.00000000 940.00000000 4.00000000 313.00000000
924.00000000 446.00000000 0.00000000 304.00000000
1038.00000000 470.00000000 1.00000000 300.00000000
757.00000000 468.00000000 0.00000000 299.00000000
1060.00000000 322.00000000 0.00000000 297.00000000
665.00000000 746.00000000 0.00000000 296.00000000
320.00000000 516.00000000 2.00000000 295.00000000
645.00000000 746.00000000 0.00000000 294.00000000
980.00000000 407.00000000 1.00000000 293.00000000
1038.00000000 469.00000000 0.00000000 288.00000000
757.00000000 469.00000000 1.00000000 288.00000000
322.00000000 514.00000000 0.00000000 287.00000000
1042.00000000 436.00000000 0.00000000 286.00000000
68.00000000 626.00000000 1.00000000 286.00000000
941.00000000 345.00000000 1.00000000 284.00000000
1041.00000000 436.00000000 1.00000000 283.00000000
720.00000000 385.00000000 0.00000000 281.00000000
966.00000000 424.00000000 0.00000000 279.00000000
988.00000000 416.00000000 0.00000000 278.00000000
488.00000000 610.00000000 0.00000000 277.00000000
961.00000000 405.00000000 0.00000000 277.00000000
590.00000000 728.00000000 2.00000000 270.00000000
754.00000000 410.00000000 0.00000000 269.00000000
845.00000000 287.00000000 1.00000000 269.00000000
934.00000000 452.00000000 1.00000000 269.00000000
774.00000000 261.00000000 0.00000000 268.00000000
1031.00000000 613.00000000 0.00000000 268.00000000
134.00000000 935.00000000 0.00000000 267.00000000
989.00000000 552.00000000 1.00000000 266.00000000
847.00000000 431.00000000 0.00000000 263.00000000
828.00000000 240.00000000 0.00000000 262.00000000
958.00000000 434.00000000 1.00000000 259.00000000
858.00000000 281.00000000 1.00000000 258.00000000
68.00000000 625.00000000 0.00000000 258.00000000
849.00000000 248.00000000 0.00000000 257.00000000
1071.00000000 336.00000000 0.00000000 257.00000000
820.00000000 236.00000000 0.00000000 257.00000000
376.00000000 700.00000000 1.00000000 255.00000000
673.00000000 526.00000000 0.00000000 252.00000000
821.00000000 236.00000000 1.00000000 251.00000000
945.00000000 431.00000000 1.00000000 251.00000000
806.00000000 284.00000000 0.00000000 250.00000000
297.00000000 401.00000000 0.00000000 249.00000000
992.00000000 453.00000000 0.00000000 249.00000000
1031.00000000 614.00000000 1.00000000 247.00000000
588.00000000 713.00000000 0.00000000 246.00000000
968.00000000 552.00000000 1.00000000 245.00000000
500.00000000 343.00000000 0.00000000 244.00000000
857.00000000 268.00000000 0.00000000 244.00000000
958.00000000 434.00000000 0.00000000 243.00000000
568.00000000 565.00000000 0.00000000 238.00000000
359.00000000 363.00000000 0.00000000 236.00000000
632.00000000 327.00000000 0.00000000 234.00000000
335.00000000 912.00000000 0.00000000 233.00000000
1094.00000000 636.00000000 2.00000000 232.00000000
509.00000000 560.00000000 0.00000000 231.00000000
810.00000000 408.00000000 0.00000000 228.00000000
957.00000000 459.00000000 0.00000000 227.00000000
969.00000000 397.00000000 0.00000000 226.00000000
888.00000000 275.00000000 0.00000000 225.00000000
965.00000000 416.00000000 0.00000000 225.00000000
622.00000000 639.00000000 0.00000000 225.00000000
956.00000000 421.00000000 0.00000000 221.00000000
469.00000000 290.00000000 0.00000000 221.00000000
953.00000000 405.00000000 0.00000000 220.00000000
567.00000000 532.00000000 0.00000000 219.00000000
496.00000000 460.00000000 0.00000000 217.00000000
1093.00000000 224.00000000 0.00000000 214.00000000
1040.00000000 435.00000000 5.00000000 165.00000000
