296.00000000 226.00000000 2.00000000 535.00000000
296.00000000 224.00000000 1.00000000 526.00000000
261.00000000 265.00000000 1.00000000 483.00000000
1094.00000000 371.00000000 1.00000000 480.00000000
297.00000000 224.00000000 1.00000000 473.00000000
261.00000000 264.00000000 0.00000000 464.00000000
294.00000000 226.00000000 2.00000000 456.00000000
181.00000000 280.00000000 2.00000000 445.00000000
183.00000000 282.00000000 1.00000000 444.00000000
1094.00000000 371.00000000 1.00000000 435.00000000
1093.00000000 371.00000000 0.00000000 431.00000000
120.00000000 171.00000000 1.00000000 422.00000000
183.00000000 282.00000000 0.00000000 410.00000000
182.00000000 280.00000000 2.00000000 405.00000000
182.00000000 281.00000000 1.00000000 404.00000000
296.00000000 222.00000000 0.00000000 395.00000000
695.00000000 336.00000000 1.00000000 389.00000000
314.00000000 405.00000000 1.00000000 382.00000000
296.00000000 228.00000000 4.00000000 377.00000000
101.00000000 398.00000000 2.00000000 374.00000000
248.00000000 497.00000000 0.00000000 369.00000000
314.00000000 405.00000000 0.00000000 363.00000000
123.00000000 346.00000000 0.00000000 360.00000000
878.00000000 500.00000000 0.00000000 357.00000000
779.00000000 333.00000000 0.00000000 350.00000000
510.00000000 160.00000000 0.00000000 349.00000000
100.00000000 400.00000000 4.00000000 348.00000000
87.00000000 153.00000000 1.00000000 344.00000000
540.00000000 173.00000000 1.00000000 343.00000000
722.00000000 359.00000000 1.00000000 342.00000000
695.00000000 335.00000000 0.00000000 341.00000000
134.00000000 403.00000000 1.00000000 340.00000000
120.00000000 171.00000000 1.00000000 338.00000000
358.00000000 607.00000000 0.00000000 337.00000000
320.00000000 416.00000000 1.00000000 332.00000000
120.00000000 171.00000000 0.00000000 329.00000000
246.00000000 67.00000000 0.00000000 327.00000000
793.00000000 481.00000000 0.00000000 326.00000000
906.00000000 166.00000000 0.00000000 325.00000000
358.00000000 607.00000000 1.00000000 324.00000000
779.00000000 333.00000000 1.00000000 323.00000000
292.00000000 283.00000000 1.00000000 322.00000000
451.00000000 671.00000000 0.00000000 320.00000000
320.00000000 414.00000000 0.00000000 319.00000000
922.00000000 224.00000000 0.00000000 312.00000000
128.00000000 360.00000000 0.00000000 312.00000000
419.00000000 169.00000000 1.00000000 310.00000000
492.00000000 548.00000000 0.00000000 304.00000000
291.00000000 284.00000000 1.00000000 303.00000000
1080.00000000 410.00000000 0.00000000 302.00000000
541.00000000 173.00000000 0.00000000 300.00000000
700.00000000 545.00000000 0.00000000 299.00000000
419.00000000 356.00000000 0.00000000 298.00000000
451.00000000 671.00000000 1.00000000 298.00000000
524.00000000 454.00000000 1.00000000 297.00000000
87.00000000 153.00000000 0.00000000 297.00000000
524.00000000 455.00000000 1.00000000 294.00000000
526.00000000 118.00000000 1.00000000 291.00000000
510.00000000 161.00000000 1.00000000 290.00000000
722.00000000 359.00000000 0.00000000 290.00000000
514.00000000 125.00000000 0.00000000 288.00000000
877.00000000 476.00000000 0.00000000 287.00000000
85.00000000 306.00000000 0.00000000 285.00000000
794.00000000 482.00000000 1.00000000 285.00000000
807.00000000 509.00000000 1.00000000 283.00000000
313.00000000 405.00000000 1.00000000 282.00000000
136.00000000 401.00000000 1.00000000 280.00000000
748.00000000 154.00000000 0.00000000 280.00000000
1094.00000000 372.00000000 2.00000000 279.00000000
705.00000000 713.00000000 0.00000000 276.00000000
253.00000000 567.00000000 0.00000000 273.00000000
690.00000000 58.00000000 0.00000000 273.00000000
420.00000000 400.00000000 0.00000000 270.00000000
328.00000000 464.00000000 1.00000000 270.00000000
199.00000000 711.00000000 1.00000000 270.00000000
681.00000000 38.00000000 0.00000000 266.00000000
523.00000000 453.00000000 0.00000000 265.00000000
319.00000000 417.00000000 1.00000000 265.00000000
807.00000000 206.00000000 0.00000000 263.00000000
260.00000000 265.00000000 1.00000000 260.00000000
690.00000000 60.00000000 1.00000000 259.00000000
418.00000000 168.00000000 1.00000000 259.00000000
538.00000000 318.00000000 1.00000000 259.00000000
345.00000000 165.00000000 0.00000000 258.00000000
514.00000000 244.00000000 0.00000000 256.00000000
476.00000000 408.00000000 0.00000000 255.00000000
695.00000000 336.00000000 1.00000000 255.00000000
371.00000000 246.00000000 1.00000000 255.00000000
514.00000000 245.00000000 1.00000000 254.00000000
681.00000000 39.00000000 1.00000000 254.00000000
520.00000000 402.00000000 2.00000000 253.00000000
80.00000000 197.00000000 0.00000000 252.00000000
135.00000000 407.00000000 0.00000000 252.00000000
178.00000000 556.00000000 1.00000000 252.00000000
605.00000000 324.00000000 0.00000000 251.00000000
705.00000000 713.00000000 1.00000000 251.00000000
988.00000000 602.00000000 1.00000000 250.00000000
419.00000000 169.00000000 0.00000000 250.00000000
348.00000000 545.00000000 0.00000000 249.00000000
526.00000000 118.00000000 1.00000000 249.00000000
340.00000000 364.00000000 0.00000000 248.00000000
136.00000000 400.00000000 0.00000000 247.00000000
1080.00000000 410.00000000 1.00000000 247.00000000
383.00000000 59.00000000 1.00000000 247.00000000
482.00000000 92.00000000 0.00000000 246.00000000
102.00000000 396.00000000 2.00000000 246.00000000
722.00000000 359.00000000 1.00000000 244.00000000
253.00000000 511.00000000 0.00000000 243.00000000
299.00000000 231.00000000 5.00000000 242.00000000
372.00000000 246.00000000 2.00000000 239.00000000
48.00000000 286.00000000 2.00000000 236.00000000
134.00000000 404.00000000 2.00000000 236.00000000
70.00000000 364.00000000 0.00000000 233.00000000
608.00000000 43.00000000 0.00000000 232.00000000
525.00000000 116.00000000 0.00000000 232.00000000
301.00000000 243.00000000 0.00000000 231.00000000
378.00000000 555.00000000 0.00000000 230.00000000
623.00000000 790.00000000 0.00000000 230.00000000
671.00000000 159.00000000 0.00000000 229.00000000
509.00000000 94.00000000 0.00000000 228.00000000
511.00000000 170.00000000 0.00000000 228.00000000
199.00000000 711.00000000 0.00000000 227.00000000
604.00000000 330.00000000 0.00000000 224.00000000
292.00000000 283.00000000 0.00000000 224.00000000
806.00000000 193.00000000 0.00000000 223.00000000
395.00000000 395.00000000 2.00000000 222.00000000
982.00000000 538.00000000 0.00000000 222.00000000
