1132.00000000 435.00000000 1.00000000 466.00000000
899.00000000 102.00000000 1.00000000 440.00000000
899.00000000 101.00000000 1.00000000 433.00000000
1119.00000000 589.00000000 1.00000000 429.00000000
1044.00000000 230.00000000 2.00000000 420.00000000
766.00000000 342.00000000 2.00000000 406.00000000
814.00000000 377.00000000 1.00000000 405.00000000
471.00000000 789.00000000 1.00000000 402.00000000
166.00000000 524.00000000 2.00000000 396.00000000
165.00000000 521.00000000 1.00000000 392.00000000
1095.00000000 434.00000000 1.00000000 387.00000000
1119.00000000 588.00000000 0.00000000 381.00000000
1096.00000000 434.00000000 1.00000000 378.00000000
896.00000000 378.00000000 2.00000000 372.00000000
1043.00000000 229.00000000 2.00000000 370.00000000
487.00000000 375.00000000 0.00000000 366.00000000
1151.00000000 588.00000000 1.00000000 363.00000000
766.00000000 340.00000000 1.00000000 360.00000000
1219.00000000 195.00000000 1.00000000 360.00000000
1044.00000000 367.00000000 1.00000000 357.00000000
1219.00000000 195.00000000 0.00000000 353.00000000
1043.00000000 227.00000000 1.00000000 351.00000000
766.00000000 342.00000000 2.00000000 351.00000000
1151.00000000 586.00000000 1.00000000 349.00000000
1274.00000000 280.00000000 1.00000000 344.00000000
1219.00000000 195.00000000 1.00000000 344.00000000
814.00000000 378.00000000 2.00000000 343.00000000
1222.00000000 471.00000000 1.00000000 338.00000000
1060.00000000 434.00000000 0.00000000 337.00000000
490.00000000 797.00000000 1.00000000 335.00000000
1043.00000000 367.00000000 1.00000000 335.00000000
1106.00000000 454.00000000 1.00000000 335.00000000
1133.00000000 436.00000000 1.00000000 333.00000000
1074.00000000 442.00000000 1.00000000 331.00000000
1140.00000000 450.00000000 1.00000000 330.00000000
1220.00000000 196.00000000 2.00000000 326.00000000
521.00000000 494.00000000 0.00000000 324.00000000
1134.00000000 436.00000000 2.00000000 322.00000000
674.00000000 868.00000000 1.00000000 318.00000000
567.00000000 831.00000000 1.00000000 318.00000000
470.00000000 789.00000000 1.00000000 317.00000000
164.00000000 523.00000000 2.00000000 315.00000000
766.00000000 340.00000000 1.00000000 313.00000000
1106.00000000 453.00000000 0.00000000 310.00000000
1060.00000000 434.00000000 1.00000000 310.00000000
1074.00000000 441.00000000 0.00000000 309.00000000
417.00000000 665.00000000 0.00000000 307.00000000
675.00000000 867.00000000 1.00000000 307.00000000
949.00000000 435.00000000 0.00000000 305.00000000
417.00000000 666.00000000 1.00000000 304.00000000
945.00000000 125.00000000 1.00000000 304.00000000
896.00000000 376.00000000 1.00000000 302.00000000
1044.00000000 370.00000000 2.00000000 301.00000000
893.00000000 194.00000000 1.00000000 297.00000000
1002.00000000 323.00000000 0.00000000 296.00000000
1207.00000000 678.00000000 1.00000000 295.00000000
567.00000000 832.00000000 1.00000000 293.00000000
815.00000000 377.00000000 1.00000000 291.00000000
1044.00000000 366.00000000 0.00000000 289.00000000
913.00000000 205.00000000 0.00000000 285.00000000
441.00000000 270.00000000 0.00000000 285.00000000
1228.00000000 423.00000000 1.00000000 284.00000000
1090.00000000 413.00000000 1.00000000 284.00000000
917.00000000 123.00000000 1.00000000 281.00000000
1157.00000000 447.00000000 1.00000000 281.00000000
1043.00000000 227.00000000 1.00000000 280.00000000
945.00000000 125.00000000 0.00000000 280.00000000
928.00000000 130.00000000 1.00000000 280.00000000
893.00000000 194.00000000 0.00000000 280.00000000
645.00000000 866.00000000 1.00000000 279.00000000
490.00000000 796.00000000 1.00000000 279.00000000
654.00000000 564.00000000 0.00000000 278.00000000
951.00000000 199.00000000 1.00000000 277.00000000
1043.00000000 370.00000000 2.00000000 276.00000000
1044.00000000 232.00000000 4.00000000 276.00000000
1273.00000000 279.00000000 1.00000000 273.00000000
948.00000000 410.00000000 0.00000000 272.00000000
562.00000000 818.00000000 1.00000000 272.00000000
367.00000000 492.00000000 0.00000000 271.00000000
675.00000000 866.00000000 0.00000000 270.00000000
386.00000000 277.00000000 0.00000000 268.00000000
929.00000000 129.00000000 0.00000000 267.00000000
817.00000000 463.00000000 0.00000000 267.00000000
1091.00000000 409.00000000 0.00000000 265.00000000
899.00000000 100.00000000 0.00000000 265.00000000
471.00000000 789.00000000 0.00000000 264.00000000
1158.00000000 447.00000000 0.00000000 262.00000000
480.00000000 480.00000000 5.00000000 262.00000000
1139.00000000 449.00000000 0.00000000 262.00000000
943.00000000 142.00000000 0.00000000 261.00000000
1142.00000000 377.00000000 0.00000000 260.00000000
1076.00000000 117.00000000 0.00000000 260.00000000
1228.00000000 422.00000000 0.00000000 259.00000000
1257.00000000 258.00000000 0.00000000 259.00000000
990.00000000 342.00000000 0.00000000 259.00000000
562.00000000 818.00000000 0.00000000 258.00000000
763.00000000 526.00000000 0.00000000 257.00000000
1120.00000000 569.00000000 0.00000000 257.00000000
277.00000000 285.00000000 0.00000000 256.00000000
374.00000000 298.00000000 0.00000000 255.00000000
256.00000000 316.00000000 4.00000000 254.00000000
225.00000000 294.00000000 0.00000000 254.00000000
1140.00000000 388.00000000 0.00000000 254.00000000
567.00000000 830.00000000 0.00000000 253.00000000
876.00000000 140.00000000 0.00000000 251.00000000
766.00000000 339.00000000 0.00000000 250.00000000
1153.00000000 391.00000000 0.00000000 246.00000000
1096.00000000 432.00000000 0.00000000 246.00000000
928.00000000 188.00000000 0.00000000 244.00000000
253.00000000 473.00000000 0.00000000 244.00000000
917.00000000 123.00000000 0.00000000 241.00000000
1151.00000000 585.00000000 0.00000000 241.00000000
1207.00000000 677.00000000 0.00000000 240.00000000
881.00000000 214.00000000 0.00000000 237.00000000
879.00000000 432.00000000 0.00000000 236.00000000
932.00000000 209.00000000 0.00000000 235.00000000
443.00000000 285.00000000 0.00000000 232.00000000
1109.00000000 418.00000000 0.00000000 232.00000000
1222.00000000 470.00000000 0.00000000 228.00000000
1122.00000000 401.00000000 0.00000000 227.00000000
1106.00000000 398.00000000 0.00000000 225.00000000
951.00000000 199.00000000 0.00000000 224.00000000
1115.00000000 374.00000000 0.00000000 224.00000000
521.00000000 470.00000000 0.00000000 222.00000000
36.00000000 724.00000000 0.00000000 220.00000000
1112.00000000 314.00000000 0.00000000 219.00000000
399.00000000 521.00000000 0.00000000 219.00000000
