41.00000000 911.00000000 1.00000000 587.00000000
79.00000000 831.00000000 0.00000000 481.00000000
41.00000000 910.00000000 0.00000000 473.00000000
300.00000000 675.00000000 1.00000000 462.00000000
79.00000000 832.00000000 1.00000000 459.00000000
751.00000000 160.00000000 1.00000000 454.00000000
72.00000000 836.00000000 4.00000000 448.00000000
435.00000000 333.00000000 1.00000000 445.00000000
347.00000000 717.00000000 1.00000000 440.00000000
435.00000000 333.00000000 1.00000000 438.00000000
299.00000000 675.00000000 0.00000000 438.00000000
169.00000000 876.00000000 5.00000000 437.00000000
465.00000000 362.00000000 1.00000000 436.00000000
465.00000000 362.00000000 1.00000000 433.00000000
751.00000000 159.00000000 0.00000000 431.00000000
683.00000000 411.00000000 1.00000000 424.00000000
699.00000000 366.00000000 0.00000000 416.00000000
346.00000000 718.00000000 1.00000000 411.00000000
73.00000000 834.00000000 2.00000000 405.00000000
347.00000000 717.00000000 0.00000000 405.00000000
170.00000000 473.00000000 1.00000000 404.00000000
186.00000000 878.00000000 2.00000000 404.00000000
750.00000000 159.00000000 1.00000000 402.00000000
175.00000000 913.00000000 2.00000000 401.00000000
41.00000000 910.00000000 1.00000000 396.00000000
514.00000000 359.00000000 1.00000000 393.00000000
161.00000000 855.00000000 1.00000000 388.00000000
654.00000000 410.00000000 1.00000000 387.00000000
612.00000000 216.00000000 2.00000000 385.00000000
435.00000000 332.00000000 0.00000000 384.00000000
801.00000000 243.00000000 1.00000000 383.00000000
661.00000000 374.00000000 0.00000000 381.00000000
704.00000000 422.00000000 0.00000000 380.00000000
77.00000000 832.00000000 1.00000000 378.00000000
683.00000000 412.00000000 1.00000000 375.00000000
764.00000000 397.00000000 1.00000000 373.00000000
750.00000000 160.00000000 2.00000000 366.00000000
611.00000000 213.00000000 1.00000000 366.00000000
183.00000000 879.00000000 2.00000000 366.00000000
188.00000000 876.00000000 1.00000000 365.00000000
403.00000000 759.00000000 1.00000000 361.00000000
699.00000000 367.00000000 1.00000000 357.00000000
512.00000000 114.00000000 1.00000000 355.00000000
611.00000000 212.00000000 0.00000000 351.00000000
76.00000000 834.00000000 2.00000000 351.00000000
787.00000000 222.00000000 1.00000000 349.00000000
610.00000000 217.00000000 2.00000000 347.00000000
546.00000000 195.00000000 0.00000000 346.00000000
346.00000000 720.00000000 2.00000000 344.00000000
610.00000000 213.00000000 1.00000000 344.00000000
546.00000000 196.00000000 1.00000000 341.00000000
248.00000000 446.00000000 1.00000000 340.00000000
404.00000000 759.00000000 1.00000000 338.00000000
649.00000000 390.00000000 1.00000000 337.00000000
176.00000000 912.00000000 2.00000000 337.00000000
651.00000000 385.00000000 0.00000000 336.00000000
690.00000000 425.00000000 1.00000000 336.00000000
357.00000000 745.00000000 1.00000000 334.00000000
627.00000000 409.00000000 0.00000000 331.00000000
689.00000000 424.00000000 0.00000000 330.00000000
162.00000000 856.00000000 1.00000000 329.00000000
160.00000000 858.00000000 2.00000000 328.00000000
436.00000000 334.00000000 2.00000000 326.00000000
208.00000000 660.00000000 1.00000000 325.00000000
509.00000000 197.00000000 0.00000000 325.00000000
614.00000000 346.00000000 1.00000000 324.00000000
169.00000000 473.00000000 1.00000000 324.00000000
482.00000000 156.00000000 0.00000000 324.00000000
431.00000000 570.00000000 0.00000000 324.00000000
219.00000000 465.00000000 1.00000000 318.00000000
309.00000000 680.00000000 0.00000000 317.00000000
704.00000000 422.00000000 1.00000000 315.00000000
760.00000000 446.00000000 1.00000000 314.00000000
248.00000000 446.00000000 0.00000000 314.00000000
180.00000000 880.00000000 4.00000000 312.00000000
628.00000000 410.00000000 1.00000000 311.00000000
638.00000000 417.00000000 1.00000000 310.00000000
638.00000000 415.00000000 0.00000000 309.00000000
166.00000000 974.00000000 1.00000000 307.00000000
511.00000000 113.00000000 0.00000000 306.00000000
765.00000000 396.00000000 0.00000000 300.00000000
615.00000000 345.00000000 0.00000000 297.00000000
947.00000000 362.00000000 0.00000000 296.00000000
531.00000000 135.00000000 0.00000000 295.00000000
715.00000000 416.00000000 0.00000000 294.00000000
919.00000000 239.00000000 0.00000000 293.00000000
787.00000000 222.00000000 0.00000000 291.00000000
672.00000000 368.00000000 1.00000000 288.00000000
689.00000000 352.00000000 0.00000000 287.00000000
515.00000000 358.00000000 1.00000000 285.00000000
391.00000000 496.00000000 0.00000000 284.00000000
689.00000000 353.00000000 1.00000000 284.00000000
483.00000000 157.00000000 1.00000000 282.00000000
208.00000000 659.00000000 0.00000000 281.00000000
755.00000000 463.00000000 0.00000000 281.00000000
702.00000000 558.00000000 0.00000000 280.00000000
695.00000000 385.00000000 0.00000000 270.00000000
671.00000000 368.00000000 0.00000000 270.00000000
502.00000000 216.00000000 0.00000000 266.00000000
502.00000000 342.00000000 0.00000000 266.00000000
668.00000000 351.00000000 0.00000000 265.00000000
678.00000000 560.00000000 0.00000000 261.00000000
365.00000000 627.00000000 0.00000000 261.00000000
691.00000000 403.00000000 0.00000000 261.00000000
345.00000000 706.00000000 0.00000000 261.00000000
207.00000000 337.00000000 0.00000000 261.00000000
333.00000000 750.00000000 0.00000000 260.00000000
404.00000000 758.00000000 0.00000000 259.00000000
685.00000000 373.00000000 0.00000000 254.00000000
550.00000000 144.00000000 0.00000000 254.00000000
636.00000000 101.00000000 0.00000000 253.00000000
43.00000000 977.00000000 0.00000000 252.00000000
654.00000000 405.00000000 0.00000000 251.00000000
277.00000000 661.00000000 0.00000000 251.00000000
755.00000000 173.00000000 0.00000000 250.00000000
270.00000000 420.00000000 0.00000000 246.00000000
465.00000000 362.00000000 0.00000000 245.00000000
468.00000000 435.00000000 0.00000000 242.00000000
677.00000000 542.00000000 0.00000000 240.00000000
170.00000000 471.00000000 0.00000000 239.00000000
379.00000000 495.00000000 0.00000000 238.00000000
424.00000000 562.00000000 0.00000000 235.00000000
584.00000000 306.00000000 0.00000000 235.00000000
379.00000000 516.00000000 0.00000000 234.00000000
518.00000000 170.00000000 0.00000000 233.00000000
811.00000000 349.00000000 0.00000000 232.00000000
654.00000000 411.00000000 0.00000000 231.00000000
