988.00000000 403.00000000 1.00000000 520.00000000
446.00000000 538.00000000 2.00000000 503.00000000
988.00000000 403.00000000 1.00000000 497.00000000
446.00000000 535.00000000 1.00000000 496.00000000
957.00000000 370.00000000 1.00000000 466.00000000
1137.00000000 291.00000000 1.00000000 458.00000000
1233.00000000 275.00000000 1.00000000 455.00000000
1255.00000000 656.00000000 2.00000000 451.00000000
1136.00000000 289.00000000 1.00000000 442.00000000
957.00000000 370.00000000 1.00000000 433.00000000
1042.00000000 404.00000000 1.00000000 423.00000000
1136.00000000 289.00000000 0.00000000 422.00000000
1138.00000000 292.00000000 2.00000000 418.00000000
1256.00000000 656.00000000 2.00000000 405.00000000
444.00000000 540.00000000 2.00000000 399.00000000
958.00000000 372.00000000 2.00000000 398.00000000
514.00000000 302.00000000 0.00000000 395.00000000
715.00000000 783.00000000 1.00000000 381.00000000
990.00000000 404.00000000 2.00000000 366.00000000
1180.00000000 456.00000000 1.00000000 362.00000000
1233.00000000 275.00000000 0.00000000 361.00000000
1134.00000000 404.00000000 2.00000000 357.00000000
989.00000000 403.00000000 0.00000000 356.00000000
957.00000000 369.00000000 0.00000000 350.00000000
711.00000000 292.00000000 0.00000000 350.00000000
1069.00000000 203.00000000 0.00000000 347.00000000
1185.00000000 570.00000000 0.00000000 339.00000000
447.00000000 535.00000000 1.00000000 337.00000000
949.00000000 530.00000000 0.00000000 335.00000000
1132.00000000 404.00000000 2.00000000 332.00000000
930.00000000 377.00000000 1.00000000 331.00000000
1211.00000000 637.00000000 0.00000000 328.00000000
1256.00000000 660.00000000 4.00000000 328.00000000
1042.00000000 404.00000000 1.00000000 328.00000000
731.00000000 787.00000000 1.00000000 327.00000000
1132.00000000 404.00000000 4.00000000 326.00000000
1251.00000000 325.00000000 0.00000000 322.00000000
1132.00000000 399.00000000 0.00000000 321.00000000
1233.00000000 274.00000000 1.00000000 317.00000000
1132.00000000 400.00000000 1.00000000 317.00000000
1185.00000000 573.00000000 1.00000000 317.00000000
1132.00000000 401.00000000 1.00000000 315.00000000
930.00000000 378.00000000 2.00000000 313.00000000
886.00000000 543.00000000 1.00000000 312.00000000
716.00000000 782.00000000 0.00000000 311.00000000
770.00000000 504.00000000 0.00000000 304.00000000
1079.00000000 215.00000000 0.00000000 303.00000000
869.00000000 831.00000000 1.00000000 303.00000000
1175.00000000 422.00000000 0.00000000 303.00000000
845.00000000 390.00000000 2.00000000 301.00000000
1020.00000000 207.00000000 1.00000000 300.00000000
1158.00000000 438.00000000 0.00000000 299.00000000
1020.00000000 207.00000000 0.00000000 299.00000000
731.00000000 786.00000000 0.00000000 298.00000000
1255.00000000 656.00000000 1.00000000 296.00000000
931.00000000 617.00000000 0.00000000 293.00000000
1162.00000000 339.00000000 1.00000000 292.00000000
715.00000000 783.00000000 1.00000000 292.00000000
1251.00000000 325.00000000 1.00000000 289.00000000
1295.00000000 507.00000000 1.00000000 289.00000000
1227.00000000 482.00000000 0.00000000 289.00000000
747.00000000 393.00000000 0.00000000 289.00000000
850.00000000 292.00000000 2.00000000 288.00000000
514.00000000 303.00000000 1.00000000 285.00000000
1160.00000000 454.00000000 1.00000000 282.00000000
711.00000000 292.00000000 1.00000000 282.00000000
869.00000000 830.00000000 0.00000000 281.00000000
1062.00000000 197.00000000 1.00000000 281.00000000
867.00000000 286.00000000 1.00000000 279.00000000
564.00000000 296.00000000 0.00000000 277.00000000
1160.00000000 454.00000000 0.00000000 275.00000000
1006.00000000 653.00000000 1.00000000 275.00000000
1094.00000000 256.00000000 1.00000000 274.00000000
1062.00000000 197.00000000 0.00000000 273.00000000
944.00000000 143.00000000 1.00000000 271.00000000
869.00000000 832.00000000 1.00000000 270.00000000
1184.00000000 465.00000000 0.00000000 269.00000000
1180.00000000 457.00000000 0.00000000 267.00000000
673.00000000 210.00000000 0.00000000 266.00000000
1120.00000000 253.00000000 0.00000000 265.00000000
1087.00000000 216.00000000 0.00000000 264.00000000
867.00000000 285.00000000 0.00000000 263.00000000
1017.00000000 222.00000000 1.00000000 263.00000000
666.00000000 533.00000000 0.00000000 263.00000000
1295.00000000 507.00000000 1.00000000 262.00000000
1051.00000000 177.00000000 1.00000000 260.00000000
1168.00000000 572.00000000 0.00000000 260.00000000
639.00000000 504.00000000 0.00000000 259.00000000
1295.00000000 506.00000000 0.00000000 259.00000000
731.00000000 787.00000000 1.00000000 258.00000000
1042.00000000 403.00000000 0.00000000 256.00000000
1165.00000000 468.00000000 0.00000000 256.00000000
986.00000000 475.00000000 1.00000000 254.00000000
1172.00000000 584.00000000 0.00000000 254.00000000
1074.00000000 434.00000000 0.00000000 254.00000000
1177.00000000 443.00000000 0.00000000 253.00000000
1046.00000000 253.00000000 0.00000000 253.00000000
1161.00000000 338.00000000 1.00000000 253.00000000
1216.00000000 279.00000000 1.00000000 252.00000000
548.00000000 322.00000000 5.00000000 252.00000000
778.00000000 604.00000000 1.00000000 251.00000000
1250.00000000 325.00000000 1.00000000 249.00000000
534.00000000 486.00000000 0.00000000 248.00000000
1051.00000000 176.00000000 0.00000000 248.00000000
1082.00000000 260.00000000 0.00000000 248.00000000
943.00000000 142.00000000 0.00000000 246.00000000
1195.00000000 446.00000000 0.00000000 246.00000000
848.00000000 833.00000000 1.00000000 245.00000000
555.00000000 331.00000000 1.00000000 244.00000000
898.00000000 564.00000000 1.00000000 242.00000000
886.00000000 543.00000000 0.00000000 241.00000000
1139.00000000 453.00000000 0.00000000 240.00000000
1080.00000000 201.00000000 0.00000000 237.00000000
1279.00000000 224.00000000 0.00000000 237.00000000
299.00000000 170.00000000 0.00000000 237.00000000
959.00000000 533.00000000 0.00000000 237.00000000
447.00000000 534.00000000 0.00000000 232.00000000
1017.00000000 221.00000000 0.00000000 230.00000000
1216.00000000 278.00000000 0.00000000 230.00000000
1052.00000000 780.00000000 0.00000000 229.00000000
774.00000000 617.00000000 0.00000000 229.00000000
941.00000000 511.00000000 0.00000000 229.00000000
555.00000000 330.00000000 0.00000000 227.00000000
1011.00000000 582.00000000 0.00000000 225.00000000
675.00000000 670.00000000 0.00000000 224.00000000
869.00000000 567.00000000 0.00000000 223.00000000
865.00000000 463.00000000 0.00000000 222.00000000
