446.00000000 692.00000000 1.00000000 674.00000000
446.00000000 692.00000000 0.00000000 616.00000000
311.00000000 557.00000000 0.00000000 465.00000000
358.00000000 497.00000000 0.00000000 446.00000000
444.00000000 293.00000000 1.00000000 445.00000000
358.00000000 497.00000000 1.00000000 443.00000000
931.00000000 377.00000000 1.00000000 426.00000000
968.00000000 423.00000000 0.00000000 413.00000000
931.00000000 376.00000000 0.00000000 387.00000000
445.00000000 692.00000000 1.00000000 386.00000000
1103.00000000 516.00000000 1.00000000 373.00000000
340.00000000 330.00000000 0.00000000 363.00000000
78.00000000 534.00000000 1.00000000 363.00000000
316.00000000 526.00000000 0.00000000 354.00000000
311.00000000 558.00000000 1.00000000 350.00000000
930.00000000 377.00000000 1.00000000 348.00000000
683.00000000 287.00000000 1.00000000 343.00000000
510.00000000 376.00000000 0.00000000 340.00000000
374.00000000 560.00000000 0.00000000 338.00000000
485.00000000 377.00000000 0.00000000 337.00000000
62.00000000 521.00000000 0.00000000 335.00000000
637.00000000 386.00000000 0.00000000 334.00000000
855.00000000 548.00000000 0.00000000 333.00000000
683.00000000 286.00000000 0.00000000 322.00000000
289.00000000 516.00000000 1.00000000 320.00000000
288.00000000 517.00000000 1.00000000 315.00000000
171.00000000 439.00000000 0.00000000 314.00000000
519.00000000 289.00000000 0.00000000 313.00000000
638.00000000 386.00000000 1.00000000 310.00000000
934.00000000 451.00000000 0.00000000 308.00000000
979.00000000 423.00000000 0.00000000 306.00000000
444.00000000 294.00000000 1.00000000 305.00000000
444.00000000 293.00000000 0.00000000 303.00000000
366.00000000 415.00000000 1.00000000 303.00000000
72.00000000 522.00000000 1.00000000 303.00000000
638.00000000 382.00000000 2.00000000 295.00000000
770.00000000 574.00000000 0.00000000 293.00000000
211.00000000 489.00000000 0.00000000 293.00000000
817.00000000 546.00000000 0.00000000 293.00000000
322.00000000 673.00000000 0.00000000 289.00000000
366.00000000 514.00000000 0.00000000 287.00000000
340.00000000 331.00000000 1.00000000 286.00000000
528.00000000 316.00000000 0.00000000 279.00000000
77.00000000 533.00000000 0.00000000 279.00000000
979.00000000 423.00000000 1.00000000 278.00000000
828.00000000 524.00000000 1.00000000 272.00000000
535.00000000 656.00000000 0.00000000 272.00000000
788.00000000 479.00000000 0.00000000 272.00000000
374.00000000 560.00000000 1.00000000 271.00000000
817.00000000 526.00000000 0.00000000 269.00000000
292.00000000 583.00000000 0.00000000 267.00000000
317.00000000 526.00000000 1.00000000 266.00000000
637.00000000 384.00000000 1.00000000 265.00000000
574.00000000 446.00000000 0.00000000 263.00000000
350.00000000 538.00000000 1.00000000 263.00000000
366.00000000 416.00000000 1.00000000 262.00000000
801.00000000 601.00000000 0.00000000 260.00000000
1103.00000000 516.00000000 0.00000000 260.00000000
814.00000000 319.00000000 0.00000000 259.00000000
1104.00000000 516.00000000 1.00000000 257.00000000
289.00000000 516.00000000 0.00000000 257.00000000
288.00000000 518.00000000 2.00000000 255.00000000
181.00000000 439.00000000 0.00000000 255.00000000
77.00000000 534.00000000 1.00000000 255.00000000
296.00000000 557.00000000 0.00000000 255.00000000
285.00000000 517.00000000 2.00000000 254.00000000
1095.00000000 506.00000000 0.00000000 252.00000000
712.00000000 378.00000000 2.00000000 251.00000000
819.00000000 357.00000000 0.00000000 251.00000000
379.00000000 334.00000000 1.00000000 251.00000000
856.00000000 549.00000000 1.00000000 248.00000000
388.00000000 463.00000000 1.00000000 247.00000000
486.00000000 378.00000000 1.00000000 244.00000000
817.00000000 546.00000000 1.00000000 244.00000000
1085.00000000 502.00000000 0.00000000 244.00000000
234.00000000 466.00000000 2.00000000 242.00000000
520.00000000 290.00000000 1.00000000 242.00000000
828.00000000 523.00000000 0.00000000 242.00000000
235.00000000 466.00000000 1.00000000 241.00000000
846.00000000 378.00000000 2.00000000 241.00000000
801.00000000 601.00000000 1.00000000 241.00000000
835.00000000 734.00000000 1.00000000 240.00000000
282.00000000 528.00000000 1.00000000 240.00000000
789.00000000 516.00000000 0.00000000 239.00000000
784.00000000 584.00000000 0.00000000 238.00000000
96.00000000 458.00000000 5.00000000 238.00000000
683.00000000 287.00000000 1.00000000 237.00000000
290.00000000 547.00000000 0.00000000 237.00000000
633.00000000 638.00000000 1.00000000 235.00000000
507.00000000 389.00000000 1.00000000 235.00000000
772.00000000 626.00000000 1.00000000 234.00000000
181.00000000 439.00000000 1.00000000 232.00000000
379.00000000 333.00000000 0.00000000 232.00000000
636.00000000 381.00000000 2.00000000 232.00000000
827.00000000 580.00000000 0.00000000 229.00000000
154.00000000 544.00000000 0.00000000 227.00000000
883.00000000 666.00000000 0.00000000 227.00000000
357.00000000 497.00000000 1.00000000 226.00000000
388.00000000 463.00000000 0.00000000 226.00000000
789.00000000 486.00000000 0.00000000 225.00000000
532.00000000 301.00000000 0.00000000 225.00000000
236.00000000 465.00000000 0.00000000 225.00000000
506.00000000 389.00000000 0.00000000 224.00000000
930.00000000 378.00000000 2.00000000 222.00000000
284.00000000 520.00000000 4.00000000 222.00000000
167.00000000 531.00000000 0.00000000 222.00000000
387.00000000 463.00000000 1.00000000 222.00000000
835.00000000 733.00000000 0.00000000 221.00000000
632.00000000 637.00000000 0.00000000 221.00000000
689.00000000 282.00000000 0.00000000 221.00000000
585.00000000 506.00000000 0.00000000 220.00000000
72.00000000 521.00000000 0.00000000 220.00000000
393.00000000 552.00000000 1.00000000 219.00000000
366.00000000 416.00000000 2.00000000 219.00000000
208.00000000 296.00000000 4.00000000 218.00000000
234.00000000 466.00000000 1.00000000 217.00000000
212.00000000 294.00000000 2.00000000 216.00000000
194.00000000 488.00000000 0.00000000 215.00000000
524.00000000 656.00000000 1.00000000 215.00000000
388.00000000 462.00000000 2.00000000 215.00000000
1084.00000000 434.00000000 0.00000000 213.00000000
804.00000000 563.00000000 0.00000000 212.00000000
72.00000000 521.00000000 1.00000000 208.00000000
1095.00000000 501.00000000 0.00000000 207.00000000
446.00000000 667.00000000 1.00000000 206.00000000
774.00000000 510.00000000 0.00000000 206.00000000
845.00000000 379.00000000 2.00000000 192.00000000
