862.00000000 778.00000000 1.00000000 565.00000000
753.00000000 604.00000000 1.00000000 552.00000000
862.00000000 779.00000000 1.00000000 490.00000000
590.00000000 380.00000000 1.00000000 480.00000000
703.00000000 265.00000000 0.00000000 456.00000000
753.00000000 603.00000000 0.00000000 453.00000000
862.00000000 775.00000000 0.00000000 435.00000000
755.00000000 546.00000000 0.00000000 412.00000000
408.00000000 585.00000000 1.00000000 412.00000000
590.00000000 379.00000000 0.00000000 409.00000000
940.00000000 350.00000000 1.00000000 404.00000000
739.00000000 606.00000000 0.00000000 393.00000000
603.00000000 381.00000000 1.00000000 391.00000000
409.00000000 584.00000000 1.00000000 388.00000000
725.00000000 555.00000000 1.00000000 376.00000000
729.00000000 534.00000000 2.00000000 374.00000000
724.00000000 555.00000000 1.00000000 370.00000000
724.00000000 556.00000000 2.00000000 366.00000000
756.00000000 547.00000000 1.00000000 358.00000000
624.00000000 489.00000000 1.00000000 353.00000000
738.00000000 653.00000000 0.00000000 348.00000000
32.00000000 668.00000000 1.00000000 347.00000000
137.00000000 673.00000000 0.00000000 343.00000000
762.00000000 215.00000000 1.00000000 338.00000000
801.00000000 622.00000000 1.00000000 336.00000000
808.00000000 439.00000000 0.00000000 335.00000000
343.00000000 502.00000000 0.00000000 335.00000000
795.00000000 520.00000000 0.00000000 330.00000000
603.00000000 380.00000000 1.00000000 330.00000000
817.00000000 429.00000000 1.00000000 328.00000000
787.00000000 496.00000000 1.00000000 323.00000000
145.00000000 695.00000000 1.00000000 321.00000000
444.00000000 614.00000000 2.00000000 321.00000000
808.00000000 439.00000000 1.00000000 321.00000000
941.00000000 350.00000000 0.00000000 321.00000000
446.00000000 613.00000000 0.00000000 320.00000000
728.00000000 536.00000000 4.00000000 320.00000000
860.00000000 392.00000000 4.00000000 320.00000000
148.00000000 717.00000000 0.00000000 319.00000000
624.00000000 489.00000000 0.00000000 319.00000000
878.00000000 340.00000000 1.00000000 317.00000000
148.00000000 724.00000000 2.00000000 316.00000000
795.00000000 521.00000000 1.00000000 313.00000000
788.00000000 496.00000000 2.00000000 312.00000000
603.00000000 381.00000000 0.00000000 312.00000000
817.00000000 428.00000000 0.00000000 310.00000000
761.00000000 214.00000000 0.00000000 309.00000000
862.00000000 393.00000000 2.00000000 309.00000000
880.00000000 323.00000000 0.00000000 309.00000000
627.00000000 84.00000000 5.00000000 307.00000000
753.00000000 603.00000000 1.00000000 306.00000000
755.00000000 297.00000000 0.00000000 302.00000000
788.00000000 493.00000000 1.00000000 300.00000000
730.00000000 534.00000000 2.00000000 300.00000000
410.00000000 582.00000000 0.00000000 300.00000000
174.00000000 762.00000000 1.00000000 299.00000000
148.00000000 721.00000000 1.00000000 297.00000000
343.00000000 503.00000000 1.00000000 295.00000000
33.00000000 669.00000000 1.00000000 294.00000000
940.00000000 349.00000000 1.00000000 290.00000000
172.00000000 762.00000000 1.00000000 290.00000000
703.00000000 265.00000000 1.00000000 288.00000000
418.00000000 372.00000000 0.00000000 287.00000000
755.00000000 298.00000000 1.00000000 286.00000000
174.00000000 761.00000000 0.00000000 285.00000000
740.00000000 606.00000000 1.00000000 283.00000000
947.00000000 715.00000000 1.00000000 282.00000000
1011.00000000 647.00000000 0.00000000 281.00000000
1032.00000000 414.00000000 2.00000000 280.00000000
946.00000000 714.00000000 0.00000000 279.00000000
982.00000000 414.00000000 0.00000000 278.00000000
137.00000000 673.00000000 1.00000000 275.00000000
172.00000000 764.00000000 2.00000000 275.00000000
804.00000000 593.00000000 0.00000000 274.00000000
776.00000000 692.00000000 0.00000000 274.00000000
772.00000000 803.00000000 1.00000000 274.00000000
604.00000000 382.00000000 2.00000000 273.00000000
462.00000000 494.00000000 0.00000000 272.00000000
997.00000000 562.00000000 0.00000000 271.00000000
155.00000000 746.00000000 1.00000000 270.00000000
787.00000000 492.00000000 0.00000000 270.00000000
363.00000000 364.00000000 1.00000000 270.00000000
762.00000000 216.00000000 1.00000000 269.00000000
144.00000000 695.00000000 1.00000000 268.00000000
657.00000000 466.00000000 0.00000000 267.00000000
148.00000000 718.00000000 1.00000000 267.00000000
1081.00000000 503.00000000 1.00000000 267.00000000
657.00000000 467.00000000 1.00000000 266.00000000
444.00000000 616.00000000 2.00000000 266.00000000
1046.00000000 409.00000000 0.00000000 265.00000000
431.00000000 581.00000000 1.00000000 264.00000000
708.00000000 379.00000000 1.00000000 260.00000000
592.00000000 581.00000000 1.00000000 259.00000000
408.00000000 469.00000000 0.00000000 259.00000000
429.00000000 510.00000000 0.00000000 258.00000000
779.00000000 740.00000000 0.00000000 257.00000000
435.00000000 413.00000000 0.00000000 254.00000000
1032.00000000 412.00000000 2.00000000 253.00000000
482.00000000 440.00000000 0.00000000 252.00000000
426.00000000 426.00000000 0.00000000 252.00000000
866.00000000 320.00000000 0.00000000 251.00000000
589.00000000 380.00000000 1.00000000 251.00000000
155.00000000 745.00000000 0.00000000 247.00000000
364.00000000 363.00000000 0.00000000 247.00000000
801.00000000 622.00000000 0.00000000 247.00000000
1030.00000000 414.00000000 1.00000000 247.00000000
1103.00000000 317.00000000 0.00000000 243.00000000
782.00000000 650.00000000 0.00000000 242.00000000
881.00000000 309.00000000 0.00000000 239.00000000
696.00000000 263.00000000 0.00000000 239.00000000
124.00000000 659.00000000 0.00000000 238.00000000
33.00000000 670.00000000 0.00000000 236.00000000
427.00000000 593.00000000 0.00000000 236.00000000
923.00000000 688.00000000 0.00000000 236.00000000
1052.00000000 362.00000000 0.00000000 236.00000000
765.00000000 177.00000000 0.00000000 236.00000000
228.00000000 82.00000000 0.00000000 236.00000000
410.00000000 376.00000000 0.00000000 235.00000000
800.00000000 567.00000000 0.00000000 234.00000000
750.00000000 522.00000000 0.00000000 231.00000000
736.00000000 630.00000000 0.00000000 230.00000000
431.00000000 581.00000000 0.00000000 229.00000000
144.00000000 692.00000000 0.00000000 228.00000000
765.00000000 613.00000000 0.00000000 227.00000000
411.00000000 362.00000000 0.00000000 226.00000000
725.00000000 554.00000000 0.00000000 223.00000000
811.00000000 203.00000000 0.00000000 221.00000000
