340.00000000 693.00000000 1.00000000 658.00000000
340.00000000 692.00000000 0.00000000 526.00000000
888.00000000 396.00000000 0.00000000 516.00000000
1076.00000000 511.00000000 0.00000000 469.00000000
888.00000000 396.00000000 1.00000000 450.00000000
837.00000000 336.00000000 1.00000000 447.00000000
239.00000000 550.00000000 0.00000000 444.00000000
272.00000000 490.00000000 0.00000000 430.00000000
837.00000000 336.00000000 1.00000000 401.00000000
693.00000000 273.00000000 0.00000000 394.00000000
340.00000000 692.00000000 1.00000000 388.00000000
338.00000000 281.00000000 1.00000000 386.00000000
552.00000000 249.00000000 1.00000000 383.00000000
837.00000000 336.00000000 0.00000000 378.00000000
222.00000000 510.00000000 1.00000000 374.00000000
223.00000000 509.00000000 1.00000000 368.00000000
21.00000000 565.00000000 0.00000000 368.00000000
273.00000000 491.00000000 1.00000000 364.00000000
1076.00000000 512.00000000 1.00000000 361.00000000
169.00000000 302.00000000 2.00000000 360.00000000
338.00000000 280.00000000 0.00000000 349.00000000
222.00000000 510.00000000 2.00000000 343.00000000
508.00000000 367.00000000 0.00000000 340.00000000
1061.00000000 504.00000000 0.00000000 339.00000000
259.00000000 326.00000000 0.00000000 337.00000000
219.00000000 520.00000000 1.00000000 333.00000000
552.00000000 248.00000000 0.00000000 327.00000000
1090.00000000 526.00000000 1.00000000 324.00000000
89.00000000 521.00000000 0.00000000 323.00000000
664.00000000 472.00000000 0.00000000 321.00000000
187.00000000 461.00000000 1.00000000 319.00000000
508.00000000 367.00000000 1.00000000 314.00000000
742.00000000 560.00000000 1.00000000 314.00000000
295.00000000 457.00000000 1.00000000 310.00000000
1076.00000000 504.00000000 0.00000000 309.00000000
172.00000000 302.00000000 2.00000000 309.00000000
295.00000000 456.00000000 0.00000000 308.00000000
762.00000000 315.00000000 0.00000000 308.00000000
143.00000000 521.00000000 0.00000000 306.00000000
742.00000000 560.00000000 0.00000000 305.00000000
697.00000000 530.00000000 0.00000000 305.00000000
1061.00000000 504.00000000 1.00000000 305.00000000
902.00000000 395.00000000 0.00000000 300.00000000
21.00000000 566.00000000 1.00000000 298.00000000
243.00000000 519.00000000 0.00000000 295.00000000
836.00000000 336.00000000 2.00000000 294.00000000
644.00000000 587.00000000 0.00000000 291.00000000
508.00000000 364.00000000 2.00000000 290.00000000
224.00000000 538.00000000 0.00000000 290.00000000
186.00000000 461.00000000 1.00000000 289.00000000
393.00000000 364.00000000 0.00000000 288.00000000
278.00000000 410.00000000 1.00000000 284.00000000
278.00000000 409.00000000 1.00000000 284.00000000
225.00000000 574.00000000 0.00000000 283.00000000
372.00000000 366.00000000 0.00000000 281.00000000
187.00000000 461.00000000 0.00000000 281.00000000
506.00000000 362.00000000 2.00000000 278.00000000
168.00000000 304.00000000 4.00000000 278.00000000
223.00000000 508.00000000 0.00000000 276.00000000
1092.00000000 526.00000000 2.00000000 276.00000000
219.00000000 520.00000000 0.00000000 275.00000000
337.00000000 281.00000000 1.00000000 272.00000000
280.00000000 569.00000000 0.00000000 271.00000000
390.00000000 377.00000000 1.00000000 271.00000000
152.00000000 436.00000000 0.00000000 270.00000000
770.00000000 314.00000000 0.00000000 269.00000000
90.00000000 522.00000000 1.00000000 269.00000000
295.00000000 456.00000000 1.00000000 268.00000000
288.00000000 327.00000000 1.00000000 267.00000000
678.00000000 623.00000000 1.00000000 266.00000000
865.00000000 89.00000000 0.00000000 264.00000000
1043.00000000 437.00000000 0.00000000 262.00000000
220.00000000 511.00000000 2.00000000 262.00000000
902.00000000 395.00000000 1.00000000 259.00000000
449.00000000 437.00000000 0.00000000 258.00000000
288.00000000 326.00000000 0.00000000 257.00000000
644.00000000 588.00000000 1.00000000 256.00000000
1083.00000000 414.00000000 0.00000000 255.00000000
252.00000000 263.00000000 1.00000000 255.00000000
776.00000000 713.00000000 0.00000000 255.00000000
393.00000000 373.00000000 2.00000000 255.00000000
154.00000000 438.00000000 2.00000000 255.00000000
660.00000000 601.00000000 0.00000000 254.00000000
279.00000000 507.00000000 0.00000000 253.00000000
153.00000000 436.00000000 1.00000000 253.00000000
152.00000000 436.00000000 1.00000000 252.00000000
841.00000000 435.00000000 1.00000000 250.00000000
551.00000000 248.00000000 1.00000000 250.00000000
555.00000000 408.00000000 1.00000000 249.00000000
682.00000000 576.00000000 0.00000000 248.00000000
296.00000000 456.00000000 2.00000000 248.00000000
1088.00000000 533.00000000 0.00000000 248.00000000
694.00000000 274.00000000 1.00000000 247.00000000
299.00000000 547.00000000 1.00000000 247.00000000
1089.00000000 534.00000000 1.00000000 246.00000000
558.00000000 244.00000000 0.00000000 245.00000000
1059.00000000 405.00000000 0.00000000 243.00000000
205.00000000 166.00000000 0.00000000 242.00000000
697.00000000 531.00000000 1.00000000 242.00000000
86.00000000 510.00000000 0.00000000 242.00000000
697.00000000 554.00000000 0.00000000 242.00000000
251.00000000 261.00000000 1.00000000 241.00000000
91.00000000 595.00000000 1.00000000 241.00000000
697.00000000 555.00000000 1.00000000 240.00000000
683.00000000 549.00000000 0.00000000 240.00000000
178.00000000 473.00000000 0.00000000 240.00000000
507.00000000 366.00000000 1.00000000 239.00000000
392.00000000 372.00000000 2.00000000 238.00000000
252.00000000 263.00000000 0.00000000 238.00000000
649.00000000 510.00000000 0.00000000 235.00000000
841.00000000 435.00000000 0.00000000 233.00000000
440.00000000 663.00000000 0.00000000 233.00000000
875.00000000 312.00000000 0.00000000 230.00000000
1114.00000000 451.00000000 0.00000000 229.00000000
284.00000000 554.00000000 0.00000000 227.00000000
520.00000000 351.00000000 0.00000000 227.00000000
135.00000000 532.00000000 0.00000000 227.00000000
676.00000000 541.00000000 0.00000000 227.00000000
400.00000000 270.00000000 0.00000000 226.00000000
332.00000000 742.00000000 0.00000000 226.00000000
902.00000000 395.00000000 1.00000000 224.00000000
555.00000000 408.00000000 0.00000000 224.00000000
272.00000000 492.00000000 1.00000000 221.00000000
646.00000000 650.00000000 1.00000000 220.00000000
728.00000000 344.00000000 4.00000000 203.00000000
678.00000000 622.00000000 1.00000000 196.00000000
231.00000000 610.00000000 5.00000000 159.00000000
