640.00000000 721.00000000 1.00000000 658.00000000
496.00000000 569.00000000 1.00000000 595.00000000
640.00000000 720.00000000 0.00000000 558.00000000
640.00000000 722.00000000 1.00000000 534.00000000
496.00000000 569.00000000 0.00000000 504.00000000
548.00000000 483.00000000 1.00000000 423.00000000
959.00000000 370.00000000 0.00000000 419.00000000
502.00000000 524.00000000 0.00000000 403.00000000
115.00000000 534.00000000 1.00000000 396.00000000
478.00000000 569.00000000 0.00000000 388.00000000
306.00000000 396.00000000 0.00000000 387.00000000
523.00000000 260.00000000 0.00000000 387.00000000
437.00000000 304.00000000 0.00000000 387.00000000
524.00000000 261.00000000 1.00000000 383.00000000
548.00000000 482.00000000 0.00000000 369.00000000
306.00000000 397.00000000 1.00000000 363.00000000
512.00000000 726.00000000 1.00000000 353.00000000
115.00000000 533.00000000 0.00000000 352.00000000
557.00000000 505.00000000 0.00000000 351.00000000
699.00000000 241.00000000 0.00000000 350.00000000
692.00000000 341.00000000 0.00000000 350.00000000
959.00000000 370.00000000 1.00000000 348.00000000
511.00000000 725.00000000 0.00000000 345.00000000
631.00000000 232.00000000 1.00000000 343.00000000
823.00000000 403.00000000 0.00000000 340.00000000
566.00000000 564.00000000 0.00000000 336.00000000
557.00000000 506.00000000 1.00000000 334.00000000
496.00000000 569.00000000 1.00000000 332.00000000
502.00000000 524.00000000 1.00000000 330.00000000
898.00000000 634.00000000 0.00000000 330.00000000
983.00000000 412.00000000 0.00000000 319.00000000
474.00000000 605.00000000 0.00000000 316.00000000
548.00000000 485.00000000 1.00000000 311.00000000
671.00000000 339.00000000 0.00000000 311.00000000
461.00000000 528.00000000 1.00000000 307.00000000
790.00000000 361.00000000 1.00000000 307.00000000
790.00000000 359.00000000 1.00000000 301.00000000
741.00000000 656.00000000 0.00000000 299.00000000
566.00000000 565.00000000 1.00000000 295.00000000
445.00000000 305.00000000 0.00000000 289.00000000
799.00000000 348.00000000 0.00000000 284.00000000
468.00000000 514.00000000 2.00000000 283.00000000
790.00000000 358.00000000 2.00000000 283.00000000
918.00000000 366.00000000 2.00000000 281.00000000
461.00000000 529.00000000 1.00000000 279.00000000
471.00000000 556.00000000 1.00000000 278.00000000
820.00000000 263.00000000 1.00000000 277.00000000
466.00000000 514.00000000 2.00000000 274.00000000
790.00000000 362.00000000 0.00000000 272.00000000
365.00000000 475.00000000 0.00000000 269.00000000
888.00000000 496.00000000 0.00000000 268.00000000
671.00000000 340.00000000 1.00000000 267.00000000
910.00000000 502.00000000 0.00000000 267.00000000
820.00000000 262.00000000 0.00000000 266.00000000
632.00000000 231.00000000 1.00000000 265.00000000
146.00000000 556.00000000 2.00000000 262.00000000
321.00000000 397.00000000 1.00000000 261.00000000
114.00000000 534.00000000 1.00000000 261.00000000
689.00000000 355.00000000 1.00000000 260.00000000
464.00000000 516.00000000 4.00000000 260.00000000
778.00000000 684.00000000 1.00000000 260.00000000
474.00000000 606.00000000 1.00000000 258.00000000
560.00000000 587.00000000 1.00000000 258.00000000
882.00000000 588.00000000 5.00000000 256.00000000
1103.00000000 436.00000000 0.00000000 254.00000000
878.00000000 552.00000000 0.00000000 253.00000000
366.00000000 476.00000000 1.00000000 252.00000000
1112.00000000 318.00000000 0.00000000 251.00000000
145.00000000 555.00000000 1.00000000 250.00000000
554.00000000 376.00000000 1.00000000 250.00000000
699.00000000 242.00000000 1.00000000 249.00000000
522.00000000 640.00000000 0.00000000 249.00000000
952.00000000 418.00000000 2.00000000 247.00000000
904.00000000 523.00000000 0.00000000 247.00000000
321.00000000 396.00000000 0.00000000 246.00000000
899.00000000 634.00000000 1.00000000 246.00000000
134.00000000 430.00000000 0.00000000 246.00000000
548.00000000 496.00000000 0.00000000 245.00000000
561.00000000 543.00000000 0.00000000 245.00000000
149.00000000 555.00000000 0.00000000 245.00000000
473.00000000 588.00000000 0.00000000 244.00000000
513.00000000 327.00000000 0.00000000 243.00000000
469.00000000 513.00000000 1.00000000 243.00000000
341.00000000 475.00000000 1.00000000 242.00000000
533.00000000 608.00000000 0.00000000 241.00000000
778.00000000 683.00000000 0.00000000 241.00000000
880.00000000 115.00000000 0.00000000 240.00000000
516.00000000 556.00000000 0.00000000 240.00000000
917.00000000 367.00000000 1.00000000 240.00000000
524.00000000 261.00000000 1.00000000 240.00000000
549.00000000 443.00000000 0.00000000 239.00000000
958.00000000 370.00000000 1.00000000 238.00000000
1025.00000000 579.00000000 1.00000000 238.00000000
880.00000000 588.00000000 4.00000000 238.00000000
879.00000000 585.00000000 2.00000000 237.00000000
614.00000000 692.00000000 0.00000000 236.00000000
554.00000000 378.00000000 2.00000000 236.00000000
321.00000000 397.00000000 1.00000000 236.00000000
541.00000000 538.00000000 1.00000000 236.00000000
579.00000000 440.00000000 1.00000000 235.00000000
556.00000000 448.00000000 0.00000000 234.00000000
983.00000000 412.00000000 1.00000000 233.00000000
1025.00000000 581.00000000 1.00000000 233.00000000
423.00000000 352.00000000 0.00000000 231.00000000
950.00000000 415.00000000 2.00000000 230.00000000
1037.00000000 489.00000000 0.00000000 230.00000000
78.00000000 389.00000000 0.00000000 230.00000000
342.00000000 475.00000000 0.00000000 229.00000000
584.00000000 545.00000000 0.00000000 229.00000000
399.00000000 441.00000000 1.00000000 228.00000000
134.00000000 536.00000000 2.00000000 228.00000000
455.00000000 732.00000000 0.00000000 227.00000000
640.00000000 722.00000000 2.00000000 226.00000000
469.00000000 511.00000000 1.00000000 226.00000000
880.00000000 116.00000000 1.00000000 226.00000000
575.00000000 539.00000000 0.00000000 225.00000000
559.00000000 587.00000000 0.00000000 224.00000000
131.00000000 540.00000000 0.00000000 222.00000000
528.00000000 602.00000000 0.00000000 220.00000000
952.00000000 421.00000000 0.00000000 219.00000000
279.00000000 543.00000000 0.00000000 219.00000000
122.00000000 388.00000000 0.00000000 218.00000000
453.00000000 596.00000000 0.00000000 218.00000000
525.00000000 678.00000000 0.00000000 218.00000000
1028.00000000 531.00000000 0.00000000 217.00000000
531.00000000 229.00000000 0.00000000 216.00000000
791.00000000 356.00000000 2.00000000 215.00000000
