227.00000000 358.00000000 0.00000000 552.00000000
257.00000000 523.00000000 0.00000000 497.00000000
257.00000000 524.00000000 1.00000000 478.00000000
284.00000000 324.00000000 0.00000000 403.00000000
644.00000000 550.00000000 1.00000000 395.00000000
939.00000000 688.00000000 0.00000000 393.00000000
52.00000000 106.00000000 0.00000000 367.00000000
436.00000000 178.00000000 1.00000000 362.00000000
231.00000000 316.00000000 1.00000000 358.00000000
740.00000000 339.00000000 0.00000000 347.00000000
436.00000000 177.00000000 0.00000000 344.00000000
944.00000000 702.00000000 1.00000000 338.00000000
276.00000000 110.00000000 2.00000000 329.00000000
325.00000000 257.00000000 1.00000000 327.00000000
842.00000000 521.00000000 0.00000000 326.00000000
230.00000000 315.00000000 1.00000000 325.00000000
827.00000000 452.00000000 1.00000000 324.00000000
257.00000000 523.00000000 1.00000000 323.00000000
428.00000000 266.00000000 0.00000000 322.00000000
255.00000000 404.00000000 0.00000000 322.00000000
634.00000000 253.00000000 0.00000000 318.00000000
198.00000000 219.00000000 0.00000000 317.00000000
345.00000000 178.00000000 0.00000000 315.00000000
284.00000000 384.00000000 1.00000000 312.00000000
325.00000000 258.00000000 1.00000000 308.00000000
230.00000000 314.00000000 2.00000000 307.00000000
256.00000000 405.00000000 1.00000000 304.00000000
447.00000000 275.00000000 0.00000000 304.00000000
231.00000000 316.00000000 0.00000000 300.00000000
227.00000000 358.00000000 1.00000000 300.00000000
827.00000000 451.00000000 1.00000000 297.00000000
842.00000000 521.00000000 1.00000000 294.00000000
643.00000000 549.00000000 0.00000000 294.00000000
282.00000000 341.00000000 0.00000000 294.00000000
634.00000000 254.00000000 1.00000000 294.00000000
495.00000000 199.00000000 0.00000000 290.00000000
284.00000000 325.00000000 1.00000000 288.00000000
198.00000000 220.00000000 2.00000000 286.00000000
101.00000000 262.00000000 0.00000000 285.00000000
724.00000000 379.00000000 0.00000000 279.00000000
854.00000000 527.00000000 1.00000000 272.00000000
657.00000000 589.00000000 0.00000000 271.00000000
284.00000000 384.00000000 1.00000000 270.00000000
944.00000000 703.00000000 1.00000000 267.00000000
657.00000000 590.00000000 1.00000000 267.00000000
262.00000000 354.00000000 0.00000000 266.00000000
229.00000000 313.00000000 2.00000000 265.00000000
198.00000000 219.00000000 1.00000000 264.00000000
854.00000000 527.00000000 0.00000000 264.00000000
828.00000000 451.00000000 0.00000000 260.00000000
680.00000000 251.00000000 0.00000000 255.00000000
435.00000000 178.00000000 1.00000000 254.00000000
274.00000000 110.00000000 2.00000000 254.00000000
789.00000000 532.00000000 1.00000000 253.00000000
197.00000000 219.00000000 1.00000000 252.00000000
545.00000000 330.00000000 0.00000000 251.00000000
324.00000000 258.00000000 2.00000000 250.00000000
24.00000000 715.00000000 1.00000000 242.00000000
247.00000000 366.00000000 0.00000000 240.00000000
102.00000000 262.00000000 1.00000000 240.00000000
205.00000000 372.00000000 0.00000000 239.00000000
724.00000000 379.00000000 1.00000000 239.00000000
612.00000000 523.00000000 0.00000000 237.00000000
277.00000000 110.00000000 1.00000000 236.00000000
632.00000000 546.00000000 0.00000000 235.00000000
946.00000000 704.00000000 2.00000000 233.00000000
627.00000000 494.00000000 0.00000000 231.00000000
390.00000000 76.00000000 1.00000000 231.00000000
658.00000000 262.00000000 1.00000000 228.00000000
612.00000000 524.00000000 1.00000000 227.00000000
480.00000000 193.00000000 0.00000000 226.00000000
463.00000000 362.00000000 1.00000000 225.00000000
103.00000000 251.00000000 0.00000000 224.00000000
499.00000000 214.00000000 0.00000000 224.00000000
630.00000000 240.00000000 1.00000000 221.00000000
255.00000000 405.00000000 1.00000000 220.00000000
370.00000000 193.00000000 1.00000000 220.00000000
564.00000000 570.00000000 0.00000000 218.00000000
740.00000000 340.00000000 1.00000000 217.00000000
283.00000000 341.00000000 1.00000000 216.00000000
562.00000000 323.00000000 1.00000000 216.00000000
222.00000000 323.00000000 1.00000000 216.00000000
881.00000000 130.00000000 1.00000000 216.00000000
245.00000000 334.00000000 0.00000000 216.00000000
311.00000000 23.00000000 1.00000000 215.00000000
462.00000000 176.00000000 1.00000000 213.00000000
828.00000000 450.00000000 2.00000000 213.00000000
325.00000000 257.00000000 0.00000000 212.00000000
641.00000000 253.00000000 0.00000000 211.00000000
284.00000000 383.00000000 0.00000000 209.00000000
774.00000000 454.00000000 2.00000000 208.00000000
657.00000000 261.00000000 0.00000000 207.00000000
624.00000000 448.00000000 2.00000000 207.00000000
390.00000000 76.00000000 1.00000000 205.00000000
197.00000000 220.00000000 2.00000000 204.00000000
668.00000000 412.00000000 1.00000000 203.00000000
158.00000000 436.00000000 0.00000000 203.00000000
631.00000000 486.00000000 0.00000000 203.00000000
630.00000000 239.00000000 0.00000000 202.00000000
608.00000000 596.00000000 0.00000000 202.00000000
709.00000000 318.00000000 1.00000000 202.00000000
854.00000000 526.00000000 1.00000000 201.00000000
391.00000000 75.00000000 0.00000000 200.00000000
178.00000000 446.00000000 0.00000000 199.00000000
777.00000000 403.00000000 0.00000000 199.00000000
219.00000000 255.00000000 1.00000000 198.00000000
72.00000000 325.00000000 0.00000000 197.00000000
320.00000000 306.00000000 0.00000000 197.00000000
140.00000000 293.00000000 0.00000000 196.00000000
78.00000000 98.00000000 0.00000000 196.00000000
33.00000000 185.00000000 0.00000000 196.00000000
223.00000000 323.00000000 0.00000000 196.00000000
371.00000000 193.00000000 0.00000000 195.00000000
661.00000000 555.00000000 0.00000000 195.00000000
463.00000000 362.00000000 0.00000000 194.00000000
219.00000000 257.00000000 0.00000000 194.00000000
256.00000000 393.00000000 0.00000000 192.00000000
580.00000000 547.00000000 0.00000000 192.00000000
444.00000000 420.00000000 0.00000000 192.00000000
439.00000000 284.00000000 0.00000000 192.00000000
784.00000000 406.00000000 0.00000000 190.00000000
367.00000000 12.00000000 0.00000000 190.00000000
691.00000000 301.00000000 0.00000000 190.00000000
738.00000000 410.00000000 2.00000000 172.00000000
272.00000000 112.00000000 4.00000000 154.00000000
774.00000000 492.00000000 5.00000000 149.00000000
760.00000000 732.00000000 4.00000000 148.00000000
