827.00000000 490.00000000 0.00000000 564.00000000
827.00000000 491.00000000 1.00000000 563.00000000
616.00000000 329.00000000 1.00000000 536.00000000
828.00000000 480.00000000 0.00000000 498.00000000
102.00000000 276.00000000 2.00000000 495.00000000
807.00000000 481.00000000 1.00000000 482.00000000
209.00000000 687.00000000 1.00000000 478.00000000
827.00000000 481.00000000 1.00000000 473.00000000
616.00000000 328.00000000 0.00000000 467.00000000
135.00000000 499.00000000 0.00000000 454.00000000
565.00000000 250.00000000 1.00000000 452.00000000
209.00000000 685.00000000 0.00000000 452.00000000
301.00000000 321.00000000 1.00000000 450.00000000
226.00000000 341.00000000 1.00000000 433.00000000
566.00000000 250.00000000 1.00000000 432.00000000
101.00000000 274.00000000 1.00000000 431.00000000
631.00000000 327.00000000 1.00000000 417.00000000
163.00000000 470.00000000 1.00000000 409.00000000
631.00000000 326.00000000 0.00000000 408.00000000
135.00000000 499.00000000 1.00000000 405.00000000
302.00000000 321.00000000 1.00000000 402.00000000
206.00000000 393.00000000 2.00000000 388.00000000
174.00000000 432.00000000 0.00000000 382.00000000
564.00000000 250.00000000 2.00000000 374.00000000
209.00000000 687.00000000 1.00000000 372.00000000
208.00000000 392.00000000 2.00000000 368.00000000
74.00000000 571.00000000 1.00000000 361.00000000
302.00000000 321.00000000 0.00000000 357.00000000
337.00000000 366.00000000 0.00000000 357.00000000
873.00000000 396.00000000 0.00000000 356.00000000
227.00000000 311.00000000 0.00000000 354.00000000
52.00000000 461.00000000 1.00000000 353.00000000
228.00000000 312.00000000 1.00000000 350.00000000
411.00000000 586.00000000 0.00000000 339.00000000
101.00000000 277.00000000 2.00000000 338.00000000
74.00000000 570.00000000 0.00000000 337.00000000
807.00000000 480.00000000 1.00000000 335.00000000
162.00000000 470.00000000 1.00000000 333.00000000
873.00000000 396.00000000 1.00000000 332.00000000
424.00000000 603.00000000 0.00000000 331.00000000
807.00000000 480.00000000 0.00000000 330.00000000
632.00000000 326.00000000 1.00000000 330.00000000
135.00000000 279.00000000 1.00000000 328.00000000
827.00000000 493.00000000 1.00000000 327.00000000
490.00000000 556.00000000 1.00000000 327.00000000
111.00000000 331.00000000 1.00000000 323.00000000
827.00000000 480.00000000 1.00000000 316.00000000
411.00000000 587.00000000 1.00000000 316.00000000
1029.00000000 193.00000000 0.00000000 315.00000000
844.00000000 514.00000000 2.00000000 314.00000000
776.00000000 329.00000000 0.00000000 314.00000000
174.00000000 432.00000000 1.00000000 313.00000000
169.00000000 444.00000000 0.00000000 312.00000000
382.00000000 380.00000000 1.00000000 310.00000000
432.00000000 282.00000000 2.00000000 308.00000000
469.00000000 274.00000000 2.00000000 307.00000000
643.00000000 276.00000000 0.00000000 305.00000000
111.00000000 330.00000000 1.00000000 301.00000000
386.00000000 180.00000000 0.00000000 300.00000000
544.00000000 356.00000000 4.00000000 299.00000000
226.00000000 340.00000000 1.00000000 297.00000000
622.00000000 161.00000000 0.00000000 297.00000000
472.00000000 276.00000000 4.00000000 296.00000000
234.00000000 219.00000000 0.00000000 296.00000000
53.00000000 460.00000000 1.00000000 295.00000000
116.00000000 437.00000000 0.00000000 295.00000000
302.00000000 320.00000000 2.00000000 295.00000000
135.00000000 278.00000000 1.00000000 294.00000000
854.00000000 408.00000000 0.00000000 294.00000000
566.00000000 250.00000000 0.00000000 292.00000000
213.00000000 343.00000000 1.00000000 291.00000000
53.00000000 314.00000000 0.00000000 286.00000000
141.00000000 362.00000000 1.00000000 284.00000000
324.00000000 176.00000000 2.00000000 283.00000000
116.00000000 437.00000000 1.00000000 282.00000000
137.00000000 487.00000000 1.00000000 281.00000000
574.00000000 387.00000000 1.00000000 281.00000000
169.00000000 444.00000000 1.00000000 281.00000000
98.00000000 414.00000000 1.00000000 280.00000000
52.00000000 460.00000000 2.00000000 280.00000000
381.00000000 380.00000000 1.00000000 278.00000000
616.00000000 329.00000000 1.00000000 278.00000000
543.00000000 350.00000000 5.00000000 277.00000000
163.00000000 469.00000000 0.00000000 276.00000000
226.00000000 341.00000000 0.00000000 276.00000000
338.00000000 366.00000000 1.00000000 273.00000000
424.00000000 453.00000000 1.00000000 273.00000000
643.00000000 276.00000000 1.00000000 270.00000000
164.00000000 291.00000000 0.00000000 270.00000000
111.00000000 331.00000000 0.00000000 270.00000000
141.00000000 228.00000000 1.00000000 269.00000000
135.00000000 279.00000000 0.00000000 267.00000000
742.00000000 369.00000000 1.00000000 266.00000000
743.00000000 368.00000000 0.00000000 265.00000000
504.00000000 227.00000000 0.00000000 264.00000000
141.00000000 227.00000000 0.00000000 263.00000000
497.00000000 229.00000000 0.00000000 262.00000000
123.00000000 94.00000000 0.00000000 262.00000000
364.00000000 156.00000000 2.00000000 258.00000000
437.00000000 183.00000000 0.00000000 257.00000000
499.00000000 366.00000000 0.00000000 257.00000000
113.00000000 130.00000000 0.00000000 255.00000000
822.00000000 648.00000000 0.00000000 254.00000000
609.00000000 220.00000000 0.00000000 253.00000000
574.00000000 387.00000000 0.00000000 253.00000000
832.00000000 338.00000000 0.00000000 253.00000000
84.00000000 538.00000000 0.00000000 252.00000000
524.00000000 758.00000000 0.00000000 252.00000000
141.00000000 362.00000000 0.00000000 249.00000000
784.00000000 378.00000000 0.00000000 248.00000000
310.00000000 301.00000000 0.00000000 244.00000000
829.00000000 263.00000000 0.00000000 240.00000000
382.00000000 380.00000000 0.00000000 239.00000000
125.00000000 342.00000000 0.00000000 235.00000000
766.00000000 341.00000000 0.00000000 234.00000000
697.00000000 725.00000000 0.00000000 232.00000000
190.00000000 238.00000000 0.00000000 232.00000000
758.00000000 371.00000000 0.00000000 231.00000000
98.00000000 413.00000000 0.00000000 231.00000000
473.00000000 552.00000000 0.00000000 230.00000000
212.00000000 344.00000000 0.00000000 228.00000000
438.00000000 287.00000000 0.00000000 228.00000000
762.00000000 295.00000000 0.00000000 227.00000000
633.00000000 449.00000000 0.00000000 227.00000000
621.00000000 408.00000000 0.00000000 226.00000000
631.00000000 291.00000000 0.00000000 225.00000000
451.00000000 516.00000000 0.00000000 224.00000000
