21.00000000 427.00000000 1.00000000 561.00000000
468.00000000 530.00000000 2.00000000 482.00000000
20.00000000 427.00000000 0.00000000 449.00000000
472.00000000 216.00000000 4.00000000 445.00000000
469.00000000 528.00000000 1.00000000 428.00000000
474.00000000 216.00000000 2.00000000 426.00000000
475.00000000 217.00000000 2.00000000 407.00000000
21.00000000 427.00000000 1.00000000 392.00000000
265.00000000 277.00000000 5.00000000 390.00000000
260.00000000 268.00000000 4.00000000 385.00000000
308.00000000 557.00000000 0.00000000 383.00000000
262.00000000 258.00000000 2.00000000 382.00000000
466.00000000 528.00000000 2.00000000 377.00000000
260.00000000 260.00000000 2.00000000 366.00000000
882.00000000 772.00000000 2.00000000 365.00000000
475.00000000 213.00000000 1.00000000 364.00000000
308.00000000 558.00000000 1.00000000 356.00000000
369.00000000 575.00000000 1.00000000 337.00000000
653.00000000 968.00000000 0.00000000 335.00000000
882.00000000 768.00000000 2.00000000 330.00000000
439.00000000 973.00000000 1.00000000 326.00000000
400.00000000 622.00000000 1.00000000 318.00000000
369.00000000 574.00000000 0.00000000 316.00000000
41.00000000 483.00000000 0.00000000 314.00000000
582.00000000 678.00000000 1.00000000 313.00000000
583.00000000 677.00000000 1.00000000 311.00000000
531.00000000 614.00000000 1.00000000 307.00000000
261.00000000 257.00000000 1.00000000 302.00000000
445.00000000 948.00000000 0.00000000 297.00000000
335.00000000 603.00000000 1.00000000 297.00000000
475.00000000 212.00000000 1.00000000 293.00000000
644.00000000 964.00000000 0.00000000 290.00000000
168.00000000 784.00000000 0.00000000 290.00000000
469.00000000 528.00000000 1.00000000 289.00000000
438.00000000 972.00000000 0.00000000 288.00000000
882.00000000 766.00000000 1.00000000 286.00000000
1008.00000000 730.00000000 0.00000000 285.00000000
278.00000000 586.00000000 1.00000000 285.00000000
531.00000000 613.00000000 0.00000000 283.00000000
582.00000000 682.00000000 2.00000000 281.00000000
400.00000000 621.00000000 0.00000000 277.00000000
480.00000000 646.00000000 1.00000000 273.00000000
501.00000000 1002.00000000 1.00000000 273.00000000
896.00000000 822.00000000 2.00000000 272.00000000
443.00000000 958.00000000 0.00000000 272.00000000
42.00000000 446.00000000 1.00000000 269.00000000
254.00000000 547.00000000 1.00000000 267.00000000
537.00000000 79.00000000 1.00000000 262.00000000
1126.00000000 844.00000000 2.00000000 259.00000000
173.00000000 526.00000000 0.00000000 259.00000000
50.00000000 492.00000000 0.00000000 259.00000000
447.00000000 135.00000000 1.00000000 257.00000000
883.00000000 765.00000000 1.00000000 257.00000000
86.00000000 503.00000000 0.00000000 254.00000000
41.00000000 444.00000000 0.00000000 254.00000000
42.00000000 483.00000000 1.00000000 252.00000000
1008.00000000 730.00000000 1.00000000 251.00000000
54.00000000 564.00000000 0.00000000 250.00000000
335.00000000 601.00000000 0.00000000 248.00000000
1478.00000000 952.00000000 2.00000000 245.00000000
277.00000000 588.00000000 1.00000000 241.00000000
140.00000000 518.00000000 0.00000000 241.00000000
799.00000000 681.00000000 1.00000000 240.00000000
262.00000000 256.00000000 1.00000000 239.00000000
630.00000000 1001.00000000 0.00000000 239.00000000
500.00000000 1002.00000000 0.00000000 238.00000000
500.00000000 946.00000000 0.00000000 234.00000000
653.00000000 968.00000000 1.00000000 231.00000000
335.00000000 605.00000000 1.00000000 231.00000000
654.00000000 1010.00000000 0.00000000 231.00000000
644.00000000 956.00000000 0.00000000 230.00000000
644.00000000 965.00000000 1.00000000 228.00000000
498.00000000 59.00000000 0.00000000 228.00000000
479.00000000 647.00000000 1.00000000 228.00000000
170.00000000 856.00000000 0.00000000 227.00000000
537.00000000 80.00000000 1.00000000 227.00000000
1117.00000000 488.00000000 0.00000000 227.00000000
955.00000000 272.00000000 0.00000000 225.00000000
480.00000000 645.00000000 0.00000000 225.00000000
537.00000000 888.00000000 0.00000000 224.00000000
530.00000000 615.00000000 1.00000000 224.00000000
1308.00000000 808.00000000 1.00000000 224.00000000
400.00000000 625.00000000 1.00000000 223.00000000
306.00000000 558.00000000 1.00000000 223.00000000
463.00000000 352.00000000 0.00000000 223.00000000
583.00000000 676.00000000 0.00000000 223.00000000
1006.00000000 731.00000000 1.00000000 221.00000000
442.00000000 591.00000000 0.00000000 221.00000000
445.00000000 949.00000000 1.00000000 220.00000000
517.00000000 558.00000000 1.00000000 215.00000000
463.00000000 49.00000000 0.00000000 215.00000000
883.00000000 765.00000000 0.00000000 214.00000000
442.00000000 593.00000000 1.00000000 214.00000000
840.00000000 30.00000000 1.00000000 213.00000000
955.00000000 272.00000000 1.00000000 212.00000000
761.00000000 806.00000000 1.00000000 208.00000000
230.00000000 572.00000000 0.00000000 208.00000000
278.00000000 584.00000000 0.00000000 205.00000000
446.00000000 135.00000000 0.00000000 204.00000000
1136.00000000 465.00000000 0.00000000 204.00000000
847.00000000 728.00000000 0.00000000 204.00000000
516.00000000 558.00000000 0.00000000 204.00000000
281.00000000 657.00000000 1.00000000 202.00000000
501.00000000 946.00000000 1.00000000 201.00000000
847.00000000 729.00000000 1.00000000 201.00000000
209.00000000 777.00000000 0.00000000 201.00000000
515.00000000 569.00000000 0.00000000 198.00000000
760.00000000 805.00000000 0.00000000 198.00000000
168.00000000 756.00000000 0.00000000 193.00000000
500.00000000 993.00000000 0.00000000 192.00000000
500.00000000 986.00000000 0.00000000 189.00000000
284.00000000 937.00000000 0.00000000 187.00000000
716.00000000 900.00000000 0.00000000 187.00000000
922.00000000 871.00000000 0.00000000 187.00000000
31.00000000 488.00000000 0.00000000 187.00000000
34.00000000 557.00000000 0.00000000 185.00000000
255.00000000 546.00000000 0.00000000 180.00000000
1075.00000000 789.00000000 0.00000000 178.00000000
449.00000000 911.00000000 0.00000000 178.00000000
285.00000000 859.00000000 0.00000000 176.00000000
499.00000000 968.00000000 0.00000000 176.00000000
98.00000000 532.00000000 0.00000000 176.00000000
1308.00000000 808.00000000 0.00000000 175.00000000
29.00000000 994.00000000 0.00000000 174.00000000
840.00000000 29.00000000 0.00000000 174.00000000
168.00000000 833.00000000 0.00000000 173.00000000
32.00000000 743.00000000 0.00000000 172.00000000
