580.00000000 262.00000000 2.00000000 496.00000000
308.00000000 296.00000000 4.00000000 476.00000000
311.00000000 299.00000000 5.00000000 471.00000000
569.00000000 530.00000000 1.00000000 470.00000000
653.00000000 149.00000000 1.00000000 440.00000000
570.00000000 530.00000000 2.00000000 440.00000000
579.00000000 260.00000000 1.00000000 433.00000000
528.00000000 916.00000000 1.00000000 409.00000000
652.00000000 148.00000000 2.00000000 388.00000000
1233.00000000 749.00000000 2.00000000 388.00000000
579.00000000 263.00000000 2.00000000 387.00000000
305.00000000 291.00000000 2.00000000 379.00000000
1014.00000000 708.00000000 2.00000000 376.00000000
325.00000000 585.00000000 1.00000000 366.00000000
1026.00000000 746.00000000 2.00000000 365.00000000
400.00000000 599.00000000 1.00000000 362.00000000
168.00000000 777.00000000 0.00000000 361.00000000
310.00000000 190.00000000 2.00000000 360.00000000
445.00000000 572.00000000 0.00000000 359.00000000
445.00000000 572.00000000 1.00000000 355.00000000
1012.00000000 709.00000000 2.00000000 353.00000000
400.00000000 601.00000000 1.00000000 351.00000000
576.00000000 264.00000000 4.00000000 351.00000000
1236.00000000 748.00000000 2.00000000 349.00000000
569.00000000 529.00000000 1.00000000 343.00000000
364.00000000 558.00000000 0.00000000 339.00000000
580.00000000 259.00000000 1.00000000 337.00000000
1250.00000000 792.00000000 2.00000000 337.00000000
528.00000000 915.00000000 0.00000000 336.00000000
528.00000000 917.00000000 1.00000000 334.00000000
536.00000000 894.00000000 0.00000000 329.00000000
483.00000000 615.00000000 1.00000000 325.00000000
1013.00000000 705.00000000 1.00000000 324.00000000
489.00000000 640.00000000 1.00000000 323.00000000
546.00000000 192.00000000 1.00000000 323.00000000
260.00000000 574.00000000 0.00000000 321.00000000
484.00000000 613.00000000 1.00000000 319.00000000
534.00000000 902.00000000 0.00000000 319.00000000
702.00000000 651.00000000 1.00000000 315.00000000
328.00000000 938.00000000 1.00000000 308.00000000
311.00000000 188.00000000 1.00000000 306.00000000
604.00000000 934.00000000 1.00000000 305.00000000
546.00000000 191.00000000 0.00000000 303.00000000
598.00000000 969.00000000 0.00000000 301.00000000
260.00000000 575.00000000 1.00000000 301.00000000
701.00000000 651.00000000 1.00000000 301.00000000
588.00000000 660.00000000 1.00000000 300.00000000
323.00000000 586.00000000 1.00000000 299.00000000
604.00000000 933.00000000 0.00000000 298.00000000
405.00000000 625.00000000 1.00000000 297.00000000
490.00000000 640.00000000 1.00000000 296.00000000
653.00000000 152.00000000 1.00000000 295.00000000
325.00000000 584.00000000 0.00000000 293.00000000
1014.00000000 704.00000000 1.00000000 290.00000000
131.00000000 526.00000000 0.00000000 289.00000000
404.00000000 625.00000000 1.00000000 286.00000000
599.00000000 961.00000000 0.00000000 286.00000000
1236.00000000 746.00000000 1.00000000 285.00000000
364.00000000 559.00000000 1.00000000 283.00000000
1026.00000000 746.00000000 1.00000000 282.00000000
581.00000000 632.00000000 1.00000000 279.00000000
484.00000000 612.00000000 0.00000000 276.00000000
400.00000000 598.00000000 0.00000000 274.00000000
767.00000000 883.00000000 0.00000000 273.00000000
564.00000000 379.00000000 0.00000000 271.00000000
768.00000000 992.00000000 0.00000000 270.00000000
168.00000000 777.00000000 1.00000000 269.00000000
782.00000000 978.00000000 0.00000000 268.00000000
328.00000000 938.00000000 0.00000000 267.00000000
643.00000000 600.00000000 1.00000000 266.00000000
581.00000000 630.00000000 1.00000000 266.00000000
257.00000000 767.00000000 0.00000000 265.00000000
329.00000000 609.00000000 1.00000000 262.00000000
643.00000000 600.00000000 0.00000000 257.00000000
1127.00000000 103.00000000 0.00000000 256.00000000
534.00000000 902.00000000 1.00000000 255.00000000
777.00000000 885.00000000 0.00000000 255.00000000
602.00000000 953.00000000 1.00000000 254.00000000
588.00000000 660.00000000 1.00000000 254.00000000
71.00000000 558.00000000 1.00000000 252.00000000
768.00000000 992.00000000 1.00000000 251.00000000
975.00000000 138.00000000 0.00000000 248.00000000
110.00000000 566.00000000 1.00000000 248.00000000
1083.00000000 328.00000000 0.00000000 247.00000000
647.00000000 831.00000000 0.00000000 246.00000000
779.00000000 960.00000000 0.00000000 245.00000000
702.00000000 650.00000000 0.00000000 244.00000000
975.00000000 138.00000000 1.00000000 243.00000000
1014.00000000 703.00000000 0.00000000 243.00000000
782.00000000 978.00000000 1.00000000 241.00000000
565.00000000 378.00000000 1.00000000 241.00000000
602.00000000 953.00000000 0.00000000 239.00000000
779.00000000 960.00000000 1.00000000 235.00000000
777.00000000 875.00000000 1.00000000 232.00000000
581.00000000 629.00000000 0.00000000 230.00000000
768.00000000 907.00000000 0.00000000 227.00000000
405.00000000 625.00000000 0.00000000 227.00000000
777.00000000 875.00000000 0.00000000 227.00000000
168.00000000 750.00000000 0.00000000 223.00000000
235.00000000 749.00000000 0.00000000 221.00000000
168.00000000 845.00000000 0.00000000 218.00000000
226.00000000 766.00000000 0.00000000 214.00000000
294.00000000 550.00000000 0.00000000 214.00000000
1131.00000000 669.00000000 0.00000000 211.00000000
179.00000000 533.00000000 0.00000000 210.00000000
630.00000000 961.00000000 0.00000000 210.00000000
109.00000000 188.00000000 0.00000000 209.00000000
224.00000000 700.00000000 0.00000000 209.00000000
893.00000000 743.00000000 0.00000000 209.00000000
640.00000000 940.00000000 0.00000000 208.00000000
625.00000000 562.00000000 0.00000000 207.00000000
68.00000000 540.00000000 0.00000000 206.00000000
536.00000000 816.00000000 0.00000000 206.00000000
579.00000000 258.00000000 0.00000000 206.00000000
108.00000000 548.00000000 0.00000000 205.00000000
542.00000000 861.00000000 0.00000000 204.00000000
603.00000000 885.00000000 0.00000000 202.00000000
561.00000000 123.00000000 0.00000000 202.00000000
490.00000000 640.00000000 0.00000000 201.00000000
713.00000000 972.00000000 0.00000000 199.00000000
226.00000000 755.00000000 0.00000000 199.00000000
574.00000000 287.00000000 0.00000000 198.00000000
603.00000000 904.00000000 0.00000000 198.00000000
1227.00000000 489.00000000 0.00000000 197.00000000
777.00000000 920.00000000 0.00000000 196.00000000
1243.00000000 473.00000000 0.00000000 195.00000000
980.00000000 677.00000000 0.00000000 195.00000000
