1148.00000000 194.00000000 2.00000000 660.00000000
1148.00000000 195.00000000 1.00000000 600.00000000
1044.00000000 286.00000000 2.00000000 586.00000000
599.00000000 311.00000000 5.00000000 555.00000000
1071.00000000 956.00000000 0.00000000 533.00000000
1043.00000000 288.00000000 2.00000000 530.00000000
492.00000000 783.00000000 0.00000000 501.00000000
596.00000000 308.00000000 4.00000000 486.00000000
1043.00000000 285.00000000 1.00000000 480.00000000
1148.00000000 192.00000000 2.00000000 456.00000000
759.00000000 596.00000000 1.00000000 455.00000000
968.00000000 865.00000000 1.00000000 454.00000000
1029.00000000 519.00000000 1.00000000 453.00000000
600.00000000 198.00000000 2.00000000 444.00000000
599.00000000 200.00000000 2.00000000 443.00000000
970.00000000 865.00000000 1.00000000 432.00000000
1030.00000000 518.00000000 2.00000000 425.00000000
769.00000000 618.00000000 1.00000000 424.00000000
492.00000000 784.00000000 1.00000000 424.00000000
623.00000000 591.00000000 1.00000000 419.00000000
506.00000000 608.00000000 1.00000000 417.00000000
909.00000000 623.00000000 1.00000000 413.00000000
909.00000000 623.00000000 1.00000000 413.00000000
1023.00000000 383.00000000 1.00000000 410.00000000
429.00000000 789.00000000 0.00000000 409.00000000
499.00000000 588.00000000 1.00000000 409.00000000
767.00000000 619.00000000 1.00000000 409.00000000
1024.00000000 382.00000000 2.00000000 399.00000000
624.00000000 590.00000000 1.00000000 398.00000000
600.00000000 200.00000000 4.00000000 398.00000000
760.00000000 595.00000000 1.00000000 397.00000000
77.00000000 591.00000000 1.00000000 395.00000000
899.00000000 601.00000000 1.00000000 395.00000000
632.00000000 612.00000000 1.00000000 387.00000000
760.00000000 598.00000000 2.00000000 387.00000000
76.00000000 591.00000000 1.00000000 386.00000000
507.00000000 607.00000000 1.00000000 385.00000000
172.00000000 178.00000000 1.00000000 383.00000000
1057.00000000 629.00000000 1.00000000 381.00000000
899.00000000 599.00000000 1.00000000 381.00000000
978.00000000 850.00000000 1.00000000 380.00000000
1117.00000000 880.00000000 0.00000000 372.00000000
630.00000000 939.00000000 1.00000000 372.00000000
70.00000000 572.00000000 1.00000000 370.00000000
499.00000000 586.00000000 1.00000000 368.00000000
1148.00000000 196.00000000 1.00000000 368.00000000
630.00000000 938.00000000 1.00000000 362.00000000
429.00000000 789.00000000 1.00000000 361.00000000
1071.00000000 957.00000000 1.00000000 360.00000000
1074.00000000 893.00000000 0.00000000 358.00000000
269.00000000 791.00000000 0.00000000 358.00000000
638.00000000 843.00000000 1.00000000 357.00000000
71.00000000 572.00000000 1.00000000 355.00000000
172.00000000 178.00000000 0.00000000 351.00000000
1018.00000000 164.00000000 0.00000000 350.00000000
1044.00000000 284.00000000 1.00000000 350.00000000
769.00000000 618.00000000 0.00000000 347.00000000
492.00000000 770.00000000 0.00000000 346.00000000
304.00000000 803.00000000 0.00000000 346.00000000
996.00000000 222.00000000 0.00000000 345.00000000
174.00000000 595.00000000 1.00000000 344.00000000
141.00000000 661.00000000 2.00000000 340.00000000
1300.00000000 899.00000000 1.00000000 339.00000000
305.00000000 787.00000000 0.00000000 339.00000000
1058.00000000 629.00000000 1.00000000 339.00000000
304.00000000 815.00000000 1.00000000 339.00000000
898.00000000 602.00000000 2.00000000 337.00000000
158.00000000 403.00000000 1.00000000 336.00000000
304.00000000 815.00000000 0.00000000 333.00000000
977.00000000 849.00000000 0.00000000 333.00000000
1009.00000000 931.00000000 0.00000000 333.00000000
624.00000000 592.00000000 2.00000000 327.00000000
996.00000000 223.00000000 1.00000000 327.00000000
1213.00000000 610.00000000 1.00000000 325.00000000
447.00000000 770.00000000 0.00000000 324.00000000
447.00000000 770.00000000 1.00000000 324.00000000
1081.00000000 861.00000000 0.00000000 319.00000000
1475.00000000 922.00000000 0.00000000 319.00000000
305.00000000 787.00000000 1.00000000 317.00000000
301.00000000 903.00000000 0.00000000 315.00000000
167.00000000 576.00000000 1.00000000 312.00000000
499.00000000 585.00000000 0.00000000 312.00000000
1082.00000000 862.00000000 1.00000000 312.00000000
836.00000000 565.00000000 1.00000000 312.00000000
1056.00000000 938.00000000 0.00000000 309.00000000
899.00000000 598.00000000 0.00000000 308.00000000
304.00000000 865.00000000 0.00000000 305.00000000
909.00000000 622.00000000 0.00000000 305.00000000
1300.00000000 898.00000000 0.00000000 303.00000000
1132.00000000 859.00000000 0.00000000 299.00000000
1306.00000000 780.00000000 0.00000000 297.00000000
304.00000000 849.00000000 0.00000000 296.00000000
697.00000000 560.00000000 0.00000000 293.00000000
760.00000000 594.00000000 0.00000000 293.00000000
623.00000000 589.00000000 0.00000000 291.00000000
77.00000000 590.00000000 0.00000000 290.00000000
837.00000000 564.00000000 0.00000000 287.00000000
971.00000000 857.00000000 0.00000000 286.00000000
1313.00000000 861.00000000 0.00000000 284.00000000
1025.00000000 982.00000000 0.00000000 283.00000000
167.00000000 574.00000000 0.00000000 282.00000000
507.00000000 607.00000000 0.00000000 281.00000000
428.00000000 777.00000000 0.00000000 278.00000000
632.00000000 612.00000000 0.00000000 277.00000000
174.00000000 593.00000000 0.00000000 277.00000000
223.00000000 548.00000000 0.00000000 274.00000000
243.00000000 830.00000000 0.00000000 272.00000000
424.00000000 720.00000000 0.00000000 271.00000000
270.00000000 577.00000000 0.00000000 269.00000000
71.00000000 571.00000000 0.00000000 268.00000000
415.00000000 730.00000000 0.00000000 267.00000000
416.00000000 722.00000000 0.00000000 266.00000000
1141.00000000 766.00000000 0.00000000 266.00000000
154.00000000 796.00000000 0.00000000 265.00000000
156.00000000 403.00000000 0.00000000 263.00000000
988.00000000 813.00000000 0.00000000 262.00000000
248.00000000 857.00000000 0.00000000 262.00000000
567.00000000 557.00000000 0.00000000 258.00000000
1296.00000000 806.00000000 0.00000000 253.00000000
156.00000000 432.00000000 0.00000000 253.00000000
968.00000000 863.00000000 0.00000000 252.00000000
159.00000000 485.00000000 0.00000000 250.00000000
1079.00000000 879.00000000 0.00000000 248.00000000
979.00000000 774.00000000 0.00000000 248.00000000
895.00000000 782.00000000 0.00000000 247.00000000
415.00000000 753.00000000 0.00000000 247.00000000
301.00000000 748.00000000 0.00000000 246.00000000
