410.00000000 381.00000000 0.00000000 483.00000000
80.00000000 69.00000000 1.00000000 449.00000000
35.00000000 593.00000000 1.00000000 449.00000000
82.00000000 68.00000000 1.00000000 438.00000000
76.00000000 73.00000000 2.00000000 426.00000000
78.00000000 72.00000000 2.00000000 424.00000000
519.00000000 487.00000000 1.00000000 421.00000000
429.00000000 509.00000000 2.00000000 419.00000000
36.00000000 592.00000000 0.00000000 418.00000000
48.00000000 33.00000000 1.00000000 412.00000000
506.00000000 461.00000000 0.00000000 410.00000000
569.00000000 442.00000000 1.00000000 410.00000000
48.00000000 33.00000000 1.00000000 408.00000000
46.00000000 36.00000000 2.00000000 407.00000000
376.00000000 624.00000000 1.00000000 396.00000000
786.00000000 212.00000000 0.00000000 392.00000000
785.00000000 243.00000000 0.00000000 379.00000000
520.00000000 488.00000000 2.00000000 379.00000000
33.00000000 593.00000000 1.00000000 378.00000000
80.00000000 148.00000000 4.00000000 370.00000000
410.00000000 381.00000000 1.00000000 368.00000000
430.00000000 510.00000000 2.00000000 368.00000000
84.00000000 152.00000000 5.00000000 367.00000000
511.00000000 617.00000000 1.00000000 354.00000000
477.00000000 528.00000000 1.00000000 354.00000000
428.00000000 508.00000000 4.00000000 351.00000000
48.00000000 31.00000000 0.00000000 348.00000000
82.00000000 67.00000000 0.00000000 346.00000000
510.00000000 618.00000000 1.00000000 339.00000000
426.00000000 379.00000000 1.00000000 338.00000000
510.00000000 469.00000000 1.00000000 336.00000000
568.00000000 441.00000000 1.00000000 333.00000000
487.00000000 474.00000000 0.00000000 332.00000000
569.00000000 441.00000000 0.00000000 325.00000000
90.00000000 575.00000000 1.00000000 324.00000000
617.00000000 397.00000000 1.00000000 322.00000000
448.00000000 555.00000000 1.00000000 322.00000000
426.00000000 379.00000000 0.00000000 319.00000000
397.00000000 601.00000000 1.00000000 318.00000000
42.00000000 42.00000000 2.00000000 318.00000000
616.00000000 395.00000000 1.00000000 313.00000000
56.00000000 487.00000000 1.00000000 313.00000000
395.00000000 601.00000000 1.00000000 312.00000000
510.00000000 469.00000000 1.00000000 311.00000000
318.00000000 36.00000000 2.00000000 309.00000000
82.00000000 141.00000000 2.00000000 308.00000000
56.00000000 490.00000000 2.00000000 307.00000000
622.00000000 408.00000000 0.00000000 307.00000000
735.00000000 123.00000000 1.00000000 305.00000000
623.00000000 410.00000000 1.00000000 302.00000000
316.00000000 36.00000000 1.00000000 302.00000000
476.00000000 528.00000000 1.00000000 301.00000000
616.00000000 396.00000000 2.00000000 297.00000000
510.00000000 468.00000000 0.00000000 296.00000000
540.00000000 469.00000000 0.00000000 296.00000000
500.00000000 504.00000000 1.00000000 294.00000000
234.00000000 394.00000000 1.00000000 293.00000000
709.00000000 89.00000000 0.00000000 290.00000000
466.00000000 557.00000000 1.00000000 289.00000000
449.00000000 554.00000000 0.00000000 289.00000000
396.00000000 602.00000000 2.00000000 289.00000000
734.00000000 123.00000000 0.00000000 286.00000000
143.00000000 364.00000000 0.00000000 285.00000000
87.00000000 575.00000000 1.00000000 283.00000000
58.00000000 487.00000000 1.00000000 283.00000000
511.00000000 616.00000000 0.00000000 280.00000000
448.00000000 554.00000000 1.00000000 278.00000000
584.00000000 429.00000000 0.00000000 273.00000000
501.00000000 505.00000000 1.00000000 268.00000000
709.00000000 167.00000000 1.00000000 266.00000000
617.00000000 396.00000000 0.00000000 265.00000000
540.00000000 469.00000000 1.00000000 262.00000000
692.00000000 34.00000000 0.00000000 262.00000000
423.00000000 356.00000000 1.00000000 261.00000000
376.00000000 624.00000000 0.00000000 259.00000000
746.00000000 164.00000000 0.00000000 259.00000000
90.00000000 574.00000000 0.00000000 255.00000000
397.00000000 601.00000000 0.00000000 255.00000000
585.00000000 429.00000000 1.00000000 255.00000000
709.00000000 90.00000000 1.00000000 254.00000000
490.00000000 482.00000000 0.00000000 253.00000000
535.00000000 134.00000000 1.00000000 248.00000000
57.00000000 486.00000000 0.00000000 246.00000000
477.00000000 528.00000000 0.00000000 243.00000000
748.00000000 77.00000000 1.00000000 240.00000000
422.00000000 355.00000000 0.00000000 238.00000000
556.00000000 454.00000000 0.00000000 237.00000000
709.00000000 166.00000000 0.00000000 235.00000000
411.00000000 261.00000000 0.00000000 234.00000000
748.00000000 194.00000000 1.00000000 230.00000000
491.00000000 483.00000000 1.00000000 229.00000000
236.00000000 394.00000000 1.00000000 227.00000000
421.00000000 581.00000000 1.00000000 226.00000000
445.00000000 580.00000000 1.00000000 224.00000000
344.00000000 376.00000000 1.00000000 224.00000000
690.00000000 328.00000000 0.00000000 220.00000000
431.00000000 618.00000000 0.00000000 214.00000000
748.00000000 194.00000000 0.00000000 211.00000000
500.00000000 238.00000000 0.00000000 210.00000000
526.00000000 455.00000000 0.00000000 205.00000000
76.00000000 91.00000000 0.00000000 205.00000000
712.00000000 137.00000000 0.00000000 204.00000000
417.00000000 345.00000000 0.00000000 200.00000000
534.00000000 133.00000000 0.00000000 199.00000000
569.00000000 584.00000000 0.00000000 199.00000000
59.00000000 539.00000000 0.00000000 197.00000000
685.00000000 117.00000000 0.00000000 189.00000000
467.00000000 557.00000000 0.00000000 187.00000000
578.00000000 576.00000000 0.00000000 185.00000000
400.00000000 429.00000000 0.00000000 182.00000000
669.00000000 346.00000000 0.00000000 180.00000000
343.00000000 374.00000000 0.00000000 180.00000000
297.00000000 277.00000000 0.00000000 177.00000000
446.00000000 579.00000000 0.00000000 175.00000000
500.00000000 505.00000000 0.00000000 174.00000000
436.00000000 236.00000000 0.00000000 172.00000000
154.00000000 85.00000000 0.00000000 172.00000000
520.00000000 489.00000000 0.00000000 166.00000000
421.00000000 581.00000000 0.00000000 164.00000000
688.00000000 361.00000000 0.00000000 164.00000000
110.00000000 55.00000000 0.00000000 162.00000000
765.00000000 260.00000000 0.00000000 162.00000000
748.00000000 130.00000000 0.00000000 159.00000000
647.00000000 105.00000000 0.00000000 159.00000000
521.00000000 259.00000000 0.00000000 155.00000000
287.00000000 255.00000000 0.00000000 155.00000000
425.00000000 366.00000000 0.00000000 154.00000000
