409.00000000 487.00000000 0.00000000 622.00000000
409.00000000 489.00000000 1.00000000 607.00000000
459.00000000 488.00000000 1.00000000 533.00000000
459.00000000 487.00000000 0.00000000 523.00000000
408.00000000 489.00000000 1.00000000 514.00000000
445.00000000 347.00000000 1.00000000 514.00000000
325.00000000 395.00000000 0.00000000 462.00000000
444.00000000 347.00000000 1.00000000 462.00000000
769.00000000 285.00000000 1.00000000 442.00000000
770.00000000 285.00000000 1.00000000 431.00000000
458.00000000 489.00000000 1.00000000 424.00000000
445.00000000 347.00000000 0.00000000 414.00000000
339.00000000 186.00000000 2.00000000 404.00000000
520.00000000 485.00000000 0.00000000 392.00000000
326.00000000 395.00000000 1.00000000 384.00000000
770.00000000 290.00000000 2.00000000 383.00000000
401.00000000 507.00000000 1.00000000 380.00000000
340.00000000 188.00000000 2.00000000 365.00000000
622.00000000 335.00000000 0.00000000 362.00000000
263.00000000 574.00000000 1.00000000 351.00000000
520.00000000 486.00000000 1.00000000 350.00000000
181.00000000 135.00000000 1.00000000 340.00000000
408.00000000 492.00000000 2.00000000 335.00000000
770.00000000 283.00000000 0.00000000 334.00000000
401.00000000 507.00000000 1.00000000 331.00000000
695.00000000 486.00000000 1.00000000 325.00000000
696.00000000 486.00000000 1.00000000 319.00000000
158.00000000 18.00000000 1.00000000 319.00000000
444.00000000 348.00000000 2.00000000 317.00000000
397.00000000 358.00000000 0.00000000 314.00000000
623.00000000 336.00000000 1.00000000 314.00000000
600.00000000 500.00000000 2.00000000 312.00000000
29.00000000 228.00000000 0.00000000 301.00000000
782.00000000 374.00000000 1.00000000 301.00000000
284.00000000 464.00000000 4.00000000 299.00000000
181.00000000 135.00000000 1.00000000 295.00000000
373.00000000 176.00000000 1.00000000 294.00000000
539.00000000 212.00000000 0.00000000 291.00000000
373.00000000 176.00000000 1.00000000 291.00000000
340.00000000 186.00000000 1.00000000 291.00000000
280.00000000 596.00000000 1.00000000 289.00000000
397.00000000 359.00000000 1.00000000 287.00000000
65.00000000 618.00000000 1.00000000 280.00000000
278.00000000 598.00000000 2.00000000 279.00000000
503.00000000 487.00000000 0.00000000 278.00000000
458.00000000 489.00000000 2.00000000 273.00000000
458.00000000 490.00000000 2.00000000 272.00000000
439.00000000 256.00000000 1.00000000 271.00000000
140.00000000 512.00000000 4.00000000 270.00000000
754.00000000 278.00000000 1.00000000 265.00000000
263.00000000 573.00000000 0.00000000 263.00000000
138.00000000 511.00000000 2.00000000 260.00000000
93.00000000 521.00000000 1.00000000 258.00000000
181.00000000 133.00000000 0.00000000 256.00000000
281.00000000 597.00000000 1.00000000 255.00000000
30.00000000 228.00000000 1.00000000 254.00000000
62.00000000 384.00000000 2.00000000 253.00000000
159.00000000 16.00000000 0.00000000 252.00000000
145.00000000 519.00000000 1.00000000 252.00000000
374.00000000 178.00000000 2.00000000 251.00000000
373.00000000 175.00000000 0.00000000 247.00000000
282.00000000 596.00000000 0.00000000 246.00000000
156.00000000 21.00000000 1.00000000 246.00000000
782.00000000 373.00000000 0.00000000 246.00000000
439.00000000 255.00000000 0.00000000 243.00000000
539.00000000 213.00000000 1.00000000 240.00000000
754.00000000 278.00000000 0.00000000 240.00000000
340.00000000 186.00000000 1.00000000 239.00000000
567.00000000 517.00000000 0.00000000 239.00000000
325.00000000 395.00000000 1.00000000 239.00000000
599.00000000 500.00000000 1.00000000 233.00000000
366.00000000 288.00000000 0.00000000 233.00000000
222.00000000 532.00000000 1.00000000 232.00000000
162.00000000 550.00000000 0.00000000 230.00000000
214.00000000 203.00000000 5.00000000 227.00000000
228.00000000 354.00000000 0.00000000 224.00000000
228.00000000 355.00000000 1.00000000 223.00000000
320.00000000 315.00000000 1.00000000 223.00000000
558.00000000 503.00000000 1.00000000 221.00000000
544.00000000 505.00000000 1.00000000 218.00000000
753.00000000 277.00000000 1.00000000 215.00000000
558.00000000 504.00000000 1.00000000 215.00000000
683.00000000 55.00000000 1.00000000 214.00000000
511.00000000 505.00000000 1.00000000 212.00000000
400.00000000 507.00000000 0.00000000 211.00000000
145.00000000 368.00000000 0.00000000 208.00000000
500.00000000 193.00000000 0.00000000 204.00000000
145.00000000 519.00000000 0.00000000 202.00000000
162.00000000 551.00000000 1.00000000 202.00000000
145.00000000 368.00000000 1.00000000 199.00000000
223.00000000 531.00000000 0.00000000 195.00000000
589.00000000 516.00000000 0.00000000 194.00000000
430.00000000 509.00000000 0.00000000 192.00000000
54.00000000 369.00000000 0.00000000 192.00000000
696.00000000 486.00000000 0.00000000 190.00000000
396.00000000 333.00000000 0.00000000 187.00000000
463.00000000 477.00000000 0.00000000 186.00000000
320.00000000 314.00000000 0.00000000 186.00000000
683.00000000 54.00000000 0.00000000 186.00000000
359.00000000 294.00000000 0.00000000 182.00000000
259.00000000 176.00000000 0.00000000 178.00000000
432.00000000 243.00000000 0.00000000 176.00000000
480.00000000 345.00000000 0.00000000 176.00000000
650.00000000 494.00000000 0.00000000 174.00000000
631.00000000 436.00000000 0.00000000 170.00000000
354.00000000 611.00000000 0.00000000 162.00000000
597.00000000 516.00000000 0.00000000 161.00000000
509.00000000 506.00000000 0.00000000 160.00000000
455.00000000 595.00000000 0.00000000 160.00000000
254.00000000 569.00000000 0.00000000 157.00000000
340.00000000 185.00000000 0.00000000 157.00000000
152.00000000 555.00000000 0.00000000 157.00000000
403.00000000 212.00000000 0.00000000 156.00000000
516.00000000 344.00000000 0.00000000 155.00000000
72.00000000 589.00000000 0.00000000 154.00000000
543.00000000 518.00000000 0.00000000 154.00000000
552.00000000 519.00000000 0.00000000 154.00000000
278.00000000 528.00000000 0.00000000 153.00000000
543.00000000 505.00000000 0.00000000 153.00000000
523.00000000 206.00000000 0.00000000 152.00000000
348.00000000 389.00000000 0.00000000 149.00000000
533.00000000 497.00000000 0.00000000 149.00000000
29.00000000 624.00000000 0.00000000 149.00000000
48.00000000 603.00000000 0.00000000 148.00000000
737.00000000 177.00000000 0.00000000 143.00000000
276.00000000 140.00000000 0.00000000 142.00000000
496.00000000 473.00000000 0.00000000 141.00000000
