269.00000000 540.00000000 1.00000000 696.00000000
268.00000000 539.00000000 0.00000000 668.00000000
204.00000000 556.00000000 1.00000000 561.00000000
203.00000000 555.00000000 0.00000000 480.00000000
98.00000000 366.00000000 1.00000000 442.00000000
98.00000000 366.00000000 2.00000000 432.00000000
516.00000000 585.00000000 1.00000000 408.00000000
597.00000000 617.00000000 0.00000000 401.00000000
516.00000000 585.00000000 0.00000000 391.00000000
257.00000000 556.00000000 1.00000000 387.00000000
256.00000000 533.00000000 0.00000000 374.00000000
568.00000000 469.00000000 1.00000000 369.00000000
567.00000000 468.00000000 0.00000000 362.00000000
122.00000000 332.00000000 2.00000000 345.00000000
121.00000000 333.00000000 2.00000000 345.00000000
450.00000000 625.00000000 0.00000000 344.00000000
597.00000000 617.00000000 1.00000000 343.00000000
257.00000000 555.00000000 1.00000000 338.00000000
84.00000000 391.00000000 1.00000000 325.00000000
268.00000000 540.00000000 1.00000000 322.00000000
98.00000000 367.00000000 2.00000000 322.00000000
203.00000000 557.00000000 1.00000000 321.00000000
84.00000000 394.00000000 2.00000000 304.00000000
313.00000000 420.00000000 0.00000000 301.00000000
465.00000000 600.00000000 1.00000000 292.00000000
164.00000000 272.00000000 2.00000000 289.00000000
21.00000000 503.00000000 1.00000000 283.00000000
526.00000000 471.00000000 1.00000000 283.00000000
526.00000000 470.00000000 0.00000000 282.00000000
336.00000000 446.00000000 2.00000000 281.00000000
313.00000000 420.00000000 1.00000000 279.00000000
136.00000000 314.00000000 2.00000000 278.00000000
22.00000000 502.00000000 1.00000000 278.00000000
258.00000000 555.00000000 0.00000000 274.00000000
257.00000000 533.00000000 1.00000000 271.00000000
668.00000000 551.00000000 0.00000000 267.00000000
322.00000000 594.00000000 1.00000000 260.00000000
128.00000000 116.00000000 4.00000000 259.00000000
167.00000000 269.00000000 1.00000000 259.00000000
552.00000000 176.00000000 1.00000000 258.00000000
321.00000000 593.00000000 1.00000000 257.00000000
336.00000000 446.00000000 2.00000000 254.00000000
100.00000000 366.00000000 1.00000000 254.00000000
166.00000000 268.00000000 1.00000000 254.00000000
436.00000000 301.00000000 0.00000000 250.00000000
299.00000000 284.00000000 1.00000000 250.00000000
494.00000000 242.00000000 2.00000000 249.00000000
229.00000000 564.00000000 0.00000000 248.00000000
323.00000000 593.00000000 0.00000000 246.00000000
287.00000000 305.00000000 1.00000000 244.00000000
464.00000000 600.00000000 0.00000000 242.00000000
713.00000000 557.00000000 0.00000000 242.00000000
22.00000000 501.00000000 0.00000000 242.00000000
320.00000000 596.00000000 2.00000000 240.00000000
516.00000000 585.00000000 1.00000000 238.00000000
192.00000000 554.00000000 0.00000000 237.00000000
620.00000000 545.00000000 0.00000000 232.00000000
523.00000000 538.00000000 1.00000000 231.00000000
465.00000000 601.00000000 1.00000000 229.00000000
300.00000000 286.00000000 1.00000000 220.00000000
62.00000000 520.00000000 2.00000000 219.00000000
124.00000000 329.00000000 1.00000000 219.00000000
135.00000000 313.00000000 1.00000000 216.00000000
111.00000000 627.00000000 0.00000000 215.00000000
289.00000000 306.00000000 1.00000000 213.00000000
229.00000000 566.00000000 1.00000000 213.00000000
332.00000000 357.00000000 1.00000000 212.00000000
19.00000000 385.00000000 1.00000000 212.00000000
590.00000000 628.00000000 0.00000000 211.00000000
740.00000000 228.00000000 4.00000000 209.00000000
586.00000000 371.00000000 0.00000000 206.00000000
676.00000000 573.00000000 0.00000000 206.00000000
760.00000000 379.00000000 0.00000000 205.00000000
167.00000000 267.00000000 0.00000000 205.00000000
712.00000000 558.00000000 1.00000000 202.00000000
126.00000000 330.00000000 1.00000000 201.00000000
586.00000000 371.00000000 1.00000000 199.00000000
323.00000000 363.00000000 0.00000000 195.00000000
515.00000000 558.00000000 1.00000000 192.00000000
728.00000000 397.00000000 0.00000000 192.00000000
85.00000000 391.00000000 1.00000000 188.00000000
442.00000000 616.00000000 1.00000000 188.00000000
516.00000000 568.00000000 0.00000000 186.00000000
196.00000000 577.00000000 1.00000000 184.00000000
289.00000000 305.00000000 0.00000000 183.00000000
473.00000000 35.00000000 1.00000000 183.00000000
101.00000000 364.00000000 0.00000000 180.00000000
740.00000000 236.00000000 1.00000000 178.00000000
158.00000000 459.00000000 0.00000000 178.00000000
137.00000000 314.00000000 1.00000000 178.00000000
442.00000000 615.00000000 0.00000000 177.00000000
724.00000000 383.00000000 0.00000000 177.00000000
523.00000000 536.00000000 0.00000000 176.00000000
322.00000000 364.00000000 1.00000000 176.00000000
158.00000000 460.00000000 1.00000000 176.00000000
262.00000000 526.00000000 0.00000000 175.00000000
409.00000000 249.00000000 1.00000000 175.00000000
408.00000000 248.00000000 0.00000000 174.00000000
516.00000000 557.00000000 0.00000000 172.00000000
696.00000000 557.00000000 0.00000000 169.00000000
82.00000000 610.00000000 0.00000000 168.00000000
738.00000000 376.00000000 0.00000000 168.00000000
776.00000000 613.00000000 0.00000000 167.00000000
732.00000000 552.00000000 0.00000000 167.00000000
300.00000000 285.00000000 0.00000000 167.00000000
98.00000000 194.00000000 0.00000000 161.00000000
633.00000000 557.00000000 0.00000000 160.00000000
788.00000000 613.00000000 0.00000000 160.00000000
185.00000000 552.00000000 0.00000000 157.00000000
118.00000000 606.00000000 0.00000000 157.00000000
243.00000000 551.00000000 0.00000000 156.00000000
323.00000000 418.00000000 0.00000000 155.00000000
431.00000000 513.00000000 0.00000000 153.00000000
197.00000000 576.00000000 0.00000000 150.00000000
780.00000000 349.00000000 0.00000000 150.00000000
334.00000000 613.00000000 0.00000000 149.00000000
740.00000000 236.00000000 0.00000000 148.00000000
548.00000000 504.00000000 0.00000000 148.00000000
140.00000000 230.00000000 0.00000000 148.00000000
536.00000000 579.00000000 0.00000000 147.00000000
90.00000000 458.00000000 5.00000000 147.00000000
400.00000000 344.00000000 0.00000000 146.00000000
760.00000000 369.00000000 0.00000000 144.00000000
343.00000000 410.00000000 0.00000000 143.00000000
38.00000000 240.00000000 0.00000000 142.00000000
62.00000000 53.00000000 0.00000000 142.00000000
276.00000000 236.00000000 0.00000000 141.00000000
