373.00000000 495.00000000 0.00000000 490.00000000
345.00000000 489.00000000 1.00000000 473.00000000
345.00000000 488.00000000 0.00000000 469.00000000
384.00000000 200.00000000 1.00000000 427.00000000
373.00000000 496.00000000 1.00000000 391.00000000
575.00000000 372.00000000 1.00000000 390.00000000
308.00000000 342.00000000 2.00000000 388.00000000
575.00000000 371.00000000 0.00000000 386.00000000
692.00000000 330.00000000 2.00000000 385.00000000
385.00000000 201.00000000 1.00000000 384.00000000
336.00000000 505.00000000 1.00000000 381.00000000
321.00000000 391.00000000 0.00000000 368.00000000
386.00000000 202.00000000 2.00000000 368.00000000
224.00000000 247.00000000 1.00000000 367.00000000
304.00000000 112.00000000 1.00000000 362.00000000
345.00000000 489.00000000 1.00000000 349.00000000
402.00000000 368.00000000 1.00000000 343.00000000
548.00000000 88.00000000 4.00000000 335.00000000
335.00000000 505.00000000 0.00000000 330.00000000
308.00000000 344.00000000 4.00000000 328.00000000
219.00000000 267.00000000 1.00000000 328.00000000
304.00000000 111.00000000 0.00000000 327.00000000
243.00000000 572.00000000 1.00000000 326.00000000
574.00000000 373.00000000 1.00000000 312.00000000
371.00000000 494.00000000 1.00000000 310.00000000
224.00000000 246.00000000 0.00000000 309.00000000
692.00000000 323.00000000 1.00000000 308.00000000
407.00000000 502.00000000 0.00000000 308.00000000
220.00000000 265.00000000 1.00000000 305.00000000
693.00000000 321.00000000 1.00000000 298.00000000
178.00000000 164.00000000 0.00000000 296.00000000
515.00000000 552.00000000 0.00000000 289.00000000
401.00000000 368.00000000 0.00000000 288.00000000
74.00000000 218.00000000 2.00000000 284.00000000
239.00000000 548.00000000 0.00000000 283.00000000
302.00000000 113.00000000 1.00000000 283.00000000
175.00000000 29.00000000 1.00000000 281.00000000
485.00000000 247.00000000 0.00000000 276.00000000
73.00000000 216.00000000 1.00000000 275.00000000
173.00000000 29.00000000 1.00000000 274.00000000
308.00000000 340.00000000 2.00000000 272.00000000
554.00000000 90.00000000 5.00000000 272.00000000
692.00000000 330.00000000 2.00000000 272.00000000
525.00000000 557.00000000 1.00000000 268.00000000
172.00000000 466.00000000 2.00000000 265.00000000
110.00000000 277.00000000 2.00000000 265.00000000
401.00000000 367.00000000 1.00000000 261.00000000
495.00000000 389.00000000 0.00000000 261.00000000
218.00000000 268.00000000 2.00000000 260.00000000
444.00000000 524.00000000 1.00000000 260.00000000
245.00000000 572.00000000 1.00000000 258.00000000
598.00000000 108.00000000 2.00000000 258.00000000
372.00000000 496.00000000 2.00000000 249.00000000
154.00000000 311.00000000 1.00000000 249.00000000
525.00000000 556.00000000 0.00000000 249.00000000
515.00000000 552.00000000 1.00000000 248.00000000
385.00000000 200.00000000 0.00000000 246.00000000
592.00000000 132.00000000 2.00000000 245.00000000
260.00000000 506.00000000 1.00000000 243.00000000
336.00000000 504.00000000 1.00000000 243.00000000
560.00000000 444.00000000 1.00000000 242.00000000
260.00000000 506.00000000 1.00000000 240.00000000
15.00000000 166.00000000 1.00000000 240.00000000
176.00000000 29.00000000 0.00000000 238.00000000
54.00000000 233.00000000 1.00000000 238.00000000
123.00000000 392.00000000 1.00000000 237.00000000
181.00000000 511.00000000 0.00000000 235.00000000
362.00000000 357.00000000 0.00000000 234.00000000
321.00000000 391.00000000 1.00000000 228.00000000
138.00000000 469.00000000 1.00000000 227.00000000
694.00000000 318.00000000 0.00000000 224.00000000
632.00000000 514.00000000 0.00000000 220.00000000
225.00000000 502.00000000 0.00000000 218.00000000
154.00000000 311.00000000 0.00000000 217.00000000
444.00000000 525.00000000 1.00000000 217.00000000
179.00000000 216.00000000 1.00000000 216.00000000
353.00000000 373.00000000 0.00000000 214.00000000
407.00000000 200.00000000 1.00000000 214.00000000
134.00000000 365.00000000 1.00000000 213.00000000
140.00000000 19.00000000 0.00000000 213.00000000
14.00000000 166.00000000 0.00000000 213.00000000
73.00000000 215.00000000 1.00000000 213.00000000
378.00000000 348.00000000 1.00000000 212.00000000
245.00000000 572.00000000 0.00000000 210.00000000
179.00000000 215.00000000 1.00000000 207.00000000
340.00000000 172.00000000 0.00000000 205.00000000
150.00000000 152.00000000 1.00000000 205.00000000
693.00000000 333.00000000 1.00000000 204.00000000
239.00000000 550.00000000 1.00000000 201.00000000
560.00000000 444.00000000 0.00000000 199.00000000
237.00000000 504.00000000 1.00000000 198.00000000
100.00000000 602.00000000 0.00000000 197.00000000
146.00000000 203.00000000 1.00000000 197.00000000
340.00000000 383.00000000 0.00000000 197.00000000
339.00000000 314.00000000 0.00000000 196.00000000
556.00000000 92.00000000 0.00000000 195.00000000
378.00000000 347.00000000 0.00000000 193.00000000
123.00000000 391.00000000 0.00000000 190.00000000
406.00000000 200.00000000 0.00000000 187.00000000
371.00000000 371.00000000 0.00000000 187.00000000
149.00000000 168.00000000 0.00000000 187.00000000
304.00000000 366.00000000 0.00000000 185.00000000
147.00000000 202.00000000 0.00000000 184.00000000
427.00000000 536.00000000 0.00000000 184.00000000
236.00000000 503.00000000 0.00000000 183.00000000
151.00000000 152.00000000 0.00000000 180.00000000
397.00000000 501.00000000 0.00000000 179.00000000
70.00000000 496.00000000 0.00000000 178.00000000
311.00000000 330.00000000 0.00000000 178.00000000
398.00000000 518.00000000 0.00000000 177.00000000
179.00000000 214.00000000 0.00000000 176.00000000
606.00000000 484.00000000 0.00000000 175.00000000
560.00000000 576.00000000 0.00000000 173.00000000
220.00000000 265.00000000 0.00000000 172.00000000
692.00000000 333.00000000 0.00000000 172.00000000
54.00000000 232.00000000 0.00000000 171.00000000
671.00000000 293.00000000 0.00000000 170.00000000
79.00000000 618.00000000 0.00000000 168.00000000
91.00000000 622.00000000 0.00000000 166.00000000
548.00000000 62.00000000 0.00000000 164.00000000
411.00000000 551.00000000 0.00000000 164.00000000
73.00000000 213.00000000 0.00000000 163.00000000
645.00000000 475.00000000 0.00000000 159.00000000
552.00000000 500.00000000 0.00000000 159.00000000
81.00000000 477.00000000 0.00000000 159.00000000
391.00000000 506.00000000 0.00000000 158.00000000
88.00000000 376.00000000 0.00000000 156.00000000
