752.00000000 121.00000000 2.00000000 599.00000000
441.00000000 500.00000000 0.00000000 561.00000000
441.00000000 501.00000000 1.00000000 546.00000000
754.00000000 122.00000000 2.00000000 534.00000000
753.00000000 123.00000000 1.00000000 500.00000000
98.00000000 144.00000000 2.00000000 494.00000000
102.00000000 140.00000000 2.00000000 481.00000000
96.00000000 148.00000000 4.00000000 472.00000000
426.00000000 367.00000000 1.00000000 468.00000000
478.00000000 487.00000000 0.00000000 456.00000000
478.00000000 488.00000000 1.00000000 447.00000000
101.00000000 138.00000000 1.00000000 436.00000000
426.00000000 366.00000000 0.00000000 426.00000000
441.00000000 502.00000000 1.00000000 410.00000000
755.00000000 123.00000000 1.00000000 409.00000000
350.00000000 439.00000000 0.00000000 407.00000000
90.00000000 152.00000000 5.00000000 404.00000000
425.00000000 367.00000000 1.00000000 377.00000000
340.00000000 516.00000000 4.00000000 371.00000000
478.00000000 487.00000000 1.00000000 368.00000000
633.00000000 245.00000000 1.00000000 365.00000000
441.00000000 520.00000000 1.00000000 364.00000000
521.00000000 469.00000000 0.00000000 362.00000000
246.00000000 602.00000000 1.00000000 360.00000000
696.00000000 370.00000000 2.00000000 358.00000000
300.00000000 252.00000000 2.00000000 354.00000000
426.00000000 370.00000000 2.00000000 348.00000000
393.00000000 390.00000000 0.00000000 347.00000000
58.00000000 362.00000000 0.00000000 346.00000000
118.00000000 34.00000000 1.00000000 345.00000000
299.00000000 254.00000000 2.00000000 344.00000000
755.00000000 123.00000000 0.00000000 342.00000000
132.00000000 73.00000000 2.00000000 336.00000000
58.00000000 56.00000000 2.00000000 336.00000000
682.00000000 437.00000000 1.00000000 334.00000000
244.00000000 602.00000000 1.00000000 332.00000000
119.00000000 33.00000000 0.00000000 331.00000000
103.00000000 137.00000000 1.00000000 329.00000000
441.00000000 520.00000000 1.00000000 326.00000000
581.00000000 463.00000000 1.00000000 324.00000000
695.00000000 369.00000000 1.00000000 320.00000000
115.00000000 35.00000000 1.00000000 319.00000000
134.00000000 74.00000000 2.00000000 317.00000000
549.00000000 317.00000000 0.00000000 313.00000000
582.00000000 464.00000000 2.00000000 309.00000000
350.00000000 440.00000000 1.00000000 305.00000000
140.00000000 69.00000000 1.00000000 303.00000000
210.00000000 38.00000000 0.00000000 301.00000000
246.00000000 602.00000000 0.00000000 293.00000000
138.00000000 70.00000000 1.00000000 289.00000000
299.00000000 250.00000000 1.00000000 288.00000000
680.00000000 439.00000000 1.00000000 285.00000000
509.00000000 475.00000000 0.00000000 285.00000000
441.00000000 519.00000000 0.00000000 285.00000000
636.00000000 267.00000000 1.00000000 283.00000000
212.00000000 64.00000000 0.00000000 282.00000000
632.00000000 243.00000000 0.00000000 282.00000000
633.00000000 246.00000000 1.00000000 279.00000000
521.00000000 470.00000000 1.00000000 278.00000000
58.00000000 362.00000000 1.00000000 278.00000000
205.00000000 621.00000000 1.00000000 277.00000000
157.00000000 240.00000000 1.00000000 275.00000000
507.00000000 496.00000000 0.00000000 274.00000000
683.00000000 436.00000000 0.00000000 273.00000000
349.00000000 334.00000000 0.00000000 271.00000000
521.00000000 490.00000000 1.00000000 270.00000000
543.00000000 480.00000000 0.00000000 269.00000000
582.00000000 464.00000000 1.00000000 269.00000000
666.00000000 314.00000000 1.00000000 266.00000000
394.00000000 390.00000000 1.00000000 266.00000000
696.00000000 368.00000000 1.00000000 260.00000000
637.00000000 267.00000000 1.00000000 258.00000000
394.00000000 289.00000000 0.00000000 255.00000000
394.00000000 290.00000000 1.00000000 255.00000000
666.00000000 315.00000000 1.00000000 254.00000000
314.00000000 591.00000000 1.00000000 250.00000000
419.00000000 40.00000000 1.00000000 249.00000000
520.00000000 490.00000000 0.00000000 248.00000000
211.00000000 39.00000000 1.00000000 246.00000000
454.00000000 231.00000000 0.00000000 237.00000000
689.00000000 420.00000000 1.00000000 236.00000000
554.00000000 476.00000000 1.00000000 236.00000000
103.00000000 136.00000000 0.00000000 234.00000000
508.00000000 496.00000000 1.00000000 233.00000000
621.00000000 242.00000000 0.00000000 231.00000000
140.00000000 69.00000000 0.00000000 230.00000000
272.00000000 625.00000000 0.00000000 229.00000000
666.00000000 313.00000000 0.00000000 228.00000000
621.00000000 242.00000000 1.00000000 226.00000000
463.00000000 514.00000000 0.00000000 226.00000000
359.00000000 616.00000000 0.00000000 226.00000000
721.00000000 422.00000000 0.00000000 223.00000000
478.00000000 478.00000000 0.00000000 221.00000000
416.00000000 391.00000000 1.00000000 221.00000000
314.00000000 590.00000000 0.00000000 216.00000000
299.00000000 250.00000000 1.00000000 215.00000000
582.00000000 464.00000000 0.00000000 212.00000000
553.00000000 476.00000000 0.00000000 206.00000000
419.00000000 39.00000000 0.00000000 202.00000000
223.00000000 84.00000000 0.00000000 194.00000000
697.00000000 432.00000000 0.00000000 189.00000000
221.00000000 42.00000000 0.00000000 184.00000000
120.00000000 92.00000000 0.00000000 184.00000000
217.00000000 71.00000000 0.00000000 182.00000000
504.00000000 484.00000000 0.00000000 182.00000000
753.00000000 313.00000000 0.00000000 182.00000000
421.00000000 222.00000000 0.00000000 181.00000000
415.00000000 391.00000000 0.00000000 178.00000000
689.00000000 420.00000000 0.00000000 178.00000000
192.00000000 60.00000000 0.00000000 177.00000000
60.00000000 50.00000000 0.00000000 177.00000000
199.00000000 462.00000000 0.00000000 177.00000000
464.00000000 613.00000000 0.00000000 177.00000000
346.00000000 341.00000000 0.00000000 176.00000000
205.00000000 621.00000000 0.00000000 176.00000000
386.00000000 367.00000000 0.00000000 174.00000000
231.00000000 41.00000000 0.00000000 172.00000000
637.00000000 267.00000000 0.00000000 172.00000000
695.00000000 365.00000000 0.00000000 170.00000000
321.00000000 233.00000000 0.00000000 169.00000000
183.00000000 54.00000000 0.00000000 165.00000000
473.00000000 266.00000000 0.00000000 163.00000000
306.00000000 381.00000000 0.00000000 161.00000000
717.00000000 263.00000000 0.00000000 159.00000000
523.00000000 241.00000000 0.00000000 158.00000000
24.00000000 371.00000000 0.00000000 158.00000000
357.00000000 571.00000000 0.00000000 158.00000000
