1052.00000000 222.00000000 2.00000000 626.00000000
1050.00000000 223.00000000 1.00000000 556.00000000
948.00000000 324.00000000 2.00000000 535.00000000
531.00000000 350.00000000 5.00000000 517.00000000
947.00000000 325.00000000 2.00000000 508.00000000
532.00000000 348.00000000 4.00000000 489.00000000
948.00000000 321.00000000 1.00000000 483.00000000
1052.00000000 220.00000000 2.00000000 456.00000000
876.00000000 938.00000000 1.00000000 448.00000000
538.00000000 242.00000000 2.00000000 440.00000000
388.00000000 830.00000000 0.00000000 433.00000000
934.00000000 569.00000000 1.00000000 429.00000000
818.00000000 678.00000000 1.00000000 423.00000000
876.00000000 939.00000000 1.00000000 423.00000000
687.00000000 670.00000000 1.00000000 422.00000000
680.00000000 646.00000000 1.00000000 422.00000000
537.00000000 243.00000000 2.00000000 421.00000000
936.00000000 570.00000000 2.00000000 418.00000000
557.00000000 637.00000000 1.00000000 418.00000000
557.00000000 637.00000000 1.00000000 412.00000000
688.00000000 670.00000000 1.00000000 405.00000000
1023.00000000 965.00000000 0.00000000 396.00000000
819.00000000 678.00000000 1.00000000 392.00000000
948.00000000 328.00000000 4.00000000 391.00000000
104.00000000 625.00000000 1.00000000 388.00000000
562.00000000 992.00000000 1.00000000 387.00000000
448.00000000 632.00000000 1.00000000 386.00000000
453.00000000 651.00000000 1.00000000 385.00000000
564.00000000 660.00000000 1.00000000 380.00000000
441.00000000 827.00000000 0.00000000 379.00000000
680.00000000 648.00000000 2.00000000 377.00000000
564.00000000 659.00000000 1.00000000 376.00000000
680.00000000 645.00000000 1.00000000 375.00000000
885.00000000 923.00000000 1.00000000 374.00000000
808.00000000 654.00000000 1.00000000 371.00000000
455.00000000 651.00000000 1.00000000 370.00000000
448.00000000 630.00000000 1.00000000 364.00000000
948.00000000 320.00000000 1.00000000 360.00000000
809.00000000 653.00000000 1.00000000 357.00000000
980.00000000 977.00000000 0.00000000 355.00000000
1506.00000000 702.00000000 2.00000000 355.00000000
284.00000000 849.00000000 0.00000000 353.00000000
1213.00000000 999.00000000 1.00000000 350.00000000
930.00000000 424.00000000 2.00000000 349.00000000
1120.00000000 675.00000000 1.00000000 345.00000000
929.00000000 427.00000000 1.00000000 343.00000000
182.00000000 231.00000000 0.00000000 342.00000000
963.00000000 690.00000000 1.00000000 342.00000000
922.00000000 194.00000000 0.00000000 342.00000000
750.00000000 616.00000000 1.00000000 341.00000000
284.00000000 822.00000000 0.00000000 336.00000000
885.00000000 923.00000000 0.00000000 335.00000000
902.00000000 256.00000000 0.00000000 333.00000000
100.00000000 607.00000000 1.00000000 330.00000000
1051.00000000 224.00000000 1.00000000 329.00000000
1120.00000000 676.00000000 2.00000000 328.00000000
182.00000000 232.00000000 1.00000000 326.00000000
1506.00000000 700.00000000 1.00000000 323.00000000
987.00000000 942.00000000 0.00000000 323.00000000
688.00000000 669.00000000 0.00000000 320.00000000
449.00000000 629.00000000 0.00000000 319.00000000
902.00000000 257.00000000 1.00000000 316.00000000
388.00000000 819.00000000 1.00000000 316.00000000
388.00000000 830.00000000 1.00000000 315.00000000
180.00000000 631.00000000 1.00000000 313.00000000
1213.00000000 999.00000000 0.00000000 311.00000000
622.00000000 607.00000000 0.00000000 310.00000000
935.00000000 570.00000000 1.00000000 309.00000000
219.00000000 587.00000000 0.00000000 309.00000000
284.00000000 850.00000000 1.00000000 308.00000000
809.00000000 652.00000000 0.00000000 308.00000000
1120.00000000 674.00000000 1.00000000 307.00000000
403.00000000 812.00000000 0.00000000 307.00000000
984.00000000 961.00000000 2.00000000 306.00000000
557.00000000 636.00000000 0.00000000 304.00000000
963.00000000 690.00000000 1.00000000 303.00000000
376.00000000 794.00000000 1.00000000 302.00000000
175.00000000 612.00000000 1.00000000 298.00000000
442.00000000 827.00000000 1.00000000 296.00000000
988.00000000 943.00000000 1.00000000 296.00000000
564.00000000 659.00000000 0.00000000 295.00000000
258.00000000 617.00000000 1.00000000 292.00000000
387.00000000 818.00000000 0.00000000 291.00000000
750.00000000 615.00000000 0.00000000 291.00000000
1506.00000000 698.00000000 1.00000000 290.00000000
895.00000000 883.00000000 0.00000000 287.00000000
680.00000000 644.00000000 0.00000000 287.00000000
886.00000000 842.00000000 0.00000000 285.00000000
384.00000000 761.00000000 0.00000000 284.00000000
819.00000000 678.00000000 0.00000000 284.00000000
258.00000000 617.00000000 0.00000000 284.00000000
1219.00000000 867.00000000 0.00000000 284.00000000
1047.00000000 842.00000000 0.00000000 282.00000000
442.00000000 813.00000000 0.00000000 281.00000000
888.00000000 915.00000000 0.00000000 280.00000000
99.00000000 605.00000000 0.00000000 280.00000000
104.00000000 625.00000000 0.00000000 279.00000000
284.00000000 837.00000000 0.00000000 277.00000000
507.00000000 602.00000000 0.00000000 268.00000000
1227.00000000 958.00000000 0.00000000 263.00000000
1120.00000000 673.00000000 0.00000000 260.00000000
175.00000000 611.00000000 0.00000000 258.00000000
562.00000000 992.00000000 0.00000000 255.00000000
237.00000000 888.00000000 0.00000000 255.00000000
876.00000000 936.00000000 0.00000000 251.00000000
1506.00000000 697.00000000 0.00000000 249.00000000
255.00000000 824.00000000 0.00000000 248.00000000
1017.00000000 589.00000000 0.00000000 248.00000000
166.00000000 486.00000000 0.00000000 245.00000000
455.00000000 651.00000000 0.00000000 245.00000000
1208.00000000 896.00000000 0.00000000 245.00000000
281.00000000 936.00000000 0.00000000 245.00000000
1038.00000000 944.00000000 0.00000000 244.00000000
806.00000000 847.00000000 0.00000000 243.00000000
878.00000000 931.00000000 0.00000000 242.00000000
181.00000000 630.00000000 0.00000000 237.00000000
985.00000000 961.00000000 0.00000000 236.00000000
168.00000000 447.00000000 0.00000000 236.00000000
963.00000000 689.00000000 0.00000000 236.00000000
376.00000000 794.00000000 0.00000000 234.00000000
953.00000000 661.00000000 0.00000000 228.00000000
284.00000000 883.00000000 0.00000000 227.00000000
899.00000000 242.00000000 0.00000000 226.00000000
916.00000000 1012.00000000 0.00000000 219.00000000
1210.00000000 972.00000000 0.00000000 217.00000000
1014.00000000 597.00000000 0.00000000 214.00000000
282.00000000 899.00000000 0.00000000 214.00000000
