1277.00000000 216.00000000 1.00000000 652.00000000
786.00000000 299.00000000 5.00000000 582.00000000
1192.00000000 288.00000000 2.00000000 545.00000000
609.00000000 745.00000000 0.00000000 541.00000000
784.00000000 300.00000000 4.00000000 531.00000000
675.00000000 735.00000000 0.00000000 520.00000000
1276.00000000 217.00000000 1.00000000 515.00000000
1192.00000000 287.00000000 1.00000000 509.00000000
1190.00000000 291.00000000 2.00000000 493.00000000
1276.00000000 214.00000000 2.00000000 464.00000000
432.00000000 760.00000000 0.00000000 462.00000000
1178.00000000 480.00000000 1.00000000 455.00000000
610.00000000 746.00000000 1.00000000 453.00000000
788.00000000 200.00000000 2.00000000 452.00000000
1191.00000000 287.00000000 1.00000000 449.00000000
786.00000000 200.00000000 2.00000000 447.00000000
1126.00000000 771.00000000 1.00000000 443.00000000
1074.00000000 571.00000000 1.00000000 439.00000000
948.00000000 572.00000000 1.00000000 437.00000000
318.00000000 160.00000000 1.00000000 437.00000000
940.00000000 554.00000000 1.00000000 435.00000000
692.00000000 572.00000000 1.00000000 432.00000000
691.00000000 572.00000000 1.00000000 423.00000000
192.00000000 557.00000000 1.00000000 422.00000000
816.00000000 863.00000000 1.00000000 421.00000000
940.00000000 553.00000000 1.00000000 417.00000000
595.00000000 713.00000000 1.00000000 416.00000000
299.00000000 384.00000000 1.00000000 413.00000000
809.00000000 552.00000000 1.00000000 411.00000000
817.00000000 572.00000000 1.00000000 405.00000000
676.00000000 735.00000000 1.00000000 404.00000000
318.00000000 160.00000000 0.00000000 403.00000000
594.00000000 713.00000000 0.00000000 403.00000000
947.00000000 572.00000000 1.00000000 403.00000000
1073.00000000 571.00000000 1.00000000 401.00000000
684.00000000 554.00000000 1.00000000 399.00000000
201.00000000 574.00000000 1.00000000 397.00000000
788.00000000 200.00000000 4.00000000 395.00000000
684.00000000 554.00000000 1.00000000 392.00000000
629.00000000 726.00000000 1.00000000 390.00000000
469.00000000 864.00000000 0.00000000 387.00000000
193.00000000 555.00000000 1.00000000 384.00000000
1178.00000000 480.00000000 1.00000000 383.00000000
199.00000000 575.00000000 1.00000000 382.00000000
321.00000000 574.00000000 1.00000000 379.00000000
1127.00000000 772.00000000 1.00000000 374.00000000
1211.00000000 838.00000000 0.00000000 374.00000000
808.00000000 554.00000000 1.00000000 374.00000000
1326.00000000 551.00000000 1.00000000 371.00000000
816.00000000 864.00000000 1.00000000 371.00000000
1173.00000000 367.00000000 1.00000000 371.00000000
473.00000000 813.00000000 0.00000000 371.00000000
817.00000000 572.00000000 1.00000000 371.00000000
1074.00000000 570.00000000 0.00000000 371.00000000
401.00000000 801.00000000 0.00000000 367.00000000
628.00000000 726.00000000 0.00000000 360.00000000
1173.00000000 369.00000000 1.00000000 353.00000000
676.00000000 723.00000000 0.00000000 353.00000000
1066.00000000 552.00000000 1.00000000 352.00000000
1201.00000000 571.00000000 1.00000000 352.00000000
280.00000000 642.00000000 2.00000000 351.00000000
823.00000000 778.00000000 1.00000000 351.00000000
321.00000000 573.00000000 0.00000000 350.00000000
470.00000000 864.00000000 1.00000000 349.00000000
1066.00000000 552.00000000 1.00000000 346.00000000
1174.00000000 366.00000000 2.00000000 343.00000000
948.00000000 572.00000000 0.00000000 343.00000000
1134.00000000 757.00000000 0.00000000 342.00000000
809.00000000 551.00000000 0.00000000 336.00000000
312.00000000 555.00000000 1.00000000 335.00000000
472.00000000 768.00000000 0.00000000 335.00000000
1125.00000000 770.00000000 0.00000000 328.00000000
684.00000000 552.00000000 0.00000000 327.00000000
940.00000000 554.00000000 2.00000000 325.00000000
608.00000000 735.00000000 0.00000000 324.00000000
1151.00000000 234.00000000 0.00000000 324.00000000
471.00000000 828.00000000 0.00000000 322.00000000
433.00000000 555.00000000 1.00000000 321.00000000
940.00000000 552.00000000 0.00000000 321.00000000
1178.00000000 480.00000000 2.00000000 321.00000000
1218.00000000 774.00000000 2.00000000 318.00000000
595.00000000 684.00000000 0.00000000 318.00000000
473.00000000 753.00000000 0.00000000 317.00000000
1385.00000000 876.00000000 0.00000000 317.00000000
692.00000000 572.00000000 0.00000000 317.00000000
296.00000000 424.00000000 0.00000000 317.00000000
193.00000000 554.00000000 0.00000000 316.00000000
201.00000000 574.00000000 0.00000000 314.00000000
1134.00000000 758.00000000 1.00000000 314.00000000
1275.00000000 212.00000000 2.00000000 313.00000000
302.00000000 465.00000000 0.00000000 312.00000000
472.00000000 780.00000000 0.00000000 311.00000000
676.00000000 716.00000000 0.00000000 311.00000000
1193.00000000 551.00000000 1.00000000 311.00000000
472.00000000 814.00000000 1.00000000 309.00000000
296.00000000 774.00000000 0.00000000 302.00000000
192.00000000 558.00000000 2.00000000 300.00000000
818.00000000 572.00000000 0.00000000 297.00000000
712.00000000 777.00000000 0.00000000 295.00000000
1066.00000000 550.00000000 0.00000000 294.00000000
297.00000000 413.00000000 0.00000000 294.00000000
408.00000000 826.00000000 0.00000000 292.00000000
1402.00000000 744.00000000 0.00000000 292.00000000
823.00000000 777.00000000 0.00000000 287.00000000
1277.00000000 217.00000000 0.00000000 287.00000000
434.00000000 553.00000000 0.00000000 283.00000000
1010.00000000 523.00000000 0.00000000 281.00000000
603.00000000 697.00000000 0.00000000 280.00000000
312.00000000 554.00000000 0.00000000 280.00000000
1261.00000000 755.00000000 0.00000000 280.00000000
516.00000000 690.00000000 0.00000000 279.00000000
816.00000000 862.00000000 0.00000000 275.00000000
1392.00000000 774.00000000 0.00000000 275.00000000
306.00000000 480.00000000 0.00000000 274.00000000
1326.00000000 550.00000000 0.00000000 271.00000000
1190.00000000 286.00000000 0.00000000 270.00000000
717.00000000 791.00000000 0.00000000 267.00000000
308.00000000 496.00000000 0.00000000 265.00000000
319.00000000 435.00000000 0.00000000 264.00000000
296.00000000 767.00000000 0.00000000 263.00000000
880.00000000 523.00000000 0.00000000 262.00000000
299.00000000 384.00000000 0.00000000 262.00000000
1170.00000000 186.00000000 0.00000000 261.00000000
604.00000000 681.00000000 0.00000000 260.00000000
1201.00000000 570.00000000 0.00000000 257.00000000
306.00000000 503.00000000 0.00000000 256.00000000
592.00000000 746.00000000 0.00000000 255.00000000
