918.00000000 198.00000000 2.00000000 583.00000000
919.00000000 199.00000000 1.00000000 533.00000000
472.00000000 336.00000000 4.00000000 515.00000000
826.00000000 306.00000000 2.00000000 508.00000000
469.00000000 339.00000000 5.00000000 496.00000000
814.00000000 562.00000000 1.00000000 481.00000000
763.00000000 941.00000000 1.00000000 471.00000000
825.00000000 305.00000000 2.00000000 470.00000000
814.00000000 564.00000000 2.00000000 460.00000000
825.00000000 304.00000000 1.00000000 431.00000000
476.00000000 230.00000000 2.00000000 429.00000000
919.00000000 195.00000000 2.00000000 420.00000000
593.00000000 636.00000000 1.00000000 418.00000000
493.00000000 623.00000000 1.00000000 416.00000000
475.00000000 231.00000000 2.00000000 400.00000000
763.00000000 943.00000000 1.00000000 399.00000000
854.00000000 987.00000000 0.00000000 390.00000000
594.00000000 635.00000000 1.00000000 384.00000000
712.00000000 673.00000000 1.00000000 383.00000000
601.00000000 660.00000000 1.00000000 381.00000000
493.00000000 625.00000000 1.00000000 378.00000000
704.00000000 647.00000000 1.00000000 376.00000000
601.00000000 660.00000000 1.00000000 375.00000000
359.00000000 808.00000000 0.00000000 369.00000000
406.00000000 614.00000000 1.00000000 368.00000000
894.00000000 978.00000000 0.00000000 362.00000000
401.00000000 808.00000000 0.00000000 362.00000000
1372.00000000 752.00000000 2.00000000 361.00000000
826.00000000 302.00000000 1.00000000 361.00000000
1356.00000000 718.00000000 2.00000000 360.00000000
861.00000000 953.00000000 1.00000000 359.00000000
405.00000000 613.00000000 0.00000000 358.00000000
24.00000000 363.00000000 1.00000000 356.00000000
713.00000000 672.00000000 1.00000000 356.00000000
594.00000000 638.00000000 2.00000000 355.00000000
469.00000000 330.00000000 2.00000000 354.00000000
824.00000000 308.00000000 4.00000000 353.00000000
499.00000000 646.00000000 1.00000000 350.00000000
498.00000000 976.00000000 1.00000000 347.00000000
499.00000000 646.00000000 1.00000000 346.00000000
982.00000000 677.00000000 1.00000000 346.00000000
277.00000000 823.00000000 0.00000000 345.00000000
704.00000000 646.00000000 1.00000000 344.00000000
919.00000000 199.00000000 1.00000000 342.00000000
653.00000000 607.00000000 1.00000000 336.00000000
547.00000000 595.00000000 0.00000000 332.00000000
840.00000000 688.00000000 1.00000000 331.00000000
771.00000000 927.00000000 1.00000000 329.00000000
982.00000000 680.00000000 2.00000000 328.00000000
197.00000000 226.00000000 0.00000000 325.00000000
410.00000000 634.00000000 1.00000000 325.00000000
983.00000000 676.00000000 1.00000000 321.00000000
411.00000000 635.00000000 1.00000000 320.00000000
654.00000000 606.00000000 0.00000000 318.00000000
770.00000000 926.00000000 0.00000000 317.00000000
1356.00000000 717.00000000 1.00000000 316.00000000
142.00000000 602.00000000 1.00000000 315.00000000
861.00000000 953.00000000 0.00000000 314.00000000
197.00000000 609.00000000 1.00000000 314.00000000
814.00000000 562.00000000 1.00000000 314.00000000
227.00000000 569.00000000 0.00000000 311.00000000
198.00000000 609.00000000 1.00000000 309.00000000
784.00000000 236.00000000 0.00000000 307.00000000
493.00000000 622.00000000 0.00000000 300.00000000
784.00000000 236.00000000 1.00000000 300.00000000
915.00000000 851.00000000 0.00000000 299.00000000
503.00000000 881.00000000 1.00000000 297.00000000
982.00000000 675.00000000 0.00000000 295.00000000
279.00000000 796.00000000 1.00000000 295.00000000
704.00000000 645.00000000 0.00000000 295.00000000
138.00000000 586.00000000 1.00000000 294.00000000
36.00000000 574.00000000 0.00000000 294.00000000
278.00000000 823.00000000 1.00000000 291.00000000
840.00000000 688.00000000 1.00000000 289.00000000
278.00000000 796.00000000 0.00000000 288.00000000
859.00000000 972.00000000 0.00000000 287.00000000
198.00000000 228.00000000 1.00000000 286.00000000
859.00000000 972.00000000 1.00000000 285.00000000
594.00000000 634.00000000 0.00000000 284.00000000
601.00000000 659.00000000 0.00000000 284.00000000
1356.00000000 715.00000000 1.00000000 282.00000000
808.00000000 416.00000000 1.00000000 282.00000000
359.00000000 797.00000000 0.00000000 280.00000000
37.00000000 575.00000000 1.00000000 279.00000000
39.00000000 589.00000000 1.00000000 279.00000000
1064.00000000 894.00000000 0.00000000 279.00000000
831.00000000 660.00000000 1.00000000 277.00000000
762.00000000 940.00000000 0.00000000 273.00000000
142.00000000 602.00000000 0.00000000 271.00000000
779.00000000 886.00000000 0.00000000 271.00000000
1082.00000000 984.00000000 0.00000000 270.00000000
138.00000000 584.00000000 0.00000000 268.00000000
772.00000000 842.00000000 0.00000000 262.00000000
1064.00000000 917.00000000 0.00000000 260.00000000
194.00000000 591.00000000 0.00000000 259.00000000
774.00000000 918.00000000 0.00000000 257.00000000
452.00000000 589.00000000 0.00000000 255.00000000
278.00000000 892.00000000 0.00000000 254.00000000
497.00000000 977.00000000 0.00000000 253.00000000
356.00000000 741.00000000 0.00000000 250.00000000
257.00000000 597.00000000 0.00000000 246.00000000
277.00000000 870.00000000 0.00000000 244.00000000
1356.00000000 714.00000000 0.00000000 244.00000000
499.00000000 646.00000000 0.00000000 243.00000000
802.00000000 171.00000000 0.00000000 239.00000000
40.00000000 589.00000000 0.00000000 239.00000000
855.00000000 980.00000000 0.00000000 239.00000000
860.00000000 905.00000000 0.00000000 238.00000000
371.00000000 791.00000000 0.00000000 238.00000000
713.00000000 672.00000000 0.00000000 237.00000000
350.00000000 772.00000000 0.00000000 237.00000000
1078.00000000 967.00000000 0.00000000 232.00000000
1304.00000000 193.00000000 0.00000000 232.00000000
277.00000000 906.00000000 0.00000000 230.00000000
888.00000000 584.00000000 0.00000000 228.00000000
402.00000000 794.00000000 0.00000000 226.00000000
906.00000000 957.00000000 0.00000000 225.00000000
1075.00000000 895.00000000 0.00000000 224.00000000
1075.00000000 886.00000000 0.00000000 223.00000000
702.00000000 844.00000000 0.00000000 222.00000000
831.00000000 659.00000000 0.00000000 222.00000000
277.00000000 832.00000000 0.00000000 222.00000000
1066.00000000 998.00000000 0.00000000 217.00000000
909.00000000 628.00000000 0.00000000 217.00000000
410.00000000 635.00000000 0.00000000 217.00000000
885.00000000 593.00000000 0.00000000 215.00000000
808.00000000 417.00000000 0.00000000 214.00000000
