445.00000000 534.00000000 1.00000000 609.00000000
445.00000000 533.00000000 0.00000000 579.00000000
770.00000000 490.00000000 0.00000000 524.00000000
771.00000000 491.00000000 1.00000000 438.00000000
743.00000000 426.00000000 1.00000000 434.00000000
444.00000000 552.00000000 1.00000000 432.00000000
724.00000000 523.00000000 1.00000000 432.00000000
713.00000000 303.00000000 1.00000000 423.00000000
158.00000000 461.00000000 2.00000000 410.00000000
427.00000000 535.00000000 0.00000000 407.00000000
743.00000000 425.00000000 0.00000000 387.00000000
428.00000000 536.00000000 1.00000000 364.00000000
535.00000000 531.00000000 1.00000000 361.00000000
445.00000000 534.00000000 1.00000000 350.00000000
724.00000000 522.00000000 1.00000000 349.00000000
298.00000000 30.00000000 2.00000000 346.00000000
158.00000000 458.00000000 2.00000000 337.00000000
534.00000000 552.00000000 2.00000000 329.00000000
480.00000000 84.00000000 1.00000000 328.00000000
381.00000000 520.00000000 2.00000000 326.00000000
712.00000000 304.00000000 1.00000000 325.00000000
16.00000000 435.00000000 0.00000000 323.00000000
444.00000000 552.00000000 1.00000000 323.00000000
94.00000000 554.00000000 1.00000000 320.00000000
730.00000000 412.00000000 0.00000000 319.00000000
158.00000000 496.00000000 2.00000000 319.00000000
304.00000000 588.00000000 1.00000000 311.00000000
388.00000000 583.00000000 1.00000000 307.00000000
415.00000000 408.00000000 0.00000000 305.00000000
536.00000000 533.00000000 1.00000000 305.00000000
536.00000000 532.00000000 2.00000000 302.00000000
298.00000000 28.00000000 1.00000000 299.00000000
158.00000000 390.00000000 2.00000000 298.00000000
388.00000000 582.00000000 0.00000000 298.00000000
537.00000000 546.00000000 0.00000000 297.00000000
300.00000000 322.00000000 1.00000000 293.00000000
743.00000000 427.00000000 1.00000000 289.00000000
713.00000000 303.00000000 0.00000000 289.00000000
700.00000000 404.00000000 2.00000000 288.00000000
724.00000000 524.00000000 2.00000000 286.00000000
692.00000000 53.00000000 0.00000000 282.00000000
697.00000000 469.00000000 1.00000000 279.00000000
304.00000000 588.00000000 2.00000000 275.00000000
534.00000000 550.00000000 1.00000000 274.00000000
158.00000000 496.00000000 1.00000000 273.00000000
299.00000000 322.00000000 1.00000000 271.00000000
376.00000000 366.00000000 0.00000000 270.00000000
149.00000000 298.00000000 1.00000000 270.00000000
130.00000000 342.00000000 0.00000000 269.00000000
491.00000000 544.00000000 1.00000000 269.00000000
482.00000000 85.00000000 1.00000000 267.00000000
299.00000000 28.00000000 1.00000000 267.00000000
699.00000000 497.00000000 0.00000000 266.00000000
156.00000000 464.00000000 4.00000000 265.00000000
536.00000000 547.00000000 1.00000000 263.00000000
492.00000000 543.00000000 1.00000000 262.00000000
158.00000000 384.00000000 1.00000000 261.00000000
95.00000000 373.00000000 1.00000000 260.00000000
151.00000000 298.00000000 1.00000000 259.00000000
376.00000000 572.00000000 1.00000000 259.00000000
380.00000000 520.00000000 4.00000000 255.00000000
730.00000000 412.00000000 1.00000000 253.00000000
754.00000000 494.00000000 0.00000000 250.00000000
699.00000000 497.00000000 1.00000000 249.00000000
376.00000000 368.00000000 1.00000000 249.00000000
158.00000000 497.00000000 2.00000000 248.00000000
733.00000000 513.00000000 1.00000000 247.00000000
428.00000000 526.00000000 0.00000000 245.00000000
446.00000000 526.00000000 0.00000000 243.00000000
384.00000000 229.00000000 1.00000000 243.00000000
748.00000000 387.00000000 0.00000000 241.00000000
431.00000000 396.00000000 1.00000000 240.00000000
734.00000000 498.00000000 0.00000000 239.00000000
693.00000000 53.00000000 1.00000000 238.00000000
724.00000000 522.00000000 0.00000000 238.00000000
659.00000000 214.00000000 1.00000000 238.00000000
96.00000000 373.00000000 0.00000000 237.00000000
536.00000000 533.00000000 0.00000000 235.00000000
697.00000000 379.00000000 0.00000000 233.00000000
299.00000000 321.00000000 0.00000000 233.00000000
16.00000000 436.00000000 1.00000000 232.00000000
697.00000000 469.00000000 1.00000000 229.00000000
137.00000000 390.00000000 1.00000000 227.00000000
158.00000000 383.00000000 0.00000000 227.00000000
376.00000000 572.00000000 0.00000000 227.00000000
765.00000000 521.00000000 1.00000000 227.00000000
304.00000000 589.00000000 1.00000000 226.00000000
138.00000000 68.00000000 1.00000000 225.00000000
187.00000000 617.00000000 0.00000000 219.00000000
684.00000000 201.00000000 0.00000000 219.00000000
299.00000000 28.00000000 0.00000000 212.00000000
701.00000000 506.00000000 0.00000000 212.00000000
444.00000000 552.00000000 0.00000000 211.00000000
425.00000000 415.00000000 0.00000000 208.00000000
139.00000000 67.00000000 0.00000000 207.00000000
659.00000000 214.00000000 0.00000000 204.00000000
687.00000000 499.00000000 0.00000000 204.00000000
765.00000000 521.00000000 0.00000000 203.00000000
491.00000000 544.00000000 0.00000000 202.00000000
431.00000000 395.00000000 0.00000000 202.00000000
384.00000000 359.00000000 0.00000000 202.00000000
151.00000000 297.00000000 0.00000000 201.00000000
217.00000000 103.00000000 0.00000000 198.00000000
696.00000000 468.00000000 0.00000000 198.00000000
767.00000000 374.00000000 0.00000000 194.00000000
758.00000000 504.00000000 0.00000000 192.00000000
133.00000000 359.00000000 0.00000000 190.00000000
193.00000000 101.00000000 0.00000000 189.00000000
252.00000000 247.00000000 0.00000000 187.00000000
692.00000000 340.00000000 0.00000000 186.00000000
432.00000000 385.00000000 0.00000000 186.00000000
678.00000000 446.00000000 5.00000000 184.00000000
366.00000000 590.00000000 0.00000000 183.00000000
442.00000000 305.00000000 0.00000000 180.00000000
137.00000000 389.00000000 0.00000000 179.00000000
755.00000000 391.00000000 0.00000000 176.00000000
713.00000000 504.00000000 0.00000000 174.00000000
439.00000000 251.00000000 0.00000000 173.00000000
427.00000000 556.00000000 0.00000000 171.00000000
653.00000000 319.00000000 0.00000000 171.00000000
748.00000000 483.00000000 0.00000000 170.00000000
383.00000000 228.00000000 0.00000000 168.00000000
192.00000000 357.00000000 0.00000000 166.00000000
304.00000000 589.00000000 0.00000000 166.00000000
302.00000000 341.00000000 0.00000000 166.00000000
733.00000000 513.00000000 0.00000000 164.00000000
482.00000000 84.00000000 0.00000000 163.00000000
