224.00000000 373.00000000 1.00000000 421.00000000
494.00000000 265.00000000 1.00000000 412.00000000
196.00000000 378.00000000 1.00000000 384.00000000
202.00000000 134.00000000 1.00000000 381.00000000
210.00000000 193.00000000 0.00000000 380.00000000
195.00000000 377.00000000 0.00000000 371.00000000
533.00000000 254.00000000 1.00000000 366.00000000
193.00000000 364.00000000 1.00000000 365.00000000
224.00000000 372.00000000 0.00000000 362.00000000
494.00000000 264.00000000 1.00000000 350.00000000
223.00000000 374.00000000 1.00000000 348.00000000
530.00000000 238.00000000 1.00000000 338.00000000
194.00000000 359.00000000 0.00000000 334.00000000
202.00000000 132.00000000 0.00000000 323.00000000
220.00000000 321.00000000 1.00000000 319.00000000
483.00000000 685.00000000 1.00000000 314.00000000
530.00000000 239.00000000 1.00000000 310.00000000
1028.00000000 527.00000000 1.00000000 294.00000000
484.00000000 684.00000000 2.00000000 292.00000000
534.00000000 254.00000000 2.00000000 290.00000000
578.00000000 240.00000000 2.00000000 285.00000000
210.00000000 195.00000000 1.00000000 285.00000000
195.00000000 380.00000000 1.00000000 282.00000000
576.00000000 241.00000000 1.00000000 274.00000000
194.00000000 361.00000000 1.00000000 273.00000000
390.00000000 579.00000000 2.00000000 271.00000000
483.00000000 268.00000000 1.00000000 267.00000000
199.00000000 408.00000000 0.00000000 265.00000000
533.00000000 251.00000000 1.00000000 264.00000000
392.00000000 580.00000000 4.00000000 264.00000000
405.00000000 26.00000000 0.00000000 262.00000000
135.00000000 279.00000000 0.00000000 261.00000000
402.00000000 30.00000000 2.00000000 261.00000000
495.00000000 223.00000000 0.00000000 261.00000000
193.00000000 344.00000000 0.00000000 260.00000000
213.00000000 230.00000000 0.00000000 259.00000000
199.00000000 409.00000000 1.00000000 259.00000000
199.00000000 417.00000000 1.00000000 255.00000000
219.00000000 322.00000000 1.00000000 254.00000000
181.00000000 203.00000000 0.00000000 250.00000000
180.00000000 205.00000000 1.00000000 249.00000000
433.00000000 422.00000000 1.00000000 248.00000000
144.00000000 394.00000000 0.00000000 246.00000000
154.00000000 552.00000000 0.00000000 246.00000000
495.00000000 224.00000000 1.00000000 243.00000000
416.00000000 71.00000000 1.00000000 242.00000000
202.00000000 135.00000000 1.00000000 242.00000000
33.00000000 462.00000000 0.00000000 241.00000000
529.00000000 224.00000000 1.00000000 241.00000000
179.00000000 207.00000000 1.00000000 241.00000000
575.00000000 97.00000000 1.00000000 241.00000000
378.00000000 149.00000000 0.00000000 240.00000000
195.00000000 367.00000000 0.00000000 240.00000000
213.00000000 230.00000000 1.00000000 239.00000000
312.00000000 383.00000000 1.00000000 238.00000000
311.00000000 381.00000000 0.00000000 238.00000000
390.00000000 582.00000000 5.00000000 238.00000000
219.00000000 337.00000000 0.00000000 238.00000000
534.00000000 211.00000000 1.00000000 238.00000000
224.00000000 376.00000000 2.00000000 235.00000000
219.00000000 321.00000000 0.00000000 235.00000000
203.00000000 494.00000000 0.00000000 233.00000000
200.00000000 417.00000000 0.00000000 232.00000000
574.00000000 97.00000000 1.00000000 232.00000000
403.00000000 29.00000000 1.00000000 231.00000000
277.00000000 66.00000000 1.00000000 230.00000000
197.00000000 392.00000000 0.00000000 230.00000000
1090.00000000 502.00000000 2.00000000 229.00000000
493.00000000 248.00000000 1.00000000 228.00000000
1027.00000000 527.00000000 1.00000000 227.00000000
531.00000000 236.00000000 0.00000000 227.00000000
528.00000000 224.00000000 1.00000000 227.00000000
34.00000000 463.00000000 1.00000000 227.00000000
97.00000000 147.00000000 1.00000000 226.00000000
208.00000000 200.00000000 2.00000000 225.00000000
132.00000000 244.00000000 0.00000000 225.00000000
416.00000000 71.00000000 0.00000000 221.00000000
1017.00000000 553.00000000 1.00000000 220.00000000
227.00000000 385.00000000 1.00000000 220.00000000
278.00000000 64.00000000 1.00000000 219.00000000
496.00000000 266.00000000 2.00000000 218.00000000
227.00000000 384.00000000 0.00000000 217.00000000
483.00000000 686.00000000 1.00000000 215.00000000
204.00000000 150.00000000 1.00000000 212.00000000
413.00000000 89.00000000 1.00000000 210.00000000
296.00000000 166.00000000 1.00000000 209.00000000
168.00000000 73.00000000 0.00000000 207.00000000
576.00000000 240.00000000 2.00000000 205.00000000
534.00000000 210.00000000 0.00000000 202.00000000
258.00000000 176.00000000 0.00000000 201.00000000
14.00000000 181.00000000 0.00000000 199.00000000
147.00000000 422.00000000 0.00000000 198.00000000
184.00000000 247.00000000 0.00000000 197.00000000
223.00000000 353.00000000 0.00000000 197.00000000
533.00000000 251.00000000 0.00000000 195.00000000
415.00000000 60.00000000 0.00000000 195.00000000
425.00000000 457.00000000 0.00000000 192.00000000
97.00000000 147.00000000 0.00000000 192.00000000
193.00000000 352.00000000 0.00000000 189.00000000
483.00000000 270.00000000 0.00000000 187.00000000
306.00000000 364.00000000 0.00000000 185.00000000
336.00000000 10.00000000 0.00000000 184.00000000
10.00000000 384.00000000 0.00000000 183.00000000
279.00000000 61.00000000 0.00000000 175.00000000
54.00000000 164.00000000 0.00000000 174.00000000
204.00000000 149.00000000 0.00000000 173.00000000
118.00000000 428.00000000 0.00000000 172.00000000
295.00000000 165.00000000 0.00000000 169.00000000
575.00000000 97.00000000 0.00000000 167.00000000
432.00000000 420.00000000 0.00000000 167.00000000
207.00000000 183.00000000 0.00000000 166.00000000
531.00000000 254.00000000 2.00000000 166.00000000
578.00000000 195.00000000 0.00000000 166.00000000
287.00000000 540.00000000 0.00000000 164.00000000
60.00000000 296.00000000 4.00000000 164.00000000
63.00000000 284.00000000 0.00000000 164.00000000
375.00000000 156.00000000 0.00000000 164.00000000
300.00000000 464.00000000 0.00000000 161.00000000
216.00000000 26.00000000 0.00000000 161.00000000
427.00000000 103.00000000 0.00000000 159.00000000
399.00000000 125.00000000 0.00000000 159.00000000
282.00000000 149.00000000 2.00000000 158.00000000
62.00000000 318.00000000 0.00000000 158.00000000
146.00000000 408.00000000 0.00000000 157.00000000
215.00000000 18.00000000 0.00000000 157.00000000
388.00000000 166.00000000 0.00000000 156.00000000
282.00000000 164.00000000 0.00000000 156.00000000
