836.00000000 760.00000000 0.00000000 578.00000000
1040.00000000 106.00000000 1.00000000 544.00000000
593.00000000 362.00000000 1.00000000 517.00000000
1040.00000000 106.00000000 1.00000000 502.00000000
1040.00000000 105.00000000 0.00000000 490.00000000
772.00000000 174.00000000 0.00000000 490.00000000
717.00000000 360.00000000 1.00000000 488.00000000
951.00000000 706.00000000 0.00000000 487.00000000
592.00000000 405.00000000 1.00000000 458.00000000
717.00000000 342.00000000 1.00000000 457.00000000
765.00000000 309.00000000 1.00000000 453.00000000
717.00000000 362.00000000 1.00000000 453.00000000
772.00000000 175.00000000 1.00000000 449.00000000
718.00000000 320.00000000 1.00000000 449.00000000
773.00000000 108.00000000 1.00000000 446.00000000
877.00000000 745.00000000 0.00000000 439.00000000
717.00000000 319.00000000 0.00000000 437.00000000
601.00000000 130.00000000 1.00000000 435.00000000
717.00000000 359.00000000 0.00000000 432.00000000
593.00000000 338.00000000 1.00000000 421.00000000
1040.00000000 106.00000000 2.00000000 420.00000000
490.00000000 405.00000000 0.00000000 412.00000000
717.00000000 338.00000000 0.00000000 407.00000000
593.00000000 361.00000000 0.00000000 406.00000000
591.00000000 403.00000000 0.00000000 404.00000000
763.00000000 365.00000000 1.00000000 404.00000000
717.00000000 340.00000000 1.00000000 401.00000000
718.00000000 322.00000000 1.00000000 399.00000000
592.00000000 363.00000000 1.00000000 398.00000000
763.00000000 364.00000000 1.00000000 394.00000000
939.00000000 50.00000000 2.00000000 393.00000000
935.00000000 193.00000000 1.00000000 389.00000000
314.00000000 236.00000000 1.00000000 387.00000000
594.00000000 317.00000000 1.00000000 383.00000000
860.00000000 741.00000000 0.00000000 381.00000000
725.00000000 153.00000000 1.00000000 379.00000000
489.00000000 407.00000000 1.00000000 378.00000000
896.00000000 736.00000000 0.00000000 378.00000000
716.00000000 344.00000000 2.00000000 377.00000000
716.00000000 395.00000000 0.00000000 372.00000000
716.00000000 402.00000000 2.00000000 371.00000000
601.00000000 129.00000000 0.00000000 370.00000000
939.00000000 46.00000000 1.00000000 370.00000000
773.00000000 106.00000000 0.00000000 368.00000000
877.00000000 746.00000000 1.00000000 364.00000000
592.00000000 383.00000000 1.00000000 364.00000000
940.00000000 48.00000000 2.00000000 363.00000000
773.00000000 107.00000000 1.00000000 361.00000000
951.00000000 706.00000000 1.00000000 358.00000000
593.00000000 337.00000000 0.00000000 357.00000000
725.00000000 152.00000000 0.00000000 355.00000000
861.00000000 129.00000000 1.00000000 355.00000000
313.00000000 236.00000000 0.00000000 353.00000000
861.00000000 128.00000000 0.00000000 351.00000000
934.00000000 169.00000000 1.00000000 349.00000000
724.00000000 154.00000000 1.00000000 348.00000000
593.00000000 301.00000000 1.00000000 347.00000000
592.00000000 382.00000000 0.00000000 347.00000000
772.00000000 176.00000000 1.00000000 346.00000000
716.00000000 397.00000000 1.00000000 345.00000000
765.00000000 310.00000000 1.00000000 345.00000000
601.00000000 131.00000000 1.00000000 344.00000000
290.00000000 162.00000000 2.00000000 343.00000000
864.00000000 755.00000000 0.00000000 339.00000000
715.00000000 398.00000000 1.00000000 337.00000000
766.00000000 377.00000000 1.00000000 336.00000000
593.00000000 316.00000000 0.00000000 336.00000000
934.00000000 192.00000000 1.00000000 334.00000000
939.00000000 47.00000000 1.00000000 333.00000000
289.00000000 162.00000000 1.00000000 330.00000000
837.00000000 760.00000000 1.00000000 325.00000000
716.00000000 364.00000000 2.00000000 324.00000000
594.00000000 302.00000000 2.00000000 322.00000000
762.00000000 368.00000000 2.00000000 319.00000000
772.00000000 163.00000000 0.00000000 309.00000000
934.00000000 169.00000000 0.00000000 308.00000000
765.00000000 345.00000000 1.00000000 308.00000000
763.00000000 326.00000000 1.00000000 305.00000000
717.00000000 376.00000000 0.00000000 305.00000000
760.00000000 370.00000000 2.00000000 304.00000000
762.00000000 325.00000000 0.00000000 292.00000000
584.00000000 294.00000000 0.00000000 290.00000000
935.00000000 193.00000000 0.00000000 289.00000000
288.00000000 164.00000000 2.00000000 289.00000000
1040.00000000 104.00000000 2.00000000 279.00000000
290.00000000 162.00000000 1.00000000 273.00000000
717.00000000 378.00000000 1.00000000 270.00000000
591.00000000 416.00000000 1.00000000 270.00000000
766.00000000 376.00000000 0.00000000 268.00000000
838.00000000 772.00000000 0.00000000 266.00000000
954.00000000 347.00000000 0.00000000 264.00000000
897.00000000 736.00000000 1.00000000 264.00000000
935.00000000 229.00000000 0.00000000 261.00000000
456.00000000 404.00000000 0.00000000 256.00000000
877.00000000 737.00000000 0.00000000 255.00000000
886.00000000 12.00000000 0.00000000 255.00000000
842.00000000 205.00000000 0.00000000 240.00000000
1075.00000000 458.00000000 0.00000000 239.00000000
852.00000000 208.00000000 0.00000000 239.00000000
763.00000000 364.00000000 0.00000000 238.00000000
717.00000000 511.00000000 0.00000000 236.00000000
719.00000000 300.00000000 0.00000000 235.00000000
966.00000000 349.00000000 0.00000000 231.00000000
772.00000000 124.00000000 0.00000000 231.00000000
436.00000000 48.00000000 0.00000000 229.00000000
430.00000000 25.00000000 0.00000000 224.00000000
1057.00000000 135.00000000 0.00000000 224.00000000
926.00000000 575.00000000 0.00000000 224.00000000
918.00000000 264.00000000 0.00000000 224.00000000
907.00000000 714.00000000 0.00000000 223.00000000
966.00000000 341.00000000 0.00000000 221.00000000
707.00000000 497.00000000 0.00000000 219.00000000
594.00000000 294.00000000 0.00000000 219.00000000
808.00000000 27.00000000 0.00000000 219.00000000
852.00000000 391.00000000 0.00000000 215.00000000
765.00000000 343.00000000 0.00000000 214.00000000
1051.00000000 463.00000000 0.00000000 213.00000000
937.00000000 216.00000000 0.00000000 212.00000000
720.00000000 160.00000000 4.00000000 211.00000000
292.00000000 164.00000000 4.00000000 211.00000000
920.00000000 724.00000000 0.00000000 208.00000000
772.00000000 214.00000000 0.00000000 208.00000000
702.00000000 359.00000000 0.00000000 207.00000000
702.00000000 395.00000000 0.00000000 204.00000000
978.00000000 349.00000000 0.00000000 202.00000000
818.00000000 199.00000000 0.00000000 199.00000000
933.00000000 175.00000000 5.00000000 159.00000000
