567.00000000 45.00000000 0.00000000 686.00000000
312.00000000 473.00000000 1.00000000 644.00000000
1011.00000000 454.00000000 0.00000000 588.00000000
397.00000000 574.00000000 1.00000000 559.00000000
753.00000000 200.00000000 0.00000000 531.00000000
312.00000000 473.00000000 0.00000000 520.00000000
441.00000000 353.00000000 1.00000000 507.00000000
540.00000000 62.00000000 1.00000000 503.00000000
485.00000000 493.00000000 1.00000000 500.00000000
532.00000000 456.00000000 1.00000000 495.00000000
397.00000000 574.00000000 0.00000000 495.00000000
439.00000000 352.00000000 1.00000000 493.00000000
311.00000000 473.00000000 1.00000000 492.00000000
752.00000000 200.00000000 1.00000000 490.00000000
458.00000000 465.00000000 1.00000000 480.00000000
860.00000000 394.00000000 1.00000000 476.00000000
568.00000000 45.00000000 1.00000000 466.00000000
540.00000000 61.00000000 1.00000000 466.00000000
777.00000000 180.00000000 1.00000000 463.00000000
395.00000000 574.00000000 1.00000000 461.00000000
777.00000000 179.00000000 0.00000000 452.00000000
528.00000000 42.00000000 2.00000000 450.00000000
441.00000000 352.00000000 0.00000000 442.00000000
485.00000000 494.00000000 1.00000000 435.00000000
745.00000000 206.00000000 0.00000000 431.00000000
432.00000000 352.00000000 4.00000000 428.00000000
483.00000000 409.00000000 1.00000000 426.00000000
530.00000000 455.00000000 1.00000000 423.00000000
532.00000000 456.00000000 0.00000000 418.00000000
483.00000000 408.00000000 1.00000000 413.00000000
861.00000000 394.00000000 1.00000000 413.00000000
802.00000000 158.00000000 1.00000000 409.00000000
459.00000000 465.00000000 1.00000000 405.00000000
38.00000000 762.00000000 0.00000000 400.00000000
438.00000000 352.00000000 2.00000000 399.00000000
564.00000000 133.00000000 1.00000000 391.00000000
484.00000000 494.00000000 2.00000000 385.00000000
564.00000000 132.00000000 0.00000000 379.00000000
486.00000000 494.00000000 0.00000000 379.00000000
801.00000000 158.00000000 0.00000000 371.00000000
371.00000000 545.00000000 1.00000000 368.00000000
549.00000000 77.00000000 0.00000000 367.00000000
435.00000000 350.00000000 2.00000000 366.00000000
562.00000000 132.00000000 1.00000000 365.00000000
953.00000000 501.00000000 0.00000000 363.00000000
549.00000000 98.00000000 1.00000000 361.00000000
1101.00000000 82.00000000 0.00000000 358.00000000
398.00000000 391.00000000 1.00000000 350.00000000
399.00000000 391.00000000 0.00000000 347.00000000
14.00000000 586.00000000 0.00000000 344.00000000
548.00000000 98.00000000 0.00000000 344.00000000
528.00000000 454.00000000 2.00000000 338.00000000
860.00000000 393.00000000 0.00000000 337.00000000
1012.00000000 455.00000000 1.00000000 336.00000000
459.00000000 465.00000000 0.00000000 334.00000000
530.00000000 44.00000000 2.00000000 333.00000000
531.00000000 43.00000000 1.00000000 333.00000000
988.00000000 470.00000000 0.00000000 329.00000000
207.00000000 628.00000000 0.00000000 328.00000000
764.00000000 410.00000000 2.00000000 326.00000000
38.00000000 762.00000000 1.00000000 325.00000000
528.00000000 108.00000000 0.00000000 325.00000000
397.00000000 391.00000000 1.00000000 324.00000000
763.00000000 408.00000000 1.00000000 324.00000000
236.00000000 389.00000000 0.00000000 322.00000000
371.00000000 545.00000000 0.00000000 322.00000000
531.00000000 42.00000000 1.00000000 321.00000000
390.00000000 390.00000000 2.00000000 319.00000000
625.00000000 364.00000000 0.00000000 318.00000000
540.00000000 62.00000000 2.00000000 318.00000000
770.00000000 185.00000000 0.00000000 318.00000000
988.00000000 471.00000000 1.00000000 317.00000000
388.00000000 392.00000000 4.00000000 312.00000000
845.00000000 585.00000000 1.00000000 309.00000000
584.00000000 130.00000000 0.00000000 306.00000000
394.00000000 390.00000000 2.00000000 305.00000000
547.00000000 86.00000000 1.00000000 303.00000000
355.00000000 526.00000000 1.00000000 303.00000000
801.00000000 158.00000000 1.00000000 299.00000000
532.00000000 120.00000000 1.00000000 298.00000000
583.00000000 131.00000000 1.00000000 296.00000000
567.00000000 45.00000000 1.00000000 295.00000000
449.00000000 475.00000000 0.00000000 287.00000000
828.00000000 596.00000000 0.00000000 286.00000000
597.00000000 427.00000000 0.00000000 285.00000000
880.00000000 558.00000000 2.00000000 285.00000000
540.00000000 60.00000000 0.00000000 283.00000000
1103.00000000 17.00000000 1.00000000 279.00000000
538.00000000 75.00000000 1.00000000 278.00000000
532.00000000 120.00000000 0.00000000 277.00000000
1077.00000000 97.00000000 1.00000000 276.00000000
881.00000000 556.00000000 0.00000000 275.00000000
637.00000000 171.00000000 1.00000000 274.00000000
393.00000000 300.00000000 1.00000000 274.00000000
538.00000000 74.00000000 0.00000000 273.00000000
1013.00000000 433.00000000 0.00000000 273.00000000
615.00000000 130.00000000 0.00000000 273.00000000
1052.00000000 127.00000000 0.00000000 273.00000000
531.00000000 42.00000000 0.00000000 271.00000000
502.00000000 428.00000000 1.00000000 271.00000000
619.00000000 376.00000000 0.00000000 270.00000000
450.00000000 453.00000000 1.00000000 269.00000000
192.00000000 658.00000000 0.00000000 268.00000000
475.00000000 504.00000000 0.00000000 266.00000000
649.00000000 477.00000000 0.00000000 263.00000000
1090.00000000 80.00000000 0.00000000 260.00000000
302.00000000 482.00000000 0.00000000 257.00000000
458.00000000 485.00000000 0.00000000 257.00000000
514.00000000 251.00000000 2.00000000 250.00000000
766.00000000 168.00000000 0.00000000 248.00000000
1093.00000000 71.00000000 0.00000000 245.00000000
482.00000000 408.00000000 0.00000000 239.00000000
155.00000000 626.00000000 0.00000000 235.00000000
392.00000000 299.00000000 0.00000000 233.00000000
637.00000000 171.00000000 0.00000000 232.00000000
528.00000000 84.00000000 0.00000000 229.00000000
637.00000000 202.00000000 0.00000000 228.00000000
1103.00000000 16.00000000 0.00000000 227.00000000
100.00000000 722.00000000 0.00000000 225.00000000
864.00000000 568.00000000 0.00000000 224.00000000
492.00000000 437.00000000 0.00000000 222.00000000
1063.00000000 108.00000000 0.00000000 221.00000000
393.00000000 215.00000000 0.00000000 221.00000000
557.00000000 537.00000000 0.00000000 221.00000000
638.00000000 146.00000000 0.00000000 218.00000000
1077.00000000 97.00000000 0.00000000 218.00000000
514.00000000 254.00000000 5.00000000 213.00000000
