809.00000000 731.00000000 0.00000000 571.00000000
1056.00000000 132.00000000 1.00000000 567.00000000
1055.00000000 131.00000000 0.00000000 559.00000000
1055.00000000 131.00000000 1.00000000 549.00000000
540.00000000 389.00000000 1.00000000 543.00000000
664.00000000 369.00000000 1.00000000 530.00000000
716.00000000 340.00000000 1.00000000 530.00000000
717.00000000 340.00000000 1.00000000 529.00000000
721.00000000 171.00000000 1.00000000 522.00000000
666.00000000 353.00000000 1.00000000 511.00000000
722.00000000 227.00000000 1.00000000 502.00000000
721.00000000 226.00000000 0.00000000 498.00000000
1056.00000000 132.00000000 2.00000000 491.00000000
916.00000000 98.00000000 2.00000000 487.00000000
666.00000000 350.00000000 0.00000000 481.00000000
665.00000000 384.00000000 1.00000000 477.00000000
664.00000000 386.00000000 1.00000000 476.00000000
665.00000000 352.00000000 1.00000000 473.00000000
666.00000000 383.00000000 0.00000000 471.00000000
540.00000000 388.00000000 0.00000000 460.00000000
539.00000000 423.00000000 1.00000000 460.00000000
721.00000000 171.00000000 1.00000000 453.00000000
294.00000000 306.00000000 0.00000000 449.00000000
664.00000000 417.00000000 1.00000000 447.00000000
721.00000000 169.00000000 0.00000000 442.00000000
540.00000000 340.00000000 1.00000000 441.00000000
544.00000000 207.00000000 1.00000000 438.00000000
295.00000000 306.00000000 1.00000000 435.00000000
276.00000000 256.00000000 1.00000000 432.00000000
918.00000000 96.00000000 2.00000000 419.00000000
721.00000000 229.00000000 1.00000000 417.00000000
540.00000000 355.00000000 1.00000000 416.00000000
665.00000000 368.00000000 1.00000000 416.00000000
920.00000000 100.00000000 4.00000000 415.00000000
444.00000000 425.00000000 0.00000000 414.00000000
275.00000000 257.00000000 1.00000000 408.00000000
539.00000000 422.00000000 0.00000000 407.00000000
823.00000000 178.00000000 1.00000000 406.00000000
669.00000000 213.00000000 1.00000000 406.00000000
669.00000000 212.00000000 0.00000000 403.00000000
917.00000000 93.00000000 1.00000000 402.00000000
533.00000000 86.00000000 0.00000000 395.00000000
837.00000000 717.00000000 0.00000000 394.00000000
666.00000000 366.00000000 0.00000000 393.00000000
544.00000000 206.00000000 0.00000000 392.00000000
543.00000000 207.00000000 1.00000000 384.00000000
543.00000000 87.00000000 0.00000000 379.00000000
671.00000000 79.00000000 0.00000000 376.00000000
716.00000000 386.00000000 1.00000000 375.00000000
540.00000000 356.00000000 1.00000000 374.00000000
717.00000000 370.00000000 1.00000000 373.00000000
668.00000000 216.00000000 2.00000000 370.00000000
851.00000000 76.00000000 2.00000000 370.00000000
809.00000000 731.00000000 1.00000000 370.00000000
859.00000000 723.00000000 0.00000000 368.00000000
668.00000000 214.00000000 1.00000000 367.00000000
917.00000000 93.00000000 1.00000000 367.00000000
823.00000000 179.00000000 1.00000000 367.00000000
715.00000000 387.00000000 1.00000000 360.00000000
540.00000000 371.00000000 1.00000000 360.00000000
823.00000000 177.00000000 0.00000000 357.00000000
914.00000000 122.00000000 1.00000000 357.00000000
665.00000000 413.00000000 0.00000000 355.00000000
540.00000000 353.00000000 0.00000000 355.00000000
1084.00000000 470.00000000 0.00000000 355.00000000
953.00000000 695.00000000 0.00000000 354.00000000
914.00000000 204.00000000 1.00000000 353.00000000
444.00000000 426.00000000 1.00000000 352.00000000
852.00000000 76.00000000 2.00000000 351.00000000
543.00000000 88.00000000 1.00000000 350.00000000
276.00000000 258.00000000 2.00000000 346.00000000
718.00000000 231.00000000 2.00000000 344.00000000
664.00000000 418.00000000 2.00000000 341.00000000
922.00000000 101.00000000 5.00000000 340.00000000
719.00000000 397.00000000 1.00000000 339.00000000
666.00000000 354.00000000 2.00000000 339.00000000
716.00000000 340.00000000 2.00000000 338.00000000
665.00000000 415.00000000 1.00000000 338.00000000
851.00000000 73.00000000 1.00000000 335.00000000
714.00000000 354.00000000 1.00000000 334.00000000
820.00000000 407.00000000 0.00000000 334.00000000
917.00000000 572.00000000 1.00000000 331.00000000
719.00000000 396.00000000 0.00000000 328.00000000
720.00000000 236.00000000 4.00000000 321.00000000
1055.00000000 130.00000000 2.00000000 321.00000000
540.00000000 369.00000000 0.00000000 320.00000000
947.00000000 364.00000000 0.00000000 319.00000000
359.00000000 28.00000000 1.00000000 316.00000000
230.00000000 241.00000000 1.00000000 315.00000000
916.00000000 225.00000000 1.00000000 311.00000000
359.00000000 28.00000000 0.00000000 306.00000000
914.00000000 123.00000000 0.00000000 302.00000000
540.00000000 405.00000000 0.00000000 301.00000000
721.00000000 216.00000000 0.00000000 300.00000000
714.00000000 353.00000000 0.00000000 299.00000000
917.00000000 572.00000000 0.00000000 298.00000000
1112.00000000 381.00000000 0.00000000 294.00000000
963.00000000 364.00000000 0.00000000 293.00000000
917.00000000 259.00000000 0.00000000 292.00000000
276.00000000 255.00000000 0.00000000 292.00000000
914.00000000 204.00000000 0.00000000 287.00000000
238.00000000 262.00000000 0.00000000 286.00000000
514.00000000 71.00000000 0.00000000 278.00000000
802.00000000 246.00000000 0.00000000 275.00000000
552.00000000 67.00000000 0.00000000 275.00000000
666.00000000 398.00000000 0.00000000 274.00000000
932.00000000 134.00000000 0.00000000 266.00000000
1081.00000000 158.00000000 0.00000000 265.00000000
671.00000000 72.00000000 0.00000000 264.00000000
895.00000000 697.00000000 0.00000000 263.00000000
883.00000000 717.00000000 0.00000000 263.00000000
716.00000000 340.00000000 0.00000000 259.00000000
851.00000000 72.00000000 0.00000000 258.00000000
905.00000000 437.00000000 0.00000000 258.00000000
858.00000000 716.00000000 0.00000000 256.00000000
704.00000000 369.00000000 0.00000000 253.00000000
530.00000000 336.00000000 0.00000000 253.00000000
898.00000000 290.00000000 0.00000000 251.00000000
914.00000000 708.00000000 0.00000000 250.00000000
229.00000000 240.00000000 0.00000000 247.00000000
715.00000000 386.00000000 0.00000000 244.00000000
319.00000000 103.00000000 0.00000000 237.00000000
815.00000000 247.00000000 0.00000000 236.00000000
415.00000000 424.00000000 0.00000000 235.00000000
902.00000000 153.00000000 0.00000000 234.00000000
388.00000000 145.00000000 0.00000000 234.00000000
917.00000000 103.00000000 0.00000000 232.00000000
