1019.00000000 524.00000000 1.00000000 608.00000000
529.00000000 66.00000000 0.00000000 558.00000000
659.00000000 821.00000000 0.00000000 536.00000000
287.00000000 265.00000000 1.00000000 531.00000000
287.00000000 264.00000000 0.00000000 529.00000000
291.00000000 364.00000000 1.00000000 522.00000000
281.00000000 216.00000000 1.00000000 512.00000000
627.00000000 352.00000000 1.00000000 493.00000000
593.00000000 355.00000000 1.00000000 482.00000000
1068.00000000 511.00000000 1.00000000 475.00000000
255.00000000 407.00000000 1.00000000 469.00000000
667.00000000 801.00000000 0.00000000 461.00000000
291.00000000 364.00000000 1.00000000 449.00000000
1018.00000000 523.00000000 1.00000000 439.00000000
254.00000000 394.00000000 1.00000000 439.00000000
499.00000000 66.00000000 1.00000000 436.00000000
253.00000000 394.00000000 1.00000000 432.00000000
1020.00000000 526.00000000 2.00000000 426.00000000
530.00000000 66.00000000 1.00000000 424.00000000
497.00000000 42.00000000 2.00000000 423.00000000
498.00000000 66.00000000 1.00000000 418.00000000
281.00000000 215.00000000 0.00000000 418.00000000
497.00000000 90.00000000 0.00000000 412.00000000
675.00000000 803.00000000 0.00000000 412.00000000
1067.00000000 511.00000000 0.00000000 403.00000000
660.00000000 821.00000000 1.00000000 402.00000000
255.00000000 405.00000000 0.00000000 399.00000000
403.00000000 419.00000000 0.00000000 398.00000000
257.00000000 434.00000000 1.00000000 397.00000000
579.00000000 805.00000000 0.00000000 395.00000000
245.00000000 267.00000000 1.00000000 392.00000000
253.00000000 380.00000000 1.00000000 390.00000000
484.00000000 112.00000000 1.00000000 388.00000000
244.00000000 268.00000000 1.00000000 388.00000000
989.00000000 525.00000000 1.00000000 388.00000000
169.00000000 288.00000000 0.00000000 386.00000000
295.00000000 391.00000000 1.00000000 385.00000000
253.00000000 379.00000000 0.00000000 385.00000000
485.00000000 111.00000000 0.00000000 379.00000000
567.00000000 626.00000000 1.00000000 378.00000000
563.00000000 786.00000000 0.00000000 376.00000000
1069.00000000 511.00000000 1.00000000 376.00000000
295.00000000 405.00000000 1.00000000 376.00000000
1004.00000000 525.00000000 1.00000000 373.00000000
1105.00000000 514.00000000 1.00000000 372.00000000
246.00000000 265.00000000 0.00000000 372.00000000
280.00000000 216.00000000 1.00000000 368.00000000
499.00000000 29.00000000 1.00000000 367.00000000
285.00000000 267.00000000 1.00000000 365.00000000
382.00000000 183.00000000 1.00000000 365.00000000
169.00000000 289.00000000 1.00000000 362.00000000
625.00000000 342.00000000 0.00000000 361.00000000
593.00000000 354.00000000 0.00000000 359.00000000
989.00000000 526.00000000 1.00000000 358.00000000
253.00000000 381.00000000 1.00000000 357.00000000
178.00000000 415.00000000 0.00000000 352.00000000
254.00000000 408.00000000 1.00000000 352.00000000
403.00000000 420.00000000 1.00000000 348.00000000
244.00000000 272.00000000 2.00000000 348.00000000
456.00000000 763.00000000 0.00000000 347.00000000
282.00000000 271.00000000 2.00000000 344.00000000
489.00000000 81.00000000 1.00000000 341.00000000
175.00000000 382.00000000 1.00000000 341.00000000
380.00000000 185.00000000 1.00000000 341.00000000
552.00000000 788.00000000 0.00000000 340.00000000
286.00000000 268.00000000 2.00000000 336.00000000
1105.00000000 514.00000000 0.00000000 334.00000000
1089.00000000 525.00000000 0.00000000 332.00000000
171.00000000 317.00000000 0.00000000 331.00000000
567.00000000 626.00000000 1.00000000 330.00000000
256.00000000 420.00000000 1.00000000 330.00000000
1018.00000000 522.00000000 0.00000000 328.00000000
583.00000000 356.00000000 0.00000000 325.00000000
404.00000000 65.00000000 2.00000000 324.00000000
291.00000000 364.00000000 0.00000000 323.00000000
476.00000000 156.00000000 1.00000000 322.00000000
480.00000000 560.00000000 2.00000000 322.00000000
494.00000000 168.00000000 1.00000000 321.00000000
675.00000000 804.00000000 1.00000000 320.00000000
1004.00000000 524.00000000 0.00000000 320.00000000
498.00000000 32.00000000 2.00000000 319.00000000
480.00000000 560.00000000 2.00000000 316.00000000
294.00000000 405.00000000 0.00000000 312.00000000
500.00000000 66.00000000 2.00000000 312.00000000
579.00000000 805.00000000 1.00000000 311.00000000
298.00000000 414.00000000 0.00000000 310.00000000
625.00000000 342.00000000 1.00000000 310.00000000
1054.00000000 520.00000000 1.00000000 309.00000000
519.00000000 188.00000000 0.00000000 306.00000000
404.00000000 68.00000000 4.00000000 304.00000000
607.00000000 796.00000000 0.00000000 301.00000000
294.00000000 408.00000000 2.00000000 301.00000000
253.00000000 392.00000000 0.00000000 300.00000000
494.00000000 167.00000000 0.00000000 299.00000000
404.00000000 62.00000000 2.00000000 299.00000000
940.00000000 519.00000000 0.00000000 298.00000000
429.00000000 771.00000000 0.00000000 296.00000000
627.00000000 350.00000000 0.00000000 295.00000000
382.00000000 182.00000000 0.00000000 295.00000000
176.00000000 391.00000000 0.00000000 294.00000000
1054.00000000 520.00000000 0.00000000 293.00000000
457.00000000 77.00000000 0.00000000 286.00000000
236.00000000 159.00000000 0.00000000 281.00000000
1016.00000000 104.00000000 4.00000000 277.00000000
651.00000000 807.00000000 0.00000000 275.00000000
667.00000000 263.00000000 0.00000000 274.00000000
625.00000000 333.00000000 0.00000000 272.00000000
489.00000000 81.00000000 0.00000000 270.00000000
975.00000000 526.00000000 0.00000000 269.00000000
969.00000000 507.00000000 0.00000000 269.00000000
490.00000000 784.00000000 0.00000000 262.00000000
528.00000000 219.00000000 0.00000000 260.00000000
614.00000000 333.00000000 0.00000000 257.00000000
543.00000000 777.00000000 0.00000000 255.00000000
421.00000000 762.00000000 0.00000000 255.00000000
257.00000000 431.00000000 0.00000000 254.00000000
1018.00000000 101.00000000 5.00000000 252.00000000
290.00000000 376.00000000 0.00000000 249.00000000
595.00000000 329.00000000 0.00000000 249.00000000
66.00000000 352.00000000 0.00000000 246.00000000
486.00000000 263.00000000 0.00000000 245.00000000
294.00000000 390.00000000 0.00000000 244.00000000
282.00000000 229.00000000 0.00000000 243.00000000
179.00000000 548.00000000 0.00000000 242.00000000
498.00000000 66.00000000 0.00000000 237.00000000
1076.00000000 524.00000000 0.00000000 236.00000000
489.00000000 94.00000000 0.00000000 232.00000000
