649.00000000 450.00000000 1.00000000 561.00000000
462.00000000 233.00000000 1.00000000 557.00000000
869.00000000 67.00000000 1.00000000 530.00000000
462.00000000 234.00000000 1.00000000 526.00000000
828.00000000 56.00000000 1.00000000 518.00000000
377.00000000 383.00000000 1.00000000 517.00000000
458.00000000 166.00000000 1.00000000 514.00000000
377.00000000 382.00000000 1.00000000 507.00000000
456.00000000 368.00000000 2.00000000 501.00000000
376.00000000 386.00000000 2.00000000 501.00000000
869.00000000 67.00000000 0.00000000 485.00000000
456.00000000 367.00000000 1.00000000 482.00000000
200.00000000 426.00000000 1.00000000 479.00000000
378.00000000 420.00000000 1.00000000 474.00000000
925.00000000 391.00000000 1.00000000 474.00000000
456.00000000 166.00000000 1.00000000 473.00000000
199.00000000 427.00000000 1.00000000 473.00000000
823.00000000 82.00000000 0.00000000 471.00000000
458.00000000 248.00000000 5.00000000 471.00000000
462.00000000 236.00000000 2.00000000 456.00000000
377.00000000 421.00000000 1.00000000 455.00000000
376.00000000 404.00000000 2.00000000 452.00000000
462.00000000 231.00000000 0.00000000 448.00000000
377.00000000 403.00000000 1.00000000 441.00000000
966.00000000 391.00000000 1.00000000 433.00000000
200.00000000 462.00000000 1.00000000 431.00000000
375.00000000 73.00000000 0.00000000 430.00000000
200.00000000 234.00000000 1.00000000 428.00000000
184.00000000 111.00000000 0.00000000 426.00000000
197.00000000 374.00000000 1.00000000 424.00000000
378.00000000 224.00000000 1.00000000 420.00000000
640.00000000 158.00000000 2.00000000 418.00000000
198.00000000 376.00000000 2.00000000 417.00000000
199.00000000 463.00000000 1.00000000 411.00000000
456.00000000 168.00000000 2.00000000 409.00000000
201.00000000 233.00000000 1.00000000 406.00000000
379.00000000 223.00000000 0.00000000 404.00000000
830.00000000 56.00000000 2.00000000 403.00000000
823.00000000 83.00000000 1.00000000 400.00000000
82.00000000 462.00000000 0.00000000 400.00000000
458.00000000 165.00000000 0.00000000 399.00000000
377.00000000 381.00000000 0.00000000 398.00000000
456.00000000 244.00000000 4.00000000 394.00000000
379.00000000 419.00000000 0.00000000 393.00000000
200.00000000 424.00000000 0.00000000 389.00000000
197.00000000 111.00000000 1.00000000 388.00000000
377.00000000 224.00000000 1.00000000 386.00000000
755.00000000 619.00000000 2.00000000 386.00000000
376.00000000 229.00000000 2.00000000 385.00000000
649.00000000 449.00000000 0.00000000 385.00000000
378.00000000 400.00000000 1.00000000 384.00000000
804.00000000 103.00000000 1.00000000 383.00000000
199.00000000 391.00000000 1.00000000 377.00000000
458.00000000 240.00000000 2.00000000 375.00000000
372.00000000 236.00000000 4.00000000 372.00000000
199.00000000 408.00000000 1.00000000 370.00000000
640.00000000 156.00000000 1.00000000 370.00000000
200.00000000 461.00000000 0.00000000 370.00000000
465.00000000 436.00000000 1.00000000 368.00000000
82.00000000 463.00000000 1.00000000 366.00000000
379.00000000 455.00000000 1.00000000 364.00000000
871.00000000 690.00000000 1.00000000 363.00000000
804.00000000 102.00000000 0.00000000 363.00000000
199.00000000 389.00000000 1.00000000 362.00000000
197.00000000 111.00000000 0.00000000 361.00000000
844.00000000 197.00000000 0.00000000 356.00000000
201.00000000 232.00000000 0.00000000 356.00000000
379.00000000 453.00000000 0.00000000 350.00000000
813.00000000 86.00000000 1.00000000 349.00000000
378.00000000 399.00000000 0.00000000 345.00000000
965.00000000 381.00000000 1.00000000 344.00000000
199.00000000 407.00000000 1.00000000 337.00000000
965.00000000 380.00000000 0.00000000 337.00000000
209.00000000 88.00000000 0.00000000 331.00000000
835.00000000 30.00000000 1.00000000 330.00000000
912.00000000 391.00000000 0.00000000 329.00000000
455.00000000 367.00000000 2.00000000 327.00000000
912.00000000 391.00000000 1.00000000 325.00000000
454.00000000 384.00000000 1.00000000 322.00000000
200.00000000 388.00000000 0.00000000 314.00000000
828.00000000 57.00000000 1.00000000 310.00000000
813.00000000 86.00000000 0.00000000 308.00000000
871.00000000 690.00000000 1.00000000 307.00000000
187.00000000 369.00000000 0.00000000 305.00000000
814.00000000 70.00000000 1.00000000 302.00000000
376.00000000 73.00000000 1.00000000 302.00000000
845.00000000 197.00000000 1.00000000 295.00000000
200.00000000 444.00000000 1.00000000 294.00000000
1019.00000000 304.00000000 0.00000000 294.00000000
782.00000000 134.00000000 0.00000000 291.00000000
379.00000000 436.00000000 0.00000000 289.00000000
160.00000000 100.00000000 0.00000000 284.00000000
200.00000000 443.00000000 0.00000000 283.00000000
828.00000000 57.00000000 0.00000000 277.00000000
440.00000000 401.00000000 0.00000000 273.00000000
454.00000000 383.00000000 0.00000000 270.00000000
925.00000000 390.00000000 0.00000000 270.00000000
791.00000000 275.00000000 0.00000000 267.00000000
966.00000000 390.00000000 0.00000000 266.00000000
200.00000000 405.00000000 0.00000000 259.00000000
775.00000000 96.00000000 0.00000000 255.00000000
835.00000000 29.00000000 0.00000000 255.00000000
791.00000000 154.00000000 0.00000000 252.00000000
375.00000000 65.00000000 0.00000000 250.00000000
854.00000000 234.00000000 0.00000000 249.00000000
953.00000000 370.00000000 0.00000000 249.00000000
356.00000000 420.00000000 0.00000000 246.00000000
436.00000000 165.00000000 0.00000000 245.00000000
127.00000000 53.00000000 0.00000000 243.00000000
814.00000000 70.00000000 0.00000000 240.00000000
912.00000000 379.00000000 0.00000000 238.00000000
930.00000000 364.00000000 0.00000000 236.00000000
458.00000000 183.00000000 0.00000000 236.00000000
971.00000000 364.00000000 0.00000000 236.00000000
605.00000000 244.00000000 0.00000000 234.00000000
18.00000000 194.00000000 0.00000000 232.00000000
357.00000000 454.00000000 0.00000000 232.00000000
789.00000000 254.00000000 0.00000000 232.00000000
516.00000000 72.00000000 0.00000000 231.00000000
437.00000000 200.00000000 0.00000000 227.00000000
757.00000000 615.00000000 0.00000000 226.00000000
642.00000000 154.00000000 0.00000000 222.00000000
24.00000000 208.00000000 0.00000000 221.00000000
770.00000000 55.00000000 0.00000000 219.00000000
165.00000000 42.00000000 0.00000000 219.00000000
48.00000000 461.00000000 0.00000000 218.00000000
767.00000000 124.00000000 0.00000000 215.00000000
