201.00000000 335.00000000 0.00000000 282.00000000
463.00000000 372.00000000 1.00000000 276.00000000
127.00000000 292.00000000 0.00000000 269.00000000
458.00000000 370.00000000 2.00000000 253.00000000
463.00000000 371.00000000 0.00000000 252.00000000
257.00000000 336.00000000 1.00000000 222.00000000
128.00000000 292.00000000 1.00000000 214.00000000
462.00000000 371.00000000 1.00000000 212.00000000
258.00000000 323.00000000 1.00000000 200.00000000
721.00000000 130.00000000 2.00000000 198.00000000
274.00000000 323.00000000 0.00000000 193.00000000
722.00000000 130.00000000 2.00000000 190.00000000
454.00000000 331.00000000 0.00000000 190.00000000
201.00000000 336.00000000 1.00000000 189.00000000
458.00000000 345.00000000 0.00000000 181.00000000
721.00000000 127.00000000 1.00000000 174.00000000
426.00000000 342.00000000 0.00000000 174.00000000
503.00000000 261.00000000 1.00000000 173.00000000
460.00000000 372.00000000 2.00000000 161.00000000
245.00000000 323.00000000 0.00000000 160.00000000
445.00000000 341.00000000 0.00000000 153.00000000
459.00000000 344.00000000 1.00000000 152.00000000
233.00000000 318.00000000 1.00000000 152.00000000
361.00000000 340.00000000 0.00000000 150.00000000
454.00000000 366.00000000 1.00000000 148.00000000
245.00000000 324.00000000 1.00000000 147.00000000
721.00000000 127.00000000 1.00000000 145.00000000
426.00000000 343.00000000 1.00000000 141.00000000
460.00000000 372.00000000 4.00000000 138.00000000
503.00000000 263.00000000 1.00000000 137.00000000
454.00000000 365.00000000 0.00000000 136.00000000
427.00000000 337.00000000 1.00000000 135.00000000
216.00000000 306.00000000 1.00000000 134.00000000
257.00000000 335.00000000 0.00000000 133.00000000
282.00000000 332.00000000 1.00000000 133.00000000
274.00000000 324.00000000 1.00000000 131.00000000
394.00000000 319.00000000 0.00000000 124.00000000
258.00000000 335.00000000 1.00000000 123.00000000
453.00000000 341.00000000 0.00000000 122.00000000
503.00000000 263.00000000 0.00000000 122.00000000
282.00000000 328.00000000 0.00000000 122.00000000
192.00000000 64.00000000 4.00000000 121.00000000
234.00000000 328.00000000 2.00000000 120.00000000
458.00000000 313.00000000 0.00000000 120.00000000
538.00000000 170.00000000 1.00000000 118.00000000
192.00000000 62.00000000 2.00000000 117.00000000
279.00000000 287.00000000 0.00000000 116.00000000
234.00000000 320.00000000 2.00000000 116.00000000
117.00000000 73.00000000 1.00000000 113.00000000
445.00000000 341.00000000 1.00000000 112.00000000
258.00000000 323.00000000 0.00000000 111.00000000
216.00000000 306.00000000 0.00000000 110.00000000
394.00000000 312.00000000 0.00000000 110.00000000
316.00000000 294.00000000 0.00000000 109.00000000
280.00000000 318.00000000 1.00000000 108.00000000
116.00000000 74.00000000 2.00000000 107.00000000
538.00000000 169.00000000 0.00000000 106.00000000
197.00000000 59.00000000 1.00000000 106.00000000
214.00000000 306.00000000 1.00000000 105.00000000
511.00000000 277.00000000 0.00000000 104.00000000
127.00000000 299.00000000 1.00000000 104.00000000
333.00000000 115.00000000 1.00000000 104.00000000
720.00000000 125.00000000 0.00000000 103.00000000
204.00000000 318.00000000 0.00000000 101.00000000
196.00000000 60.00000000 2.00000000 101.00000000
513.00000000 419.00000000 0.00000000 100.00000000
334.00000000 114.00000000 1.00000000 99.00000000
538.00000000 169.00000000 1.00000000 99.00000000
388.00000000 108.00000000 0.00000000 98.00000000
204.00000000 318.00000000 1.00000000 97.00000000
272.00000000 324.00000000 2.00000000 96.00000000
395.00000000 320.00000000 1.00000000 96.00000000
357.00000000 325.00000000 1.00000000 93.00000000
279.00000000 287.00000000 1.00000000 92.00000000
332.00000000 292.00000000 1.00000000 92.00000000
528.00000000 206.00000000 2.00000000 91.00000000
281.00000000 333.00000000 1.00000000 91.00000000
372.00000000 132.00000000 1.00000000 91.00000000
395.00000000 341.00000000 0.00000000 91.00000000
504.00000000 262.00000000 2.00000000 90.00000000
118.00000000 73.00000000 1.00000000 90.00000000
357.00000000 329.00000000 0.00000000 89.00000000
234.00000000 320.00000000 1.00000000 88.00000000
234.00000000 320.00000000 0.00000000 87.00000000
372.00000000 132.00000000 0.00000000 87.00000000
346.00000000 310.00000000 1.00000000 87.00000000
454.00000000 332.00000000 1.00000000 87.00000000
446.00000000 335.00000000 0.00000000 87.00000000
374.00000000 311.00000000 0.00000000 86.00000000
256.00000000 281.00000000 1.00000000 86.00000000
360.00000000 341.00000000 1.00000000 85.00000000
255.00000000 280.00000000 0.00000000 85.00000000
457.00000000 314.00000000 1.00000000 84.00000000
258.00000000 321.00000000 1.00000000 84.00000000
368.00000000 339.00000000 1.00000000 83.00000000
390.00000000 248.00000000 1.00000000 83.00000000
210.00000000 312.00000000 0.00000000 82.00000000
198.00000000 60.00000000 1.00000000 82.00000000
364.00000000 307.00000000 0.00000000 82.00000000
420.00000000 359.00000000 0.00000000 82.00000000
127.00000000 72.00000000 0.00000000 81.00000000
463.00000000 333.00000000 0.00000000 78.00000000
508.00000000 256.00000000 0.00000000 78.00000000
390.00000000 248.00000000 0.00000000 78.00000000
331.00000000 314.00000000 0.00000000 77.00000000
281.00000000 296.00000000 0.00000000 77.00000000
346.00000000 310.00000000 0.00000000 76.00000000
265.00000000 341.00000000 0.00000000 75.00000000
219.00000000 370.00000000 0.00000000 74.00000000
335.00000000 400.00000000 0.00000000 70.00000000
393.00000000 325.00000000 0.00000000 69.00000000
334.00000000 121.00000000 0.00000000 69.00000000
350.00000000 360.00000000 0.00000000 68.00000000
435.00000000 301.00000000 0.00000000 68.00000000
415.00000000 340.00000000 0.00000000 67.00000000
418.00000000 197.00000000 5.00000000 66.00000000
331.00000000 290.00000000 0.00000000 66.00000000
413.00000000 91.00000000 0.00000000 66.00000000
251.00000000 115.00000000 0.00000000 63.00000000
120.00000000 231.00000000 0.00000000 62.00000000
439.00000000 309.00000000 0.00000000 62.00000000
334.00000000 113.00000000 0.00000000 61.00000000
346.00000000 226.00000000 0.00000000 61.00000000
23.00000000 533.00000000 0.00000000 61.00000000
267.00000000 297.00000000 0.00000000 60.00000000
182.00000000 78.00000000 0.00000000 60.00000000
300.00000000 350.00000000 0.00000000 59.00000000
