489.00000000 379.00000000 2.00000000 586.00000000
490.00000000 380.00000000 2.00000000 419.00000000
488.00000000 380.00000000 4.00000000 364.00000000
410.00000000 216.00000000 2.00000000 301.00000000
490.00000000 377.00000000 1.00000000 290.00000000
490.00000000 378.00000000 1.00000000 288.00000000
410.00000000 220.00000000 2.00000000 268.00000000
490.00000000 377.00000000 0.00000000 243.00000000
413.00000000 239.00000000 1.00000000 232.00000000
488.00000000 396.00000000 0.00000000 223.00000000
544.00000000 128.00000000 4.00000000 222.00000000
491.00000000 386.00000000 1.00000000 211.00000000
486.00000000 365.00000000 1.00000000 208.00000000
412.00000000 239.00000000 1.00000000 207.00000000
411.00000000 214.00000000 1.00000000 207.00000000
104.00000000 362.00000000 1.00000000 206.00000000
543.00000000 121.00000000 2.00000000 200.00000000
106.00000000 363.00000000 1.00000000 183.00000000
491.00000000 386.00000000 0.00000000 181.00000000
543.00000000 124.00000000 5.00000000 181.00000000
413.00000000 214.00000000 1.00000000 172.00000000
366.00000000 137.00000000 0.00000000 170.00000000
542.00000000 120.00000000 2.00000000 169.00000000
383.00000000 145.00000000 1.00000000 169.00000000
121.00000000 354.00000000 1.00000000 163.00000000
478.00000000 264.00000000 0.00000000 163.00000000
122.00000000 354.00000000 1.00000000 161.00000000
485.00000000 364.00000000 0.00000000 154.00000000
383.00000000 144.00000000 0.00000000 154.00000000
102.00000000 364.00000000 2.00000000 153.00000000
541.00000000 118.00000000 1.00000000 152.00000000
524.00000000 69.00000000 1.00000000 152.00000000
633.00000000 339.00000000 2.00000000 151.00000000
413.00000000 238.00000000 0.00000000 151.00000000
524.00000000 69.00000000 1.00000000 150.00000000
485.00000000 301.00000000 1.00000000 147.00000000
367.00000000 35.00000000 1.00000000 146.00000000
151.00000000 469.00000000 1.00000000 139.00000000
366.00000000 139.00000000 1.00000000 138.00000000
483.00000000 292.00000000 1.00000000 137.00000000
524.00000000 69.00000000 0.00000000 136.00000000
413.00000000 212.00000000 0.00000000 132.00000000
482.00000000 292.00000000 0.00000000 132.00000000
120.00000000 356.00000000 2.00000000 132.00000000
488.00000000 397.00000000 1.00000000 132.00000000
412.00000000 240.00000000 2.00000000 132.00000000
477.00000000 265.00000000 1.00000000 129.00000000
151.00000000 468.00000000 0.00000000 126.00000000
594.00000000 249.00000000 1.00000000 126.00000000
386.00000000 204.00000000 0.00000000 125.00000000
386.00000000 203.00000000 1.00000000 123.00000000
366.00000000 34.00000000 2.00000000 122.00000000
149.00000000 469.00000000 1.00000000 122.00000000
600.00000000 211.00000000 1.00000000 121.00000000
524.00000000 68.00000000 2.00000000 120.00000000
593.00000000 250.00000000 1.00000000 116.00000000
106.00000000 362.00000000 0.00000000 116.00000000
90.00000000 527.00000000 1.00000000 115.00000000
366.00000000 138.00000000 1.00000000 115.00000000
600.00000000 210.00000000 0.00000000 113.00000000
507.00000000 370.00000000 0.00000000 113.00000000
541.00000000 118.00000000 1.00000000 113.00000000
123.00000000 354.00000000 0.00000000 112.00000000
89.00000000 371.00000000 1.00000000 110.00000000
368.00000000 36.00000000 1.00000000 110.00000000
387.00000000 99.00000000 1.00000000 108.00000000
110.00000000 517.00000000 1.00000000 107.00000000
386.00000000 202.00000000 1.00000000 101.00000000
485.00000000 301.00000000 0.00000000 101.00000000
137.00000000 347.00000000 0.00000000 101.00000000
429.00000000 253.00000000 1.00000000 96.00000000
540.00000000 144.00000000 1.00000000 95.00000000
229.00000000 50.00000000 1.00000000 94.00000000
383.00000000 145.00000000 1.00000000 94.00000000
468.00000000 255.00000000 0.00000000 91.00000000
136.00000000 348.00000000 1.00000000 90.00000000
299.00000000 330.00000000 0.00000000 89.00000000
594.00000000 248.00000000 0.00000000 89.00000000
460.00000000 307.00000000 0.00000000 89.00000000
412.00000000 246.00000000 0.00000000 89.00000000
387.00000000 98.00000000 0.00000000 87.00000000
68.00000000 411.00000000 0.00000000 87.00000000
299.00000000 330.00000000 1.00000000 86.00000000
379.00000000 137.00000000 0.00000000 86.00000000
90.00000000 529.00000000 1.00000000 84.00000000
491.00000000 317.00000000 1.00000000 82.00000000
460.00000000 308.00000000 1.00000000 81.00000000
622.00000000 211.00000000 0.00000000 79.00000000
473.00000000 281.00000000 0.00000000 79.00000000
659.00000000 335.00000000 0.00000000 79.00000000
632.00000000 318.00000000 1.00000000 79.00000000
491.00000000 317.00000000 0.00000000 76.00000000
423.00000000 232.00000000 1.00000000 73.00000000
407.00000000 229.00000000 0.00000000 72.00000000
659.00000000 335.00000000 1.00000000 72.00000000
430.00000000 253.00000000 0.00000000 71.00000000
606.00000000 255.00000000 0.00000000 71.00000000
89.00000000 370.00000000 0.00000000 71.00000000
541.00000000 117.00000000 0.00000000 68.00000000
632.00000000 317.00000000 0.00000000 66.00000000
540.00000000 143.00000000 0.00000000 60.00000000
368.00000000 33.00000000 0.00000000 59.00000000
519.00000000 342.00000000 0.00000000 59.00000000
533.00000000 94.00000000 0.00000000 58.00000000
12.00000000 560.00000000 0.00000000 57.00000000
475.00000000 335.00000000 0.00000000 56.00000000
616.00000000 264.00000000 0.00000000 56.00000000
186.00000000 562.00000000 0.00000000 55.00000000
497.00000000 313.00000000 0.00000000 54.00000000
526.00000000 354.00000000 0.00000000 51.00000000
478.00000000 354.00000000 0.00000000 51.00000000
49.00000000 548.00000000 0.00000000 50.00000000
455.00000000 229.00000000 0.00000000 50.00000000
33.00000000 550.00000000 0.00000000 49.00000000
427.00000000 241.00000000 0.00000000 48.00000000
89.00000000 530.00000000 0.00000000 48.00000000
490.00000000 349.00000000 0.00000000 47.00000000
480.00000000 323.00000000 0.00000000 47.00000000
513.00000000 403.00000000 0.00000000 46.00000000
550.00000000 129.00000000 0.00000000 46.00000000
718.00000000 461.00000000 0.00000000 46.00000000
631.00000000 329.00000000 0.00000000 46.00000000
431.00000000 121.00000000 0.00000000 45.00000000
517.00000000 33.00000000 0.00000000 44.00000000
77.00000000 193.00000000 0.00000000 44.00000000
197.00000000 57.00000000 0.00000000 43.00000000
620.00000000 296.00000000 0.00000000 43.00000000
