398.00000000 390.00000000 2.00000000 634.00000000
398.00000000 390.00000000 2.00000000 440.00000000
396.00000000 392.00000000 4.00000000 435.00000000
336.00000000 216.00000000 2.00000000 433.00000000
336.00000000 217.00000000 2.00000000 373.00000000
398.00000000 388.00000000 1.00000000 349.00000000
399.00000000 389.00000000 1.00000000 341.00000000
337.00000000 214.00000000 1.00000000 303.00000000
398.00000000 389.00000000 0.00000000 277.00000000
395.00000000 376.00000000 1.00000000 265.00000000
316.00000000 139.00000000 0.00000000 258.00000000
316.00000000 140.00000000 1.00000000 253.00000000
394.00000000 408.00000000 0.00000000 240.00000000
545.00000000 367.00000000 2.00000000 239.00000000
688.00000000 476.00000000 4.00000000 224.00000000
684.00000000 475.00000000 2.00000000 224.00000000
339.00000000 214.00000000 1.00000000 220.00000000
336.00000000 239.00000000 1.00000000 217.00000000
690.00000000 475.00000000 5.00000000 213.00000000
401.00000000 301.00000000 1.00000000 211.00000000
300.00000000 131.00000000 0.00000000 211.00000000
686.00000000 476.00000000 2.00000000 208.00000000
399.00000000 272.00000000 0.00000000 208.00000000
335.00000000 239.00000000 1.00000000 207.00000000
399.00000000 273.00000000 1.00000000 206.00000000
313.00000000 201.00000000 0.00000000 203.00000000
400.00000000 301.00000000 0.00000000 201.00000000
685.00000000 475.00000000 1.00000000 200.00000000
546.00000000 368.00000000 2.00000000 200.00000000
402.00000000 311.00000000 1.00000000 193.00000000
395.00000000 375.00000000 0.00000000 188.00000000
685.00000000 475.00000000 1.00000000 184.00000000
313.00000000 201.00000000 1.00000000 183.00000000
398.00000000 398.00000000 0.00000000 183.00000000
282.00000000 538.00000000 1.00000000 181.00000000
335.00000000 247.00000000 0.00000000 177.00000000
300.00000000 132.00000000 1.00000000 175.00000000
417.00000000 383.00000000 0.00000000 169.00000000
394.00000000 408.00000000 1.00000000 168.00000000
284.00000000 544.00000000 2.00000000 165.00000000
518.00000000 276.00000000 2.00000000 163.00000000
398.00000000 399.00000000 1.00000000 163.00000000
469.00000000 76.00000000 1.00000000 162.00000000
480.00000000 130.00000000 2.00000000 160.00000000
316.00000000 141.00000000 1.00000000 157.00000000
326.00000000 93.00000000 1.00000000 156.00000000
470.00000000 77.00000000 1.00000000 155.00000000
401.00000000 301.00000000 1.00000000 151.00000000
340.00000000 213.00000000 0.00000000 148.00000000
519.00000000 271.00000000 1.00000000 148.00000000
299.00000000 132.00000000 1.00000000 139.00000000
325.00000000 93.00000000 1.00000000 137.00000000
518.00000000 271.00000000 1.00000000 135.00000000
685.00000000 475.00000000 0.00000000 133.00000000
334.00000000 240.00000000 2.00000000 131.00000000
480.00000000 130.00000000 1.00000000 131.00000000
347.00000000 234.00000000 1.00000000 130.00000000
336.00000000 239.00000000 0.00000000 129.00000000
545.00000000 367.00000000 1.00000000 128.00000000
325.00000000 92.00000000 0.00000000 128.00000000
384.00000000 264.00000000 1.00000000 125.00000000
470.00000000 76.00000000 0.00000000 123.00000000
385.00000000 265.00000000 1.00000000 116.00000000
391.00000000 263.00000000 0.00000000 115.00000000
282.00000000 536.00000000 1.00000000 114.00000000
477.00000000 156.00000000 1.00000000 111.00000000
184.00000000 235.00000000 0.00000000 107.00000000
391.00000000 289.00000000 0.00000000 106.00000000
312.00000000 199.00000000 1.00000000 106.00000000
403.00000000 311.00000000 0.00000000 105.00000000
406.00000000 328.00000000 0.00000000 103.00000000
406.00000000 328.00000000 1.00000000 101.00000000
540.00000000 28.00000000 1.00000000 100.00000000
376.00000000 314.00000000 0.00000000 96.00000000
481.00000000 129.00000000 1.00000000 94.00000000
432.00000000 356.00000000 0.00000000 93.00000000
388.00000000 345.00000000 0.00000000 90.00000000
351.00000000 256.00000000 1.00000000 89.00000000
185.00000000 237.00000000 1.00000000 88.00000000
417.00000000 384.00000000 1.00000000 87.00000000
392.00000000 289.00000000 1.00000000 84.00000000
282.00000000 535.00000000 0.00000000 84.00000000
539.00000000 26.00000000 1.00000000 83.00000000
519.00000000 270.00000000 0.00000000 82.00000000
350.00000000 242.00000000 0.00000000 82.00000000
423.00000000 375.00000000 0.00000000 80.00000000
547.00000000 366.00000000 1.00000000 79.00000000
368.00000000 120.00000000 0.00000000 79.00000000
418.00000000 418.00000000 1.00000000 79.00000000
547.00000000 356.00000000 1.00000000 78.00000000
357.00000000 315.00000000 0.00000000 77.00000000
477.00000000 155.00000000 0.00000000 75.00000000
380.00000000 234.00000000 0.00000000 74.00000000
331.00000000 229.00000000 0.00000000 73.00000000
376.00000000 315.00000000 1.00000000 73.00000000
331.00000000 228.00000000 1.00000000 71.00000000
345.00000000 205.00000000 0.00000000 71.00000000
346.00000000 233.00000000 0.00000000 70.00000000
329.00000000 280.00000000 0.00000000 68.00000000
427.00000000 436.00000000 0.00000000 67.00000000
553.00000000 234.00000000 0.00000000 65.00000000
434.00000000 449.00000000 0.00000000 64.00000000
313.00000000 131.00000000 0.00000000 64.00000000
576.00000000 238.00000000 0.00000000 63.00000000
575.00000000 364.00000000 0.00000000 63.00000000
486.00000000 392.00000000 0.00000000 63.00000000
352.00000000 255.00000000 0.00000000 63.00000000
389.00000000 364.00000000 0.00000000 63.00000000
481.00000000 128.00000000 0.00000000 62.00000000
418.00000000 417.00000000 0.00000000 62.00000000
333.00000000 255.00000000 0.00000000 61.00000000
436.00000000 349.00000000 0.00000000 60.00000000
383.00000000 282.00000000 0.00000000 60.00000000
413.00000000 324.00000000 0.00000000 59.00000000
333.00000000 290.00000000 0.00000000 59.00000000
529.00000000 231.00000000 0.00000000 58.00000000
538.00000000 24.00000000 0.00000000 57.00000000
514.00000000 332.00000000 0.00000000 57.00000000
395.00000000 448.00000000 0.00000000 57.00000000
200.00000000 127.00000000 0.00000000 57.00000000
387.00000000 321.00000000 0.00000000 56.00000000
393.00000000 333.00000000 0.00000000 56.00000000
260.00000000 470.00000000 0.00000000 56.00000000
142.00000000 114.00000000 0.00000000 54.00000000
546.00000000 356.00000000 0.00000000 53.00000000
382.00000000 289.00000000 0.00000000 53.00000000
301.00000000 186.00000000 0.00000000 53.00000000
