489.00000000 376.00000000 2.00000000 469.00000000
488.00000000 374.00000000 2.00000000 458.00000000
368.00000000 252.00000000 2.00000000 369.00000000
166.00000000 30.00000000 2.00000000 347.00000000
166.00000000 29.00000000 1.00000000 321.00000000
488.00000000 376.00000000 4.00000000 301.00000000
377.00000000 271.00000000 1.00000000 295.00000000
487.00000000 371.00000000 1.00000000 293.00000000
488.00000000 372.00000000 1.00000000 292.00000000
491.00000000 380.00000000 1.00000000 282.00000000
377.00000000 270.00000000 0.00000000 281.00000000
492.00000000 379.00000000 0.00000000 269.00000000
488.00000000 371.00000000 0.00000000 242.00000000
167.00000000 30.00000000 1.00000000 227.00000000
367.00000000 250.00000000 1.00000000 218.00000000
367.00000000 254.00000000 2.00000000 216.00000000
125.00000000 461.00000000 1.00000000 194.00000000
458.00000000 130.00000000 2.00000000 193.00000000
369.00000000 249.00000000 1.00000000 180.00000000
127.00000000 461.00000000 1.00000000 180.00000000
460.00000000 132.00000000 4.00000000 178.00000000
480.00000000 346.00000000 0.00000000 155.00000000
426.00000000 83.00000000 1.00000000 149.00000000
304.00000000 192.00000000 0.00000000 144.00000000
212.00000000 555.00000000 0.00000000 143.00000000
124.00000000 462.00000000 2.00000000 142.00000000
212.00000000 556.00000000 1.00000000 142.00000000
425.00000000 83.00000000 1.00000000 141.00000000
605.00000000 299.00000000 2.00000000 138.00000000
394.00000000 279.00000000 1.00000000 136.00000000
377.00000000 271.00000000 1.00000000 136.00000000
460.00000000 132.00000000 2.00000000 132.00000000
168.00000000 29.00000000 0.00000000 130.00000000
425.00000000 82.00000000 0.00000000 129.00000000
304.00000000 192.00000000 1.00000000 129.00000000
137.00000000 449.00000000 1.00000000 126.00000000
486.00000000 379.00000000 5.00000000 123.00000000
426.00000000 84.00000000 2.00000000 122.00000000
544.00000000 234.00000000 2.00000000 120.00000000
479.00000000 348.00000000 1.00000000 120.00000000
456.00000000 297.00000000 0.00000000 120.00000000
394.00000000 278.00000000 0.00000000 117.00000000
604.00000000 298.00000000 2.00000000 117.00000000
127.00000000 460.00000000 0.00000000 117.00000000
439.00000000 318.00000000 0.00000000 117.00000000
139.00000000 449.00000000 1.00000000 115.00000000
462.00000000 134.00000000 1.00000000 113.00000000
342.00000000 246.00000000 0.00000000 112.00000000
461.00000000 304.00000000 0.00000000 110.00000000
166.00000000 241.00000000 1.00000000 107.00000000
471.00000000 318.00000000 1.00000000 106.00000000
456.00000000 297.00000000 1.00000000 104.00000000
432.00000000 268.00000000 0.00000000 103.00000000
304.00000000 192.00000000 1.00000000 101.00000000
115.00000000 472.00000000 1.00000000 101.00000000
501.00000000 360.00000000 0.00000000 97.00000000
462.00000000 134.00000000 1.00000000 97.00000000
470.00000000 318.00000000 1.00000000 94.00000000
369.00000000 247.00000000 0.00000000 93.00000000
97.00000000 500.00000000 1.00000000 92.00000000
237.00000000 533.00000000 1.00000000 92.00000000
625.00000000 284.00000000 0.00000000 91.00000000
443.00000000 274.00000000 0.00000000 90.00000000
166.00000000 241.00000000 1.00000000 90.00000000
459.00000000 305.00000000 1.00000000 89.00000000
456.00000000 123.00000000 1.00000000 89.00000000
535.00000000 189.00000000 0.00000000 88.00000000
536.00000000 190.00000000 1.00000000 86.00000000
626.00000000 284.00000000 1.00000000 85.00000000
470.00000000 317.00000000 0.00000000 84.00000000
492.00000000 389.00000000 0.00000000 84.00000000
440.00000000 318.00000000 1.00000000 83.00000000
114.00000000 471.00000000 0.00000000 83.00000000
461.00000000 329.00000000 1.00000000 83.00000000
311.00000000 151.00000000 1.00000000 82.00000000
397.00000000 50.00000000 1.00000000 82.00000000
96.00000000 500.00000000 1.00000000 82.00000000
311.00000000 150.00000000 0.00000000 81.00000000
385.00000000 261.00000000 1.00000000 81.00000000
140.00000000 448.00000000 0.00000000 80.00000000
463.00000000 146.00000000 1.00000000 80.00000000
239.00000000 533.00000000 1.00000000 78.00000000
375.00000000 258.00000000 0.00000000 76.00000000
443.00000000 275.00000000 1.00000000 76.00000000
149.00000000 439.00000000 1.00000000 75.00000000
97.00000000 499.00000000 0.00000000 74.00000000
343.00000000 247.00000000 1.00000000 72.00000000
542.00000000 226.00000000 1.00000000 72.00000000
314.00000000 188.00000000 0.00000000 71.00000000
164.00000000 239.00000000 0.00000000 71.00000000
428.00000000 273.00000000 1.00000000 71.00000000
402.00000000 494.00000000 0.00000000 70.00000000
412.00000000 248.00000000 0.00000000 70.00000000
514.00000000 340.00000000 0.00000000 69.00000000
446.00000000 535.00000000 0.00000000 68.00000000
369.00000000 263.00000000 0.00000000 68.00000000
444.00000000 291.00000000 0.00000000 68.00000000
480.00000000 362.00000000 0.00000000 68.00000000
398.00000000 52.00000000 1.00000000 67.00000000
463.00000000 145.00000000 0.00000000 66.00000000
379.00000000 278.00000000 0.00000000 65.00000000
419.00000000 57.00000000 0.00000000 65.00000000
647.00000000 288.00000000 0.00000000 62.00000000
562.00000000 341.00000000 0.00000000 62.00000000
596.00000000 275.00000000 0.00000000 62.00000000
516.00000000 168.00000000 0.00000000 59.00000000
441.00000000 103.00000000 0.00000000 59.00000000
536.00000000 161.00000000 0.00000000 59.00000000
566.00000000 232.00000000 0.00000000 56.00000000
542.00000000 225.00000000 0.00000000 56.00000000
441.00000000 310.00000000 0.00000000 56.00000000
322.00000000 194.00000000 0.00000000 55.00000000
424.00000000 246.00000000 0.00000000 54.00000000
239.00000000 533.00000000 0.00000000 53.00000000
456.00000000 122.00000000 0.00000000 51.00000000
433.00000000 287.00000000 0.00000000 51.00000000
504.00000000 330.00000000 0.00000000 51.00000000
210.00000000 562.00000000 0.00000000 50.00000000
507.00000000 345.00000000 0.00000000 50.00000000
562.00000000 329.00000000 0.00000000 49.00000000
462.00000000 134.00000000 0.00000000 49.00000000
452.00000000 263.00000000 0.00000000 48.00000000
399.00000000 50.00000000 0.00000000 48.00000000
149.00000000 439.00000000 0.00000000 47.00000000
408.00000000 50.00000000 0.00000000 46.00000000
383.00000000 261.00000000 0.00000000 45.00000000
556.00000000 182.00000000 0.00000000 45.00000000
