68.00000000 68.00000000 2.00000000 423.00000000
65.00000000 67.00000000 2.00000000 416.00000000
463.00000000 370.00000000 2.00000000 383.00000000
462.00000000 368.00000000 2.00000000 366.00000000
64.00000000 68.00000000 4.00000000 360.00000000
69.00000000 66.00000000 1.00000000 353.00000000
466.00000000 372.00000000 1.00000000 339.00000000
465.00000000 371.00000000 0.00000000 284.00000000
317.00000000 292.00000000 1.00000000 253.00000000
70.00000000 66.00000000 1.00000000 241.00000000
461.00000000 364.00000000 0.00000000 236.00000000
466.00000000 371.00000000 1.00000000 228.00000000
460.00000000 372.00000000 4.00000000 223.00000000
115.00000000 551.00000000 1.00000000 218.00000000
445.00000000 340.00000000 0.00000000 209.00000000
317.00000000 291.00000000 0.00000000 208.00000000
117.00000000 552.00000000 1.00000000 205.00000000
275.00000000 277.00000000 0.00000000 202.00000000
728.00000000 252.00000000 2.00000000 199.00000000
729.00000000 250.00000000 1.00000000 194.00000000
336.00000000 296.00000000 1.00000000 188.00000000
304.00000000 276.00000000 2.00000000 181.00000000
726.00000000 251.00000000 2.00000000 178.00000000
729.00000000 249.00000000 1.00000000 178.00000000
302.00000000 280.00000000 2.00000000 174.00000000
395.00000000 322.00000000 0.00000000 170.00000000
337.00000000 294.00000000 0.00000000 158.00000000
122.00000000 542.00000000 1.00000000 156.00000000
445.00000000 340.00000000 1.00000000 156.00000000
470.00000000 349.00000000 0.00000000 148.00000000
729.00000000 248.00000000 0.00000000 141.00000000
276.00000000 58.00000000 2.00000000 140.00000000
311.00000000 279.00000000 0.00000000 136.00000000
277.00000000 57.00000000 1.00000000 134.00000000
302.00000000 272.00000000 1.00000000 130.00000000
122.00000000 541.00000000 0.00000000 130.00000000
313.00000000 84.00000000 1.00000000 129.00000000
322.00000000 280.00000000 1.00000000 128.00000000
366.00000000 127.00000000 1.00000000 127.00000000
70.00000000 65.00000000 0.00000000 125.00000000
117.00000000 550.00000000 0.00000000 123.00000000
366.00000000 128.00000000 2.00000000 122.00000000
314.00000000 84.00000000 1.00000000 122.00000000
558.00000000 258.00000000 2.00000000 118.00000000
277.00000000 58.00000000 1.00000000 112.00000000
373.00000000 274.00000000 0.00000000 112.00000000
318.00000000 291.00000000 1.00000000 110.00000000
526.00000000 297.00000000 1.00000000 109.00000000
525.00000000 299.00000000 0.00000000 109.00000000
480.00000000 206.00000000 2.00000000 106.00000000
228.00000000 229.00000000 1.00000000 106.00000000
412.00000000 304.00000000 1.00000000 103.00000000
577.00000000 236.00000000 1.00000000 102.00000000
427.00000000 314.00000000 1.00000000 101.00000000
463.00000000 543.00000000 0.00000000 99.00000000
427.00000000 313.00000000 1.00000000 99.00000000
314.00000000 84.00000000 0.00000000 99.00000000
412.00000000 303.00000000 0.00000000 97.00000000
576.00000000 236.00000000 0.00000000 96.00000000
229.00000000 230.00000000 1.00000000 96.00000000
396.00000000 322.00000000 1.00000000 94.00000000
528.00000000 312.00000000 0.00000000 92.00000000
347.00000000 259.00000000 0.00000000 92.00000000
220.00000000 231.00000000 0.00000000 89.00000000
220.00000000 230.00000000 1.00000000 86.00000000
366.00000000 128.00000000 1.00000000 85.00000000
275.00000000 277.00000000 1.00000000 85.00000000
387.00000000 278.00000000 1.00000000 84.00000000
406.00000000 296.00000000 0.00000000 83.00000000
395.00000000 313.00000000 0.00000000 83.00000000
413.00000000 304.00000000 1.00000000 82.00000000
431.00000000 345.00000000 1.00000000 82.00000000
427.00000000 313.00000000 0.00000000 81.00000000
433.00000000 141.00000000 1.00000000 81.00000000
526.00000000 298.00000000 1.00000000 80.00000000
386.00000000 277.00000000 0.00000000 80.00000000
333.00000000 286.00000000 0.00000000 80.00000000
463.00000000 373.00000000 5.00000000 79.00000000
560.00000000 258.00000000 1.00000000 79.00000000
278.00000000 57.00000000 0.00000000 78.00000000
344.00000000 65.00000000 1.00000000 78.00000000
380.00000000 293.00000000 0.00000000 78.00000000
421.00000000 328.00000000 1.00000000 77.00000000
471.00000000 349.00000000 1.00000000 77.00000000
303.00000000 272.00000000 1.00000000 77.00000000
451.00000000 135.00000000 1.00000000 76.00000000
431.00000000 345.00000000 1.00000000 76.00000000
222.00000000 219.00000000 0.00000000 75.00000000
451.00000000 135.00000000 0.00000000 75.00000000
312.00000000 279.00000000 1.00000000 74.00000000
600.00000000 234.00000000 1.00000000 71.00000000
463.00000000 544.00000000 1.00000000 70.00000000
464.00000000 318.00000000 0.00000000 69.00000000
477.00000000 325.00000000 0.00000000 68.00000000
373.00000000 275.00000000 1.00000000 68.00000000
344.00000000 65.00000000 0.00000000 68.00000000
202.00000000 176.00000000 0.00000000 67.00000000
321.00000000 298.00000000 0.00000000 67.00000000
458.00000000 164.00000000 0.00000000 67.00000000
392.00000000 294.00000000 0.00000000 67.00000000
600.00000000 234.00000000 0.00000000 66.00000000
472.00000000 331.00000000 0.00000000 65.00000000
215.00000000 187.00000000 1.00000000 64.00000000
359.00000000 254.00000000 0.00000000 64.00000000
434.00000000 141.00000000 0.00000000 64.00000000
462.00000000 339.00000000 0.00000000 63.00000000
300.00000000 60.00000000 0.00000000 61.00000000
229.00000000 224.00000000 0.00000000 61.00000000
468.00000000 143.00000000 0.00000000 60.00000000
359.00000000 120.00000000 0.00000000 60.00000000
436.00000000 351.00000000 0.00000000 59.00000000
321.00000000 281.00000000 0.00000000 59.00000000
336.00000000 101.00000000 0.00000000 59.00000000
273.00000000 270.00000000 0.00000000 58.00000000
304.00000000 267.00000000 0.00000000 58.00000000
326.00000000 74.00000000 0.00000000 58.00000000
437.00000000 337.00000000 0.00000000 57.00000000
215.00000000 186.00000000 0.00000000 57.00000000
370.00000000 138.00000000 0.00000000 56.00000000
287.00000000 56.00000000 0.00000000 56.00000000
330.00000000 248.00000000 0.00000000 56.00000000
393.00000000 263.00000000 0.00000000 55.00000000
421.00000000 331.00000000 0.00000000 55.00000000
470.00000000 339.00000000 0.00000000 55.00000000
304.00000000 273.00000000 0.00000000 54.00000000
492.00000000 422.00000000 0.00000000 54.00000000
477.00000000 150.00000000 0.00000000 53.00000000
