175.00000000 356.00000000 5.00000000 584.00000000
155.00000000 195.00000000 1.00000000 468.00000000
787.00000000 88.00000000 1.00000000 468.00000000
912.00000000 877.00000000 0.00000000 464.00000000
278.00000000 619.00000000 1.00000000 441.00000000
844.00000000 834.00000000 1.00000000 432.00000000
842.00000000 834.00000000 1.00000000 429.00000000
157.00000000 194.00000000 1.00000000 429.00000000
835.00000000 394.00000000 1.00000000 427.00000000
180.00000000 348.00000000 4.00000000 414.00000000
118.00000000 352.00000000 1.00000000 411.00000000
187.00000000 449.00000000 0.00000000 409.00000000
844.00000000 863.00000000 0.00000000 406.00000000
850.00000000 896.00000000 1.00000000 400.00000000
278.00000000 619.00000000 0.00000000 397.00000000
844.00000000 834.00000000 2.00000000 395.00000000
154.00000000 196.00000000 2.00000000 392.00000000
910.00000000 542.00000000 1.00000000 388.00000000
395.00000000 596.00000000 1.00000000 382.00000000
861.00000000 866.00000000 0.00000000 379.00000000
236.00000000 300.00000000 4.00000000 378.00000000
152.00000000 197.00000000 2.00000000 377.00000000
869.00000000 868.00000000 0.00000000 374.00000000
834.00000000 394.00000000 1.00000000 372.00000000
1149.00000000 360.00000000 1.00000000 365.00000000
772.00000000 89.00000000 1.00000000 359.00000000
911.00000000 886.00000000 0.00000000 357.00000000
896.00000000 544.00000000 1.00000000 356.00000000
828.00000000 859.00000000 0.00000000 352.00000000
692.00000000 493.00000000 1.00000000 351.00000000
932.00000000 871.00000000 0.00000000 350.00000000
894.00000000 256.00000000 2.00000000 348.00000000
787.00000000 87.00000000 0.00000000 344.00000000
1150.00000000 360.00000000 1.00000000 343.00000000
474.00000000 616.00000000 0.00000000 341.00000000
118.00000000 354.00000000 2.00000000 341.00000000
618.00000000 197.00000000 1.00000000 340.00000000
278.00000000 595.00000000 1.00000000 340.00000000
499.00000000 552.00000000 0.00000000 340.00000000
772.00000000 88.00000000 1.00000000 340.00000000
585.00000000 201.00000000 0.00000000 339.00000000
903.00000000 875.00000000 0.00000000 337.00000000
1062.00000000 817.00000000 1.00000000 337.00000000
253.00000000 762.00000000 0.00000000 334.00000000
911.00000000 894.00000000 0.00000000 334.00000000
156.00000000 193.00000000 0.00000000 333.00000000
209.00000000 322.00000000 1.00000000 332.00000000
472.00000000 480.00000000 0.00000000 331.00000000
762.00000000 335.00000000 0.00000000 327.00000000
585.00000000 202.00000000 1.00000000 325.00000000
333.00000000 329.00000000 0.00000000 325.00000000
195.00000000 191.00000000 1.00000000 324.00000000
278.00000000 607.00000000 1.00000000 323.00000000
950.00000000 452.00000000 2.00000000 321.00000000
910.00000000 541.00000000 0.00000000 321.00000000
895.00000000 417.00000000 1.00000000 321.00000000
893.00000000 255.00000000 1.00000000 320.00000000
410.00000000 362.00000000 0.00000000 319.00000000
507.00000000 196.00000000 1.00000000 319.00000000
1258.00000000 228.00000000 2.00000000 318.00000000
207.00000000 753.00000000 0.00000000 317.00000000
924.00000000 540.00000000 1.00000000 317.00000000
851.00000000 895.00000000 0.00000000 316.00000000
635.00000000 220.00000000 1.00000000 314.00000000
234.00000000 296.00000000 2.00000000 312.00000000
187.00000000 449.00000000 1.00000000 311.00000000
455.00000000 624.00000000 1.00000000 310.00000000
835.00000000 860.00000000 0.00000000 309.00000000
681.00000000 766.00000000 1.00000000 303.00000000
330.00000000 320.00000000 1.00000000 303.00000000
950.00000000 452.00000000 2.00000000 302.00000000
480.00000000 379.00000000 0.00000000 302.00000000
195.00000000 190.00000000 0.00000000 302.00000000
844.00000000 833.00000000 0.00000000 302.00000000
895.00000000 543.00000000 0.00000000 301.00000000
944.00000000 484.00000000 2.00000000 301.00000000
951.00000000 451.00000000 1.00000000 300.00000000
481.00000000 175.00000000 1.00000000 300.00000000
856.00000000 562.00000000 0.00000000 297.00000000
849.00000000 301.00000000 1.00000000 297.00000000
777.00000000 332.00000000 1.00000000 297.00000000
944.00000000 485.00000000 1.00000000 297.00000000
394.00000000 598.00000000 1.00000000 294.00000000
480.00000000 175.00000000 0.00000000 294.00000000
772.00000000 90.00000000 2.00000000 292.00000000
692.00000000 492.00000000 0.00000000 291.00000000
634.00000000 220.00000000 0.00000000 291.00000000
1159.00000000 431.00000000 1.00000000 289.00000000
1063.00000000 817.00000000 1.00000000 289.00000000
395.00000000 595.00000000 0.00000000 287.00000000
119.00000000 352.00000000 1.00000000 286.00000000
895.00000000 875.00000000 0.00000000 285.00000000
62.00000000 121.00000000 1.00000000 285.00000000
950.00000000 889.00000000 0.00000000 285.00000000
950.00000000 452.00000000 1.00000000 285.00000000
507.00000000 195.00000000 0.00000000 282.00000000
685.00000000 886.00000000 0.00000000 281.00000000
1000.00000000 844.00000000 0.00000000 281.00000000
1258.00000000 226.00000000 2.00000000 281.00000000
330.00000000 320.00000000 0.00000000 280.00000000
62.00000000 120.00000000 0.00000000 275.00000000
93.00000000 171.00000000 0.00000000 275.00000000
209.00000000 323.00000000 1.00000000 275.00000000
924.00000000 541.00000000 1.00000000 274.00000000
359.00000000 811.00000000 0.00000000 273.00000000
209.00000000 322.00000000 0.00000000 273.00000000
511.00000000 477.00000000 0.00000000 272.00000000
681.00000000 765.00000000 0.00000000 272.00000000
850.00000000 574.00000000 0.00000000 272.00000000
835.00000000 393.00000000 0.00000000 270.00000000
972.00000000 586.00000000 0.00000000 270.00000000
293.00000000 506.00000000 0.00000000 270.00000000
27.00000000 361.00000000 0.00000000 270.00000000
309.00000000 835.00000000 0.00000000 269.00000000
429.00000000 434.00000000 0.00000000 268.00000000
787.00000000 89.00000000 1.00000000 268.00000000
277.00000000 594.00000000 0.00000000 268.00000000
277.00000000 582.00000000 0.00000000 266.00000000
890.00000000 533.00000000 0.00000000 266.00000000
369.00000000 821.00000000 0.00000000 264.00000000
359.00000000 819.00000000 0.00000000 263.00000000
932.00000000 880.00000000 0.00000000 263.00000000
951.00000000 864.00000000 0.00000000 262.00000000
772.00000000 87.00000000 0.00000000 262.00000000
1051.00000000 376.00000000 0.00000000 258.00000000
810.00000000 239.00000000 0.00000000 258.00000000
352.00000000 762.00000000 0.00000000 256.00000000
