622.00000000 339.00000000 5.00000000 608.00000000
604.00000000 142.00000000 2.00000000 483.00000000
603.00000000 141.00000000 1.00000000 447.00000000
627.00000000 463.00000000 1.00000000 425.00000000
624.00000000 336.00000000 4.00000000 425.00000000
602.00000000 144.00000000 2.00000000 420.00000000
605.00000000 140.00000000 1.00000000 414.00000000
660.00000000 311.00000000 1.00000000 410.00000000
692.00000000 284.00000000 4.00000000 408.00000000
627.00000000 462.00000000 0.00000000 398.00000000
544.00000000 334.00000000 2.00000000 398.00000000
854.00000000 381.00000000 0.00000000 378.00000000
1328.00000000 442.00000000 2.00000000 370.00000000
719.00000000 660.00000000 1.00000000 359.00000000
651.00000000 149.00000000 1.00000000 359.00000000
660.00000000 310.00000000 0.00000000 357.00000000
832.00000000 118.00000000 0.00000000 353.00000000
1332.00000000 257.00000000 2.00000000 342.00000000
545.00000000 333.00000000 2.00000000 341.00000000
829.00000000 623.00000000 1.00000000 340.00000000
409.00000000 330.00000000 1.00000000 335.00000000
787.00000000 337.00000000 0.00000000 333.00000000
409.00000000 330.00000000 0.00000000 331.00000000
909.00000000 404.00000000 0.00000000 322.00000000
605.00000000 139.00000000 0.00000000 322.00000000
1329.00000000 444.00000000 2.00000000 320.00000000
651.00000000 149.00000000 0.00000000 318.00000000
784.00000000 328.00000000 0.00000000 314.00000000
666.00000000 153.00000000 1.00000000 306.00000000
660.00000000 311.00000000 1.00000000 304.00000000
1326.00000000 442.00000000 1.00000000 304.00000000
720.00000000 618.00000000 1.00000000 304.00000000
915.00000000 572.00000000 0.00000000 303.00000000
785.00000000 327.00000000 1.00000000 300.00000000
544.00000000 332.00000000 1.00000000 300.00000000
720.00000000 632.00000000 1.00000000 298.00000000
1042.00000000 513.00000000 0.00000000 295.00000000
1251.00000000 425.00000000 1.00000000 295.00000000
650.00000000 148.00000000 1.00000000 294.00000000
1109.00000000 780.00000000 1.00000000 288.00000000
719.00000000 646.00000000 1.00000000 287.00000000
1120.00000000 436.00000000 0.00000000 285.00000000
1251.00000000 424.00000000 0.00000000 284.00000000
828.00000000 623.00000000 1.00000000 284.00000000
1153.00000000 334.00000000 1.00000000 283.00000000
706.00000000 408.00000000 0.00000000 281.00000000
767.00000000 52.00000000 0.00000000 281.00000000
916.00000000 394.00000000 1.00000000 278.00000000
718.00000000 660.00000000 1.00000000 273.00000000
914.00000000 394.00000000 1.00000000 271.00000000
1113.00000000 313.00000000 0.00000000 270.00000000
1108.00000000 779.00000000 1.00000000 268.00000000
1120.00000000 437.00000000 1.00000000 268.00000000
829.00000000 622.00000000 0.00000000 268.00000000
665.00000000 86.00000000 0.00000000 267.00000000
681.00000000 146.00000000 0.00000000 265.00000000
1171.00000000 483.00000000 1.00000000 265.00000000
311.00000000 875.00000000 1.00000000 263.00000000
665.00000000 86.00000000 1.00000000 260.00000000
1022.00000000 26.00000000 1.00000000 260.00000000
1170.00000000 483.00000000 1.00000000 260.00000000
1252.00000000 472.00000000 1.00000000 258.00000000
728.00000000 468.00000000 0.00000000 258.00000000
642.00000000 823.00000000 1.00000000 256.00000000
989.00000000 251.00000000 0.00000000 255.00000000
312.00000000 875.00000000 1.00000000 253.00000000
1175.00000000 300.00000000 1.00000000 252.00000000
862.00000000 173.00000000 0.00000000 251.00000000
72.00000000 872.00000000 1.00000000 250.00000000
666.00000000 248.00000000 1.00000000 250.00000000
666.00000000 249.00000000 1.00000000 250.00000000
854.00000000 381.00000000 1.00000000 249.00000000
694.00000000 282.00000000 2.00000000 248.00000000
1325.00000000 499.00000000 0.00000000 248.00000000
720.00000000 617.00000000 0.00000000 248.00000000
1139.00000000 318.00000000 0.00000000 246.00000000
1214.00000000 432.00000000 0.00000000 245.00000000
521.00000000 87.00000000 1.00000000 245.00000000
898.00000000 503.00000000 0.00000000 244.00000000
1290.00000000 344.00000000 1.00000000 244.00000000
1136.00000000 455.00000000 1.00000000 244.00000000
719.00000000 659.00000000 0.00000000 243.00000000
608.00000000 437.00000000 0.00000000 243.00000000
1326.00000000 500.00000000 1.00000000 243.00000000
72.00000000 871.00000000 1.00000000 242.00000000
1172.00000000 484.00000000 2.00000000 241.00000000
1022.00000000 26.00000000 0.00000000 240.00000000
1214.00000000 433.00000000 1.00000000 239.00000000
1206.00000000 739.00000000 1.00000000 238.00000000
845.00000000 367.00000000 1.00000000 238.00000000
1252.00000000 471.00000000 0.00000000 237.00000000
1021.00000000 26.00000000 1.00000000 236.00000000
777.00000000 351.00000000 0.00000000 235.00000000
1320.00000000 616.00000000 2.00000000 235.00000000
1076.00000000 171.00000000 0.00000000 235.00000000
829.00000000 548.00000000 0.00000000 232.00000000
796.00000000 57.00000000 0.00000000 232.00000000
1110.00000000 826.00000000 0.00000000 231.00000000
825.00000000 94.00000000 0.00000000 229.00000000
918.00000000 206.00000000 0.00000000 229.00000000
719.00000000 630.00000000 0.00000000 227.00000000
1175.00000000 458.00000000 0.00000000 227.00000000
784.00000000 168.00000000 2.00000000 226.00000000
1192.00000000 418.00000000 2.00000000 226.00000000
640.00000000 50.00000000 0.00000000 226.00000000
988.00000000 263.00000000 0.00000000 225.00000000
851.00000000 204.00000000 0.00000000 223.00000000
719.00000000 644.00000000 0.00000000 223.00000000
773.00000000 195.00000000 0.00000000 222.00000000
772.00000000 254.00000000 0.00000000 221.00000000
780.00000000 117.00000000 0.00000000 219.00000000
1100.00000000 185.00000000 0.00000000 219.00000000
818.00000000 367.00000000 0.00000000 219.00000000
936.00000000 231.00000000 0.00000000 218.00000000
573.00000000 415.00000000 0.00000000 217.00000000
1171.00000000 482.00000000 0.00000000 216.00000000
795.00000000 864.00000000 0.00000000 215.00000000
533.00000000 253.00000000 0.00000000 214.00000000
616.00000000 442.00000000 0.00000000 214.00000000
372.00000000 102.00000000 0.00000000 214.00000000
367.00000000 255.00000000 0.00000000 214.00000000
663.00000000 482.00000000 0.00000000 213.00000000
1108.00000000 205.00000000 0.00000000 212.00000000
866.00000000 455.00000000 0.00000000 212.00000000
719.00000000 461.00000000 0.00000000 211.00000000
856.00000000 391.00000000 0.00000000 211.00000000
688.00000000 134.00000000 0.00000000 211.00000000
