1015.00000000 466.00000000 1.00000000 404.00000000
1233.00000000 265.00000000 5.00000000 391.00000000
573.00000000 669.00000000 1.00000000 377.00000000
451.00000000 693.00000000 1.00000000 362.00000000
452.00000000 681.00000000 1.00000000 358.00000000
958.00000000 196.00000000 1.00000000 356.00000000
453.00000000 669.00000000 1.00000000 354.00000000
453.00000000 657.00000000 1.00000000 353.00000000
944.00000000 196.00000000 1.00000000 344.00000000
1321.00000000 430.00000000 1.00000000 340.00000000
944.00000000 196.00000000 1.00000000 335.00000000
1320.00000000 429.00000000 1.00000000 332.00000000
958.00000000 195.00000000 0.00000000 327.00000000
1013.00000000 466.00000000 1.00000000 323.00000000
876.00000000 562.00000000 1.00000000 320.00000000
1132.00000000 520.00000000 2.00000000 318.00000000
451.00000000 692.00000000 0.00000000 318.00000000
691.00000000 342.00000000 1.00000000 313.00000000
1075.00000000 486.00000000 1.00000000 308.00000000
572.00000000 670.00000000 1.00000000 307.00000000
633.00000000 164.00000000 2.00000000 305.00000000
451.00000000 680.00000000 0.00000000 305.00000000
1232.00000000 260.00000000 4.00000000 304.00000000
311.00000000 436.00000000 1.00000000 304.00000000
452.00000000 668.00000000 0.00000000 301.00000000
869.00000000 842.00000000 1.00000000 301.00000000
453.00000000 656.00000000 0.00000000 300.00000000
1131.00000000 520.00000000 2.00000000 295.00000000
395.00000000 531.00000000 1.00000000 289.00000000
801.00000000 291.00000000 1.00000000 288.00000000
762.00000000 350.00000000 2.00000000 288.00000000
1097.00000000 607.00000000 1.00000000 288.00000000
960.00000000 880.00000000 2.00000000 287.00000000
803.00000000 79.00000000 1.00000000 286.00000000
1066.00000000 338.00000000 2.00000000 286.00000000
572.00000000 669.00000000 0.00000000 286.00000000
634.00000000 696.00000000 1.00000000 283.00000000
1066.00000000 337.00000000 1.00000000 279.00000000
1014.00000000 465.00000000 0.00000000 277.00000000
136.00000000 813.00000000 0.00000000 275.00000000
396.00000000 531.00000000 1.00000000 274.00000000
735.00000000 509.00000000 1.00000000 274.00000000
1127.00000000 550.00000000 1.00000000 274.00000000
372.00000000 428.00000000 4.00000000 273.00000000
690.00000000 342.00000000 1.00000000 272.00000000
762.00000000 347.00000000 1.00000000 272.00000000
1128.00000000 550.00000000 2.00000000 271.00000000
452.00000000 657.00000000 1.00000000 271.00000000
960.00000000 878.00000000 1.00000000 270.00000000
525.00000000 895.00000000 0.00000000 269.00000000
957.00000000 410.00000000 1.00000000 268.00000000
736.00000000 510.00000000 1.00000000 267.00000000
761.00000000 499.00000000 1.00000000 267.00000000
1137.00000000 487.00000000 1.00000000 267.00000000
136.00000000 814.00000000 1.00000000 265.00000000
634.00000000 162.00000000 2.00000000 264.00000000
760.00000000 500.00000000 2.00000000 264.00000000
1111.00000000 605.00000000 1.00000000 262.00000000
358.00000000 296.00000000 2.00000000 262.00000000
803.00000000 82.00000000 2.00000000 262.00000000
770.00000000 294.00000000 0.00000000 261.00000000
804.00000000 78.00000000 1.00000000 260.00000000
817.00000000 310.00000000 0.00000000 260.00000000
360.00000000 293.00000000 1.00000000 260.00000000
801.00000000 290.00000000 0.00000000 259.00000000
1230.00000000 257.00000000 2.00000000 254.00000000
1083.00000000 609.00000000 1.00000000 252.00000000
1108.00000000 291.00000000 1.00000000 250.00000000
654.00000000 688.00000000 0.00000000 250.00000000
1024.00000000 381.00000000 1.00000000 249.00000000
876.00000000 562.00000000 0.00000000 248.00000000
471.00000000 889.00000000 1.00000000 247.00000000
311.00000000 436.00000000 1.00000000 245.00000000
695.00000000 292.00000000 1.00000000 243.00000000
1037.00000000 323.00000000 1.00000000 243.00000000
681.00000000 624.00000000 0.00000000 242.00000000
570.00000000 162.00000000 1.00000000 242.00000000
770.00000000 295.00000000 1.00000000 242.00000000
1074.00000000 486.00000000 0.00000000 240.00000000
1096.00000000 606.00000000 0.00000000 240.00000000
400.00000000 840.00000000 0.00000000 237.00000000
634.00000000 695.00000000 0.00000000 234.00000000
1111.00000000 604.00000000 0.00000000 233.00000000
359.00000000 826.00000000 0.00000000 231.00000000
944.00000000 195.00000000 0.00000000 231.00000000
690.00000000 341.00000000 0.00000000 229.00000000
1083.00000000 608.00000000 0.00000000 228.00000000
411.00000000 701.00000000 0.00000000 227.00000000
869.00000000 841.00000000 0.00000000 221.00000000
366.00000000 834.00000000 0.00000000 220.00000000
1320.00000000 429.00000000 0.00000000 213.00000000
655.00000000 554.00000000 0.00000000 212.00000000
569.00000000 161.00000000 0.00000000 211.00000000
695.00000000 291.00000000 0.00000000 207.00000000
1284.00000000 154.00000000 0.00000000 205.00000000
371.00000000 684.00000000 0.00000000 205.00000000
1024.00000000 381.00000000 0.00000000 204.00000000
1038.00000000 639.00000000 0.00000000 201.00000000
492.00000000 881.00000000 0.00000000 196.00000000
415.00000000 844.00000000 0.00000000 196.00000000
521.00000000 844.00000000 0.00000000 195.00000000
359.00000000 292.00000000 0.00000000 194.00000000
470.00000000 901.00000000 0.00000000 194.00000000
378.00000000 827.00000000 0.00000000 194.00000000
761.00000000 498.00000000 0.00000000 193.00000000
470.00000000 888.00000000 0.00000000 192.00000000
381.00000000 690.00000000 0.00000000 192.00000000
666.00000000 456.00000000 0.00000000 191.00000000
1108.00000000 290.00000000 0.00000000 190.00000000
1225.00000000 446.00000000 0.00000000 189.00000000
901.00000000 189.00000000 0.00000000 187.00000000
511.00000000 470.00000000 0.00000000 183.00000000
473.00000000 581.00000000 0.00000000 181.00000000
135.00000000 822.00000000 0.00000000 181.00000000
1132.00000000 518.00000000 0.00000000 180.00000000
941.00000000 413.00000000 0.00000000 179.00000000
803.00000000 77.00000000 0.00000000 178.00000000
666.00000000 649.00000000 0.00000000 178.00000000
540.00000000 480.00000000 0.00000000 177.00000000
717.00000000 541.00000000 0.00000000 177.00000000
1043.00000000 628.00000000 0.00000000 176.00000000
999.00000000 103.00000000 0.00000000 176.00000000
370.00000000 526.00000000 0.00000000 174.00000000
1059.00000000 342.00000000 0.00000000 173.00000000
634.00000000 158.00000000 0.00000000 172.00000000
849.00000000 306.00000000 0.00000000 172.00000000
514.00000000 146.00000000 0.00000000 171.00000000
