299.00000000 469.00000000 5.00000000 625.00000000
282.00000000 308.00000000 1.00000000 522.00000000
284.00000000 307.00000000 1.00000000 520.00000000
300.00000000 464.00000000 4.00000000 492.00000000
282.00000000 310.00000000 2.00000000 478.00000000
237.00000000 463.00000000 1.00000000 466.00000000
360.00000000 416.00000000 4.00000000 451.00000000
280.00000000 311.00000000 2.00000000 423.00000000
324.00000000 306.00000000 1.00000000 415.00000000
540.00000000 487.00000000 0.00000000 413.00000000
306.00000000 564.00000000 0.00000000 407.00000000
517.00000000 723.00000000 1.00000000 406.00000000
993.00000000 710.00000000 0.00000000 405.00000000
284.00000000 306.00000000 0.00000000 401.00000000
1001.00000000 709.00000000 0.00000000 400.00000000
462.00000000 451.00000000 0.00000000 398.00000000
238.00000000 464.00000000 2.00000000 396.00000000
334.00000000 438.00000000 1.00000000 391.00000000
362.00000000 412.00000000 2.00000000 391.00000000
394.00000000 741.00000000 1.00000000 389.00000000
436.00000000 197.00000000 0.00000000 379.00000000
324.00000000 305.00000000 0.00000000 379.00000000
613.00000000 508.00000000 0.00000000 379.00000000
727.00000000 337.00000000 1.00000000 378.00000000
1049.00000000 691.00000000 1.00000000 375.00000000
726.00000000 337.00000000 0.00000000 371.00000000
903.00000000 478.00000000 0.00000000 369.00000000
601.00000000 610.00000000 0.00000000 368.00000000
868.00000000 559.00000000 1.00000000 365.00000000
919.00000000 476.00000000 1.00000000 364.00000000
516.00000000 722.00000000 0.00000000 364.00000000
935.00000000 234.00000000 1.00000000 363.00000000
337.00000000 307.00000000 1.00000000 361.00000000
976.00000000 540.00000000 1.00000000 359.00000000
1029.00000000 683.00000000 0.00000000 358.00000000
1035.00000000 692.00000000 1.00000000 356.00000000
579.00000000 754.00000000 1.00000000 356.00000000
142.00000000 468.00000000 0.00000000 353.00000000
306.00000000 565.00000000 1.00000000 352.00000000
627.00000000 684.00000000 0.00000000 348.00000000
579.00000000 172.00000000 2.00000000 345.00000000
760.00000000 334.00000000 1.00000000 344.00000000
1295.00000000 521.00000000 1.00000000 344.00000000
83.00000000 841.00000000 0.00000000 344.00000000
394.00000000 741.00000000 0.00000000 342.00000000
362.00000000 887.00000000 0.00000000 341.00000000
557.00000000 561.00000000 0.00000000 340.00000000
601.00000000 611.00000000 1.00000000 340.00000000
337.00000000 306.00000000 0.00000000 339.00000000
975.00000000 541.00000000 1.00000000 339.00000000
509.00000000 239.00000000 0.00000000 338.00000000
334.00000000 437.00000000 0.00000000 337.00000000
1291.00000000 210.00000000 0.00000000 337.00000000
598.00000000 747.00000000 0.00000000 336.00000000
642.00000000 608.00000000 0.00000000 333.00000000
459.00000000 442.00000000 0.00000000 331.00000000
777.00000000 358.00000000 1.00000000 330.00000000
459.00000000 442.00000000 1.00000000 328.00000000
1010.00000000 387.00000000 1.00000000 328.00000000
726.00000000 350.00000000 0.00000000 325.00000000
955.00000000 385.00000000 0.00000000 324.00000000
313.00000000 875.00000000 0.00000000 320.00000000
919.00000000 234.00000000 1.00000000 320.00000000
83.00000000 842.00000000 1.00000000 320.00000000
333.00000000 439.00000000 1.00000000 318.00000000
646.00000000 327.00000000 1.00000000 315.00000000
647.00000000 326.00000000 0.00000000 315.00000000
868.00000000 560.00000000 0.00000000 312.00000000
581.00000000 168.00000000 1.00000000 312.00000000
436.00000000 198.00000000 1.00000000 311.00000000
1296.00000000 520.00000000 1.00000000 310.00000000
579.00000000 755.00000000 0.00000000 309.00000000
238.00000000 463.00000000 1.00000000 309.00000000
511.00000000 167.00000000 1.00000000 307.00000000
395.00000000 717.00000000 1.00000000 307.00000000
954.00000000 65.00000000 0.00000000 306.00000000
777.00000000 358.00000000 0.00000000 306.00000000
1195.00000000 532.00000000 0.00000000 304.00000000
828.00000000 633.00000000 1.00000000 303.00000000
920.00000000 234.00000000 1.00000000 302.00000000
1040.00000000 406.00000000 2.00000000 301.00000000
1049.00000000 691.00000000 0.00000000 301.00000000
1072.00000000 679.00000000 0.00000000 300.00000000
1159.00000000 482.00000000 0.00000000 298.00000000
516.00000000 725.00000000 1.00000000 298.00000000
613.00000000 164.00000000 0.00000000 298.00000000
1039.00000000 682.00000000 0.00000000 298.00000000
1019.00000000 408.00000000 0.00000000 296.00000000
394.00000000 729.00000000 1.00000000 295.00000000
302.00000000 461.00000000 2.00000000 295.00000000
1292.00000000 210.00000000 1.00000000 295.00000000
339.00000000 386.00000000 1.00000000 294.00000000
1100.00000000 571.00000000 1.00000000 294.00000000
1009.00000000 387.00000000 1.00000000 292.00000000
684.00000000 569.00000000 1.00000000 292.00000000
1135.00000000 353.00000000 0.00000000 291.00000000
378.00000000 517.00000000 0.00000000 290.00000000
812.00000000 356.00000000 0.00000000 290.00000000
934.00000000 234.00000000 0.00000000 289.00000000
364.00000000 410.00000000 2.00000000 289.00000000
1086.00000000 636.00000000 2.00000000 289.00000000
502.00000000 220.00000000 0.00000000 287.00000000
533.00000000 317.00000000 0.00000000 286.00000000
580.00000000 170.00000000 2.00000000 284.00000000
620.00000000 305.00000000 0.00000000 284.00000000
1086.00000000 634.00000000 1.00000000 283.00000000
82.00000000 849.00000000 0.00000000 282.00000000
791.00000000 404.00000000 0.00000000 280.00000000
1033.00000000 410.00000000 0.00000000 280.00000000
920.00000000 478.00000000 2.00000000 280.00000000
579.00000000 169.00000000 1.00000000 279.00000000
323.00000000 305.00000000 1.00000000 278.00000000
1035.00000000 692.00000000 0.00000000 278.00000000
935.00000000 578.00000000 0.00000000 278.00000000
1231.00000000 708.00000000 0.00000000 277.00000000
466.00000000 891.00000000 0.00000000 277.00000000
354.00000000 747.00000000 0.00000000 276.00000000
1062.00000000 680.00000000 0.00000000 276.00000000
1018.00000000 683.00000000 0.00000000 273.00000000
1055.00000000 680.00000000 0.00000000 273.00000000
771.00000000 81.00000000 0.00000000 273.00000000
733.00000000 397.00000000 0.00000000 272.00000000
581.00000000 166.00000000 0.00000000 271.00000000
395.00000000 703.00000000 0.00000000 271.00000000
770.00000000 83.00000000 1.00000000 270.00000000
1303.00000000 592.00000000 1.00000000 269.00000000
160.00000000 252.00000000 2.00000000 263.00000000
