480.00000000 412.00000000 5.00000000 609.00000000
480.00000000 408.00000000 4.00000000 509.00000000
459.00000000 264.00000000 1.00000000 506.00000000
458.00000000 264.00000000 1.00000000 502.00000000
458.00000000 266.00000000 2.00000000 478.00000000
90.00000000 748.00000000 0.00000000 430.00000000
880.00000000 291.00000000 0.00000000 425.00000000
696.00000000 642.00000000 1.00000000 413.00000000
455.00000000 268.00000000 2.00000000 413.00000000
1108.00000000 841.00000000 1.00000000 406.00000000
578.00000000 665.00000000 1.00000000 397.00000000
414.00000000 411.00000000 1.00000000 396.00000000
119.00000000 752.00000000 0.00000000 386.00000000
256.00000000 781.00000000 0.00000000 385.00000000
486.00000000 504.00000000 0.00000000 379.00000000
500.00000000 263.00000000 1.00000000 373.00000000
1163.00000000 588.00000000 0.00000000 369.00000000
608.00000000 165.00000000 0.00000000 369.00000000
1146.00000000 349.00000000 1.00000000 366.00000000
459.00000000 263.00000000 0.00000000 366.00000000
910.00000000 289.00000000 1.00000000 363.00000000
512.00000000 386.00000000 1.00000000 362.00000000
416.00000000 412.00000000 2.00000000 359.00000000
1109.00000000 842.00000000 1.00000000 357.00000000
1057.00000000 204.00000000 0.00000000 357.00000000
1292.00000000 288.00000000 4.00000000 353.00000000
257.00000000 782.00000000 1.00000000 352.00000000
499.00000000 795.00000000 0.00000000 347.00000000
499.00000000 263.00000000 0.00000000 346.00000000
755.00000000 666.00000000 1.00000000 346.00000000
714.00000000 427.00000000 0.00000000 346.00000000
1353.00000000 441.00000000 1.00000000 345.00000000
578.00000000 664.00000000 0.00000000 344.00000000
1115.00000000 896.00000000 1.00000000 343.00000000
695.00000000 641.00000000 0.00000000 341.00000000
549.00000000 803.00000000 0.00000000 335.00000000
1099.00000000 463.00000000 1.00000000 334.00000000
578.00000000 642.00000000 1.00000000 334.00000000
1108.00000000 842.00000000 2.00000000 331.00000000
880.00000000 303.00000000 0.00000000 330.00000000
147.00000000 714.00000000 0.00000000 329.00000000
1353.00000000 441.00000000 1.00000000 329.00000000
679.00000000 204.00000000 0.00000000 329.00000000
513.00000000 264.00000000 1.00000000 327.00000000
256.00000000 789.00000000 0.00000000 324.00000000
605.00000000 869.00000000 0.00000000 323.00000000
119.00000000 753.00000000 1.00000000 321.00000000
1152.00000000 590.00000000 1.00000000 321.00000000
924.00000000 309.00000000 0.00000000 320.00000000
578.00000000 653.00000000 1.00000000 319.00000000
486.00000000 504.00000000 1.00000000 318.00000000
540.00000000 362.00000000 2.00000000 315.00000000
314.00000000 417.00000000 0.00000000 315.00000000
666.00000000 853.00000000 0.00000000 314.00000000
512.00000000 385.00000000 0.00000000 314.00000000
480.00000000 407.00000000 2.00000000 314.00000000
1045.00000000 204.00000000 1.00000000 310.00000000
1190.00000000 540.00000000 1.00000000 309.00000000
1250.00000000 176.00000000 0.00000000 308.00000000
90.00000000 748.00000000 1.00000000 307.00000000
578.00000000 630.00000000 1.00000000 306.00000000
527.00000000 97.00000000 1.00000000 306.00000000
755.00000000 666.00000000 0.00000000 305.00000000
1045.00000000 205.00000000 1.00000000 305.00000000
976.00000000 547.00000000 1.00000000 303.00000000
880.00000000 291.00000000 1.00000000 303.00000000
966.00000000 788.00000000 1.00000000 302.00000000
743.00000000 147.00000000 2.00000000 302.00000000
773.00000000 659.00000000 0.00000000 301.00000000
1045.00000000 203.00000000 0.00000000 301.00000000
772.00000000 535.00000000 0.00000000 300.00000000
1276.00000000 451.00000000 0.00000000 298.00000000
1151.00000000 589.00000000 0.00000000 298.00000000
392.00000000 239.00000000 0.00000000 298.00000000
1192.00000000 540.00000000 1.00000000 296.00000000
90.00000000 733.00000000 0.00000000 295.00000000
1051.00000000 409.00000000 1.00000000 295.00000000
782.00000000 444.00000000 0.00000000 294.00000000
731.00000000 492.00000000 0.00000000 294.00000000
513.00000000 263.00000000 0.00000000 293.00000000
510.00000000 212.00000000 0.00000000 293.00000000
1186.00000000 307.00000000 1.00000000 291.00000000
55.00000000 270.00000000 1.00000000 291.00000000
1069.00000000 62.00000000 0.00000000 291.00000000
695.00000000 643.00000000 1.00000000 291.00000000
528.00000000 98.00000000 2.00000000 290.00000000
1342.00000000 188.00000000 0.00000000 290.00000000
1236.00000000 178.00000000 0.00000000 290.00000000
635.00000000 387.00000000 1.00000000 289.00000000
638.00000000 395.00000000 0.00000000 289.00000000
91.00000000 735.00000000 1.00000000 289.00000000
1167.00000000 876.00000000 0.00000000 289.00000000
1202.00000000 486.00000000 1.00000000 287.00000000
1202.00000000 486.00000000 1.00000000 286.00000000
913.00000000 72.00000000 1.00000000 286.00000000
511.00000000 386.00000000 1.00000000 286.00000000
1123.00000000 333.00000000 1.00000000 286.00000000
359.00000000 190.00000000 0.00000000 285.00000000
798.00000000 600.00000000 0.00000000 284.00000000
577.00000000 652.00000000 0.00000000 283.00000000
1042.00000000 818.00000000 2.00000000 281.00000000
914.00000000 74.00000000 2.00000000 281.00000000
578.00000000 641.00000000 0.00000000 280.00000000
635.00000000 387.00000000 0.00000000 280.00000000
578.00000000 630.00000000 0.00000000 279.00000000
657.00000000 843.00000000 0.00000000 278.00000000
965.00000000 788.00000000 0.00000000 278.00000000
1050.00000000 410.00000000 1.00000000 277.00000000
1042.00000000 816.00000000 1.00000000 277.00000000
26.00000000 435.00000000 0.00000000 276.00000000
353.00000000 224.00000000 1.00000000 275.00000000
1175.00000000 586.00000000 0.00000000 274.00000000
1196.00000000 513.00000000 1.00000000 273.00000000
1196.00000000 514.00000000 2.00000000 273.00000000
756.00000000 893.00000000 0.00000000 272.00000000
492.00000000 787.00000000 0.00000000 270.00000000
808.00000000 282.00000000 0.00000000 268.00000000
128.00000000 753.00000000 0.00000000 267.00000000
1110.00000000 866.00000000 0.00000000 267.00000000
1009.00000000 482.00000000 0.00000000 267.00000000
913.00000000 70.00000000 0.00000000 266.00000000
656.00000000 852.00000000 0.00000000 262.00000000
744.00000000 144.00000000 2.00000000 261.00000000
1005.00000000 194.00000000 0.00000000 261.00000000
55.00000000 270.00000000 0.00000000 260.00000000
625.00000000 873.00000000 0.00000000 260.00000000
671.00000000 186.00000000 0.00000000 259.00000000
