526.00000000 316.00000000 5.00000000 605.00000000
502.00000000 142.00000000 1.00000000 513.00000000
502.00000000 143.00000000 1.00000000 487.00000000
502.00000000 144.00000000 2.00000000 465.00000000
1182.00000000 786.00000000 1.00000000 431.00000000
766.00000000 581.00000000 1.00000000 428.00000000
1186.00000000 841.00000000 1.00000000 428.00000000
528.00000000 312.00000000 4.00000000 423.00000000
543.00000000 753.00000000 0.00000000 419.00000000
500.00000000 144.00000000 2.00000000 415.00000000
1183.00000000 786.00000000 1.00000000 414.00000000
1191.00000000 394.00000000 1.00000000 408.00000000
448.00000000 314.00000000 2.00000000 401.00000000
635.00000000 606.00000000 1.00000000 390.00000000
634.00000000 606.00000000 0.00000000 388.00000000
544.00000000 753.00000000 1.00000000 387.00000000
531.00000000 424.00000000 1.00000000 370.00000000
531.00000000 424.00000000 0.00000000 367.00000000
448.00000000 313.00000000 1.00000000 360.00000000
635.00000000 594.00000000 1.00000000 358.00000000
635.00000000 581.00000000 1.00000000 344.00000000
765.00000000 580.00000000 0.00000000 339.00000000
1240.00000000 415.00000000 0.00000000 338.00000000
1237.00000000 820.00000000 0.00000000 334.00000000
1186.00000000 840.00000000 0.00000000 334.00000000
83.00000000 712.00000000 1.00000000 332.00000000
502.00000000 142.00000000 0.00000000 329.00000000
1182.00000000 786.00000000 2.00000000 329.00000000
496.00000000 148.00000000 4.00000000 327.00000000
1183.00000000 786.00000000 0.00000000 325.00000000
1243.00000000 272.00000000 1.00000000 324.00000000
1064.00000000 480.00000000 1.00000000 322.00000000
1240.00000000 416.00000000 1.00000000 322.00000000
1191.00000000 393.00000000 0.00000000 321.00000000
765.00000000 581.00000000 1.00000000 320.00000000
563.00000000 288.00000000 1.00000000 318.00000000
1044.00000000 735.00000000 1.00000000 314.00000000
1148.00000000 113.00000000 1.00000000 314.00000000
46.00000000 690.00000000 1.00000000 313.00000000
46.00000000 706.00000000 1.00000000 312.00000000
1064.00000000 479.00000000 0.00000000 312.00000000
1161.00000000 114.00000000 1.00000000 311.00000000
45.00000000 690.00000000 0.00000000 308.00000000
1182.00000000 812.00000000 0.00000000 306.00000000
1161.00000000 113.00000000 0.00000000 304.00000000
1190.00000000 394.00000000 1.00000000 303.00000000
85.00000000 750.00000000 0.00000000 301.00000000
562.00000000 288.00000000 1.00000000 300.00000000
635.00000000 568.00000000 1.00000000 300.00000000
1356.00000000 758.00000000 1.00000000 299.00000000
599.00000000 760.00000000 0.00000000 299.00000000
1236.00000000 528.00000000 1.00000000 298.00000000
1196.00000000 814.00000000 0.00000000 297.00000000
1284.00000000 448.00000000 2.00000000 295.00000000
829.00000000 607.00000000 1.00000000 295.00000000
536.00000000 744.00000000 0.00000000 294.00000000
1157.00000000 859.00000000 1.00000000 293.00000000
589.00000000 615.00000000 0.00000000 293.00000000
1010.00000000 879.00000000 1.00000000 292.00000000
1357.00000000 757.00000000 1.00000000 292.00000000
1117.00000000 766.00000000 2.00000000 291.00000000
1221.00000000 255.00000000 1.00000000 291.00000000
60.00000000 747.00000000 0.00000000 291.00000000
1148.00000000 112.00000000 1.00000000 285.00000000
456.00000000 772.00000000 0.00000000 285.00000000
1104.00000000 891.00000000 1.00000000 285.00000000
661.00000000 830.00000000 0.00000000 284.00000000
1248.00000000 526.00000000 0.00000000 284.00000000
1193.00000000 868.00000000 1.00000000 283.00000000
750.00000000 842.00000000 0.00000000 283.00000000
719.00000000 801.00000000 0.00000000 282.00000000
1044.00000000 734.00000000 0.00000000 281.00000000
1282.00000000 448.00000000 1.00000000 281.00000000
446.00000000 313.00000000 2.00000000 281.00000000
1118.00000000 762.00000000 1.00000000 280.00000000
45.00000000 706.00000000 0.00000000 279.00000000
1120.00000000 764.00000000 2.00000000 279.00000000
661.00000000 799.00000000 1.00000000 278.00000000
877.00000000 536.00000000 0.00000000 274.00000000
1050.00000000 885.00000000 1.00000000 273.00000000
849.00000000 599.00000000 0.00000000 273.00000000
550.00000000 144.00000000 1.00000000 273.00000000
1277.00000000 475.00000000 1.00000000 272.00000000
106.00000000 660.00000000 0.00000000 271.00000000
1050.00000000 884.00000000 0.00000000 270.00000000
729.00000000 811.00000000 0.00000000 269.00000000
1259.00000000 525.00000000 1.00000000 268.00000000
520.00000000 434.00000000 2.00000000 267.00000000
1186.00000000 841.00000000 1.00000000 265.00000000
852.00000000 464.00000000 0.00000000 265.00000000
718.00000000 810.00000000 0.00000000 262.00000000
1236.00000000 527.00000000 0.00000000 262.00000000
635.00000000 568.00000000 0.00000000 260.00000000
345.00000000 70.00000000 2.00000000 260.00000000
707.00000000 304.00000000 0.00000000 260.00000000
1043.00000000 735.00000000 1.00000000 260.00000000
634.00000000 606.00000000 1.00000000 260.00000000
346.00000000 70.00000000 2.00000000 260.00000000
1115.00000000 222.00000000 1.00000000 259.00000000
1112.00000000 851.00000000 0.00000000 256.00000000
1237.00000000 827.00000000 0.00000000 255.00000000
1236.00000000 834.00000000 0.00000000 253.00000000
1176.00000000 902.00000000 0.00000000 252.00000000
634.00000000 593.00000000 0.00000000 251.00000000
1010.00000000 878.00000000 0.00000000 251.00000000
635.00000000 581.00000000 0.00000000 250.00000000
1246.00000000 272.00000000 2.00000000 241.00000000
1247.00000000 533.00000000 0.00000000 240.00000000
1157.00000000 858.00000000 0.00000000 240.00000000
553.00000000 603.00000000 0.00000000 239.00000000
717.00000000 837.00000000 0.00000000 239.00000000
1259.00000000 523.00000000 0.00000000 237.00000000
255.00000000 742.00000000 0.00000000 237.00000000
742.00000000 817.00000000 0.00000000 236.00000000
1076.00000000 321.00000000 0.00000000 234.00000000
83.00000000 711.00000000 0.00000000 234.00000000
484.00000000 511.00000000 0.00000000 233.00000000
683.00000000 833.00000000 0.00000000 232.00000000
589.00000000 642.00000000 0.00000000 232.00000000
1362.00000000 386.00000000 0.00000000 232.00000000
1224.00000000 819.00000000 0.00000000 231.00000000
56.00000000 657.00000000 0.00000000 231.00000000
994.00000000 835.00000000 0.00000000 231.00000000
550.00000000 143.00000000 0.00000000 229.00000000
117.00000000 667.00000000 0.00000000 229.00000000
456.00000000 787.00000000 0.00000000 228.00000000
656.00000000 488.00000000 0.00000000 227.00000000
