173.00000000 258.00000000 1.00000000 425.00000000
172.00000000 257.00000000 1.00000000 366.00000000
173.00000000 257.00000000 0.00000000 361.00000000
971.00000000 229.00000000 0.00000000 360.00000000
14.00000000 15.00000000 0.00000000 352.00000000
70.00000000 10.00000000 0.00000000 340.00000000
253.00000000 16.00000000 0.00000000 332.00000000
284.00000000 10.00000000 0.00000000 298.00000000
167.00000000 24.00000000 0.00000000 285.00000000
172.00000000 258.00000000 2.00000000 281.00000000
313.00000000 10.00000000 0.00000000 259.00000000
193.00000000 18.00000000 0.00000000 259.00000000
192.00000000 18.00000000 1.00000000 256.00000000
564.00000000 489.00000000 1.00000000 241.00000000
970.00000000 230.00000000 1.00000000 239.00000000
254.00000000 16.00000000 1.00000000 224.00000000
167.00000000 24.00000000 1.00000000 222.00000000
15.00000000 16.00000000 1.00000000 212.00000000
143.00000000 23.00000000 1.00000000 205.00000000
564.00000000 489.00000000 1.00000000 204.00000000
141.00000000 22.00000000 1.00000000 199.00000000
564.00000000 489.00000000 0.00000000 198.00000000
169.00000000 260.00000000 2.00000000 196.00000000
246.00000000 15.00000000 0.00000000 190.00000000
143.00000000 24.00000000 0.00000000 186.00000000
118.00000000 29.00000000 0.00000000 183.00000000
564.00000000 490.00000000 2.00000000 168.00000000
136.00000000 26.00000000 0.00000000 167.00000000
160.00000000 23.00000000 0.00000000 162.00000000
94.00000000 28.00000000 0.00000000 160.00000000
168.00000000 260.00000000 4.00000000 157.00000000
112.00000000 28.00000000 0.00000000 150.00000000
95.00000000 28.00000000 1.00000000 146.00000000
52.00000000 33.00000000 1.00000000 145.00000000
714.00000000 160.00000000 2.00000000 143.00000000
118.00000000 29.00000000 1.00000000 143.00000000
93.00000000 26.00000000 1.00000000 139.00000000
52.00000000 33.00000000 0.00000000 135.00000000
73.00000000 35.00000000 0.00000000 133.00000000
767.00000000 364.00000000 0.00000000 128.00000000
277.00000000 13.00000000 0.00000000 127.00000000
422.00000000 342.00000000 1.00000000 125.00000000
361.00000000 459.00000000 1.00000000 118.00000000
186.00000000 21.00000000 0.00000000 117.00000000
381.00000000 11.00000000 0.00000000 117.00000000
164.00000000 265.00000000 5.00000000 116.00000000
712.00000000 161.00000000 2.00000000 116.00000000
768.00000000 365.00000000 1.00000000 108.00000000
422.00000000 342.00000000 0.00000000 107.00000000
363.00000000 216.00000000 0.00000000 106.00000000
565.00000000 492.00000000 2.00000000 105.00000000
52.00000000 32.00000000 1.00000000 105.00000000
544.00000000 388.00000000 2.00000000 104.00000000
322.00000000 438.00000000 2.00000000 104.00000000
810.00000000 335.00000000 0.00000000 103.00000000
714.00000000 159.00000000 1.00000000 102.00000000
673.00000000 385.00000000 0.00000000 101.00000000
324.00000000 440.00000000 4.00000000 98.00000000
431.00000000 212.00000000 1.00000000 97.00000000
229.00000000 14.00000000 0.00000000 96.00000000
73.00000000 35.00000000 1.00000000 95.00000000
972.00000000 237.00000000 0.00000000 94.00000000
12.00000000 38.00000000 0.00000000 94.00000000
187.00000000 474.00000000 0.00000000 93.00000000
430.00000000 212.00000000 2.00000000 92.00000000
224.00000000 11.00000000 0.00000000 91.00000000
306.00000000 510.00000000 0.00000000 90.00000000
353.00000000 209.00000000 1.00000000 89.00000000
82.00000000 263.00000000 0.00000000 88.00000000
492.00000000 147.00000000 0.00000000 87.00000000
322.00000000 440.00000000 2.00000000 87.00000000
493.00000000 147.00000000 1.00000000 87.00000000
422.00000000 340.00000000 1.00000000 86.00000000
544.00000000 387.00000000 1.00000000 84.00000000
33.00000000 39.00000000 0.00000000 84.00000000
302.00000000 466.00000000 2.00000000 82.00000000
810.00000000 336.00000000 1.00000000 81.00000000
446.00000000 200.00000000 1.00000000 78.00000000
355.00000000 210.00000000 1.00000000 78.00000000
945.00000000 233.00000000 0.00000000 77.00000000
673.00000000 386.00000000 1.00000000 77.00000000
51.00000000 631.00000000 0.00000000 77.00000000
209.00000000 482.00000000 0.00000000 77.00000000
537.00000000 431.00000000 1.00000000 76.00000000
322.00000000 441.00000000 1.00000000 76.00000000
193.00000000 26.00000000 0.00000000 75.00000000
962.00000000 219.00000000 0.00000000 75.00000000
445.00000000 200.00000000 1.00000000 75.00000000
493.00000000 148.00000000 1.00000000 75.00000000
543.00000000 376.00000000 0.00000000 75.00000000
845.00000000 308.00000000 1.00000000 74.00000000
845.00000000 308.00000000 1.00000000 74.00000000
362.00000000 458.00000000 0.00000000 74.00000000
115.00000000 235.00000000 1.00000000 72.00000000
418.00000000 356.00000000 0.00000000 72.00000000
715.00000000 160.00000000 1.00000000 72.00000000
538.00000000 431.00000000 1.00000000 72.00000000
82.00000000 264.00000000 1.00000000 71.00000000
550.00000000 402.00000000 1.00000000 71.00000000
118.00000000 28.00000000 1.00000000 71.00000000
187.00000000 474.00000000 1.00000000 69.00000000
483.00000000 494.00000000 1.00000000 68.00000000
496.00000000 441.00000000 0.00000000 68.00000000
537.00000000 171.00000000 0.00000000 68.00000000
363.00000000 217.00000000 1.00000000 68.00000000
821.00000000 321.00000000 0.00000000 68.00000000
438.00000000 439.00000000 0.00000000 67.00000000
831.00000000 315.00000000 0.00000000 67.00000000
944.00000000 234.00000000 1.00000000 66.00000000
496.00000000 150.00000000 2.00000000 66.00000000
940.00000000 167.00000000 1.00000000 66.00000000
193.00000000 629.00000000 0.00000000 66.00000000
498.00000000 372.00000000 0.00000000 65.00000000
446.00000000 199.00000000 0.00000000 65.00000000
60.00000000 390.00000000 1.00000000 65.00000000
550.00000000 402.00000000 0.00000000 65.00000000
151.00000000 20.00000000 0.00000000 64.00000000
340.00000000 207.00000000 0.00000000 64.00000000
929.00000000 234.00000000 0.00000000 63.00000000
458.00000000 446.00000000 0.00000000 63.00000000
492.00000000 307.00000000 0.00000000 62.00000000
114.00000000 234.00000000 0.00000000 61.00000000
844.00000000 309.00000000 0.00000000 60.00000000
465.00000000 160.00000000 0.00000000 60.00000000
61.00000000 388.00000000 0.00000000 60.00000000
106.00000000 181.00000000 0.00000000 59.00000000
499.00000000 306.00000000 0.00000000 58.00000000
