886.00000000 213.00000000 0.00000000 418.00000000
886.00000000 214.00000000 1.00000000 410.00000000
239.00000000 24.00000000 0.00000000 384.00000000
193.00000000 276.00000000 1.00000000 363.00000000
183.00000000 12.00000000 0.00000000 351.00000000
931.00000000 224.00000000 0.00000000 332.00000000
193.00000000 275.00000000 0.00000000 322.00000000
931.00000000 225.00000000 1.00000000 311.00000000
192.00000000 275.00000000 1.00000000 307.00000000
240.00000000 24.00000000 1.00000000 289.00000000
885.00000000 214.00000000 1.00000000 272.00000000
89.00000000 89.00000000 0.00000000 244.00000000
107.00000000 79.00000000 0.00000000 242.00000000
88.00000000 76.00000000 0.00000000 231.00000000
930.00000000 226.00000000 1.00000000 227.00000000
192.00000000 276.00000000 2.00000000 217.00000000
196.00000000 61.00000000 1.00000000 215.00000000
132.00000000 37.00000000 0.00000000 206.00000000
160.00000000 25.00000000 0.00000000 202.00000000
133.00000000 46.00000000 0.00000000 200.00000000
90.00000000 90.00000000 1.00000000 199.00000000
249.00000000 43.00000000 0.00000000 193.00000000
240.00000000 24.00000000 1.00000000 191.00000000
55.00000000 74.00000000 0.00000000 188.00000000
134.00000000 70.00000000 0.00000000 184.00000000
287.00000000 30.00000000 0.00000000 182.00000000
196.00000000 61.00000000 0.00000000 180.00000000
48.00000000 146.00000000 1.00000000 178.00000000
90.00000000 58.00000000 0.00000000 178.00000000
132.00000000 38.00000000 1.00000000 175.00000000
160.00000000 26.00000000 1.00000000 170.00000000
884.00000000 216.00000000 2.00000000 168.00000000
134.00000000 70.00000000 1.00000000 166.00000000
934.00000000 212.00000000 0.00000000 165.00000000
170.00000000 71.00000000 1.00000000 165.00000000
103.00000000 50.00000000 0.00000000 162.00000000
249.00000000 44.00000000 1.00000000 161.00000000
286.00000000 30.00000000 1.00000000 159.00000000
145.00000000 80.00000000 1.00000000 158.00000000
88.00000000 76.00000000 1.00000000 158.00000000
193.00000000 27.00000000 0.00000000 157.00000000
934.00000000 201.00000000 0.00000000 155.00000000
46.00000000 145.00000000 1.00000000 152.00000000
309.00000000 25.00000000 1.00000000 149.00000000
108.00000000 80.00000000 1.00000000 148.00000000
63.00000000 76.00000000 0.00000000 148.00000000
48.00000000 146.00000000 0.00000000 145.00000000
55.00000000 75.00000000 1.00000000 145.00000000
16.00000000 18.00000000 0.00000000 144.00000000
90.00000000 59.00000000 1.00000000 143.00000000
643.00000000 394.00000000 0.00000000 140.00000000
189.00000000 277.00000000 2.00000000 139.00000000
934.00000000 202.00000000 1.00000000 135.00000000
455.00000000 519.00000000 1.00000000 133.00000000
203.00000000 10.00000000 0.00000000 133.00000000
147.00000000 18.00000000 1.00000000 130.00000000
21.00000000 398.00000000 0.00000000 130.00000000
248.00000000 43.00000000 1.00000000 130.00000000
309.00000000 24.00000000 0.00000000 128.00000000
550.00000000 413.00000000 0.00000000 128.00000000
200.00000000 24.00000000 0.00000000 127.00000000
643.00000000 394.00000000 1.00000000 125.00000000
886.00000000 226.00000000 0.00000000 123.00000000
147.00000000 18.00000000 0.00000000 123.00000000
196.00000000 60.00000000 1.00000000 123.00000000
456.00000000 519.00000000 1.00000000 121.00000000
932.00000000 204.00000000 2.00000000 119.00000000
688.00000000 360.00000000 0.00000000 119.00000000
456.00000000 520.00000000 2.00000000 118.00000000
183.00000000 15.00000000 1.00000000 118.00000000
308.00000000 24.00000000 1.00000000 115.00000000
158.00000000 79.00000000 1.00000000 114.00000000
392.00000000 515.00000000 1.00000000 114.00000000
125.00000000 88.00000000 0.00000000 114.00000000
170.00000000 71.00000000 0.00000000 113.00000000
231.00000000 53.00000000 0.00000000 113.00000000
134.00000000 47.00000000 1.00000000 113.00000000
158.00000000 79.00000000 0.00000000 113.00000000
586.00000000 148.00000000 2.00000000 112.00000000
585.00000000 149.00000000 2.00000000 111.00000000
106.00000000 37.00000000 0.00000000 111.00000000
159.00000000 26.00000000 1.00000000 111.00000000
145.00000000 80.00000000 0.00000000 110.00000000
12.00000000 634.00000000 0.00000000 108.00000000
285.00000000 29.00000000 1.00000000 106.00000000
104.00000000 50.00000000 1.00000000 105.00000000
933.00000000 200.00000000 1.00000000 104.00000000
267.00000000 40.00000000 0.00000000 103.00000000
157.00000000 61.00000000 1.00000000 103.00000000
267.00000000 40.00000000 1.00000000 101.00000000
14.00000000 284.00000000 0.00000000 98.00000000
231.00000000 53.00000000 1.00000000 97.00000000
456.00000000 519.00000000 0.00000000 97.00000000
156.00000000 60.00000000 0.00000000 97.00000000
438.00000000 408.00000000 2.00000000 96.00000000
125.00000000 89.00000000 1.00000000 95.00000000
930.00000000 228.00000000 2.00000000 95.00000000
391.00000000 514.00000000 0.00000000 94.00000000
229.00000000 12.00000000 0.00000000 93.00000000
22.00000000 404.00000000 0.00000000 93.00000000
135.00000000 88.00000000 0.00000000 92.00000000
132.00000000 36.00000000 1.00000000 91.00000000
455.00000000 520.00000000 2.00000000 91.00000000
89.00000000 90.00000000 1.00000000 89.00000000
438.00000000 408.00000000 1.00000000 88.00000000
301.00000000 226.00000000 0.00000000 88.00000000
15.00000000 292.00000000 0.00000000 88.00000000
850.00000000 222.00000000 0.00000000 87.00000000
147.00000000 56.00000000 0.00000000 87.00000000
134.00000000 70.00000000 1.00000000 87.00000000
894.00000000 209.00000000 0.00000000 86.00000000
14.00000000 368.00000000 0.00000000 86.00000000
282.00000000 444.00000000 2.00000000 84.00000000
87.00000000 601.00000000 0.00000000 83.00000000
183.00000000 70.00000000 0.00000000 83.00000000
14.00000000 360.00000000 0.00000000 80.00000000
882.00000000 217.00000000 2.00000000 80.00000000
12.00000000 77.00000000 0.00000000 77.00000000
30.00000000 125.00000000 0.00000000 74.00000000
352.00000000 10.00000000 0.00000000 72.00000000
974.00000000 272.00000000 0.00000000 71.00000000
431.00000000 177.00000000 0.00000000 71.00000000
700.00000000 341.00000000 0.00000000 71.00000000
696.00000000 347.00000000 0.00000000 71.00000000
464.00000000 344.00000000 4.00000000 62.00000000
448.00000000 228.00000000 4.00000000 61.00000000
446.00000000 226.00000000 5.00000000 54.00000000
