351.00000000 300.00000000 1.00000000 242.00000000
351.00000000 300.00000000 0.00000000 208.00000000
350.00000000 299.00000000 1.00000000 191.00000000
29.00000000 267.00000000 1.00000000 186.00000000
258.00000000 328.00000000 0.00000000 173.00000000
29.00000000 267.00000000 0.00000000 171.00000000
350.00000000 300.00000000 2.00000000 161.00000000
28.00000000 267.00000000 1.00000000 132.00000000
866.00000000 50.00000000 0.00000000 130.00000000
362.00000000 75.00000000 0.00000000 128.00000000
20.00000000 278.00000000 0.00000000 125.00000000
528.00000000 100.00000000 0.00000000 109.00000000
347.00000000 302.00000000 2.00000000 109.00000000
763.00000000 254.00000000 1.00000000 108.00000000
259.00000000 329.00000000 1.00000000 106.00000000
20.00000000 279.00000000 1.00000000 105.00000000
764.00000000 255.00000000 1.00000000 105.00000000
106.00000000 299.00000000 0.00000000 102.00000000
363.00000000 76.00000000 1.00000000 100.00000000
936.00000000 42.00000000 2.00000000 94.00000000
106.00000000 298.00000000 1.00000000 94.00000000
500.00000000 463.00000000 2.00000000 90.00000000
480.00000000 497.00000000 2.00000000 90.00000000
206.00000000 295.00000000 0.00000000 89.00000000
636.00000000 231.00000000 1.00000000 89.00000000
592.00000000 275.00000000 1.00000000 88.00000000
926.00000000 51.00000000 1.00000000 87.00000000
679.00000000 484.00000000 1.00000000 86.00000000
480.00000000 494.00000000 2.00000000 86.00000000
531.00000000 268.00000000 1.00000000 85.00000000
936.00000000 40.00000000 2.00000000 84.00000000
538.00000000 275.00000000 0.00000000 83.00000000
226.00000000 393.00000000 0.00000000 82.00000000
528.00000000 100.00000000 1.00000000 82.00000000
410.00000000 26.00000000 0.00000000 81.00000000
287.00000000 403.00000000 0.00000000 81.00000000
635.00000000 230.00000000 0.00000000 80.00000000
926.00000000 50.00000000 0.00000000 80.00000000
533.00000000 479.00000000 0.00000000 79.00000000
146.00000000 421.00000000 0.00000000 79.00000000
679.00000000 483.00000000 0.00000000 78.00000000
206.00000000 297.00000000 1.00000000 76.00000000
500.00000000 464.00000000 4.00000000 76.00000000
410.00000000 26.00000000 1.00000000 76.00000000
637.00000000 231.00000000 1.00000000 74.00000000
205.00000000 301.00000000 0.00000000 74.00000000
866.00000000 51.00000000 1.00000000 74.00000000
533.00000000 480.00000000 1.00000000 71.00000000
348.00000000 304.00000000 4.00000000 71.00000000
592.00000000 275.00000000 1.00000000 71.00000000
680.00000000 485.00000000 1.00000000 71.00000000
765.00000000 255.00000000 0.00000000 69.00000000
515.00000000 486.00000000 1.00000000 69.00000000
142.00000000 557.00000000 1.00000000 69.00000000
480.00000000 89.00000000 0.00000000 69.00000000
207.00000000 273.00000000 1.00000000 69.00000000
32.00000000 483.00000000 0.00000000 69.00000000
296.00000000 64.00000000 0.00000000 69.00000000
144.00000000 343.00000000 0.00000000 68.00000000
32.00000000 484.00000000 1.00000000 68.00000000
206.00000000 274.00000000 1.00000000 68.00000000
279.00000000 379.00000000 0.00000000 68.00000000
132.00000000 345.00000000 0.00000000 67.00000000
963.00000000 16.00000000 0.00000000 67.00000000
479.00000000 490.00000000 1.00000000 67.00000000
618.00000000 111.00000000 0.00000000 67.00000000
303.00000000 67.00000000 0.00000000 66.00000000
528.00000000 471.00000000 0.00000000 66.00000000
382.00000000 58.00000000 1.00000000 66.00000000
354.00000000 72.00000000 0.00000000 66.00000000
260.00000000 203.00000000 0.00000000 65.00000000
590.00000000 276.00000000 2.00000000 65.00000000
668.00000000 246.00000000 2.00000000 64.00000000
207.00000000 286.00000000 1.00000000 64.00000000
144.00000000 557.00000000 0.00000000 62.00000000
207.00000000 272.00000000 0.00000000 62.00000000
17.00000000 241.00000000 1.00000000 62.00000000
207.00000000 286.00000000 0.00000000 62.00000000
764.00000000 256.00000000 2.00000000 61.00000000
602.00000000 268.00000000 1.00000000 61.00000000
19.00000000 241.00000000 0.00000000 61.00000000
917.00000000 65.00000000 0.00000000 61.00000000
236.00000000 51.00000000 0.00000000 61.00000000
24.00000000 258.00000000 0.00000000 61.00000000
326.00000000 70.00000000 0.00000000 60.00000000
690.00000000 364.00000000 2.00000000 60.00000000
545.00000000 57.00000000 1.00000000 60.00000000
546.00000000 57.00000000 1.00000000 60.00000000
145.00000000 343.00000000 1.00000000 60.00000000
530.00000000 268.00000000 1.00000000 59.00000000
335.00000000 68.00000000 1.00000000 59.00000000
383.00000000 57.00000000 0.00000000 59.00000000
696.00000000 324.00000000 2.00000000 59.00000000
303.00000000 67.00000000 1.00000000 59.00000000
383.00000000 57.00000000 1.00000000 58.00000000
239.00000000 294.00000000 0.00000000 58.00000000
532.00000000 268.00000000 0.00000000 58.00000000
821.00000000 275.00000000 1.00000000 58.00000000
694.00000000 323.00000000 1.00000000 58.00000000
896.00000000 252.00000000 0.00000000 58.00000000
180.00000000 487.00000000 0.00000000 57.00000000
116.00000000 298.00000000 0.00000000 57.00000000
335.00000000 67.00000000 1.00000000 57.00000000
206.00000000 285.00000000 1.00000000 57.00000000
261.00000000 203.00000000 1.00000000 57.00000000
204.00000000 315.00000000 1.00000000 56.00000000
276.00000000 225.00000000 0.00000000 56.00000000
667.00000000 410.00000000 1.00000000 56.00000000
514.00000000 486.00000000 1.00000000 56.00000000
879.00000000 308.00000000 0.00000000 56.00000000
242.00000000 60.00000000 0.00000000 55.00000000
792.00000000 388.00000000 0.00000000 55.00000000
260.00000000 399.00000000 0.00000000 54.00000000
729.00000000 237.00000000 5.00000000 53.00000000
511.00000000 82.00000000 0.00000000 53.00000000
591.00000000 273.00000000 0.00000000 52.00000000
335.00000000 68.00000000 0.00000000 52.00000000
16.00000000 479.00000000 0.00000000 51.00000000
779.00000000 91.00000000 0.00000000 51.00000000
546.00000000 55.00000000 0.00000000 50.00000000
821.00000000 275.00000000 0.00000000 50.00000000
12.00000000 301.00000000 0.00000000 50.00000000
543.00000000 65.00000000 0.00000000 49.00000000
288.00000000 309.00000000 0.00000000 49.00000000
877.00000000 120.00000000 0.00000000 49.00000000
132.00000000 546.00000000 0.00000000 49.00000000
485.00000000 19.00000000 0.00000000 48.00000000
