378.00000000 774.00000000 0.00000000 528.00000000
532.00000000 732.00000000 1.00000000 494.00000000
371.00000000 400.00000000 1.00000000 488.00000000
142.00000000 1094.00000000 1.00000000 463.00000000
373.00000000 400.00000000 1.00000000 456.00000000
686.00000000 436.00000000 2.00000000 451.00000000
378.00000000 775.00000000 1.00000000 446.00000000
372.00000000 400.00000000 2.00000000 436.00000000
308.00000000 271.00000000 1.00000000 433.00000000
308.00000000 270.00000000 0.00000000 427.00000000
531.00000000 731.00000000 0.00000000 422.00000000
687.00000000 435.00000000 2.00000000 420.00000000
563.00000000 354.00000000 0.00000000 417.00000000
579.00000000 882.00000000 1.00000000 416.00000000
531.00000000 732.00000000 1.00000000 415.00000000
141.00000000 1096.00000000 1.00000000 407.00000000
687.00000000 434.00000000 1.00000000 404.00000000
142.00000000 1094.00000000 0.00000000 400.00000000
563.00000000 355.00000000 1.00000000 396.00000000
683.00000000 395.00000000 0.00000000 386.00000000
683.00000000 395.00000000 1.00000000 383.00000000
375.00000000 359.00000000 1.00000000 372.00000000
370.00000000 319.00000000 1.00000000 371.00000000
306.00000000 271.00000000 1.00000000 369.00000000
362.00000000 543.00000000 5.00000000 367.00000000
687.00000000 433.00000000 1.00000000 358.00000000
369.00000000 319.00000000 0.00000000 353.00000000
578.00000000 882.00000000 1.00000000 347.00000000
374.00000000 359.00000000 1.00000000 343.00000000
544.00000000 752.00000000 4.00000000 342.00000000
438.00000000 88.00000000 1.00000000 336.00000000
436.00000000 87.00000000 1.00000000 336.00000000
364.00000000 540.00000000 4.00000000 334.00000000
373.00000000 398.00000000 2.00000000 331.00000000
578.00000000 881.00000000 0.00000000 329.00000000
375.00000000 359.00000000 0.00000000 328.00000000
306.00000000 272.00000000 2.00000000 325.00000000
369.00000000 319.00000000 1.00000000 323.00000000
562.00000000 354.00000000 1.00000000 323.00000000
441.00000000 62.00000000 1.00000000 323.00000000
543.00000000 749.00000000 2.00000000 318.00000000
308.00000000 364.00000000 2.00000000 311.00000000
272.00000000 650.00000000 2.00000000 310.00000000
700.00000000 1087.00000000 0.00000000 310.00000000
354.00000000 372.00000000 2.00000000 308.00000000
683.00000000 395.00000000 1.00000000 305.00000000
564.00000000 440.00000000 1.00000000 303.00000000
700.00000000 1087.00000000 1.00000000 300.00000000
142.00000000 1096.00000000 2.00000000 298.00000000
271.00000000 650.00000000 2.00000000 296.00000000
438.00000000 88.00000000 0.00000000 295.00000000
729.00000000 24.00000000 1.00000000 291.00000000
377.00000000 776.00000000 1.00000000 290.00000000
542.00000000 748.00000000 2.00000000 288.00000000
563.00000000 439.00000000 0.00000000 285.00000000
373.00000000 399.00000000 0.00000000 279.00000000
222.00000000 1086.00000000 0.00000000 276.00000000
564.00000000 441.00000000 1.00000000 272.00000000
415.00000000 957.00000000 1.00000000 270.00000000
683.00000000 795.00000000 0.00000000 269.00000000
414.00000000 956.00000000 0.00000000 263.00000000
222.00000000 1087.00000000 1.00000000 263.00000000
441.00000000 61.00000000 0.00000000 262.00000000
543.00000000 745.00000000 1.00000000 261.00000000
272.00000000 644.00000000 0.00000000 261.00000000
730.00000000 23.00000000 1.00000000 258.00000000
354.00000000 373.00000000 1.00000000 258.00000000
685.00000000 37.00000000 1.00000000 257.00000000
564.00000000 1046.00000000 0.00000000 256.00000000
543.00000000 742.00000000 1.00000000 253.00000000
430.00000000 524.00000000 1.00000000 253.00000000
425.00000000 511.00000000 1.00000000 250.00000000
561.00000000 944.00000000 0.00000000 249.00000000
338.00000000 292.00000000 1.00000000 249.00000000
526.00000000 810.00000000 0.00000000 249.00000000
223.00000000 993.00000000 1.00000000 248.00000000
459.00000000 109.00000000 0.00000000 243.00000000
197.00000000 371.00000000 0.00000000 239.00000000
424.00000000 511.00000000 0.00000000 239.00000000
687.00000000 432.00000000 0.00000000 238.00000000
224.00000000 922.00000000 0.00000000 237.00000000
564.00000000 1046.00000000 1.00000000 236.00000000
683.00000000 796.00000000 1.00000000 229.00000000
543.00000000 741.00000000 0.00000000 228.00000000
430.00000000 524.00000000 0.00000000 225.00000000
471.00000000 591.00000000 0.00000000 223.00000000
682.00000000 698.00000000 1.00000000 222.00000000
335.00000000 32.00000000 1.00000000 222.00000000
679.00000000 525.00000000 1.00000000 221.00000000
273.00000000 645.00000000 1.00000000 220.00000000
198.00000000 372.00000000 1.00000000 216.00000000
157.00000000 727.00000000 0.00000000 215.00000000
576.00000000 914.00000000 1.00000000 214.00000000
681.00000000 697.00000000 0.00000000 212.00000000
217.00000000 736.00000000 0.00000000 210.00000000
576.00000000 913.00000000 0.00000000 209.00000000
685.00000000 36.00000000 0.00000000 208.00000000
337.00000000 292.00000000 0.00000000 206.00000000
520.00000000 575.00000000 0.00000000 204.00000000
560.00000000 676.00000000 0.00000000 204.00000000
311.00000000 308.00000000 0.00000000 202.00000000
579.00000000 861.00000000 0.00000000 200.00000000
521.00000000 697.00000000 0.00000000 198.00000000
446.00000000 576.00000000 0.00000000 197.00000000
730.00000000 23.00000000 0.00000000 196.00000000
388.00000000 1004.00000000 0.00000000 189.00000000
312.00000000 368.00000000 0.00000000 189.00000000
678.00000000 524.00000000 0.00000000 188.00000000
263.00000000 359.00000000 0.00000000 187.00000000
197.00000000 1105.00000000 0.00000000 187.00000000
436.00000000 53.00000000 0.00000000 186.00000000
434.00000000 1048.00000000 0.00000000 180.00000000
277.00000000 625.00000000 0.00000000 177.00000000
240.00000000 719.00000000 0.00000000 176.00000000
436.00000000 101.00000000 0.00000000 175.00000000
675.00000000 576.00000000 0.00000000 175.00000000
562.00000000 511.00000000 0.00000000 173.00000000
368.00000000 1045.00000000 0.00000000 173.00000000
366.00000000 831.00000000 0.00000000 173.00000000
406.00000000 697.00000000 0.00000000 173.00000000
414.00000000 978.00000000 0.00000000 172.00000000
292.00000000 624.00000000 0.00000000 171.00000000
335.00000000 32.00000000 0.00000000 169.00000000
518.00000000 836.00000000 0.00000000 167.00000000
642.00000000 580.00000000 0.00000000 166.00000000
368.00000000 1021.00000000 0.00000000 164.00000000
533.00000000 1030.00000000 0.00000000 164.00000000
