674.00000000 418.00000000 1.00000000 632.00000000
737.00000000 30.00000000 1.00000000 627.00000000
674.00000000 420.00000000 2.00000000 623.00000000
738.00000000 31.00000000 1.00000000 595.00000000
668.00000000 384.00000000 0.00000000 592.00000000
675.00000000 418.00000000 1.00000000 558.00000000
461.00000000 379.00000000 0.00000000 545.00000000
304.00000000 736.00000000 0.00000000 525.00000000
492.00000000 744.00000000 0.00000000 517.00000000
673.00000000 421.00000000 2.00000000 516.00000000
264.00000000 430.00000000 1.00000000 512.00000000
738.00000000 32.00000000 2.00000000 504.00000000
314.00000000 237.00000000 0.00000000 493.00000000
737.00000000 29.00000000 0.00000000 486.00000000
492.00000000 759.00000000 0.00000000 485.00000000
429.00000000 636.00000000 0.00000000 481.00000000
592.00000000 544.00000000 0.00000000 480.00000000
673.00000000 743.00000000 0.00000000 479.00000000
415.00000000 154.00000000 0.00000000 475.00000000
668.00000000 385.00000000 1.00000000 472.00000000
592.00000000 545.00000000 1.00000000 471.00000000
264.00000000 429.00000000 0.00000000 470.00000000
429.00000000 637.00000000 1.00000000 460.00000000
676.00000000 420.00000000 4.00000000 446.00000000
675.00000000 417.00000000 0.00000000 444.00000000
461.00000000 379.00000000 1.00000000 425.00000000
444.00000000 108.00000000 4.00000000 404.00000000
673.00000000 418.00000000 5.00000000 399.00000000
314.00000000 238.00000000 1.00000000 398.00000000
304.00000000 737.00000000 1.00000000 396.00000000
262.00000000 389.00000000 0.00000000 393.00000000
264.00000000 429.00000000 1.00000000 385.00000000
266.00000000 409.00000000 0.00000000 383.00000000
673.00000000 744.00000000 1.00000000 372.00000000
266.00000000 409.00000000 1.00000000 370.00000000
667.00000000 384.00000000 1.00000000 368.00000000
304.00000000 132.00000000 0.00000000 351.00000000
463.00000000 438.00000000 1.00000000 348.00000000
492.00000000 759.00000000 1.00000000 344.00000000
262.00000000 390.00000000 1.00000000 338.00000000
444.00000000 107.00000000 2.00000000 336.00000000
428.00000000 637.00000000 1.00000000 336.00000000
442.00000000 649.00000000 1.00000000 334.00000000
697.00000000 554.00000000 1.00000000 333.00000000
486.00000000 780.00000000 0.00000000 329.00000000
463.00000000 437.00000000 0.00000000 329.00000000
313.00000000 237.00000000 1.00000000 326.00000000
272.00000000 627.00000000 0.00000000 326.00000000
656.00000000 103.00000000 1.00000000 323.00000000
313.00000000 253.00000000 1.00000000 321.00000000
593.00000000 500.00000000 1.00000000 320.00000000
656.00000000 104.00000000 1.00000000 319.00000000
442.00000000 650.00000000 2.00000000 317.00000000
593.00000000 499.00000000 0.00000000 316.00000000
660.00000000 127.00000000 0.00000000 315.00000000
220.00000000 418.00000000 1.00000000 315.00000000
697.00000000 554.00000000 1.00000000 313.00000000
219.00000000 418.00000000 0.00000000 312.00000000
441.00000000 653.00000000 2.00000000 311.00000000
704.00000000 318.00000000 2.00000000 310.00000000
226.00000000 295.00000000 1.00000000 310.00000000
492.00000000 745.00000000 1.00000000 309.00000000
486.00000000 781.00000000 1.00000000 306.00000000
207.00000000 295.00000000 1.00000000 304.00000000
228.00000000 295.00000000 1.00000000 301.00000000
670.00000000 656.00000000 1.00000000 301.00000000
125.00000000 719.00000000 0.00000000 301.00000000
218.00000000 374.00000000 0.00000000 300.00000000
461.00000000 380.00000000 1.00000000 300.00000000
670.00000000 655.00000000 1.00000000 300.00000000
442.00000000 647.00000000 1.00000000 300.00000000
186.00000000 263.00000000 0.00000000 299.00000000
251.00000000 418.00000000 1.00000000 299.00000000
660.00000000 128.00000000 1.00000000 297.00000000
576.00000000 532.00000000 1.00000000 295.00000000
697.00000000 552.00000000 0.00000000 294.00000000
165.00000000 695.00000000 0.00000000 293.00000000
257.00000000 500.00000000 2.00000000 293.00000000
656.00000000 104.00000000 2.00000000 292.00000000
272.00000000 628.00000000 1.00000000 286.00000000
698.00000000 554.00000000 2.00000000 280.00000000
219.00000000 390.00000000 1.00000000 279.00000000
658.00000000 504.00000000 2.00000000 278.00000000
251.00000000 418.00000000 0.00000000 278.00000000
697.00000000 568.00000000 1.00000000 276.00000000
697.00000000 567.00000000 0.00000000 276.00000000
602.00000000 105.00000000 1.00000000 276.00000000
704.00000000 318.00000000 1.00000000 275.00000000
202.00000000 132.00000000 2.00000000 272.00000000
202.00000000 132.00000000 1.00000000 271.00000000
181.00000000 134.00000000 1.00000000 269.00000000
599.00000000 671.00000000 1.00000000 269.00000000
313.00000000 253.00000000 0.00000000 266.00000000
576.00000000 531.00000000 0.00000000 265.00000000
212.00000000 197.00000000 0.00000000 264.00000000
219.00000000 390.00000000 0.00000000 262.00000000
657.00000000 545.00000000 0.00000000 261.00000000
463.00000000 794.00000000 0.00000000 261.00000000
316.00000000 494.00000000 0.00000000 259.00000000
333.00000000 258.00000000 0.00000000 257.00000000
227.00000000 294.00000000 0.00000000 253.00000000
442.00000000 646.00000000 0.00000000 250.00000000
602.00000000 103.00000000 0.00000000 248.00000000
263.00000000 113.00000000 0.00000000 247.00000000
421.00000000 687.00000000 0.00000000 247.00000000
304.00000000 748.00000000 0.00000000 246.00000000
671.00000000 654.00000000 0.00000000 246.00000000
233.00000000 176.00000000 0.00000000 244.00000000
195.00000000 431.00000000 0.00000000 243.00000000
658.00000000 499.00000000 0.00000000 240.00000000
634.00000000 782.00000000 0.00000000 239.00000000
188.00000000 418.00000000 0.00000000 238.00000000
266.00000000 443.00000000 0.00000000 235.00000000
499.00000000 199.00000000 0.00000000 233.00000000
656.00000000 104.00000000 0.00000000 232.00000000
671.00000000 784.00000000 0.00000000 231.00000000
207.00000000 294.00000000 0.00000000 227.00000000
600.00000000 670.00000000 0.00000000 226.00000000
671.00000000 709.00000000 0.00000000 224.00000000
207.00000000 262.00000000 0.00000000 224.00000000
571.00000000 668.00000000 0.00000000 223.00000000
463.00000000 603.00000000 0.00000000 223.00000000
262.00000000 655.00000000 0.00000000 220.00000000
514.00000000 258.00000000 0.00000000 219.00000000
647.00000000 279.00000000 0.00000000 219.00000000
495.00000000 584.00000000 0.00000000 218.00000000
311.00000000 487.00000000 0.00000000 216.00000000
