788.00000000 524.00000000 2.00000000 638.00000000
789.00000000 521.00000000 1.00000000 609.00000000
579.00000000 453.00000000 0.00000000 595.00000000
789.00000000 523.00000000 2.00000000 590.00000000
782.00000000 480.00000000 0.00000000 575.00000000
543.00000000 825.00000000 1.00000000 538.00000000
790.00000000 521.00000000 1.00000000 537.00000000
782.00000000 481.00000000 1.00000000 533.00000000
620.00000000 969.00000000 0.00000000 530.00000000
372.00000000 1028.00000000 1.00000000 524.00000000
176.00000000 94.00000000 0.00000000 523.00000000
579.00000000 454.00000000 1.00000000 521.00000000
799.00000000 919.00000000 0.00000000 504.00000000
323.00000000 846.00000000 0.00000000 503.00000000
313.00000000 511.00000000 1.00000000 503.00000000
239.00000000 409.00000000 0.00000000 500.00000000
311.00000000 442.00000000 0.00000000 489.00000000
312.00000000 443.00000000 1.00000000 470.00000000
788.00000000 524.00000000 4.00000000 468.00000000
315.00000000 511.00000000 1.00000000 458.00000000
314.00000000 512.00000000 2.00000000 455.00000000
543.00000000 825.00000000 0.00000000 454.00000000
621.00000000 992.00000000 1.00000000 454.00000000
543.00000000 825.00000000 1.00000000 450.00000000
620.00000000 991.00000000 0.00000000 442.00000000
799.00000000 920.00000000 1.00000000 439.00000000
44.00000000 1085.00000000 1.00000000 438.00000000
422.00000000 251.00000000 0.00000000 433.00000000
323.00000000 847.00000000 1.00000000 430.00000000
238.00000000 410.00000000 1.00000000 425.00000000
318.00000000 476.00000000 1.00000000 421.00000000
372.00000000 1028.00000000 0.00000000 420.00000000
318.00000000 476.00000000 1.00000000 413.00000000
43.00000000 1086.00000000 1.00000000 400.00000000
582.00000000 535.00000000 1.00000000 398.00000000
782.00000000 482.00000000 1.00000000 397.00000000
397.00000000 215.00000000 1.00000000 395.00000000
529.00000000 128.00000000 0.00000000 395.00000000
311.00000000 444.00000000 1.00000000 387.00000000
44.00000000 1084.00000000 0.00000000 387.00000000
318.00000000 476.00000000 0.00000000 378.00000000
578.00000000 453.00000000 1.00000000 368.00000000
176.00000000 94.00000000 1.00000000 366.00000000
560.00000000 854.00000000 5.00000000 359.00000000
762.00000000 123.00000000 1.00000000 356.00000000
530.00000000 130.00000000 1.00000000 356.00000000
769.00000000 151.00000000 1.00000000 354.00000000
780.00000000 625.00000000 2.00000000 354.00000000
620.00000000 992.00000000 1.00000000 354.00000000
584.00000000 771.00000000 0.00000000 354.00000000
186.00000000 206.00000000 1.00000000 350.00000000
718.00000000 678.00000000 1.00000000 345.00000000
582.00000000 535.00000000 1.00000000 344.00000000
770.00000000 150.00000000 2.00000000 340.00000000
560.00000000 848.00000000 4.00000000 340.00000000
373.00000000 1028.00000000 1.00000000 339.00000000
790.00000000 520.00000000 0.00000000 339.00000000
793.00000000 810.00000000 1.00000000 337.00000000
621.00000000 970.00000000 1.00000000 333.00000000
315.00000000 510.00000000 0.00000000 332.00000000
793.00000000 809.00000000 1.00000000 331.00000000
542.00000000 828.00000000 2.00000000 331.00000000
581.00000000 535.00000000 0.00000000 331.00000000
313.00000000 511.00000000 2.00000000 329.00000000
772.00000000 181.00000000 0.00000000 327.00000000
811.00000000 684.00000000 1.00000000 326.00000000
769.00000000 152.00000000 1.00000000 326.00000000
794.00000000 975.00000000 2.00000000 322.00000000
812.00000000 684.00000000 2.00000000 322.00000000
396.00000000 214.00000000 0.00000000 319.00000000
778.00000000 624.00000000 2.00000000 317.00000000
322.00000000 848.00000000 1.00000000 316.00000000
560.00000000 842.00000000 2.00000000 314.00000000
590.00000000 1053.00000000 0.00000000 314.00000000
719.00000000 676.00000000 0.00000000 311.00000000
722.00000000 134.00000000 1.00000000 310.00000000
794.00000000 812.00000000 2.00000000 307.00000000
535.00000000 905.00000000 0.00000000 304.00000000
762.00000000 123.00000000 1.00000000 304.00000000
569.00000000 674.00000000 0.00000000 303.00000000
333.00000000 1066.00000000 0.00000000 302.00000000
812.00000000 682.00000000 1.00000000 300.00000000
132.00000000 1015.00000000 1.00000000 299.00000000
422.00000000 252.00000000 1.00000000 294.00000000
616.00000000 1024.00000000 1.00000000 294.00000000
615.00000000 1023.00000000 0.00000000 293.00000000
392.00000000 619.00000000 1.00000000 289.00000000
392.00000000 619.00000000 0.00000000 288.00000000
721.00000000 133.00000000 0.00000000 287.00000000
185.00000000 205.00000000 0.00000000 284.00000000
590.00000000 1054.00000000 1.00000000 280.00000000
811.00000000 681.00000000 0.00000000 278.00000000
271.00000000 81.00000000 1.00000000 278.00000000
560.00000000 837.00000000 1.00000000 277.00000000
310.00000000 60.00000000 0.00000000 276.00000000
410.00000000 1095.00000000 0.00000000 275.00000000
812.00000000 699.00000000 0.00000000 275.00000000
272.00000000 424.00000000 0.00000000 274.00000000
385.00000000 607.00000000 0.00000000 273.00000000
338.00000000 1090.00000000 0.00000000 272.00000000
338.00000000 1076.00000000 0.00000000 269.00000000
793.00000000 808.00000000 0.00000000 266.00000000
129.00000000 1098.00000000 0.00000000 262.00000000
762.00000000 122.00000000 0.00000000 258.00000000
560.00000000 836.00000000 0.00000000 256.00000000
777.00000000 674.00000000 0.00000000 255.00000000
552.00000000 661.00000000 0.00000000 254.00000000
391.00000000 248.00000000 0.00000000 253.00000000
769.00000000 152.00000000 0.00000000 253.00000000
448.00000000 682.00000000 0.00000000 251.00000000
347.00000000 1062.00000000 0.00000000 251.00000000
469.00000000 118.00000000 0.00000000 249.00000000
269.00000000 214.00000000 0.00000000 248.00000000
527.00000000 789.00000000 0.00000000 246.00000000
519.00000000 668.00000000 0.00000000 245.00000000
192.00000000 721.00000000 0.00000000 244.00000000
132.00000000 955.00000000 0.00000000 243.00000000
718.00000000 618.00000000 0.00000000 241.00000000
306.00000000 1102.00000000 0.00000000 237.00000000
535.00000000 867.00000000 0.00000000 235.00000000
579.00000000 648.00000000 0.00000000 234.00000000
372.00000000 1048.00000000 0.00000000 234.00000000
101.00000000 1107.00000000 0.00000000 231.00000000
702.00000000 650.00000000 0.00000000 227.00000000
241.00000000 439.00000000 0.00000000 225.00000000
502.00000000 120.00000000 0.00000000 224.00000000
241.00000000 488.00000000 0.00000000 221.00000000
