799.00000000 410.00000000 0.00000000 702.00000000
799.00000000 410.00000000 1.00000000 685.00000000
503.00000000 407.00000000 0.00000000 669.00000000
810.00000000 458.00000000 2.00000000 652.00000000
431.00000000 92.00000000 1.00000000 631.00000000
563.00000000 928.00000000 0.00000000 620.00000000
811.00000000 456.00000000 1.00000000 605.00000000
825.00000000 922.00000000 0.00000000 580.00000000
503.00000000 408.00000000 1.00000000 573.00000000
289.00000000 925.00000000 1.00000000 563.00000000
289.00000000 212.00000000 1.00000000 559.00000000
466.00000000 773.00000000 1.00000000 557.00000000
431.00000000 91.00000000 0.00000000 557.00000000
698.00000000 637.00000000 1.00000000 551.00000000
563.00000000 928.00000000 1.00000000 547.00000000
222.00000000 485.00000000 1.00000000 545.00000000
563.00000000 951.00000000 1.00000000 543.00000000
825.00000000 922.00000000 1.00000000 534.00000000
812.00000000 456.00000000 1.00000000 532.00000000
222.00000000 485.00000000 1.00000000 526.00000000
563.00000000 950.00000000 0.00000000 487.00000000
288.00000000 212.00000000 1.00000000 485.00000000
466.00000000 774.00000000 1.00000000 478.00000000
697.00000000 639.00000000 1.00000000 470.00000000
692.00000000 22.00000000 1.00000000 470.00000000
799.00000000 410.00000000 1.00000000 465.00000000
239.00000000 766.00000000 0.00000000 462.00000000
222.00000000 484.00000000 0.00000000 461.00000000
466.00000000 773.00000000 0.00000000 454.00000000
289.00000000 211.00000000 0.00000000 451.00000000
693.00000000 22.00000000 1.00000000 449.00000000
93.00000000 161.00000000 0.00000000 439.00000000
508.00000000 490.00000000 1.00000000 439.00000000
698.00000000 636.00000000 0.00000000 432.00000000
225.00000000 455.00000000 1.00000000 430.00000000
218.00000000 427.00000000 0.00000000 426.00000000
288.00000000 925.00000000 0.00000000 420.00000000
503.00000000 408.00000000 1.00000000 415.00000000
154.00000000 405.00000000 0.00000000 411.00000000
222.00000000 486.00000000 2.00000000 410.00000000
218.00000000 427.00000000 1.00000000 409.00000000
25.00000000 909.00000000 0.00000000 408.00000000
458.00000000 847.00000000 0.00000000 397.00000000
288.00000000 926.00000000 1.00000000 391.00000000
776.00000000 55.00000000 1.00000000 388.00000000
494.00000000 629.00000000 0.00000000 385.00000000
515.00000000 726.00000000 0.00000000 383.00000000
507.00000000 490.00000000 1.00000000 383.00000000
239.00000000 767.00000000 1.00000000 382.00000000
272.00000000 65.00000000 0.00000000 380.00000000
775.00000000 55.00000000 0.00000000 378.00000000
316.00000000 239.00000000 0.00000000 376.00000000
556.00000000 981.00000000 1.00000000 373.00000000
224.00000000 455.00000000 1.00000000 373.00000000
508.00000000 490.00000000 0.00000000 372.00000000
798.00000000 412.00000000 2.00000000 367.00000000
105.00000000 249.00000000 1.00000000 365.00000000
812.00000000 456.00000000 0.00000000 365.00000000
769.00000000 22.00000000 1.00000000 363.00000000
26.00000000 939.00000000 0.00000000 361.00000000
791.00000000 576.00000000 2.00000000 360.00000000
272.00000000 65.00000000 1.00000000 359.00000000
288.00000000 212.00000000 2.00000000 354.00000000
486.00000000 792.00000000 2.00000000 351.00000000
697.00000000 573.00000000 1.00000000 351.00000000
486.00000000 803.00000000 5.00000000 351.00000000
26.00000000 909.00000000 1.00000000 349.00000000
84.00000000 872.00000000 1.00000000 348.00000000
466.00000000 776.00000000 2.00000000 347.00000000
564.00000000 950.00000000 1.00000000 345.00000000
225.00000000 454.00000000 0.00000000 344.00000000
693.00000000 21.00000000 0.00000000 343.00000000
697.00000000 575.00000000 1.00000000 343.00000000
458.00000000 813.00000000 0.00000000 340.00000000
105.00000000 248.00000000 0.00000000 340.00000000
486.00000000 794.00000000 2.00000000 336.00000000
792.00000000 576.00000000 2.00000000 333.00000000
791.00000000 636.00000000 0.00000000 333.00000000
488.00000000 796.00000000 4.00000000 332.00000000
63.00000000 935.00000000 0.00000000 330.00000000
790.00000000 574.00000000 1.00000000 329.00000000
124.00000000 67.00000000 2.00000000 328.00000000
823.00000000 980.00000000 0.00000000 326.00000000
791.00000000 572.00000000 1.00000000 319.00000000
791.00000000 637.00000000 1.00000000 318.00000000
164.00000000 296.00000000 2.00000000 316.00000000
250.00000000 948.00000000 0.00000000 314.00000000
791.00000000 571.00000000 0.00000000 314.00000000
165.00000000 294.00000000 1.00000000 312.00000000
523.00000000 1002.00000000 0.00000000 312.00000000
760.00000000 607.00000000 0.00000000 306.00000000
289.00000000 943.00000000 1.00000000 305.00000000
317.00000000 240.00000000 1.00000000 305.00000000
154.00000000 406.00000000 1.00000000 302.00000000
769.00000000 23.00000000 1.00000000 301.00000000
516.00000000 880.00000000 4.00000000 300.00000000
816.00000000 434.00000000 0.00000000 298.00000000
523.00000000 1003.00000000 1.00000000 298.00000000
560.00000000 696.00000000 1.00000000 297.00000000
84.00000000 871.00000000 0.00000000 297.00000000
255.00000000 958.00000000 0.00000000 295.00000000
560.00000000 726.00000000 0.00000000 295.00000000
675.00000000 607.00000000 0.00000000 294.00000000
555.00000000 980.00000000 0.00000000 286.00000000
697.00000000 572.00000000 0.00000000 284.00000000
473.00000000 615.00000000 0.00000000 284.00000000
816.00000000 792.00000000 0.00000000 283.00000000
398.00000000 813.00000000 0.00000000 281.00000000
289.00000000 942.00000000 0.00000000 281.00000000
205.00000000 98.00000000 0.00000000 280.00000000
400.00000000 93.00000000 0.00000000 279.00000000
263.00000000 948.00000000 0.00000000 279.00000000
560.00000000 696.00000000 0.00000000 276.00000000
299.00000000 575.00000000 0.00000000 276.00000000
113.00000000 470.00000000 0.00000000 273.00000000
575.00000000 236.00000000 0.00000000 270.00000000
357.00000000 632.00000000 0.00000000 267.00000000
170.00000000 127.00000000 0.00000000 266.00000000
140.00000000 156.00000000 0.00000000 265.00000000
157.00000000 429.00000000 0.00000000 263.00000000
800.00000000 412.00000000 2.00000000 261.00000000
212.00000000 38.00000000 0.00000000 258.00000000
506.00000000 603.00000000 0.00000000 257.00000000
449.00000000 737.00000000 0.00000000 254.00000000
173.00000000 239.00000000 0.00000000 252.00000000
435.00000000 622.00000000 0.00000000 250.00000000
563.00000000 941.00000000 0.00000000 249.00000000
