236.00000000 299.00000000 1.00000000 463.00000000
236.00000000 299.00000000 0.00000000 411.00000000
236.00000000 299.00000000 1.00000000 355.00000000
234.00000000 300.00000000 2.00000000 212.00000000
403.00000000 61.00000000 0.00000000 178.00000000
446.00000000 34.00000000 2.00000000 156.00000000
619.00000000 86.00000000 1.00000000 142.00000000
739.00000000 236.00000000 1.00000000 142.00000000
622.00000000 504.00000000 1.00000000 138.00000000
622.00000000 504.00000000 0.00000000 135.00000000
231.00000000 299.00000000 2.00000000 135.00000000
740.00000000 236.00000000 2.00000000 131.00000000
494.00000000 79.00000000 1.00000000 128.00000000
228.00000000 304.00000000 4.00000000 126.00000000
913.00000000 296.00000000 0.00000000 122.00000000
160.00000000 236.00000000 4.00000000 121.00000000
161.00000000 234.00000000 2.00000000 121.00000000
242.00000000 72.00000000 0.00000000 121.00000000
395.00000000 265.00000000 0.00000000 119.00000000
622.00000000 504.00000000 1.00000000 115.00000000
277.00000000 29.00000000 0.00000000 115.00000000
446.00000000 31.00000000 1.00000000 113.00000000
226.00000000 305.00000000 5.00000000 111.00000000
619.00000000 88.00000000 1.00000000 111.00000000
903.00000000 60.00000000 1.00000000 111.00000000
321.00000000 22.00000000 1.00000000 108.00000000
433.00000000 77.00000000 0.00000000 106.00000000
442.00000000 267.00000000 0.00000000 105.00000000
620.00000000 88.00000000 0.00000000 104.00000000
372.00000000 75.00000000 1.00000000 101.00000000
321.00000000 22.00000000 1.00000000 101.00000000
780.00000000 395.00000000 0.00000000 100.00000000
278.00000000 30.00000000 1.00000000 100.00000000
420.00000000 256.00000000 1.00000000 100.00000000
473.00000000 19.00000000 0.00000000 96.00000000
745.00000000 58.00000000 0.00000000 96.00000000
494.00000000 79.00000000 0.00000000 96.00000000
872.00000000 77.00000000 0.00000000 94.00000000
494.00000000 79.00000000 1.00000000 94.00000000
436.00000000 491.00000000 1.00000000 93.00000000
165.00000000 275.00000000 1.00000000 93.00000000
740.00000000 236.00000000 1.00000000 91.00000000
903.00000000 60.00000000 1.00000000 91.00000000
530.00000000 473.00000000 0.00000000 91.00000000
563.00000000 214.00000000 1.00000000 90.00000000
433.00000000 78.00000000 1.00000000 90.00000000
545.00000000 12.00000000 0.00000000 89.00000000
524.00000000 83.00000000 1.00000000 89.00000000
478.00000000 321.00000000 0.00000000 88.00000000
535.00000000 81.00000000 0.00000000 88.00000000
562.00000000 213.00000000 0.00000000 87.00000000
620.00000000 86.00000000 2.00000000 87.00000000
524.00000000 84.00000000 2.00000000 87.00000000
371.00000000 74.00000000 1.00000000 84.00000000
803.00000000 65.00000000 0.00000000 84.00000000
555.00000000 84.00000000 1.00000000 84.00000000
420.00000000 256.00000000 0.00000000 82.00000000
622.00000000 506.00000000 2.00000000 82.00000000
912.00000000 296.00000000 1.00000000 81.00000000
502.00000000 75.00000000 0.00000000 81.00000000
372.00000000 75.00000000 0.00000000 80.00000000
396.00000000 478.00000000 0.00000000 80.00000000
436.00000000 490.00000000 0.00000000 79.00000000
677.00000000 89.00000000 1.00000000 79.00000000
902.00000000 58.00000000 0.00000000 79.00000000
632.00000000 64.00000000 1.00000000 79.00000000
482.00000000 351.00000000 0.00000000 79.00000000
555.00000000 84.00000000 1.00000000 78.00000000
425.00000000 79.00000000 0.00000000 77.00000000
126.00000000 306.00000000 0.00000000 77.00000000
555.00000000 83.00000000 0.00000000 77.00000000
605.00000000 231.00000000 2.00000000 76.00000000
213.00000000 66.00000000 1.00000000 75.00000000
803.00000000 65.00000000 1.00000000 75.00000000
872.00000000 78.00000000 1.00000000 75.00000000
353.00000000 74.00000000 0.00000000 75.00000000
183.00000000 70.00000000 0.00000000 75.00000000
649.00000000 12.00000000 0.00000000 74.00000000
404.00000000 61.00000000 1.00000000 74.00000000
480.00000000 66.00000000 0.00000000 74.00000000
322.00000000 21.00000000 0.00000000 73.00000000
272.00000000 70.00000000 1.00000000 73.00000000
606.00000000 418.00000000 1.00000000 73.00000000
153.00000000 36.00000000 0.00000000 72.00000000
396.00000000 479.00000000 1.00000000 72.00000000
753.00000000 37.00000000 0.00000000 71.00000000
442.00000000 268.00000000 1.00000000 71.00000000
242.00000000 73.00000000 1.00000000 70.00000000
396.00000000 265.00000000 1.00000000 70.00000000
952.00000000 300.00000000 0.00000000 70.00000000
500.00000000 89.00000000 0.00000000 70.00000000
605.00000000 410.00000000 0.00000000 69.00000000
482.00000000 342.00000000 0.00000000 69.00000000
376.00000000 506.00000000 2.00000000 69.00000000
564.00000000 214.00000000 1.00000000 69.00000000
685.00000000 88.00000000 0.00000000 69.00000000
290.00000000 14.00000000 0.00000000 69.00000000
903.00000000 75.00000000 0.00000000 68.00000000
933.00000000 303.00000000 0.00000000 67.00000000
736.00000000 50.00000000 1.00000000 67.00000000
343.00000000 286.00000000 0.00000000 67.00000000
709.00000000 413.00000000 0.00000000 67.00000000
425.00000000 79.00000000 1.00000000 67.00000000
195.00000000 296.00000000 0.00000000 67.00000000
606.00000000 419.00000000 1.00000000 66.00000000
538.00000000 10.00000000 0.00000000 66.00000000
690.00000000 43.00000000 0.00000000 66.00000000
450.00000000 28.00000000 0.00000000 65.00000000
740.00000000 91.00000000 0.00000000 65.00000000
164.00000000 275.00000000 1.00000000 65.00000000
163.00000000 228.00000000 0.00000000 64.00000000
160.00000000 226.00000000 2.00000000 64.00000000
163.00000000 228.00000000 1.00000000 64.00000000
585.00000000 42.00000000 0.00000000 63.00000000
472.00000000 340.00000000 0.00000000 63.00000000
806.00000000 50.00000000 0.00000000 63.00000000
740.00000000 236.00000000 0.00000000 62.00000000
157.00000000 220.00000000 1.00000000 62.00000000
449.00000000 29.00000000 1.00000000 61.00000000
868.00000000 97.00000000 0.00000000 61.00000000
690.00000000 43.00000000 1.00000000 61.00000000
631.00000000 63.00000000 0.00000000 61.00000000
666.00000000 103.00000000 0.00000000 60.00000000
378.00000000 543.00000000 0.00000000 59.00000000
600.00000000 456.00000000 0.00000000 59.00000000
256.00000000 164.00000000 2.00000000 59.00000000
562.00000000 465.00000000 0.00000000 59.00000000
