492.00000000 488.00000000 4.00000000 518.00000000
1142.00000000 209.00000000 2.00000000 473.00000000
1144.00000000 210.00000000 2.00000000 458.00000000
494.00000000 486.00000000 2.00000000 403.00000000
1045.00000000 512.00000000 1.00000000 399.00000000
569.00000000 181.00000000 1.00000000 387.00000000
467.00000000 431.00000000 1.00000000 382.00000000
430.00000000 504.00000000 2.00000000 362.00000000
1142.00000000 231.00000000 5.00000000 355.00000000
47.00000000 308.00000000 1.00000000 350.00000000
46.00000000 308.00000000 1.00000000 349.00000000
1046.00000000 511.00000000 1.00000000 346.00000000
1144.00000000 209.00000000 1.00000000 342.00000000
1271.00000000 15.00000000 1.00000000 339.00000000
570.00000000 181.00000000 1.00000000 334.00000000
496.00000000 486.00000000 2.00000000 332.00000000
880.00000000 508.00000000 1.00000000 325.00000000
427.00000000 506.00000000 2.00000000 323.00000000
1144.00000000 238.00000000 2.00000000 320.00000000
467.00000000 431.00000000 0.00000000 320.00000000
1236.00000000 298.00000000 0.00000000 314.00000000
442.00000000 354.00000000 1.00000000 308.00000000
1045.00000000 511.00000000 0.00000000 307.00000000
985.00000000 519.00000000 1.00000000 306.00000000
1144.00000000 212.00000000 4.00000000 293.00000000
1236.00000000 299.00000000 1.00000000 292.00000000
428.00000000 502.00000000 1.00000000 291.00000000
984.00000000 519.00000000 0.00000000 280.00000000
881.00000000 507.00000000 1.00000000 278.00000000
1144.00000000 239.00000000 1.00000000 278.00000000
429.00000000 500.00000000 1.00000000 276.00000000
1066.00000000 340.00000000 1.00000000 275.00000000
442.00000000 356.00000000 1.00000000 273.00000000
496.00000000 483.00000000 1.00000000 271.00000000
1154.00000000 346.00000000 2.00000000 270.00000000
1142.00000000 161.00000000 2.00000000 268.00000000
1145.00000000 238.00000000 1.00000000 266.00000000
1195.00000000 244.00000000 0.00000000 266.00000000
568.00000000 182.00000000 2.00000000 261.00000000
1144.00000000 209.00000000 1.00000000 258.00000000
900.00000000 493.00000000 1.00000000 258.00000000
692.00000000 510.00000000 0.00000000 255.00000000
439.00000000 237.00000000 1.00000000 255.00000000
439.00000000 237.00000000 1.00000000 255.00000000
942.00000000 501.00000000 1.00000000 255.00000000
1156.00000000 712.00000000 1.00000000 252.00000000
538.00000000 356.00000000 0.00000000 250.00000000
941.00000000 502.00000000 1.00000000 249.00000000
1253.00000000 256.00000000 1.00000000 248.00000000
388.00000000 352.00000000 0.00000000 248.00000000
1152.00000000 340.00000000 1.00000000 247.00000000
154.00000000 247.00000000 1.00000000 246.00000000
985.00000000 520.00000000 1.00000000 243.00000000
1252.00000000 255.00000000 1.00000000 242.00000000
530.00000000 350.00000000 0.00000000 242.00000000
316.00000000 347.00000000 1.00000000 242.00000000
900.00000000 492.00000000 0.00000000 240.00000000
655.00000000 145.00000000 1.00000000 240.00000000
519.00000000 350.00000000 0.00000000 237.00000000
1156.00000000 712.00000000 2.00000000 232.00000000
388.00000000 360.00000000 0.00000000 232.00000000
1152.00000000 353.00000000 1.00000000 231.00000000
532.00000000 426.00000000 0.00000000 230.00000000
1196.00000000 246.00000000 1.00000000 229.00000000
441.00000000 352.00000000 0.00000000 229.00000000
555.00000000 350.00000000 0.00000000 224.00000000
316.00000000 348.00000000 2.00000000 224.00000000
47.00000000 307.00000000 0.00000000 221.00000000
421.00000000 433.00000000 1.00000000 219.00000000
538.00000000 357.00000000 1.00000000 219.00000000
196.00000000 234.00000000 1.00000000 215.00000000
880.00000000 508.00000000 0.00000000 215.00000000
1271.00000000 14.00000000 0.00000000 213.00000000
532.00000000 427.00000000 1.00000000 211.00000000
496.00000000 484.00000000 1.00000000 211.00000000
317.00000000 347.00000000 1.00000000 211.00000000
388.00000000 353.00000000 1.00000000 208.00000000
429.00000000 499.00000000 0.00000000 205.00000000
402.00000000 484.00000000 1.00000000 204.00000000
984.00000000 490.00000000 0.00000000 204.00000000
154.00000000 246.00000000 0.00000000 203.00000000
1089.00000000 336.00000000 1.00000000 203.00000000
1137.00000000 328.00000000 1.00000000 202.00000000
79.00000000 166.00000000 1.00000000 200.00000000
535.00000000 495.00000000 0.00000000 195.00000000
1145.00000000 238.00000000 0.00000000 195.00000000
519.00000000 357.00000000 0.00000000 192.00000000
466.00000000 413.00000000 0.00000000 186.00000000
1045.00000000 500.00000000 0.00000000 184.00000000
494.00000000 351.00000000 0.00000000 182.00000000
941.00000000 499.00000000 0.00000000 180.00000000
439.00000000 236.00000000 0.00000000 180.00000000
570.00000000 180.00000000 0.00000000 179.00000000
1253.00000000 256.00000000 0.00000000 176.00000000
630.00000000 512.00000000 0.00000000 176.00000000
196.00000000 234.00000000 0.00000000 173.00000000
420.00000000 432.00000000 0.00000000 173.00000000
467.00000000 449.00000000 0.00000000 172.00000000
1223.00000000 247.00000000 0.00000000 172.00000000
1252.00000000 408.00000000 0.00000000 171.00000000
1248.00000000 269.00000000 0.00000000 171.00000000
548.00000000 428.00000000 0.00000000 169.00000000
1144.00000000 207.00000000 0.00000000 169.00000000
173.00000000 253.00000000 0.00000000 168.00000000
169.00000000 509.00000000 0.00000000 166.00000000
1112.00000000 544.00000000 0.00000000 164.00000000
654.00000000 144.00000000 0.00000000 163.00000000
555.00000000 357.00000000 0.00000000 158.00000000
1151.00000000 338.00000000 0.00000000 158.00000000
502.00000000 357.00000000 0.00000000 155.00000000
402.00000000 484.00000000 0.00000000 155.00000000
690.00000000 453.00000000 0.00000000 154.00000000
1156.00000000 712.00000000 0.00000000 153.00000000
1040.00000000 420.00000000 0.00000000 150.00000000
1151.00000000 352.00000000 0.00000000 150.00000000
139.00000000 245.00000000 0.00000000 147.00000000
317.00000000 346.00000000 0.00000000 147.00000000
1151.00000000 323.00000000 0.00000000 146.00000000
1059.00000000 383.00000000 0.00000000 146.00000000
457.00000000 439.00000000 0.00000000 146.00000000
573.00000000 328.00000000 0.00000000 143.00000000
694.00000000 407.00000000 0.00000000 142.00000000
936.00000000 468.00000000 0.00000000 142.00000000
1278.00000000 127.00000000 0.00000000 139.00000000
986.00000000 135.00000000 0.00000000 137.00000000
1138.00000000 326.00000000 0.00000000 136.00000000
740.00000000 323.00000000 0.00000000 134.00000000
