1158.00000000 63.00000000 1.00000000 327.00000000
735.00000000 483.00000000 1.00000000 317.00000000
735.00000000 482.00000000 0.00000000 288.00000000
325.00000000 466.00000000 2.00000000 286.00000000
1166.00000000 192.00000000 2.00000000 276.00000000
804.00000000 470.00000000 1.00000000 271.00000000
1158.00000000 64.00000000 2.00000000 271.00000000
1156.00000000 38.00000000 2.00000000 260.00000000
1166.00000000 192.00000000 1.00000000 251.00000000
1157.00000000 62.00000000 1.00000000 250.00000000
735.00000000 483.00000000 1.00000000 249.00000000
1170.00000000 256.00000000 1.00000000 244.00000000
919.00000000 42.00000000 2.00000000 244.00000000
1176.00000000 353.00000000 2.00000000 243.00000000
1168.00000000 192.00000000 2.00000000 242.00000000
1155.00000000 38.00000000 1.00000000 239.00000000
1161.00000000 107.00000000 1.00000000 237.00000000
644.00000000 456.00000000 1.00000000 237.00000000
644.00000000 456.00000000 0.00000000 232.00000000
1178.00000000 352.00000000 2.00000000 230.00000000
66.00000000 502.00000000 2.00000000 228.00000000
733.00000000 449.00000000 0.00000000 228.00000000
1170.00000000 255.00000000 1.00000000 228.00000000
922.00000000 38.00000000 2.00000000 225.00000000
1176.00000000 350.00000000 1.00000000 224.00000000
1180.00000000 360.00000000 4.00000000 222.00000000
804.00000000 470.00000000 1.00000000 221.00000000
1070.00000000 137.00000000 1.00000000 220.00000000
1166.00000000 192.00000000 1.00000000 216.00000000
1182.00000000 367.00000000 5.00000000 216.00000000
733.00000000 449.00000000 1.00000000 215.00000000
324.00000000 468.00000000 4.00000000 215.00000000
326.00000000 466.00000000 2.00000000 213.00000000
1162.00000000 108.00000000 2.00000000 210.00000000
1071.00000000 137.00000000 1.00000000 207.00000000
288.00000000 486.00000000 1.00000000 195.00000000
1180.00000000 411.00000000 1.00000000 191.00000000
924.00000000 82.00000000 1.00000000 190.00000000
739.00000000 312.00000000 1.00000000 184.00000000
1160.00000000 107.00000000 1.00000000 184.00000000
1176.00000000 349.00000000 1.00000000 183.00000000
1155.00000000 36.00000000 1.00000000 181.00000000
1170.00000000 255.00000000 0.00000000 179.00000000
644.00000000 456.00000000 1.00000000 179.00000000
687.00000000 463.00000000 1.00000000 178.00000000
354.00000000 163.00000000 1.00000000 175.00000000
626.00000000 475.00000000 1.00000000 173.00000000
739.00000000 313.00000000 1.00000000 171.00000000
1175.00000000 324.00000000 1.00000000 169.00000000
688.00000000 463.00000000 1.00000000 168.00000000
957.00000000 780.00000000 1.00000000 165.00000000
1180.00000000 410.00000000 1.00000000 159.00000000
1169.00000000 232.00000000 1.00000000 158.00000000
679.00000000 437.00000000 1.00000000 158.00000000
412.00000000 108.00000000 1.00000000 156.00000000
1163.00000000 146.00000000 1.00000000 154.00000000
925.00000000 82.00000000 1.00000000 152.00000000
936.00000000 203.00000000 1.00000000 150.00000000
626.00000000 476.00000000 1.00000000 149.00000000
714.00000000 451.00000000 0.00000000 149.00000000
688.00000000 461.00000000 0.00000000 143.00000000
327.00000000 465.00000000 1.00000000 143.00000000
734.00000000 274.00000000 1.00000000 142.00000000
1157.00000000 61.00000000 0.00000000 142.00000000
288.00000000 485.00000000 1.00000000 142.00000000
923.00000000 37.00000000 1.00000000 141.00000000
1183.00000000 469.00000000 1.00000000 139.00000000
585.00000000 476.00000000 1.00000000 139.00000000
625.00000000 457.00000000 1.00000000 132.00000000
804.00000000 456.00000000 1.00000000 132.00000000
679.00000000 437.00000000 0.00000000 129.00000000
804.00000000 469.00000000 0.00000000 128.00000000
739.00000000 313.00000000 0.00000000 126.00000000
1166.00000000 192.00000000 0.00000000 124.00000000
738.00000000 292.00000000 0.00000000 124.00000000
815.00000000 303.00000000 0.00000000 123.00000000
625.00000000 456.00000000 0.00000000 122.00000000
1175.00000000 323.00000000 0.00000000 120.00000000
639.00000000 485.00000000 0.00000000 117.00000000
1155.00000000 35.00000000 0.00000000 116.00000000
1163.00000000 145.00000000 0.00000000 116.00000000
1175.00000000 348.00000000 0.00000000 115.00000000
956.00000000 779.00000000 0.00000000 113.00000000
412.00000000 108.00000000 0.00000000 113.00000000
354.00000000 162.00000000 0.00000000 112.00000000
585.00000000 475.00000000 0.00000000 112.00000000
1168.00000000 231.00000000 0.00000000 110.00000000
1179.00000000 409.00000000 0.00000000 108.00000000
1160.00000000 107.00000000 0.00000000 108.00000000
1071.00000000 137.00000000 0.00000000 106.00000000
625.00000000 444.00000000 0.00000000 106.00000000
738.00000000 418.00000000 0.00000000 104.00000000
936.00000000 202.00000000 0.00000000 104.00000000
734.00000000 274.00000000 0.00000000 101.00000000
1098.00000000 301.00000000 0.00000000 100.00000000
1185.00000000 501.00000000 0.00000000 100.00000000
662.00000000 467.00000000 0.00000000 100.00000000
804.00000000 456.00000000 0.00000000 98.00000000
706.00000000 420.00000000 0.00000000 97.00000000
261.00000000 12.00000000 0.00000000 96.00000000
1182.00000000 468.00000000 0.00000000 96.00000000
658.00000000 436.00000000 0.00000000 96.00000000
459.00000000 377.00000000 0.00000000 95.00000000
356.00000000 335.00000000 0.00000000 94.00000000
1171.00000000 281.00000000 0.00000000 92.00000000
655.00000000 391.00000000 0.00000000 89.00000000
857.00000000 472.00000000 0.00000000 89.00000000
775.00000000 413.00000000 0.00000000 89.00000000
939.00000000 243.00000000 0.00000000 89.00000000
584.00000000 486.00000000 0.00000000 87.00000000
659.00000000 415.00000000 0.00000000 86.00000000
661.00000000 449.00000000 0.00000000 86.00000000
923.00000000 36.00000000 0.00000000 85.00000000
327.00000000 464.00000000 0.00000000 85.00000000
721.00000000 449.00000000 0.00000000 83.00000000
777.00000000 430.00000000 0.00000000 83.00000000
680.00000000 425.00000000 0.00000000 83.00000000
467.00000000 540.00000000 0.00000000 82.00000000
678.00000000 454.00000000 0.00000000 82.00000000
738.00000000 330.00000000 0.00000000 82.00000000
1010.00000000 142.00000000 0.00000000 81.00000000
724.00000000 458.00000000 0.00000000 80.00000000
900.00000000 403.00000000 0.00000000 80.00000000
840.00000000 466.00000000 0.00000000 79.00000000
743.00000000 434.00000000 0.00000000 79.00000000
288.00000000 484.00000000 0.00000000 78.00000000
282.00000000 313.00000000 0.00000000 78.00000000
