388.00000000 376.00000000 4.00000000 373.00000000
896.00000000 427.00000000 2.00000000 361.00000000
900.00000000 428.00000000 4.00000000 334.00000000
1224.00000000 158.00000000 2.00000000 319.00000000
854.00000000 442.00000000 2.00000000 303.00000000
1226.00000000 154.00000000 2.00000000 302.00000000
854.00000000 439.00000000 1.00000000 287.00000000
854.00000000 439.00000000 1.00000000 286.00000000
854.00000000 444.00000000 2.00000000 281.00000000
640.00000000 414.00000000 1.00000000 281.00000000
642.00000000 415.00000000 1.00000000 281.00000000
387.00000000 373.00000000 2.00000000 281.00000000
390.00000000 373.00000000 5.00000000 267.00000000
642.00000000 415.00000000 0.00000000 243.00000000
893.00000000 418.00000000 1.00000000 242.00000000
827.00000000 270.00000000 0.00000000 240.00000000
893.00000000 418.00000000 0.00000000 234.00000000
392.00000000 328.00000000 2.00000000 233.00000000
797.00000000 261.00000000 0.00000000 232.00000000
898.00000000 428.00000000 2.00000000 231.00000000
854.00000000 439.00000000 0.00000000 231.00000000
1224.00000000 152.00000000 1.00000000 230.00000000
892.00000000 262.00000000 1.00000000 224.00000000
1234.00000000 474.00000000 2.00000000 222.00000000
898.00000000 429.00000000 1.00000000 221.00000000
633.00000000 73.00000000 1.00000000 219.00000000
649.00000000 493.00000000 1.00000000 214.00000000
642.00000000 414.00000000 2.00000000 214.00000000
1233.00000000 470.00000000 1.00000000 212.00000000
639.00000000 434.00000000 1.00000000 210.00000000
864.00000000 282.00000000 0.00000000 210.00000000
1236.00000000 615.00000000 1.00000000 206.00000000
892.00000000 261.00000000 0.00000000 205.00000000
517.00000000 114.00000000 1.00000000 205.00000000
390.00000000 368.00000000 2.00000000 205.00000000
1173.00000000 707.00000000 1.00000000 204.00000000
903.00000000 300.00000000 1.00000000 201.00000000
849.00000000 364.00000000 1.00000000 195.00000000
393.00000000 328.00000000 1.00000000 195.00000000
898.00000000 428.00000000 1.00000000 193.00000000
1236.00000000 618.00000000 2.00000000 191.00000000
827.00000000 280.00000000 0.00000000 188.00000000
898.00000000 429.00000000 0.00000000 187.00000000
1173.00000000 707.00000000 1.00000000 184.00000000
633.00000000 73.00000000 1.00000000 181.00000000
904.00000000 226.00000000 1.00000000 180.00000000
892.00000000 263.00000000 1.00000000 180.00000000
390.00000000 366.00000000 1.00000000 178.00000000
633.00000000 72.00000000 0.00000000 176.00000000
862.00000000 240.00000000 1.00000000 176.00000000
797.00000000 262.00000000 1.00000000 175.00000000
1235.00000000 614.00000000 1.00000000 171.00000000
673.00000000 75.00000000 1.00000000 171.00000000
691.00000000 125.00000000 1.00000000 171.00000000
343.00000000 108.00000000 1.00000000 170.00000000
880.00000000 392.00000000 1.00000000 167.00000000
849.00000000 364.00000000 0.00000000 166.00000000
611.00000000 484.00000000 1.00000000 166.00000000
517.00000000 114.00000000 1.00000000 162.00000000
902.00000000 299.00000000 0.00000000 162.00000000
873.00000000 377.00000000 1.00000000 160.00000000
651.00000000 91.00000000 1.00000000 157.00000000
1233.00000000 471.00000000 1.00000000 156.00000000
889.00000000 227.00000000 1.00000000 156.00000000
406.00000000 413.00000000 1.00000000 156.00000000
587.00000000 439.00000000 1.00000000 151.00000000
1224.00000000 153.00000000 1.00000000 149.00000000
836.00000000 417.00000000 1.00000000 148.00000000
649.00000000 493.00000000 0.00000000 147.00000000
1188.00000000 299.00000000 1.00000000 145.00000000
864.00000000 156.00000000 1.00000000 145.00000000
639.00000000 434.00000000 1.00000000 145.00000000
651.00000000 90.00000000 0.00000000 144.00000000
935.00000000 309.00000000 0.00000000 143.00000000
827.00000000 271.00000000 1.00000000 142.00000000
692.00000000 126.00000000 1.00000000 141.00000000
899.00000000 439.00000000 1.00000000 141.00000000
618.00000000 66.00000000 1.00000000 140.00000000
898.00000000 439.00000000 0.00000000 140.00000000
844.00000000 355.00000000 0.00000000 139.00000000
997.00000000 349.00000000 0.00000000 128.00000000
1228.00000000 263.00000000 0.00000000 126.00000000
921.00000000 374.00000000 0.00000000 126.00000000
901.00000000 376.00000000 0.00000000 125.00000000
880.00000000 392.00000000 0.00000000 122.00000000
798.00000000 451.00000000 0.00000000 121.00000000
805.00000000 408.00000000 0.00000000 119.00000000
1187.00000000 299.00000000 0.00000000 119.00000000
839.00000000 82.00000000 0.00000000 117.00000000
587.00000000 439.00000000 0.00000000 117.00000000
750.00000000 455.00000000 0.00000000 116.00000000
673.00000000 75.00000000 0.00000000 116.00000000
695.00000000 142.00000000 0.00000000 116.00000000
864.00000000 240.00000000 0.00000000 113.00000000
1235.00000000 613.00000000 0.00000000 112.00000000
873.00000000 412.00000000 0.00000000 112.00000000
873.00000000 377.00000000 0.00000000 112.00000000
904.00000000 226.00000000 0.00000000 112.00000000
984.00000000 69.00000000 0.00000000 112.00000000
717.00000000 452.00000000 0.00000000 111.00000000
835.00000000 417.00000000 0.00000000 111.00000000
1173.00000000 707.00000000 0.00000000 109.00000000
618.00000000 66.00000000 0.00000000 108.00000000
864.00000000 154.00000000 0.00000000 108.00000000
844.00000000 400.00000000 0.00000000 108.00000000
889.00000000 227.00000000 0.00000000 108.00000000
914.00000000 301.00000000 0.00000000 105.00000000
873.00000000 201.00000000 0.00000000 104.00000000
873.00000000 234.00000000 0.00000000 101.00000000
925.00000000 304.00000000 0.00000000 101.00000000
889.00000000 395.00000000 0.00000000 100.00000000
899.00000000 290.00000000 0.00000000 99.00000000
406.00000000 413.00000000 0.00000000 98.00000000
1185.00000000 370.00000000 0.00000000 98.00000000
997.00000000 366.00000000 0.00000000 97.00000000
620.00000000 411.00000000 0.00000000 97.00000000
770.00000000 235.00000000 0.00000000 97.00000000
992.00000000 122.00000000 0.00000000 96.00000000
610.00000000 483.00000000 0.00000000 96.00000000
1007.00000000 398.00000000 0.00000000 95.00000000
866.00000000 391.00000000 0.00000000 94.00000000
773.00000000 245.00000000 0.00000000 92.00000000
776.00000000 325.00000000 0.00000000 92.00000000
691.00000000 124.00000000 0.00000000 92.00000000
946.00000000 135.00000000 0.00000000 91.00000000
836.00000000 210.00000000 0.00000000 90.00000000
1183.00000000 387.00000000 0.00000000 89.00000000
