379.00000000 415.00000000 2.00000000 317.00000000
380.00000000 416.00000000 4.00000000 292.00000000
919.00000000 394.00000000 1.00000000 282.00000000
843.00000000 409.00000000 1.00000000 275.00000000
60.00000000 468.00000000 2.00000000 251.00000000
843.00000000 408.00000000 0.00000000 238.00000000
842.00000000 410.00000000 1.00000000 230.00000000
744.00000000 386.00000000 1.00000000 230.00000000
744.00000000 386.00000000 0.00000000 227.00000000
842.00000000 374.00000000 0.00000000 224.00000000
59.00000000 469.00000000 2.00000000 224.00000000
380.00000000 414.00000000 2.00000000 222.00000000
332.00000000 438.00000000 2.00000000 220.00000000
919.00000000 393.00000000 1.00000000 217.00000000
842.00000000 375.00000000 1.00000000 212.00000000
333.00000000 436.00000000 1.00000000 211.00000000
72.00000000 422.00000000 2.00000000 207.00000000
424.00000000 106.00000000 1.00000000 207.00000000
59.00000000 468.00000000 1.00000000 205.00000000
1063.00000000 161.00000000 2.00000000 204.00000000
380.00000000 414.00000000 1.00000000 202.00000000
1192.00000000 70.00000000 1.00000000 201.00000000
920.00000000 396.00000000 2.00000000 197.00000000
1079.00000000 644.00000000 1.00000000 186.00000000
791.00000000 391.00000000 1.00000000 184.00000000
1079.00000000 690.00000000 1.00000000 184.00000000
540.00000000 424.00000000 0.00000000 183.00000000
425.00000000 106.00000000 1.00000000 182.00000000
333.00000000 217.00000000 2.00000000 179.00000000
1029.00000000 164.00000000 5.00000000 178.00000000
1192.00000000 70.00000000 1.00000000 176.00000000
844.00000000 410.00000000 2.00000000 176.00000000
1080.00000000 646.00000000 2.00000000 173.00000000
724.00000000 407.00000000 1.00000000 173.00000000
743.00000000 386.00000000 1.00000000 172.00000000
111.00000000 756.00000000 1.00000000 170.00000000
380.00000000 413.00000000 1.00000000 170.00000000
1064.00000000 164.00000000 4.00000000 166.00000000
783.00000000 365.00000000 1.00000000 165.00000000
940.00000000 174.00000000 2.00000000 164.00000000
1079.00000000 691.00000000 1.00000000 164.00000000
792.00000000 391.00000000 1.00000000 162.00000000
73.00000000 420.00000000 1.00000000 161.00000000
323.00000000 370.00000000 1.00000000 160.00000000
678.00000000 410.00000000 1.00000000 158.00000000
1048.00000000 19.00000000 1.00000000 154.00000000
1079.00000000 690.00000000 0.00000000 152.00000000
1060.00000000 131.00000000 1.00000000 148.00000000
494.00000000 50.00000000 1.00000000 145.00000000
724.00000000 407.00000000 1.00000000 144.00000000
1059.00000000 132.00000000 1.00000000 142.00000000
1277.00000000 44.00000000 0.00000000 137.00000000
932.00000000 229.00000000 0.00000000 136.00000000
1079.00000000 646.00000000 1.00000000 135.00000000
760.00000000 367.00000000 1.00000000 134.00000000
933.00000000 230.00000000 1.00000000 133.00000000
1086.00000000 735.00000000 1.00000000 131.00000000
333.00000000 435.00000000 1.00000000 130.00000000
760.00000000 366.00000000 0.00000000 129.00000000
783.00000000 365.00000000 0.00000000 125.00000000
822.00000000 377.00000000 0.00000000 124.00000000
792.00000000 388.00000000 0.00000000 124.00000000
918.00000000 391.00000000 0.00000000 123.00000000
324.00000000 371.00000000 1.00000000 122.00000000
918.00000000 379.00000000 1.00000000 121.00000000
1020.00000000 324.00000000 1.00000000 119.00000000
738.00000000 416.00000000 0.00000000 119.00000000
739.00000000 416.00000000 1.00000000 117.00000000
337.00000000 296.00000000 0.00000000 117.00000000
577.00000000 221.00000000 1.00000000 116.00000000
851.00000000 221.00000000 1.00000000 116.00000000
851.00000000 220.00000000 0.00000000 115.00000000
678.00000000 409.00000000 0.00000000 115.00000000
851.00000000 241.00000000 1.00000000 115.00000000
1066.00000000 219.00000000 1.00000000 114.00000000
723.00000000 388.00000000 1.00000000 113.00000000
785.00000000 354.00000000 1.00000000 110.00000000
113.00000000 756.00000000 1.00000000 109.00000000
331.00000000 186.00000000 1.00000000 108.00000000
919.00000000 379.00000000 0.00000000 107.00000000
541.00000000 481.00000000 0.00000000 101.00000000
538.00000000 316.00000000 0.00000000 100.00000000
758.00000000 321.00000000 0.00000000 100.00000000
923.00000000 405.00000000 0.00000000 98.00000000
420.00000000 278.00000000 0.00000000 98.00000000
813.00000000 348.00000000 0.00000000 97.00000000
853.00000000 360.00000000 0.00000000 95.00000000
676.00000000 420.00000000 0.00000000 95.00000000
1218.00000000 181.00000000 0.00000000 95.00000000
782.00000000 383.00000000 0.00000000 95.00000000
1192.00000000 70.00000000 0.00000000 95.00000000
425.00000000 105.00000000 0.00000000 94.00000000
888.00000000 338.00000000 0.00000000 94.00000000
615.00000000 464.00000000 0.00000000 93.00000000
1059.00000000 131.00000000 0.00000000 93.00000000
434.00000000 275.00000000 0.00000000 92.00000000
722.00000000 388.00000000 0.00000000 92.00000000
380.00000000 413.00000000 0.00000000 91.00000000
393.00000000 283.00000000 0.00000000 91.00000000
758.00000000 315.00000000 0.00000000 90.00000000
577.00000000 221.00000000 0.00000000 90.00000000
494.00000000 50.00000000 0.00000000 88.00000000
1219.00000000 193.00000000 0.00000000 87.00000000
784.00000000 354.00000000 0.00000000 87.00000000
722.00000000 376.00000000 0.00000000 86.00000000
675.00000000 477.00000000 0.00000000 86.00000000
1185.00000000 457.00000000 0.00000000 86.00000000
957.00000000 387.00000000 0.00000000 86.00000000
1047.00000000 18.00000000 0.00000000 85.00000000
486.00000000 431.00000000 0.00000000 85.00000000
1222.00000000 220.00000000 0.00000000 82.00000000
1214.00000000 132.00000000 0.00000000 82.00000000
812.00000000 386.00000000 0.00000000 82.00000000
862.00000000 114.00000000 0.00000000 81.00000000
849.00000000 258.00000000 0.00000000 81.00000000
330.00000000 185.00000000 0.00000000 81.00000000
724.00000000 405.00000000 0.00000000 81.00000000
1011.00000000 428.00000000 0.00000000 81.00000000
498.00000000 62.00000000 0.00000000 80.00000000
683.00000000 317.00000000 0.00000000 80.00000000
732.00000000 371.00000000 0.00000000 80.00000000
1200.00000000 159.00000000 0.00000000 79.00000000
1062.00000000 168.00000000 0.00000000 78.00000000
1172.00000000 67.00000000 0.00000000 77.00000000
829.00000000 376.00000000 0.00000000 77.00000000
935.00000000 205.00000000 0.00000000 75.00000000
405.00000000 355.00000000 0.00000000 75.00000000
