626.00000000 328.00000000 2.00000000 324.00000000
1244.00000000 254.00000000 2.00000000 310.00000000
1244.00000000 254.00000000 2.00000000 310.00000000
626.00000000 328.00000000 1.00000000 300.00000000
625.00000000 328.00000000 2.00000000 289.00000000
1239.00000000 344.00000000 1.00000000 273.00000000
1240.00000000 343.00000000 1.00000000 255.00000000
592.00000000 309.00000000 1.00000000 245.00000000
1204.00000000 258.00000000 1.00000000 234.00000000
1240.00000000 344.00000000 0.00000000 228.00000000
551.00000000 339.00000000 1.00000000 226.00000000
155.00000000 173.00000000 1.00000000 219.00000000
1123.00000000 334.00000000 1.00000000 218.00000000
1058.00000000 337.00000000 1.00000000 217.00000000
1073.00000000 328.00000000 0.00000000 217.00000000
322.00000000 178.00000000 2.00000000 215.00000000
324.00000000 180.00000000 4.00000000 214.00000000
154.00000000 174.00000000 2.00000000 213.00000000
156.00000000 173.00000000 1.00000000 201.00000000
1080.00000000 315.00000000 1.00000000 201.00000000
1197.00000000 195.00000000 1.00000000 200.00000000
626.00000000 327.00000000 1.00000000 200.00000000
1178.00000000 345.00000000 0.00000000 199.00000000
624.00000000 332.00000000 4.00000000 198.00000000
1180.00000000 250.00000000 1.00000000 197.00000000
1267.00000000 257.00000000 1.00000000 195.00000000
1242.00000000 247.00000000 1.00000000 194.00000000
1197.00000000 195.00000000 1.00000000 193.00000000
850.00000000 339.00000000 0.00000000 190.00000000
552.00000000 340.00000000 2.00000000 188.00000000
96.00000000 220.00000000 5.00000000 182.00000000
851.00000000 340.00000000 1.00000000 181.00000000
1205.00000000 260.00000000 1.00000000 181.00000000
954.00000000 368.00000000 1.00000000 179.00000000
1245.00000000 257.00000000 1.00000000 178.00000000
638.00000000 253.00000000 0.00000000 178.00000000
1198.00000000 196.00000000 2.00000000 178.00000000
551.00000000 338.00000000 1.00000000 176.00000000
1122.00000000 333.00000000 0.00000000 174.00000000
1180.00000000 250.00000000 1.00000000 174.00000000
1073.00000000 328.00000000 1.00000000 174.00000000
616.00000000 224.00000000 1.00000000 172.00000000
592.00000000 309.00000000 0.00000000 169.00000000
152.00000000 175.00000000 2.00000000 166.00000000
1059.00000000 337.00000000 0.00000000 166.00000000
592.00000000 309.00000000 1.00000000 166.00000000
1178.00000000 346.00000000 1.00000000 165.00000000
257.00000000 342.00000000 1.00000000 161.00000000
954.00000000 367.00000000 0.00000000 159.00000000
497.00000000 110.00000000 1.00000000 159.00000000
271.00000000 210.00000000 1.00000000 157.00000000
1267.00000000 259.00000000 1.00000000 157.00000000
559.00000000 255.00000000 0.00000000 155.00000000
1080.00000000 314.00000000 2.00000000 154.00000000
856.00000000 239.00000000 1.00000000 154.00000000
126.00000000 158.00000000 1.00000000 153.00000000
150.00000000 242.00000000 1.00000000 150.00000000
1206.00000000 260.00000000 2.00000000 150.00000000
589.00000000 295.00000000 0.00000000 150.00000000
1242.00000000 246.00000000 0.00000000 149.00000000
1197.00000000 195.00000000 0.00000000 149.00000000
1057.00000000 336.00000000 1.00000000 148.00000000
498.00000000 112.00000000 2.00000000 146.00000000
256.00000000 209.00000000 1.00000000 145.00000000
1080.00000000 315.00000000 1.00000000 144.00000000
760.00000000 178.00000000 1.00000000 143.00000000
676.00000000 293.00000000 1.00000000 140.00000000
96.00000000 142.00000000 1.00000000 139.00000000
803.00000000 343.00000000 1.00000000 138.00000000
671.00000000 177.00000000 1.00000000 137.00000000
794.00000000 266.00000000 0.00000000 137.00000000
626.00000000 325.00000000 0.00000000 137.00000000
787.00000000 248.00000000 0.00000000 136.00000000
1180.00000000 250.00000000 0.00000000 136.00000000
1246.00000000 258.00000000 1.00000000 136.00000000
790.00000000 256.00000000 1.00000000 131.00000000
156.00000000 173.00000000 0.00000000 131.00000000
781.00000000 335.00000000 1.00000000 128.00000000
84.00000000 128.00000000 1.00000000 127.00000000
617.00000000 226.00000000 1.00000000 126.00000000
498.00000000 110.00000000 1.00000000 126.00000000
789.00000000 256.00000000 0.00000000 126.00000000
1267.00000000 259.00000000 0.00000000 126.00000000
781.00000000 335.00000000 0.00000000 122.00000000
856.00000000 239.00000000 0.00000000 118.00000000
126.00000000 158.00000000 0.00000000 117.00000000
272.00000000 209.00000000 0.00000000 115.00000000
671.00000000 176.00000000 0.00000000 113.00000000
830.00000000 298.00000000 0.00000000 110.00000000
551.00000000 336.00000000 0.00000000 109.00000000
1105.00000000 321.00000000 0.00000000 109.00000000
675.00000000 292.00000000 0.00000000 109.00000000
657.00000000 254.00000000 0.00000000 108.00000000
256.00000000 341.00000000 0.00000000 108.00000000
149.00000000 241.00000000 0.00000000 108.00000000
256.00000000 208.00000000 0.00000000 105.00000000
1205.00000000 260.00000000 0.00000000 105.00000000
96.00000000 141.00000000 0.00000000 104.00000000
249.00000000 350.00000000 0.00000000 103.00000000
620.00000000 256.00000000 0.00000000 100.00000000
851.00000000 371.00000000 0.00000000 100.00000000
671.00000000 301.00000000 0.00000000 97.00000000
1028.00000000 376.00000000 0.00000000 97.00000000
1037.00000000 387.00000000 0.00000000 97.00000000
839.00000000 332.00000000 0.00000000 96.00000000
12.00000000 363.00000000 0.00000000 95.00000000
828.00000000 280.00000000 0.00000000 92.00000000
1246.00000000 258.00000000 0.00000000 91.00000000
473.00000000 325.00000000 0.00000000 91.00000000
1250.00000000 335.00000000 0.00000000 91.00000000
675.00000000 253.00000000 0.00000000 91.00000000
833.00000000 306.00000000 0.00000000 91.00000000
836.00000000 343.00000000 0.00000000 90.00000000
84.00000000 128.00000000 0.00000000 90.00000000
533.00000000 318.00000000 0.00000000 89.00000000
760.00000000 177.00000000 0.00000000 87.00000000
93.00000000 295.00000000 0.00000000 87.00000000
1047.00000000 313.00000000 0.00000000 86.00000000
617.00000000 226.00000000 0.00000000 86.00000000
547.00000000 251.00000000 0.00000000 85.00000000
222.00000000 208.00000000 0.00000000 83.00000000
1055.00000000 347.00000000 0.00000000 82.00000000
651.00000000 304.00000000 0.00000000 82.00000000
688.00000000 321.00000000 0.00000000 81.00000000
429.00000000 253.00000000 0.00000000 81.00000000
1205.00000000 328.00000000 0.00000000 80.00000000
519.00000000 327.00000000 0.00000000 80.00000000
