179.00000000 35.00000000 0.00000000 475.00000000
176.00000000 18.00000000 0.00000000 465.00000000
837.00000000 208.00000000 1.00000000 424.00000000
837.00000000 207.00000000 0.00000000 409.00000000
147.00000000 21.00000000 0.00000000 402.00000000
888.00000000 218.00000000 0.00000000 379.00000000
140.00000000 300.00000000 1.00000000 378.00000000
887.00000000 220.00000000 1.00000000 366.00000000
43.00000000 97.00000000 0.00000000 339.00000000
180.00000000 36.00000000 1.00000000 338.00000000
835.00000000 209.00000000 1.00000000 338.00000000
60.00000000 100.00000000 0.00000000 336.00000000
140.00000000 299.00000000 0.00000000 331.00000000
147.00000000 22.00000000 1.00000000 327.00000000
128.00000000 26.00000000 0.00000000 322.00000000
176.00000000 19.00000000 1.00000000 319.00000000
45.00000000 111.00000000 0.00000000 311.00000000
140.00000000 299.00000000 1.00000000 302.00000000
108.00000000 41.00000000 0.00000000 279.00000000
129.00000000 27.00000000 1.00000000 276.00000000
188.00000000 55.00000000 0.00000000 263.00000000
45.00000000 112.00000000 1.00000000 259.00000000
942.00000000 222.00000000 1.00000000 258.00000000
886.00000000 220.00000000 1.00000000 257.00000000
941.00000000 234.00000000 0.00000000 250.00000000
179.00000000 36.00000000 1.00000000 245.00000000
941.00000000 235.00000000 1.00000000 242.00000000
83.00000000 55.00000000 0.00000000 236.00000000
108.00000000 42.00000000 1.00000000 236.00000000
890.00000000 204.00000000 0.00000000 234.00000000
223.00000000 38.00000000 0.00000000 230.00000000
138.00000000 300.00000000 2.00000000 226.00000000
45.00000000 79.00000000 0.00000000 226.00000000
14.00000000 97.00000000 0.00000000 221.00000000
140.00000000 76.00000000 1.00000000 220.00000000
147.00000000 22.00000000 1.00000000 212.00000000
84.00000000 64.00000000 0.00000000 211.00000000
140.00000000 76.00000000 0.00000000 208.00000000
44.00000000 98.00000000 1.00000000 206.00000000
942.00000000 221.00000000 0.00000000 206.00000000
84.00000000 88.00000000 0.00000000 204.00000000
285.00000000 12.00000000 0.00000000 203.00000000
83.00000000 56.00000000 1.00000000 201.00000000
836.00000000 210.00000000 2.00000000 199.00000000
137.00000000 41.00000000 0.00000000 199.00000000
223.00000000 39.00000000 1.00000000 199.00000000
61.00000000 100.00000000 1.00000000 196.00000000
188.00000000 55.00000000 1.00000000 193.00000000
627.00000000 381.00000000 0.00000000 190.00000000
243.00000000 31.00000000 0.00000000 190.00000000
244.00000000 31.00000000 1.00000000 189.00000000
105.00000000 96.00000000 0.00000000 189.00000000
84.00000000 89.00000000 1.00000000 181.00000000
128.00000000 28.00000000 1.00000000 176.00000000
172.00000000 66.00000000 0.00000000 174.00000000
890.00000000 192.00000000 1.00000000 173.00000000
940.00000000 210.00000000 2.00000000 172.00000000
890.00000000 192.00000000 0.00000000 171.00000000
45.00000000 80.00000000 1.00000000 171.00000000
951.00000000 197.00000000 1.00000000 168.00000000
95.00000000 33.00000000 0.00000000 167.00000000
393.00000000 558.00000000 1.00000000 163.00000000
144.00000000 37.00000000 0.00000000 162.00000000
937.00000000 272.00000000 0.00000000 155.00000000
107.00000000 42.00000000 1.00000000 154.00000000
116.00000000 88.00000000 1.00000000 154.00000000
940.00000000 207.00000000 1.00000000 152.00000000
188.00000000 55.00000000 1.00000000 152.00000000
243.00000000 31.00000000 1.00000000 152.00000000
838.00000000 220.00000000 0.00000000 149.00000000
57.00000000 69.00000000 0.00000000 149.00000000
627.00000000 381.00000000 1.00000000 147.00000000
394.00000000 558.00000000 2.00000000 146.00000000
581.00000000 420.00000000 1.00000000 146.00000000
117.00000000 19.00000000 0.00000000 145.00000000
487.00000000 441.00000000 0.00000000 145.00000000
105.00000000 97.00000000 1.00000000 145.00000000
172.00000000 66.00000000 1.00000000 144.00000000
22.00000000 98.00000000 0.00000000 143.00000000
393.00000000 558.00000000 1.00000000 142.00000000
581.00000000 419.00000000 0.00000000 142.00000000
886.00000000 222.00000000 2.00000000 142.00000000
94.00000000 98.00000000 1.00000000 141.00000000
10.00000000 171.00000000 0.00000000 141.00000000
77.00000000 108.00000000 0.00000000 140.00000000
180.00000000 36.00000000 2.00000000 138.00000000
84.00000000 65.00000000 1.00000000 137.00000000
205.00000000 50.00000000 0.00000000 137.00000000
95.00000000 35.00000000 1.00000000 137.00000000
331.00000000 553.00000000 1.00000000 137.00000000
116.00000000 87.00000000 0.00000000 135.00000000
94.00000000 98.00000000 0.00000000 135.00000000
953.00000000 193.00000000 0.00000000 133.00000000
135.00000000 302.00000000 2.00000000 132.00000000
85.00000000 107.00000000 0.00000000 131.00000000
222.00000000 38.00000000 1.00000000 130.00000000
949.00000000 184.00000000 0.00000000 129.00000000
104.00000000 78.00000000 0.00000000 129.00000000
393.00000000 560.00000000 2.00000000 127.00000000
64.00000000 55.00000000 0.00000000 126.00000000
175.00000000 21.00000000 1.00000000 126.00000000
517.00000000 149.00000000 2.00000000 125.00000000
330.00000000 552.00000000 0.00000000 122.00000000
96.00000000 74.00000000 0.00000000 121.00000000
43.00000000 97.00000000 1.00000000 118.00000000
393.00000000 557.00000000 0.00000000 118.00000000
518.00000000 148.00000000 2.00000000 115.00000000
888.00000000 192.00000000 1.00000000 114.00000000
128.00000000 86.00000000 0.00000000 114.00000000
798.00000000 219.00000000 0.00000000 112.00000000
374.00000000 436.00000000 2.00000000 111.00000000
941.00000000 223.00000000 1.00000000 109.00000000
943.00000000 205.00000000 0.00000000 107.00000000
845.00000000 203.00000000 0.00000000 102.00000000
834.00000000 212.00000000 2.00000000 102.00000000
958.00000000 178.00000000 0.00000000 100.00000000
635.00000000 365.00000000 0.00000000 99.00000000
19.00000000 82.00000000 0.00000000 96.00000000
651.00000000 350.00000000 0.00000000 94.00000000
28.00000000 93.00000000 0.00000000 88.00000000
940.00000000 242.00000000 0.00000000 86.00000000
77.00000000 45.00000000 0.00000000 84.00000000
240.00000000 243.00000000 0.00000000 83.00000000
666.00000000 341.00000000 0.00000000 82.00000000
400.00000000 368.00000000 4.00000000 72.00000000
408.00000000 300.00000000 4.00000000 63.00000000
118.00000000 390.00000000 5.00000000 56.00000000
