792.00000000 182.00000000 2.00000000 598.00000000
791.00000000 181.00000000 2.00000000 591.00000000
814.00000000 127.00000000 1.00000000 560.00000000
814.00000000 126.00000000 0.00000000 514.00000000
791.00000000 182.00000000 1.00000000 490.00000000
792.00000000 180.00000000 4.00000000 482.00000000
929.00000000 329.00000000 0.00000000 460.00000000
933.00000000 323.00000000 0.00000000 401.00000000
967.00000000 430.00000000 0.00000000 362.00000000
929.00000000 330.00000000 1.00000000 359.00000000
784.00000000 357.00000000 1.00000000 351.00000000
899.00000000 164.00000000 1.00000000 351.00000000
896.00000000 100.00000000 1.00000000 347.00000000
791.00000000 175.00000000 5.00000000 339.00000000
960.00000000 452.00000000 0.00000000 339.00000000
967.00000000 430.00000000 1.00000000 335.00000000
814.00000000 127.00000000 1.00000000 334.00000000
717.00000000 57.00000000 0.00000000 332.00000000
936.00000000 337.00000000 0.00000000 325.00000000
921.00000000 161.00000000 1.00000000 322.00000000
896.00000000 100.00000000 1.00000000 322.00000000
541.00000000 249.00000000 1.00000000 321.00000000
899.00000000 151.00000000 1.00000000 315.00000000
921.00000000 161.00000000 0.00000000 308.00000000
716.00000000 89.00000000 0.00000000 308.00000000
725.00000000 69.00000000 0.00000000 308.00000000
540.00000000 248.00000000 1.00000000 307.00000000
896.00000000 488.00000000 2.00000000 294.00000000
899.00000000 164.00000000 1.00000000 291.00000000
896.00000000 120.00000000 1.00000000 291.00000000
815.00000000 103.00000000 1.00000000 286.00000000
540.00000000 250.00000000 2.00000000 281.00000000
896.00000000 120.00000000 1.00000000 275.00000000
709.00000000 52.00000000 0.00000000 274.00000000
899.00000000 164.00000000 0.00000000 270.00000000
752.00000000 127.00000000 0.00000000 269.00000000
927.00000000 315.00000000 0.00000000 265.00000000
112.00000000 383.00000000 1.00000000 263.00000000
896.00000000 119.00000000 0.00000000 263.00000000
791.00000000 185.00000000 1.00000000 262.00000000
960.00000000 452.00000000 1.00000000 261.00000000
896.00000000 486.00000000 2.00000000 259.00000000
816.00000000 103.00000000 0.00000000 258.00000000
899.00000000 151.00000000 0.00000000 254.00000000
822.00000000 94.00000000 2.00000000 251.00000000
210.00000000 103.00000000 1.00000000 247.00000000
479.00000000 93.00000000 0.00000000 244.00000000
735.00000000 81.00000000 0.00000000 242.00000000
922.00000000 159.00000000 1.00000000 240.00000000
113.00000000 381.00000000 0.00000000 240.00000000
893.00000000 440.00000000 0.00000000 237.00000000
120.00000000 168.00000000 0.00000000 232.00000000
717.00000000 58.00000000 1.00000000 232.00000000
895.00000000 267.00000000 0.00000000 231.00000000
784.00000000 357.00000000 1.00000000 227.00000000
540.00000000 248.00000000 0.00000000 224.00000000
817.00000000 272.00000000 0.00000000 224.00000000
784.00000000 358.00000000 0.00000000 223.00000000
811.00000000 135.00000000 0.00000000 221.00000000
210.00000000 102.00000000 0.00000000 219.00000000
895.00000000 489.00000000 1.00000000 217.00000000
796.00000000 342.00000000 0.00000000 214.00000000
896.00000000 268.00000000 1.00000000 213.00000000
895.00000000 100.00000000 0.00000000 212.00000000
820.00000000 96.00000000 2.00000000 212.00000000
113.00000000 94.00000000 1.00000000 211.00000000
540.00000000 251.00000000 2.00000000 209.00000000
789.00000000 323.00000000 0.00000000 209.00000000
840.00000000 335.00000000 0.00000000 207.00000000
327.00000000 220.00000000 0.00000000 206.00000000
726.00000000 70.00000000 1.00000000 206.00000000
114.00000000 94.00000000 1.00000000 204.00000000
884.00000000 384.00000000 4.00000000 204.00000000
149.00000000 150.00000000 0.00000000 202.00000000
630.00000000 220.00000000 0.00000000 201.00000000
652.00000000 34.00000000 1.00000000 201.00000000
883.00000000 314.00000000 1.00000000 199.00000000
710.00000000 73.00000000 0.00000000 194.00000000
792.00000000 178.00000000 0.00000000 192.00000000
748.00000000 96.00000000 0.00000000 192.00000000
110.00000000 383.00000000 1.00000000 191.00000000
817.00000000 273.00000000 1.00000000 191.00000000
899.00000000 149.00000000 1.00000000 190.00000000
895.00000000 450.00000000 0.00000000 189.00000000
883.00000000 313.00000000 0.00000000 186.00000000
927.00000000 315.00000000 1.00000000 183.00000000
675.00000000 19.00000000 0.00000000 183.00000000
683.00000000 14.00000000 0.00000000 183.00000000
930.00000000 329.00000000 1.00000000 182.00000000
895.00000000 492.00000000 0.00000000 182.00000000
120.00000000 181.00000000 0.00000000 181.00000000
785.00000000 250.00000000 0.00000000 181.00000000
651.00000000 33.00000000 1.00000000 180.00000000
814.00000000 103.00000000 1.00000000 178.00000000
209.00000000 103.00000000 1.00000000 178.00000000
359.00000000 78.00000000 0.00000000 177.00000000
895.00000000 451.00000000 1.00000000 176.00000000
839.00000000 347.00000000 0.00000000 172.00000000
896.00000000 212.00000000 1.00000000 171.00000000
774.00000000 127.00000000 0.00000000 170.00000000
680.00000000 65.00000000 0.00000000 169.00000000
841.00000000 334.00000000 1.00000000 168.00000000
814.00000000 128.00000000 2.00000000 168.00000000
327.00000000 221.00000000 1.00000000 168.00000000
224.00000000 130.00000000 0.00000000 168.00000000
928.00000000 409.00000000 1.00000000 167.00000000
716.00000000 89.00000000 1.00000000 167.00000000
802.00000000 379.00000000 0.00000000 166.00000000
896.00000000 100.00000000 2.00000000 165.00000000
896.00000000 122.00000000 2.00000000 165.00000000
148.00000000 151.00000000 1.00000000 165.00000000
920.00000000 160.00000000 2.00000000 165.00000000
895.00000000 492.00000000 1.00000000 164.00000000
929.00000000 410.00000000 0.00000000 164.00000000
742.00000000 129.00000000 0.00000000 164.00000000
697.00000000 82.00000000 0.00000000 163.00000000
631.00000000 221.00000000 1.00000000 162.00000000
968.00000000 414.00000000 0.00000000 162.00000000
803.00000000 401.00000000 0.00000000 159.00000000
791.00000000 185.00000000 0.00000000 159.00000000
763.00000000 112.00000000 0.00000000 158.00000000
897.00000000 417.00000000 0.00000000 156.00000000
113.00000000 166.00000000 0.00000000 156.00000000
832.00000000 321.00000000 0.00000000 155.00000000
942.00000000 407.00000000 0.00000000 155.00000000
99.00000000 187.00000000 0.00000000 154.00000000
880.00000000 290.00000000 0.00000000 154.00000000
