491.00000000 291.00000000 1.00000000 624.00000000
500.00000000 352.00000000 4.00000000 610.00000000
308.00000000 329.00000000 0.00000000 609.00000000
497.00000000 347.00000000 2.00000000 596.00000000
491.00000000 290.00000000 0.00000000 578.00000000
500.00000000 346.00000000 2.00000000 536.00000000
188.00000000 419.00000000 1.00000000 522.00000000
497.00000000 350.00000000 5.00000000 516.00000000
308.00000000 330.00000000 1.00000000 509.00000000
188.00000000 419.00000000 0.00000000 483.00000000
309.00000000 663.00000000 1.00000000 479.00000000
527.00000000 865.00000000 1.00000000 479.00000000
490.00000000 291.00000000 1.00000000 477.00000000
188.00000000 420.00000000 1.00000000 464.00000000
500.00000000 343.00000000 1.00000000 455.00000000
610.00000000 453.00000000 1.00000000 453.00000000
364.00000000 813.00000000 0.00000000 429.00000000
526.00000000 864.00000000 0.00000000 425.00000000
610.00000000 453.00000000 1.00000000 408.00000000
309.00000000 662.00000000 0.00000000 400.00000000
308.00000000 663.00000000 1.00000000 383.00000000
197.00000000 186.00000000 0.00000000 382.00000000
198.00000000 205.00000000 0.00000000 377.00000000
501.00000000 343.00000000 1.00000000 376.00000000
490.00000000 292.00000000 2.00000000 375.00000000
164.00000000 410.00000000 1.00000000 375.00000000
612.00000000 456.00000000 2.00000000 372.00000000
415.00000000 516.00000000 0.00000000 367.00000000
188.00000000 395.00000000 1.00000000 363.00000000
180.00000000 407.00000000 1.00000000 357.00000000
492.00000000 484.00000000 4.00000000 356.00000000
365.00000000 832.00000000 0.00000000 355.00000000
161.00000000 379.00000000 1.00000000 354.00000000
308.00000000 330.00000000 1.00000000 348.00000000
189.00000000 497.00000000 2.00000000 347.00000000
159.00000000 362.00000000 0.00000000 345.00000000
492.00000000 483.00000000 2.00000000 341.00000000
164.00000000 410.00000000 0.00000000 341.00000000
431.00000000 548.00000000 1.00000000 339.00000000
190.00000000 498.00000000 2.00000000 336.00000000
431.00000000 546.00000000 0.00000000 333.00000000
188.00000000 395.00000000 0.00000000 333.00000000
318.00000000 680.00000000 2.00000000 332.00000000
148.00000000 413.00000000 1.00000000 328.00000000
188.00000000 420.00000000 2.00000000 327.00000000
489.00000000 294.00000000 2.00000000 319.00000000
168.00000000 268.00000000 1.00000000 315.00000000
527.00000000 865.00000000 1.00000000 313.00000000
318.00000000 678.00000000 1.00000000 312.00000000
470.00000000 516.00000000 0.00000000 304.00000000
494.00000000 548.00000000 0.00000000 304.00000000
319.00000000 677.00000000 1.00000000 304.00000000
180.00000000 406.00000000 0.00000000 302.00000000
494.00000000 549.00000000 1.00000000 301.00000000
184.00000000 373.00000000 0.00000000 301.00000000
161.00000000 379.00000000 0.00000000 301.00000000
236.00000000 765.00000000 0.00000000 296.00000000
416.00000000 517.00000000 1.00000000 295.00000000
364.00000000 813.00000000 1.00000000 294.00000000
490.00000000 480.00000000 2.00000000 294.00000000
416.00000000 530.00000000 1.00000000 292.00000000
165.00000000 233.00000000 1.00000000 291.00000000
165.00000000 232.00000000 1.00000000 291.00000000
147.00000000 413.00000000 0.00000000 290.00000000
315.00000000 407.00000000 1.00000000 289.00000000
365.00000000 832.00000000 1.00000000 287.00000000
330.00000000 625.00000000 0.00000000 286.00000000
197.00000000 186.00000000 1.00000000 285.00000000
234.00000000 524.00000000 0.00000000 282.00000000
132.00000000 248.00000000 1.00000000 281.00000000
524.00000000 210.00000000 1.00000000 274.00000000
524.00000000 210.00000000 2.00000000 274.00000000
429.00000000 550.00000000 1.00000000 273.00000000
190.00000000 497.00000000 1.00000000 272.00000000
427.00000000 479.00000000 0.00000000 271.00000000
314.00000000 406.00000000 0.00000000 270.00000000
539.00000000 562.00000000 1.00000000 270.00000000
186.00000000 395.00000000 1.00000000 269.00000000
540.00000000 586.00000000 1.00000000 266.00000000
234.00000000 525.00000000 1.00000000 264.00000000
610.00000000 452.00000000 0.00000000 260.00000000
210.00000000 638.00000000 0.00000000 260.00000000
168.00000000 268.00000000 1.00000000 260.00000000
318.00000000 676.00000000 0.00000000 259.00000000
427.00000000 480.00000000 1.00000000 259.00000000
161.00000000 553.00000000 1.00000000 258.00000000
504.00000000 317.00000000 1.00000000 256.00000000
145.00000000 277.00000000 0.00000000 252.00000000
538.00000000 562.00000000 1.00000000 250.00000000
156.00000000 272.00000000 0.00000000 249.00000000
490.00000000 477.00000000 1.00000000 248.00000000
538.00000000 561.00000000 0.00000000 245.00000000
504.00000000 317.00000000 0.00000000 245.00000000
184.00000000 374.00000000 1.00000000 244.00000000
490.00000000 479.00000000 1.00000000 242.00000000
347.00000000 624.00000000 0.00000000 241.00000000
307.00000000 726.00000000 0.00000000 236.00000000
132.00000000 247.00000000 0.00000000 236.00000000
490.00000000 476.00000000 0.00000000 233.00000000
528.00000000 928.00000000 0.00000000 225.00000000
284.00000000 528.00000000 0.00000000 224.00000000
135.00000000 281.00000000 0.00000000 217.00000000
540.00000000 585.00000000 0.00000000 216.00000000
489.00000000 909.00000000 0.00000000 215.00000000
168.00000000 267.00000000 0.00000000 212.00000000
335.00000000 148.00000000 0.00000000 208.00000000
344.00000000 893.00000000 0.00000000 205.00000000
360.00000000 857.00000000 0.00000000 205.00000000
501.00000000 343.00000000 0.00000000 198.00000000
415.00000000 529.00000000 0.00000000 195.00000000
526.00000000 212.00000000 0.00000000 188.00000000
453.00000000 88.00000000 0.00000000 187.00000000
482.00000000 320.00000000 0.00000000 183.00000000
193.00000000 557.00000000 0.00000000 182.00000000
516.00000000 721.00000000 0.00000000 182.00000000
168.00000000 423.00000000 0.00000000 181.00000000
422.00000000 725.00000000 0.00000000 179.00000000
193.00000000 490.00000000 0.00000000 179.00000000
152.00000000 426.00000000 0.00000000 175.00000000
164.00000000 231.00000000 0.00000000 172.00000000
182.00000000 292.00000000 0.00000000 171.00000000
449.00000000 732.00000000 0.00000000 169.00000000
432.00000000 883.00000000 0.00000000 165.00000000
275.00000000 388.00000000 0.00000000 159.00000000
161.00000000 553.00000000 0.00000000 159.00000000
282.00000000 736.00000000 0.00000000 158.00000000
260.00000000 523.00000000 0.00000000 158.00000000
