548.00000000 639.00000000 2.00000000 295.00000000
548.00000000 640.00000000 4.00000000 266.00000000
626.00000000 366.00000000 1.00000000 264.00000000
552.00000000 638.00000000 2.00000000 257.00000000
720.00000000 143.00000000 1.00000000 223.00000000
626.00000000 368.00000000 2.00000000 220.00000000
488.00000000 652.00000000 2.00000000 215.00000000
491.00000000 534.00000000 1.00000000 211.00000000
487.00000000 650.00000000 1.00000000 206.00000000
478.00000000 424.00000000 1.00000000 206.00000000
30.00000000 650.00000000 2.00000000 202.00000000
728.00000000 325.00000000 1.00000000 200.00000000
719.00000000 144.00000000 1.00000000 196.00000000
552.00000000 637.00000000 1.00000000 191.00000000
196.00000000 364.00000000 4.00000000 190.00000000
719.00000000 142.00000000 0.00000000 183.00000000
627.00000000 365.00000000 1.00000000 183.00000000
728.00000000 325.00000000 1.00000000 177.00000000
728.00000000 326.00000000 2.00000000 175.00000000
381.00000000 152.00000000 2.00000000 175.00000000
197.00000000 364.00000000 2.00000000 174.00000000
591.00000000 533.00000000 0.00000000 173.00000000
478.00000000 424.00000000 1.00000000 171.00000000
42.00000000 608.00000000 2.00000000 168.00000000
551.00000000 480.00000000 2.00000000 162.00000000
380.00000000 148.00000000 2.00000000 158.00000000
205.00000000 422.00000000 1.00000000 154.00000000
1258.00000000 510.00000000 2.00000000 153.00000000
490.00000000 533.00000000 1.00000000 150.00000000
192.00000000 362.00000000 5.00000000 149.00000000
91.00000000 738.00000000 1.00000000 148.00000000
463.00000000 214.00000000 1.00000000 148.00000000
356.00000000 147.00000000 1.00000000 146.00000000
1258.00000000 506.00000000 1.00000000 146.00000000
488.00000000 650.00000000 1.00000000 144.00000000
28.00000000 647.00000000 1.00000000 144.00000000
455.00000000 147.00000000 1.00000000 143.00000000
60.00000000 489.00000000 1.00000000 140.00000000
203.00000000 421.00000000 1.00000000 139.00000000
92.00000000 738.00000000 1.00000000 136.00000000
356.00000000 146.00000000 1.00000000 135.00000000
43.00000000 606.00000000 1.00000000 132.00000000
490.00000000 535.00000000 0.00000000 131.00000000
61.00000000 488.00000000 1.00000000 128.00000000
521.00000000 594.00000000 0.00000000 128.00000000
552.00000000 636.00000000 1.00000000 126.00000000
592.00000000 533.00000000 1.00000000 125.00000000
603.00000000 592.00000000 0.00000000 122.00000000
1264.00000000 490.00000000 1.00000000 122.00000000
161.00000000 433.00000000 1.00000000 118.00000000
603.00000000 593.00000000 1.00000000 118.00000000
558.00000000 145.00000000 1.00000000 118.00000000
729.00000000 323.00000000 0.00000000 118.00000000
523.00000000 612.00000000 1.00000000 118.00000000
572.00000000 528.00000000 0.00000000 117.00000000
381.00000000 146.00000000 1.00000000 116.00000000
506.00000000 237.00000000 1.00000000 115.00000000
456.00000000 146.00000000 1.00000000 114.00000000
1258.00000000 506.00000000 1.00000000 113.00000000
728.00000000 552.00000000 1.00000000 111.00000000
572.00000000 530.00000000 1.00000000 111.00000000
1263.00000000 490.00000000 0.00000000 111.00000000
31.00000000 652.00000000 1.00000000 111.00000000
733.00000000 341.00000000 1.00000000 109.00000000
521.00000000 595.00000000 1.00000000 106.00000000
21.00000000 625.00000000 1.00000000 106.00000000
497.00000000 461.00000000 1.00000000 106.00000000
542.00000000 227.00000000 1.00000000 105.00000000
529.00000000 227.00000000 1.00000000 104.00000000
584.00000000 528.00000000 0.00000000 104.00000000
205.00000000 421.00000000 0.00000000 102.00000000
627.00000000 364.00000000 0.00000000 101.00000000
143.00000000 432.00000000 1.00000000 100.00000000
553.00000000 533.00000000 0.00000000 99.00000000
464.00000000 215.00000000 1.00000000 98.00000000
381.00000000 145.00000000 0.00000000 96.00000000
478.00000000 423.00000000 0.00000000 94.00000000
433.00000000 530.00000000 0.00000000 94.00000000
356.00000000 145.00000000 0.00000000 89.00000000
545.00000000 528.00000000 0.00000000 89.00000000
506.00000000 236.00000000 0.00000000 84.00000000
586.00000000 591.00000000 0.00000000 83.00000000
93.00000000 738.00000000 0.00000000 83.00000000
529.00000000 226.00000000 0.00000000 83.00000000
610.00000000 528.00000000 0.00000000 83.00000000
31.00000000 652.00000000 0.00000000 82.00000000
456.00000000 144.00000000 0.00000000 82.00000000
754.00000000 574.00000000 0.00000000 82.00000000
559.00000000 144.00000000 0.00000000 81.00000000
142.00000000 431.00000000 0.00000000 81.00000000
60.00000000 488.00000000 0.00000000 81.00000000
745.00000000 654.00000000 0.00000000 79.00000000
808.00000000 492.00000000 0.00000000 78.00000000
219.00000000 431.00000000 0.00000000 78.00000000
554.00000000 596.00000000 0.00000000 78.00000000
21.00000000 625.00000000 0.00000000 78.00000000
498.00000000 476.00000000 0.00000000 77.00000000
497.00000000 460.00000000 0.00000000 77.00000000
1096.00000000 649.00000000 0.00000000 75.00000000
1141.00000000 801.00000000 0.00000000 74.00000000
533.00000000 528.00000000 0.00000000 72.00000000
552.00000000 635.00000000 0.00000000 71.00000000
733.00000000 340.00000000 0.00000000 71.00000000
304.00000000 668.00000000 0.00000000 71.00000000
474.00000000 596.00000000 0.00000000 71.00000000
464.00000000 371.00000000 0.00000000 70.00000000
630.00000000 480.00000000 0.00000000 70.00000000
412.00000000 144.00000000 0.00000000 70.00000000
161.00000000 432.00000000 0.00000000 70.00000000
489.00000000 649.00000000 0.00000000 69.00000000
728.00000000 551.00000000 0.00000000 69.00000000
434.00000000 538.00000000 0.00000000 68.00000000
1164.00000000 507.00000000 0.00000000 66.00000000
103.00000000 429.00000000 0.00000000 65.00000000
670.00000000 143.00000000 0.00000000 65.00000000
459.00000000 634.00000000 0.00000000 65.00000000
542.00000000 226.00000000 0.00000000 64.00000000
995.00000000 642.00000000 0.00000000 64.00000000
456.00000000 611.00000000 0.00000000 64.00000000
519.00000000 580.00000000 0.00000000 63.00000000
487.00000000 497.00000000 0.00000000 63.00000000
933.00000000 638.00000000 0.00000000 63.00000000
485.00000000 144.00000000 0.00000000 62.00000000
1151.00000000 777.00000000 0.00000000 62.00000000
694.00000000 314.00000000 0.00000000 61.00000000
553.00000000 641.00000000 0.00000000 61.00000000
345.00000000 499.00000000 0.00000000 61.00000000
