594.00000000 432.00000000 2.00000000 653.00000000
586.00000000 384.00000000 0.00000000 641.00000000
593.00000000 432.00000000 2.00000000 617.00000000
586.00000000 385.00000000 1.00000000 593.00000000
595.00000000 429.00000000 1.00000000 564.00000000
609.00000000 862.00000000 0.00000000 555.00000000
411.00000000 837.00000000 0.00000000 554.00000000
190.00000000 471.00000000 1.00000000 551.00000000
596.00000000 432.00000000 4.00000000 539.00000000
190.00000000 471.00000000 0.00000000 534.00000000
364.00000000 398.00000000 0.00000000 533.00000000
695.00000000 521.00000000 0.00000000 531.00000000
596.00000000 428.00000000 1.00000000 530.00000000
411.00000000 855.00000000 0.00000000 502.00000000
236.00000000 807.00000000 0.00000000 501.00000000
609.00000000 863.00000000 1.00000000 487.00000000
222.00000000 255.00000000 0.00000000 482.00000000
696.00000000 521.00000000 1.00000000 480.00000000
593.00000000 435.00000000 5.00000000 460.00000000
364.00000000 399.00000000 1.00000000 441.00000000
345.00000000 702.00000000 1.00000000 437.00000000
332.00000000 84.00000000 4.00000000 426.00000000
189.00000000 472.00000000 1.00000000 425.00000000
585.00000000 386.00000000 1.00000000 424.00000000
345.00000000 702.00000000 0.00000000 418.00000000
222.00000000 256.00000000 1.00000000 416.00000000
507.00000000 596.00000000 1.00000000 415.00000000
191.00000000 448.00000000 0.00000000 411.00000000
121.00000000 301.00000000 1.00000000 408.00000000
222.00000000 273.00000000 0.00000000 400.00000000
186.00000000 548.00000000 2.00000000 399.00000000
153.00000000 431.00000000 1.00000000 387.00000000
412.00000000 856.00000000 1.00000000 387.00000000
411.00000000 838.00000000 1.00000000 381.00000000
222.00000000 273.00000000 1.00000000 381.00000000
187.00000000 427.00000000 0.00000000 378.00000000
121.00000000 301.00000000 0.00000000 377.00000000
154.00000000 461.00000000 1.00000000 375.00000000
191.00000000 448.00000000 1.00000000 373.00000000
630.00000000 609.00000000 1.00000000 363.00000000
179.00000000 459.00000000 1.00000000 362.00000000
345.00000000 702.00000000 1.00000000 359.00000000
596.00000000 427.00000000 0.00000000 359.00000000
561.00000000 50.00000000 1.00000000 355.00000000
507.00000000 595.00000000 0.00000000 353.00000000
494.00000000 36.00000000 1.00000000 353.00000000
236.00000000 807.00000000 1.00000000 352.00000000
154.00000000 461.00000000 0.00000000 349.00000000
153.00000000 431.00000000 0.00000000 348.00000000
330.00000000 82.00000000 2.00000000 347.00000000
152.00000000 414.00000000 0.00000000 346.00000000
138.00000000 601.00000000 1.00000000 343.00000000
138.00000000 332.00000000 1.00000000 341.00000000
205.00000000 684.00000000 0.00000000 338.00000000
129.00000000 462.00000000 1.00000000 334.00000000
139.00000000 601.00000000 1.00000000 334.00000000
631.00000000 627.00000000 1.00000000 330.00000000
630.00000000 610.00000000 2.00000000 328.00000000
631.00000000 608.00000000 1.00000000 327.00000000
561.00000000 50.00000000 0.00000000 326.00000000
697.00000000 521.00000000 1.00000000 326.00000000
368.00000000 469.00000000 1.00000000 325.00000000
630.00000000 607.00000000 0.00000000 322.00000000
307.00000000 143.00000000 0.00000000 320.00000000
187.00000000 428.00000000 1.00000000 318.00000000
222.00000000 257.00000000 1.00000000 318.00000000
609.00000000 864.00000000 1.00000000 316.00000000
586.00000000 386.00000000 2.00000000 314.00000000
363.00000000 400.00000000 1.00000000 313.00000000
493.00000000 36.00000000 1.00000000 311.00000000
155.00000000 329.00000000 1.00000000 309.00000000
188.00000000 548.00000000 2.00000000 308.00000000
608.00000000 917.00000000 0.00000000 305.00000000
368.00000000 468.00000000 0.00000000 304.00000000
582.00000000 543.00000000 2.00000000 302.00000000
506.00000000 598.00000000 1.00000000 301.00000000
120.00000000 301.00000000 1.00000000 300.00000000
555.00000000 21.00000000 1.00000000 300.00000000
358.00000000 720.00000000 2.00000000 299.00000000
138.00000000 331.00000000 0.00000000 299.00000000
190.00000000 472.00000000 2.00000000 297.00000000
631.00000000 627.00000000 0.00000000 297.00000000
151.00000000 415.00000000 1.00000000 297.00000000
357.00000000 717.00000000 1.00000000 296.00000000
580.00000000 542.00000000 2.00000000 295.00000000
494.00000000 35.00000000 0.00000000 295.00000000
190.00000000 448.00000000 1.00000000 294.00000000
154.00000000 328.00000000 0.00000000 294.00000000
602.00000000 746.00000000 2.00000000 293.00000000
130.00000000 463.00000000 0.00000000 292.00000000
405.00000000 880.00000000 0.00000000 292.00000000
506.00000000 538.00000000 1.00000000 289.00000000
179.00000000 458.00000000 0.00000000 288.00000000
358.00000000 715.00000000 1.00000000 285.00000000
121.00000000 751.00000000 0.00000000 285.00000000
581.00000000 596.00000000 0.00000000 284.00000000
506.00000000 537.00000000 0.00000000 280.00000000
609.00000000 917.00000000 1.00000000 279.00000000
601.00000000 407.00000000 0.00000000 271.00000000
602.00000000 742.00000000 0.00000000 265.00000000
376.00000000 666.00000000 0.00000000 262.00000000
135.00000000 475.00000000 0.00000000 255.00000000
579.00000000 536.00000000 0.00000000 246.00000000
490.00000000 568.00000000 0.00000000 242.00000000
171.00000000 325.00000000 0.00000000 241.00000000
222.00000000 281.00000000 0.00000000 237.00000000
137.00000000 297.00000000 0.00000000 236.00000000
383.00000000 893.00000000 0.00000000 236.00000000
210.00000000 142.00000000 0.00000000 235.00000000
358.00000000 714.00000000 0.00000000 234.00000000
555.00000000 569.00000000 0.00000000 231.00000000
349.00000000 939.00000000 0.00000000 231.00000000
410.00000000 247.00000000 0.00000000 231.00000000
564.00000000 907.00000000 0.00000000 229.00000000
122.00000000 333.00000000 0.00000000 226.00000000
174.00000000 130.00000000 0.00000000 225.00000000
236.00000000 820.00000000 0.00000000 225.00000000
121.00000000 742.00000000 0.00000000 221.00000000
240.00000000 275.00000000 0.00000000 220.00000000
340.00000000 762.00000000 0.00000000 219.00000000
553.00000000 219.00000000 0.00000000 211.00000000
460.00000000 26.00000000 0.00000000 207.00000000
490.00000000 579.00000000 0.00000000 206.00000000
335.00000000 68.00000000 0.00000000 206.00000000
304.00000000 774.00000000 0.00000000 206.00000000
139.00000000 600.00000000 0.00000000 206.00000000
234.00000000 531.00000000 0.00000000 206.00000000
