118.00000000 316.00000000 5.00000000 357.00000000
1029.00000000 203.00000000 1.00000000 333.00000000
114.00000000 248.00000000 1.00000000 326.00000000
1029.00000000 203.00000000 1.00000000 309.00000000
118.00000000 308.00000000 2.00000000 309.00000000
120.00000000 308.00000000 2.00000000 299.00000000
116.00000000 312.00000000 4.00000000 296.00000000
100.00000000 372.00000000 4.00000000 293.00000000
892.00000000 951.00000000 1.00000000 287.00000000
113.00000000 248.00000000 1.00000000 285.00000000
113.00000000 247.00000000 0.00000000 276.00000000
652.00000000 45.00000000 0.00000000 266.00000000
121.00000000 308.00000000 1.00000000 251.00000000
582.00000000 82.00000000 0.00000000 249.00000000
1030.00000000 204.00000000 2.00000000 244.00000000
846.00000000 895.00000000 1.00000000 242.00000000
892.00000000 950.00000000 0.00000000 240.00000000
101.00000000 370.00000000 2.00000000 235.00000000
845.00000000 895.00000000 1.00000000 232.00000000
1112.00000000 866.00000000 2.00000000 230.00000000
567.00000000 75.00000000 0.00000000 219.00000000
870.00000000 920.00000000 2.00000000 219.00000000
229.00000000 268.00000000 2.00000000 217.00000000
599.00000000 46.00000000 0.00000000 216.00000000
1112.00000000 864.00000000 1.00000000 214.00000000
1086.00000000 233.00000000 0.00000000 206.00000000
1086.00000000 233.00000000 1.00000000 204.00000000
792.00000000 838.00000000 1.00000000 200.00000000
1238.00000000 715.00000000 1.00000000 200.00000000
1029.00000000 202.00000000 0.00000000 198.00000000
232.00000000 270.00000000 2.00000000 198.00000000
112.00000000 250.00000000 2.00000000 197.00000000
107.00000000 251.00000000 2.00000000 195.00000000
792.00000000 837.00000000 0.00000000 190.00000000
924.00000000 808.00000000 1.00000000 190.00000000
122.00000000 308.00000000 1.00000000 189.00000000
1010.00000000 866.00000000 0.00000000 186.00000000
820.00000000 318.00000000 2.00000000 184.00000000
1130.00000000 844.00000000 2.00000000 183.00000000
668.00000000 60.00000000 1.00000000 182.00000000
636.00000000 110.00000000 1.00000000 179.00000000
1086.00000000 234.00000000 1.00000000 179.00000000
449.00000000 660.00000000 0.00000000 179.00000000
596.00000000 74.00000000 0.00000000 179.00000000
1194.00000000 890.00000000 1.00000000 175.00000000
635.00000000 59.00000000 0.00000000 172.00000000
1097.00000000 270.00000000 0.00000000 172.00000000
1238.00000000 717.00000000 1.00000000 167.00000000
1139.00000000 921.00000000 1.00000000 167.00000000
1193.00000000 889.00000000 1.00000000 166.00000000
636.00000000 108.00000000 0.00000000 165.00000000
549.00000000 65.00000000 0.00000000 165.00000000
936.00000000 339.00000000 0.00000000 165.00000000
1238.00000000 714.00000000 0.00000000 164.00000000
233.00000000 272.00000000 1.00000000 163.00000000
899.00000000 469.00000000 1.00000000 163.00000000
947.00000000 752.00000000 0.00000000 163.00000000
947.00000000 752.00000000 1.00000000 161.00000000
1198.00000000 545.00000000 0.00000000 161.00000000
960.00000000 274.00000000 0.00000000 159.00000000
555.00000000 46.00000000 0.00000000 157.00000000
1242.00000000 741.00000000 1.00000000 155.00000000
839.00000000 720.00000000 1.00000000 153.00000000
1097.00000000 270.00000000 1.00000000 153.00000000
1128.00000000 842.00000000 1.00000000 152.00000000
1020.00000000 261.00000000 1.00000000 152.00000000
303.00000000 910.00000000 1.00000000 151.00000000
260.00000000 799.00000000 1.00000000 151.00000000
776.00000000 626.00000000 1.00000000 151.00000000
589.00000000 704.00000000 0.00000000 149.00000000
937.00000000 339.00000000 1.00000000 149.00000000
1041.00000000 282.00000000 1.00000000 148.00000000
615.00000000 88.00000000 0.00000000 148.00000000
1081.00000000 224.00000000 0.00000000 148.00000000
898.00000000 294.00000000 1.00000000 147.00000000
571.00000000 697.00000000 0.00000000 147.00000000
668.00000000 60.00000000 0.00000000 146.00000000
1010.00000000 866.00000000 1.00000000 146.00000000
603.00000000 82.00000000 0.00000000 146.00000000
925.00000000 809.00000000 1.00000000 145.00000000
1069.00000000 173.00000000 0.00000000 144.00000000
303.00000000 910.00000000 0.00000000 143.00000000
783.00000000 837.00000000 0.00000000 142.00000000
1242.00000000 741.00000000 0.00000000 141.00000000
562.00000000 65.00000000 0.00000000 141.00000000
579.00000000 95.00000000 0.00000000 139.00000000
869.00000000 919.00000000 1.00000000 139.00000000
222.00000000 853.00000000 0.00000000 138.00000000
608.00000000 722.00000000 0.00000000 138.00000000
1030.00000000 784.00000000 1.00000000 138.00000000
1126.00000000 926.00000000 1.00000000 137.00000000
775.00000000 625.00000000 0.00000000 137.00000000
255.00000000 898.00000000 0.00000000 137.00000000
825.00000000 427.00000000 1.00000000 136.00000000
557.00000000 53.00000000 0.00000000 135.00000000
233.00000000 273.00000000 1.00000000 135.00000000
1065.00000000 274.00000000 1.00000000 135.00000000
555.00000000 89.00000000 0.00000000 134.00000000
1139.00000000 922.00000000 1.00000000 134.00000000
1053.00000000 242.00000000 1.00000000 134.00000000
571.00000000 697.00000000 1.00000000 134.00000000
555.00000000 76.00000000 0.00000000 133.00000000
608.00000000 65.00000000 0.00000000 132.00000000
618.00000000 39.00000000 0.00000000 132.00000000
122.00000000 320.00000000 1.00000000 132.00000000
652.00000000 46.00000000 1.00000000 131.00000000
541.00000000 41.00000000 0.00000000 131.00000000
636.00000000 33.00000000 0.00000000 130.00000000
648.00000000 19.00000000 0.00000000 129.00000000
1164.00000000 587.00000000 0.00000000 128.00000000
123.00000000 309.00000000 0.00000000 128.00000000
597.00000000 19.00000000 0.00000000 127.00000000
960.00000000 231.00000000 0.00000000 125.00000000
746.00000000 723.00000000 0.00000000 122.00000000
627.00000000 67.00000000 0.00000000 121.00000000
1035.00000000 726.00000000 0.00000000 120.00000000
607.00000000 75.00000000 0.00000000 120.00000000
1040.00000000 144.00000000 0.00000000 118.00000000
562.00000000 19.00000000 0.00000000 118.00000000
846.00000000 895.00000000 0.00000000 117.00000000
1103.00000000 285.00000000 0.00000000 117.00000000
789.00000000 505.00000000 0.00000000 116.00000000
1070.00000000 188.00000000 0.00000000 116.00000000
1170.00000000 543.00000000 0.00000000 116.00000000
640.00000000 65.00000000 0.00000000 115.00000000
1028.00000000 221.00000000 0.00000000 115.00000000
1194.00000000 890.00000000 0.00000000 115.00000000
