875.00000000 657.00000000 1.00000000 635.00000000
417.00000000 586.00000000 1.00000000 633.00000000
506.00000000 212.00000000 1.00000000 612.00000000
844.00000000 622.00000000 1.00000000 611.00000000
783.00000000 427.00000000 1.00000000 599.00000000
817.00000000 713.00000000 1.00000000 590.00000000
507.00000000 211.00000000 1.00000000 585.00000000
417.00000000 585.00000000 0.00000000 576.00000000
586.00000000 379.00000000 0.00000000 575.00000000
833.00000000 643.00000000 1.00000000 569.00000000
506.00000000 214.00000000 2.00000000 562.00000000
550.00000000 493.00000000 0.00000000 553.00000000
830.00000000 666.00000000 1.00000000 551.00000000
784.00000000 436.00000000 4.00000000 546.00000000
743.00000000 726.00000000 2.00000000 545.00000000
783.00000000 427.00000000 1.00000000 536.00000000
830.00000000 666.00000000 0.00000000 536.00000000
875.00000000 656.00000000 0.00000000 536.00000000
823.00000000 687.00000000 1.00000000 534.00000000
806.00000000 674.00000000 0.00000000 529.00000000
587.00000000 381.00000000 1.00000000 528.00000000
13.00000000 316.00000000 0.00000000 526.00000000
817.00000000 712.00000000 0.00000000 525.00000000
744.00000000 721.00000000 1.00000000 516.00000000
1002.00000000 652.00000000 2.00000000 511.00000000
892.00000000 686.00000000 0.00000000 505.00000000
562.00000000 451.00000000 0.00000000 505.00000000
34.00000000 321.00000000 0.00000000 505.00000000
784.00000000 428.00000000 2.00000000 500.00000000
507.00000000 210.00000000 0.00000000 500.00000000
588.00000000 456.00000000 0.00000000 500.00000000
831.00000000 690.00000000 0.00000000 496.00000000
823.00000000 687.00000000 0.00000000 495.00000000
786.00000000 435.00000000 5.00000000 493.00000000
458.00000000 280.00000000 0.00000000 493.00000000
560.00000000 495.00000000 0.00000000 492.00000000
806.00000000 683.00000000 0.00000000 490.00000000
833.00000000 642.00000000 0.00000000 490.00000000
977.00000000 614.00000000 0.00000000 485.00000000
892.00000000 687.00000000 1.00000000 480.00000000
844.00000000 621.00000000 0.00000000 476.00000000
783.00000000 427.00000000 0.00000000 474.00000000
1001.00000000 656.00000000 2.00000000 470.00000000
743.00000000 722.00000000 1.00000000 465.00000000
592.00000000 546.00000000 2.00000000 465.00000000
847.00000000 672.00000000 1.00000000 463.00000000
1079.00000000 644.00000000 1.00000000 462.00000000
846.00000000 671.00000000 0.00000000 456.00000000
744.00000000 724.00000000 2.00000000 456.00000000
1002.00000000 651.00000000 1.00000000 455.00000000
535.00000000 626.00000000 0.00000000 455.00000000
858.00000000 721.00000000 0.00000000 453.00000000
667.00000000 535.00000000 1.00000000 445.00000000
783.00000000 429.00000000 2.00000000 441.00000000
1003.00000000 650.00000000 1.00000000 434.00000000
792.00000000 188.00000000 0.00000000 431.00000000
470.00000000 490.00000000 0.00000000 429.00000000
858.00000000 722.00000000 1.00000000 428.00000000
470.00000000 492.00000000 1.00000000 427.00000000
592.00000000 544.00000000 1.00000000 427.00000000
744.00000000 721.00000000 0.00000000 425.00000000
1079.00000000 643.00000000 1.00000000 424.00000000
424.00000000 278.00000000 0.00000000 421.00000000
506.00000000 214.00000000 2.00000000 416.00000000
299.00000000 121.00000000 1.00000000 413.00000000
471.00000000 473.00000000 0.00000000 412.00000000
755.00000000 27.00000000 1.00000000 411.00000000
102.00000000 548.00000000 0.00000000 411.00000000
603.00000000 217.00000000 0.00000000 409.00000000
300.00000000 121.00000000 1.00000000 408.00000000
977.00000000 615.00000000 1.00000000 407.00000000
999.00000000 415.00000000 1.00000000 406.00000000
593.00000000 544.00000000 1.00000000 405.00000000
917.00000000 670.00000000 1.00000000 405.00000000
1079.00000000 643.00000000 0.00000000 404.00000000
849.00000000 647.00000000 0.00000000 401.00000000
526.00000000 277.00000000 0.00000000 399.00000000
692.00000000 460.00000000 0.00000000 399.00000000
511.00000000 366.00000000 0.00000000 397.00000000
588.00000000 457.00000000 1.00000000 389.00000000
300.00000000 128.00000000 4.00000000 388.00000000
470.00000000 475.00000000 1.00000000 387.00000000
520.00000000 441.00000000 0.00000000 387.00000000
482.00000000 262.00000000 0.00000000 387.00000000
904.00000000 640.00000000 1.00000000 385.00000000
707.00000000 432.00000000 1.00000000 385.00000000
300.00000000 124.00000000 2.00000000 385.00000000
471.00000000 474.00000000 1.00000000 383.00000000
296.00000000 280.00000000 0.00000000 382.00000000
34.00000000 321.00000000 1.00000000 382.00000000
724.00000000 190.00000000 0.00000000 380.00000000
755.00000000 26.00000000 0.00000000 379.00000000
900.00000000 593.00000000 0.00000000 377.00000000
425.00000000 280.00000000 1.00000000 375.00000000
617.00000000 217.00000000 0.00000000 375.00000000
917.00000000 668.00000000 0.00000000 375.00000000
717.00000000 190.00000000 0.00000000 373.00000000
943.00000000 606.00000000 0.00000000 373.00000000
869.00000000 628.00000000 0.00000000 373.00000000
573.00000000 294.00000000 0.00000000 372.00000000
831.00000000 691.00000000 1.00000000 372.00000000
500.00000000 436.00000000 0.00000000 370.00000000
658.00000000 732.00000000 0.00000000 369.00000000
817.00000000 632.00000000 1.00000000 365.00000000
334.00000000 165.00000000 0.00000000 364.00000000
1003.00000000 649.00000000 0.00000000 362.00000000
963.00000000 451.00000000 0.00000000 362.00000000
1025.00000000 390.00000000 1.00000000 361.00000000
857.00000000 724.00000000 1.00000000 360.00000000
362.00000000 524.00000000 1.00000000 360.00000000
573.00000000 295.00000000 1.00000000 359.00000000
460.00000000 329.00000000 0.00000000 359.00000000
772.00000000 557.00000000 0.00000000 358.00000000
360.00000000 526.00000000 1.00000000 354.00000000
972.00000000 499.00000000 1.00000000 353.00000000
428.00000000 338.00000000 0.00000000 351.00000000
910.00000000 372.00000000 0.00000000 349.00000000
506.00000000 236.00000000 1.00000000 348.00000000
974.00000000 500.00000000 2.00000000 348.00000000
942.00000000 313.00000000 0.00000000 343.00000000
640.00000000 477.00000000 0.00000000 340.00000000
943.00000000 303.00000000 0.00000000 339.00000000
1002.00000000 343.00000000 0.00000000 337.00000000
593.00000000 543.00000000 0.00000000 337.00000000
469.00000000 493.00000000 1.00000000 336.00000000
1080.00000000 644.00000000 2.00000000 335.00000000
948.00000000 493.00000000 0.00000000 333.00000000
