128.00000000 204.00000000 4.00000000 345.00000000
130.00000000 202.00000000 2.00000000 323.00000000
1232.00000000 60.00000000 4.00000000 319.00000000
127.00000000 200.00000000 2.00000000 315.00000000
124.00000000 209.00000000 5.00000000 312.00000000
1227.00000000 56.00000000 2.00000000 311.00000000
135.00000000 152.00000000 0.00000000 303.00000000
1228.00000000 56.00000000 2.00000000 303.00000000
135.00000000 153.00000000 1.00000000 287.00000000
130.00000000 200.00000000 1.00000000 284.00000000
246.00000000 178.00000000 2.00000000 277.00000000
1227.00000000 53.00000000 1.00000000 273.00000000
243.00000000 175.00000000 2.00000000 273.00000000
1227.00000000 53.00000000 1.00000000 268.00000000
1020.00000000 187.00000000 1.00000000 254.00000000
1019.00000000 188.00000000 1.00000000 248.00000000
98.00000000 248.00000000 2.00000000 236.00000000
132.00000000 202.00000000 1.00000000 232.00000000
246.00000000 178.00000000 1.00000000 231.00000000
858.00000000 823.00000000 1.00000000 230.00000000
1226.00000000 52.00000000 0.00000000 222.00000000
1076.00000000 215.00000000 1.00000000 214.00000000
134.00000000 152.00000000 1.00000000 196.00000000
1020.00000000 190.00000000 2.00000000 191.00000000
822.00000000 266.00000000 2.00000000 190.00000000
551.00000000 588.00000000 1.00000000 188.00000000
218.00000000 791.00000000 1.00000000 187.00000000
102.00000000 252.00000000 2.00000000 186.00000000
420.00000000 540.00000000 0.00000000 185.00000000
1076.00000000 214.00000000 0.00000000 184.00000000
1020.00000000 186.00000000 0.00000000 182.00000000
916.00000000 892.00000000 1.00000000 182.00000000
189.00000000 661.00000000 1.00000000 181.00000000
938.00000000 625.00000000 1.00000000 181.00000000
916.00000000 891.00000000 1.00000000 178.00000000
828.00000000 358.00000000 1.00000000 177.00000000
130.00000000 212.00000000 1.00000000 173.00000000
1166.00000000 808.00000000 2.00000000 173.00000000
858.00000000 824.00000000 2.00000000 172.00000000
970.00000000 785.00000000 0.00000000 172.00000000
859.00000000 822.00000000 1.00000000 168.00000000
796.00000000 755.00000000 1.00000000 164.00000000
551.00000000 588.00000000 0.00000000 163.00000000
125.00000000 84.00000000 1.00000000 158.00000000
1069.00000000 725.00000000 1.00000000 157.00000000
1278.00000000 263.00000000 0.00000000 154.00000000
854.00000000 721.00000000 0.00000000 154.00000000
937.00000000 291.00000000 0.00000000 154.00000000
247.00000000 180.00000000 1.00000000 154.00000000
1094.00000000 784.00000000 0.00000000 153.00000000
993.00000000 724.00000000 0.00000000 152.00000000
133.00000000 202.00000000 0.00000000 151.00000000
420.00000000 541.00000000 1.00000000 149.00000000
828.00000000 357.00000000 1.00000000 149.00000000
970.00000000 785.00000000 1.00000000 143.00000000
796.00000000 755.00000000 0.00000000 143.00000000
189.00000000 661.00000000 1.00000000 142.00000000
1166.00000000 806.00000000 1.00000000 140.00000000
987.00000000 699.00000000 0.00000000 140.00000000
790.00000000 423.00000000 0.00000000 139.00000000
961.00000000 905.00000000 1.00000000 138.00000000
891.00000000 200.00000000 0.00000000 138.00000000
121.00000000 146.00000000 1.00000000 137.00000000
725.00000000 560.00000000 0.00000000 137.00000000
821.00000000 265.00000000 1.00000000 135.00000000
951.00000000 785.00000000 0.00000000 135.00000000
926.00000000 655.00000000 1.00000000 135.00000000
1069.00000000 724.00000000 0.00000000 134.00000000
218.00000000 791.00000000 0.00000000 134.00000000
1015.00000000 940.00000000 1.00000000 133.00000000
551.00000000 588.00000000 1.00000000 132.00000000
843.00000000 255.00000000 1.00000000 132.00000000
1076.00000000 214.00000000 1.00000000 131.00000000
130.00000000 212.00000000 0.00000000 131.00000000
587.00000000 515.00000000 1.00000000 131.00000000
565.00000000 56.00000000 1.00000000 131.00000000
217.00000000 791.00000000 1.00000000 131.00000000
121.00000000 146.00000000 0.00000000 131.00000000
915.00000000 890.00000000 0.00000000 131.00000000
572.00000000 613.00000000 0.00000000 130.00000000
1237.00000000 645.00000000 1.00000000 130.00000000
790.00000000 424.00000000 1.00000000 130.00000000
1044.00000000 654.00000000 1.00000000 127.00000000
828.00000000 358.00000000 0.00000000 127.00000000
927.00000000 655.00000000 0.00000000 126.00000000
1003.00000000 752.00000000 0.00000000 126.00000000
939.00000000 624.00000000 0.00000000 126.00000000
647.00000000 91.00000000 0.00000000 125.00000000
845.00000000 606.00000000 0.00000000 125.00000000
871.00000000 683.00000000 1.00000000 124.00000000
1125.00000000 639.00000000 1.00000000 124.00000000
848.00000000 633.00000000 1.00000000 122.00000000
1049.00000000 803.00000000 1.00000000 122.00000000
725.00000000 560.00000000 1.00000000 122.00000000
1125.00000000 639.00000000 0.00000000 121.00000000
871.00000000 683.00000000 0.00000000 118.00000000
164.00000000 773.00000000 0.00000000 117.00000000
1110.00000000 765.00000000 0.00000000 116.00000000
108.00000000 255.00000000 0.00000000 115.00000000
1033.00000000 690.00000000 0.00000000 111.00000000
896.00000000 673.00000000 0.00000000 111.00000000
992.00000000 705.00000000 0.00000000 111.00000000
586.00000000 516.00000000 0.00000000 109.00000000
1098.00000000 737.00000000 0.00000000 108.00000000
1096.00000000 800.00000000 0.00000000 108.00000000
777.00000000 535.00000000 0.00000000 108.00000000
794.00000000 400.00000000 0.00000000 107.00000000
942.00000000 662.00000000 0.00000000 107.00000000
944.00000000 671.00000000 0.00000000 107.00000000
436.00000000 619.00000000 0.00000000 106.00000000
956.00000000 584.00000000 0.00000000 105.00000000
464.00000000 774.00000000 0.00000000 105.00000000
1131.00000000 649.00000000 0.00000000 104.00000000
1120.00000000 647.00000000 0.00000000 104.00000000
620.00000000 606.00000000 0.00000000 103.00000000
1014.00000000 761.00000000 0.00000000 103.00000000
1011.00000000 646.00000000 0.00000000 101.00000000
1017.00000000 881.00000000 0.00000000 100.00000000
591.00000000 618.00000000 0.00000000 100.00000000
473.00000000 632.00000000 0.00000000 99.00000000
480.00000000 538.00000000 0.00000000 99.00000000
1231.00000000 628.00000000 0.00000000 98.00000000
848.00000000 632.00000000 0.00000000 98.00000000
744.00000000 629.00000000 0.00000000 98.00000000
516.00000000 612.00000000 0.00000000 97.00000000
359.00000000 644.00000000 0.00000000 97.00000000
985.00000000 804.00000000 0.00000000 97.00000000
