566.00000000 605.00000000 0.00000000 866.00000000
566.00000000 606.00000000 1.00000000 851.00000000
660.00000000 244.00000000 1.00000000 594.00000000
866.00000000 383.00000000 0.00000000 587.00000000
661.00000000 244.00000000 1.00000000 572.00000000
545.00000000 303.00000000 0.00000000 571.00000000
867.00000000 383.00000000 1.00000000 565.00000000
662.00000000 246.00000000 2.00000000 564.00000000
848.00000000 576.00000000 2.00000000 557.00000000
848.00000000 576.00000000 2.00000000 555.00000000
739.00000000 376.00000000 0.00000000 549.00000000
140.00000000 589.00000000 0.00000000 525.00000000
608.00000000 304.00000000 0.00000000 521.00000000
987.00000000 465.00000000 0.00000000 518.00000000
309.00000000 318.00000000 1.00000000 514.00000000
140.00000000 590.00000000 1.00000000 506.00000000
309.00000000 317.00000000 0.00000000 506.00000000
661.00000000 243.00000000 0.00000000 499.00000000
865.00000000 390.00000000 2.00000000 499.00000000
396.00000000 176.00000000 1.00000000 498.00000000
801.00000000 87.00000000 1.00000000 497.00000000
563.00000000 306.00000000 1.00000000 495.00000000
748.00000000 500.00000000 2.00000000 495.00000000
866.00000000 390.00000000 2.00000000 495.00000000
466.00000000 183.00000000 1.00000000 486.00000000
630.00000000 493.00000000 0.00000000 483.00000000
140.00000000 581.00000000 0.00000000 483.00000000
748.00000000 499.00000000 1.00000000 482.00000000
849.00000000 570.00000000 0.00000000 481.00000000
433.00000000 356.00000000 1.00000000 478.00000000
630.00000000 494.00000000 1.00000000 478.00000000
802.00000000 86.00000000 1.00000000 471.00000000
637.00000000 287.00000000 0.00000000 470.00000000
459.00000000 365.00000000 1.00000000 470.00000000
280.00000000 420.00000000 0.00000000 469.00000000
332.00000000 120.00000000 4.00000000 468.00000000
849.00000000 571.00000000 1.00000000 465.00000000
469.00000000 582.00000000 2.00000000 462.00000000
473.00000000 575.00000000 1.00000000 459.00000000
848.00000000 572.00000000 1.00000000 457.00000000
535.00000000 612.00000000 0.00000000 457.00000000
333.00000000 115.00000000 2.00000000 452.00000000
1023.00000000 283.00000000 1.00000000 452.00000000
333.00000000 114.00000000 1.00000000 451.00000000
802.00000000 88.00000000 2.00000000 450.00000000
802.00000000 85.00000000 0.00000000 449.00000000
562.00000000 304.00000000 0.00000000 446.00000000
328.00000000 341.00000000 0.00000000 446.00000000
468.00000000 584.00000000 4.00000000 446.00000000
866.00000000 384.00000000 1.00000000 445.00000000
547.00000000 696.00000000 0.00000000 444.00000000
334.00000000 116.00000000 2.00000000 441.00000000
748.00000000 498.00000000 1.00000000 439.00000000
475.00000000 574.00000000 1.00000000 431.00000000
822.00000000 395.00000000 0.00000000 428.00000000
1080.00000000 152.00000000 0.00000000 424.00000000
355.00000000 354.00000000 0.00000000 423.00000000
280.00000000 397.00000000 0.00000000 422.00000000
987.00000000 466.00000000 1.00000000 421.00000000
636.00000000 289.00000000 1.00000000 421.00000000
555.00000000 627.00000000 0.00000000 418.00000000
28.00000000 657.00000000 1.00000000 417.00000000
741.00000000 432.00000000 0.00000000 417.00000000
822.00000000 396.00000000 1.00000000 411.00000000
474.00000000 578.00000000 2.00000000 410.00000000
333.00000000 124.00000000 5.00000000 409.00000000
465.00000000 181.00000000 0.00000000 408.00000000
537.00000000 693.00000000 0.00000000 407.00000000
140.00000000 581.00000000 1.00000000 406.00000000
308.00000000 319.00000000 1.00000000 404.00000000
630.00000000 476.00000000 2.00000000 398.00000000
402.00000000 366.00000000 1.00000000 397.00000000
570.00000000 362.00000000 0.00000000 388.00000000
806.00000000 587.00000000 0.00000000 385.00000000
395.00000000 176.00000000 1.00000000 385.00000000
120.00000000 586.00000000 0.00000000 384.00000000
800.00000000 472.00000000 1.00000000 384.00000000
985.00000000 466.00000000 1.00000000 384.00000000
442.00000000 530.00000000 0.00000000 382.00000000
1023.00000000 282.00000000 0.00000000 379.00000000
726.00000000 311.00000000 0.00000000 373.00000000
575.00000000 391.00000000 0.00000000 373.00000000
333.00000000 316.00000000 1.00000000 372.00000000
101.00000000 169.00000000 0.00000000 371.00000000
448.00000000 595.00000000 0.00000000 371.00000000
334.00000000 114.00000000 1.00000000 369.00000000
333.00000000 315.00000000 0.00000000 369.00000000
415.00000000 342.00000000 0.00000000 368.00000000
570.00000000 362.00000000 1.00000000 368.00000000
291.00000000 422.00000000 1.00000000 366.00000000
661.00000000 265.00000000 1.00000000 365.00000000
1022.00000000 284.00000000 1.00000000 364.00000000
562.00000000 636.00000000 0.00000000 361.00000000
789.00000000 398.00000000 1.00000000 360.00000000
296.00000000 341.00000000 0.00000000 360.00000000
748.00000000 496.00000000 0.00000000 359.00000000
630.00000000 473.00000000 1.00000000 356.00000000
612.00000000 350.00000000 0.00000000 355.00000000
683.00000000 299.00000000 0.00000000 351.00000000
785.00000000 663.00000000 0.00000000 350.00000000
107.00000000 625.00000000 1.00000000 350.00000000
711.00000000 470.00000000 0.00000000 349.00000000
662.00000000 436.00000000 0.00000000 348.00000000
584.00000000 633.00000000 0.00000000 346.00000000
422.00000000 178.00000000 1.00000000 344.00000000
774.00000000 593.00000000 1.00000000 344.00000000
39.00000000 582.00000000 0.00000000 341.00000000
760.00000000 253.00000000 0.00000000 341.00000000
789.00000000 397.00000000 1.00000000 340.00000000
431.00000000 347.00000000 0.00000000 339.00000000
248.00000000 421.00000000 1.00000000 339.00000000
847.00000000 139.00000000 0.00000000 339.00000000
156.00000000 272.00000000 0.00000000 338.00000000
106.00000000 607.00000000 1.00000000 338.00000000
433.00000000 356.00000000 0.00000000 335.00000000
279.00000000 421.00000000 1.00000000 335.00000000
355.00000000 316.00000000 0.00000000 334.00000000
915.00000000 157.00000000 0.00000000 332.00000000
444.00000000 689.00000000 0.00000000 329.00000000
631.00000000 469.00000000 0.00000000 328.00000000
799.00000000 472.00000000 0.00000000 327.00000000
444.00000000 183.00000000 0.00000000 326.00000000
396.00000000 174.00000000 0.00000000 319.00000000
446.00000000 672.00000000 0.00000000 317.00000000
1011.00000000 450.00000000 0.00000000 309.00000000
475.00000000 573.00000000 0.00000000 308.00000000
557.00000000 519.00000000 0.00000000 305.00000000
