400.00000000 593.00000000 0.00000000 850.00000000
400.00000000 593.00000000 1.00000000 728.00000000
586.00000000 392.00000000 0.00000000 669.00000000
494.00000000 261.00000000 1.00000000 619.00000000
738.00000000 625.00000000 2.00000000 615.00000000
758.00000000 410.00000000 1.00000000 595.00000000
738.00000000 622.00000000 2.00000000 560.00000000
758.00000000 415.00000000 2.00000000 559.00000000
758.00000000 410.00000000 0.00000000 552.00000000
808.00000000 591.00000000 0.00000000 552.00000000
496.00000000 262.00000000 2.00000000 552.00000000
847.00000000 544.00000000 0.00000000 533.00000000
496.00000000 261.00000000 1.00000000 529.00000000
926.00000000 522.00000000 1.00000000 525.00000000
758.00000000 411.00000000 1.00000000 521.00000000
738.00000000 619.00000000 1.00000000 512.00000000
554.00000000 485.00000000 0.00000000 511.00000000
758.00000000 414.00000000 2.00000000 510.00000000
397.00000000 319.00000000 1.00000000 505.00000000
308.00000000 367.00000000 0.00000000 502.00000000
924.00000000 523.00000000 1.00000000 487.00000000
736.00000000 628.00000000 4.00000000 486.00000000
825.00000000 527.00000000 0.00000000 484.00000000
495.00000000 260.00000000 0.00000000 480.00000000
591.00000000 451.00000000 0.00000000 479.00000000
738.00000000 618.00000000 0.00000000 474.00000000
816.00000000 558.00000000 0.00000000 470.00000000
818.00000000 543.00000000 0.00000000 465.00000000
318.00000000 551.00000000 1.00000000 462.00000000
319.00000000 551.00000000 1.00000000 462.00000000
811.00000000 574.00000000 0.00000000 461.00000000
760.00000000 416.00000000 4.00000000 456.00000000
660.00000000 92.00000000 2.00000000 455.00000000
464.00000000 497.00000000 0.00000000 454.00000000
440.00000000 318.00000000 0.00000000 451.00000000
190.00000000 325.00000000 0.00000000 451.00000000
464.00000000 499.00000000 1.00000000 449.00000000
313.00000000 557.00000000 2.00000000 447.00000000
397.00000000 318.00000000 0.00000000 447.00000000
383.00000000 673.00000000 0.00000000 447.00000000
316.00000000 554.00000000 2.00000000 446.00000000
469.00000000 302.00000000 0.00000000 445.00000000
926.00000000 521.00000000 0.00000000 445.00000000
659.00000000 90.00000000 1.00000000 444.00000000
1131.00000000 111.00000000 0.00000000 444.00000000
381.00000000 316.00000000 0.00000000 441.00000000
736.00000000 620.00000000 1.00000000 439.00000000
659.00000000 93.00000000 2.00000000 437.00000000
497.00000000 446.00000000 0.00000000 437.00000000
598.00000000 520.00000000 1.00000000 434.00000000
598.00000000 522.00000000 2.00000000 433.00000000
667.00000000 500.00000000 1.00000000 432.00000000
659.00000000 90.00000000 1.00000000 431.00000000
206.00000000 166.00000000 1.00000000 429.00000000
980.00000000 296.00000000 1.00000000 428.00000000
206.00000000 168.00000000 2.00000000 423.00000000
599.00000000 519.00000000 1.00000000 416.00000000
257.00000000 212.00000000 1.00000000 413.00000000
308.00000000 368.00000000 1.00000000 413.00000000
659.00000000 89.00000000 0.00000000 410.00000000
469.00000000 303.00000000 1.00000000 406.00000000
506.00000000 388.00000000 0.00000000 406.00000000
980.00000000 298.00000000 2.00000000 402.00000000
828.00000000 559.00000000 0.00000000 401.00000000
968.00000000 506.00000000 0.00000000 401.00000000
917.00000000 387.00000000 1.00000000 401.00000000
207.00000000 166.00000000 1.00000000 399.00000000
286.00000000 359.00000000 0.00000000 396.00000000
535.00000000 484.00000000 0.00000000 395.00000000
519.00000000 448.00000000 0.00000000 392.00000000
741.00000000 627.00000000 5.00000000 391.00000000
649.00000000 703.00000000 1.00000000 391.00000000
313.00000000 212.00000000 0.00000000 391.00000000
564.00000000 450.00000000 0.00000000 385.00000000
257.00000000 211.00000000 0.00000000 385.00000000
390.00000000 610.00000000 0.00000000 382.00000000
463.00000000 480.00000000 1.00000000 380.00000000
409.00000000 396.00000000 0.00000000 377.00000000
294.00000000 507.00000000 0.00000000 377.00000000
1115.00000000 283.00000000 0.00000000 377.00000000
19.00000000 555.00000000 1.00000000 375.00000000
805.00000000 538.00000000 0.00000000 374.00000000
371.00000000 593.00000000 0.00000000 373.00000000
261.00000000 366.00000000 0.00000000 373.00000000
569.00000000 326.00000000 0.00000000 373.00000000
724.00000000 139.00000000 0.00000000 372.00000000
178.00000000 406.00000000 1.00000000 363.00000000
859.00000000 560.00000000 0.00000000 362.00000000
917.00000000 386.00000000 0.00000000 362.00000000
599.00000000 518.00000000 0.00000000 360.00000000
570.00000000 327.00000000 1.00000000 360.00000000
190.00000000 326.00000000 1.00000000 355.00000000
286.00000000 360.00000000 1.00000000 354.00000000
597.00000000 266.00000000 0.00000000 353.00000000
404.00000000 370.00000000 0.00000000 353.00000000
967.00000000 507.00000000 1.00000000 352.00000000
981.00000000 297.00000000 1.00000000 352.00000000
678.00000000 627.00000000 1.00000000 350.00000000
319.00000000 550.00000000 0.00000000 350.00000000
904.00000000 437.00000000 1.00000000 350.00000000
61.00000000 528.00000000 0.00000000 348.00000000
465.00000000 477.00000000 0.00000000 344.00000000
1131.00000000 111.00000000 1.00000000 343.00000000
495.00000000 280.00000000 1.00000000 343.00000000
214.00000000 588.00000000 1.00000000 342.00000000
207.00000000 323.00000000 0.00000000 341.00000000
520.00000000 313.00000000 0.00000000 340.00000000
404.00000000 370.00000000 1.00000000 338.00000000
610.00000000 267.00000000 0.00000000 338.00000000
837.00000000 589.00000000 0.00000000 335.00000000
685.00000000 442.00000000 0.00000000 331.00000000
544.00000000 596.00000000 0.00000000 329.00000000
169.00000000 404.00000000 0.00000000 329.00000000
564.00000000 485.00000000 0.00000000 327.00000000
874.00000000 545.00000000 0.00000000 321.00000000
666.00000000 648.00000000 0.00000000 320.00000000
607.00000000 489.00000000 0.00000000 319.00000000
213.00000000 588.00000000 1.00000000 317.00000000
314.00000000 213.00000000 1.00000000 317.00000000
1120.00000000 113.00000000 1.00000000 311.00000000
704.00000000 248.00000000 0.00000000 310.00000000
224.00000000 354.00000000 0.00000000 308.00000000
468.00000000 304.00000000 1.00000000 300.00000000
609.00000000 475.00000000 1.00000000 290.00000000
494.00000000 280.00000000 1.00000000 280.00000000
376.00000000 565.00000000 1.00000000 278.00000000
189.00000000 328.00000000 1.00000000 277.00000000
