275.00000000 34.00000000 0.00000000 329.00000000
361.00000000 21.00000000 0.00000000 311.00000000
446.00000000 10.00000000 0.00000000 302.00000000
173.00000000 296.00000000 1.00000000 300.00000000
927.00000000 220.00000000 5.00000000 288.00000000
313.00000000 25.00000000 0.00000000 282.00000000
361.00000000 22.00000000 1.00000000 281.00000000
174.00000000 298.00000000 2.00000000 275.00000000
78.00000000 950.00000000 1.00000000 273.00000000
172.00000000 304.00000000 4.00000000 262.00000000
282.00000000 35.00000000 0.00000000 259.00000000
263.00000000 21.00000000 0.00000000 256.00000000
175.00000000 296.00000000 1.00000000 253.00000000
172.00000000 299.00000000 2.00000000 251.00000000
336.00000000 23.00000000 0.00000000 249.00000000
263.00000000 21.00000000 1.00000000 246.00000000
292.00000000 33.00000000 0.00000000 243.00000000
394.00000000 19.00000000 0.00000000 237.00000000
347.00000000 26.00000000 0.00000000 234.00000000
79.00000000 949.00000000 0.00000000 232.00000000
156.00000000 344.00000000 2.00000000 229.00000000
155.00000000 342.00000000 2.00000000 228.00000000
420.00000000 12.00000000 0.00000000 227.00000000
337.00000000 23.00000000 1.00000000 222.00000000
928.00000000 220.00000000 4.00000000 216.00000000
427.00000000 14.00000000 0.00000000 215.00000000
385.00000000 21.00000000 0.00000000 214.00000000
250.00000000 946.00000000 0.00000000 214.00000000
314.00000000 26.00000000 1.00000000 210.00000000
395.00000000 20.00000000 1.00000000 209.00000000
257.00000000 38.00000000 0.00000000 208.00000000
879.00000000 333.00000000 2.00000000 206.00000000
173.00000000 255.00000000 0.00000000 206.00000000
174.00000000 256.00000000 1.00000000 205.00000000
249.00000000 953.00000000 0.00000000 203.00000000
1252.00000000 270.00000000 1.00000000 202.00000000
256.00000000 258.00000000 2.00000000 199.00000000
931.00000000 119.00000000 1.00000000 198.00000000
1252.00000000 270.00000000 1.00000000 197.00000000
362.00000000 22.00000000 1.00000000 192.00000000
275.00000000 34.00000000 1.00000000 188.00000000
930.00000000 120.00000000 1.00000000 188.00000000
438.00000000 13.00000000 0.00000000 186.00000000
222.00000000 44.00000000 0.00000000 182.00000000
254.00000000 257.00000000 2.00000000 176.00000000
816.00000000 790.00000000 1.00000000 174.00000000
175.00000000 296.00000000 0.00000000 173.00000000
463.00000000 10.00000000 0.00000000 170.00000000
768.00000000 736.00000000 1.00000000 170.00000000
1254.00000000 272.00000000 2.00000000 169.00000000
214.00000000 46.00000000 0.00000000 166.00000000
250.00000000 947.00000000 1.00000000 166.00000000
158.00000000 343.00000000 1.00000000 165.00000000
378.00000000 22.00000000 0.00000000 163.00000000
257.00000000 258.00000000 1.00000000 162.00000000
1257.00000000 288.00000000 1.00000000 162.00000000
1241.00000000 232.00000000 0.00000000 161.00000000
1242.00000000 233.00000000 1.00000000 161.00000000
961.00000000 79.00000000 1.00000000 161.00000000
1054.00000000 698.00000000 2.00000000 156.00000000
931.00000000 118.00000000 0.00000000 154.00000000
767.00000000 736.00000000 1.00000000 154.00000000
816.00000000 789.00000000 0.00000000 154.00000000
1258.00000000 288.00000000 1.00000000 151.00000000
306.00000000 32.00000000 0.00000000 151.00000000
1234.00000000 200.00000000 2.00000000 149.00000000
814.00000000 350.00000000 1.00000000 149.00000000
232.00000000 19.00000000 0.00000000 149.00000000
792.00000000 760.00000000 2.00000000 146.00000000
112.00000000 948.00000000 0.00000000 145.00000000
348.00000000 27.00000000 1.00000000 144.00000000
224.00000000 21.00000000 0.00000000 144.00000000
1070.00000000 676.00000000 2.00000000 143.00000000
1239.00000000 222.00000000 1.00000000 143.00000000
302.00000000 16.00000000 0.00000000 141.00000000
986.00000000 136.00000000 1.00000000 141.00000000
1252.00000000 269.00000000 0.00000000 141.00000000
1278.00000000 511.00000000 0.00000000 140.00000000
1053.00000000 697.00000000 1.00000000 140.00000000
1233.00000000 199.00000000 1.00000000 139.00000000
1238.00000000 222.00000000 0.00000000 138.00000000
960.00000000 78.00000000 0.00000000 133.00000000
116.00000000 956.00000000 0.00000000 132.00000000
816.00000000 790.00000000 1.00000000 131.00000000
411.00000000 12.00000000 0.00000000 129.00000000
250.00000000 41.00000000 0.00000000 128.00000000
190.00000000 31.00000000 0.00000000 128.00000000
428.00000000 15.00000000 1.00000000 127.00000000
1244.00000000 242.00000000 1.00000000 127.00000000
1090.00000000 756.00000000 1.00000000 126.00000000
1193.00000000 840.00000000 1.00000000 126.00000000
193.00000000 12.00000000 0.00000000 126.00000000
871.00000000 178.00000000 1.00000000 126.00000000
956.00000000 147.00000000 0.00000000 125.00000000
201.00000000 26.00000000 0.00000000 124.00000000
257.00000000 259.00000000 1.00000000 123.00000000
462.00000000 18.00000000 0.00000000 123.00000000
395.00000000 21.00000000 1.00000000 122.00000000
961.00000000 79.00000000 1.00000000 121.00000000
1232.00000000 198.00000000 1.00000000 120.00000000
1089.00000000 755.00000000 1.00000000 120.00000000
805.00000000 159.00000000 0.00000000 118.00000000
251.00000000 16.00000000 0.00000000 118.00000000
266.00000000 37.00000000 0.00000000 117.00000000
815.00000000 350.00000000 1.00000000 117.00000000
190.00000000 31.00000000 1.00000000 115.00000000
112.00000000 950.00000000 1.00000000 115.00000000
760.00000000 574.00000000 1.00000000 115.00000000
337.00000000 10.00000000 0.00000000 114.00000000
759.00000000 223.00000000 1.00000000 114.00000000
160.00000000 345.00000000 1.00000000 113.00000000
847.00000000 240.00000000 0.00000000 112.00000000
217.00000000 22.00000000 0.00000000 110.00000000
1278.00000000 477.00000000 0.00000000 108.00000000
306.00000000 40.00000000 0.00000000 108.00000000
287.00000000 17.00000000 0.00000000 107.00000000
767.00000000 736.00000000 0.00000000 106.00000000
871.00000000 178.00000000 0.00000000 105.00000000
78.00000000 956.00000000 0.00000000 104.00000000
446.00000000 19.00000000 0.00000000 103.00000000
183.00000000 941.00000000 0.00000000 103.00000000
1272.00000000 350.00000000 0.00000000 103.00000000
939.00000000 702.00000000 0.00000000 103.00000000
986.00000000 136.00000000 0.00000000 102.00000000
222.00000000 28.00000000 0.00000000 101.00000000
1247.00000000 251.00000000 0.00000000 100.00000000
1231.00000000 197.00000000 0.00000000 100.00000000
