971.00000000 891.00000000 1.00000000 880.00000000
659.00000000 1121.00000000 1.00000000 871.00000000
742.00000000 566.00000000 1.00000000 819.00000000
603.00000000 1279.00000000 1.00000000 777.00000000
619.00000000 565.00000000 1.00000000 730.00000000
660.00000000 1122.00000000 2.00000000 706.00000000
1035.00000000 707.00000000 1.00000000 682.00000000
603.00000000 1278.00000000 0.00000000 673.00000000
993.00000000 821.00000000 1.00000000 649.00000000
752.00000000 650.00000000 0.00000000 647.00000000
678.00000000 1291.00000000 1.00000000 647.00000000
902.00000000 819.00000000 1.00000000 644.00000000
742.00000000 566.00000000 0.00000000 641.00000000
752.00000000 651.00000000 1.00000000 628.00000000
678.00000000 1291.00000000 0.00000000 624.00000000
660.00000000 1122.00000000 1.00000000 622.00000000
1034.00000000 706.00000000 1.00000000 612.00000000
622.00000000 1286.00000000 1.00000000 612.00000000
598.00000000 1127.00000000 1.00000000 604.00000000
637.00000000 1160.00000000 1.00000000 602.00000000
905.00000000 652.00000000 0.00000000 593.00000000
877.00000000 702.00000000 1.00000000 575.00000000
156.00000000 794.00000000 0.00000000 572.00000000
619.00000000 564.00000000 0.00000000 572.00000000
641.00000000 1285.00000000 1.00000000 572.00000000
1360.00000000 732.00000000 1.00000000 567.00000000
854.00000000 455.00000000 2.00000000 565.00000000
159.00000000 752.00000000 1.00000000 562.00000000
1324.00000000 1144.00000000 4.00000000 562.00000000
856.00000000 456.00000000 4.00000000 559.00000000
971.00000000 890.00000000 0.00000000 556.00000000
129.00000000 729.00000000 0.00000000 548.00000000
835.00000000 651.00000000 1.00000000 546.00000000
685.00000000 994.00000000 0.00000000 540.00000000
854.00000000 452.00000000 2.00000000 536.00000000
835.00000000 650.00000000 0.00000000 531.00000000
258.00000000 588.00000000 0.00000000 529.00000000
935.00000000 890.00000000 1.00000000 524.00000000
1360.00000000 732.00000000 1.00000000 522.00000000
239.00000000 594.00000000 0.00000000 518.00000000
641.00000000 1284.00000000 0.00000000 517.00000000
1221.00000000 429.00000000 0.00000000 515.00000000
207.00000000 587.00000000 1.00000000 514.00000000
742.00000000 565.00000000 1.00000000 511.00000000
1043.00000000 821.00000000 1.00000000 507.00000000
678.00000000 724.00000000 1.00000000 505.00000000
860.00000000 818.00000000 1.00000000 504.00000000
206.00000000 588.00000000 1.00000000 495.00000000
622.00000000 1286.00000000 1.00000000 495.00000000
652.00000000 570.00000000 2.00000000 495.00000000
741.00000000 579.00000000 1.00000000 494.00000000
1325.00000000 1134.00000000 1.00000000 494.00000000
792.00000000 922.00000000 1.00000000 492.00000000
1326.00000000 1137.00000000 2.00000000 490.00000000
637.00000000 1159.00000000 0.00000000 489.00000000
719.00000000 1284.00000000 0.00000000 489.00000000
1326.00000000 1134.00000000 2.00000000 488.00000000
971.00000000 890.00000000 1.00000000 484.00000000
791.00000000 923.00000000 1.00000000 483.00000000
385.00000000 631.00000000 1.00000000 482.00000000
653.00000000 568.00000000 1.00000000 482.00000000
855.00000000 451.00000000 1.00000000 481.00000000
1070.00000000 819.00000000 0.00000000 479.00000000
384.00000000 630.00000000 0.00000000 478.00000000
1344.00000000 432.00000000 0.00000000 475.00000000
986.00000000 655.00000000 1.00000000 471.00000000
954.00000000 1112.00000000 1.00000000 471.00000000
1244.00000000 429.00000000 0.00000000 469.00000000
1172.00000000 124.00000000 1.00000000 469.00000000
1176.00000000 135.00000000 5.00000000 468.00000000
129.00000000 730.00000000 1.00000000 468.00000000
618.00000000 578.00000000 1.00000000 464.00000000
801.00000000 534.00000000 1.00000000 464.00000000
159.00000000 751.00000000 0.00000000 464.00000000
855.00000000 450.00000000 1.00000000 463.00000000
859.00000000 818.00000000 1.00000000 460.00000000
483.00000000 1046.00000000 2.00000000 459.00000000
690.00000000 1129.00000000 0.00000000 458.00000000
236.00000000 626.00000000 1.00000000 454.00000000
697.00000000 1164.00000000 0.00000000 452.00000000
598.00000000 1126.00000000 0.00000000 452.00000000
246.00000000 260.00000000 2.00000000 451.00000000
619.00000000 564.00000000 1.00000000 449.00000000
1043.00000000 461.00000000 0.00000000 448.00000000
636.00000000 1159.00000000 1.00000000 447.00000000
622.00000000 1284.00000000 0.00000000 447.00000000
465.00000000 644.00000000 0.00000000 443.00000000
429.00000000 957.00000000 0.00000000 443.00000000
1023.00000000 745.00000000 0.00000000 442.00000000
851.00000000 571.00000000 0.00000000 442.00000000
852.00000000 554.00000000 0.00000000 441.00000000
792.00000000 926.00000000 2.00000000 440.00000000
281.00000000 647.00000000 0.00000000 437.00000000
877.00000000 701.00000000 0.00000000 436.00000000
1041.00000000 474.00000000 0.00000000 434.00000000
861.00000000 886.00000000 0.00000000 433.00000000
992.00000000 820.00000000 0.00000000 432.00000000
670.00000000 1238.00000000 0.00000000 432.00000000
723.00000000 637.00000000 0.00000000 431.00000000
666.00000000 1180.00000000 0.00000000 427.00000000
207.00000000 586.00000000 0.00000000 427.00000000
1267.00000000 360.00000000 0.00000000 427.00000000
1160.00000000 1310.00000000 2.00000000 427.00000000
354.00000000 352.00000000 2.00000000 423.00000000
484.00000000 1044.00000000 2.00000000 422.00000000
679.00000000 1209.00000000 0.00000000 418.00000000
186.00000000 625.00000000 0.00000000 414.00000000
1327.00000000 427.00000000 0.00000000 412.00000000
954.00000000 1111.00000000 0.00000000 411.00000000
277.00000000 639.00000000 0.00000000 410.00000000
454.00000000 1269.00000000 0.00000000 407.00000000
792.00000000 921.00000000 0.00000000 406.00000000
854.00000000 449.00000000 0.00000000 404.00000000
692.00000000 1075.00000000 0.00000000 399.00000000
890.00000000 887.00000000 0.00000000 399.00000000
741.00000000 579.00000000 0.00000000 396.00000000
830.00000000 1011.00000000 0.00000000 395.00000000
615.00000000 1243.00000000 0.00000000 394.00000000
678.00000000 723.00000000 0.00000000 392.00000000
1172.00000000 123.00000000 0.00000000 391.00000000
244.00000000 583.00000000 0.00000000 390.00000000
1071.00000000 801.00000000 0.00000000 390.00000000
282.00000000 585.00000000 0.00000000 388.00000000
1117.00000000 429.00000000 0.00000000 385.00000000
236.00000000 626.00000000 0.00000000 385.00000000
179.00000000 762.00000000 0.00000000 384.00000000
834.00000000 755.00000000 0.00000000 383.00000000
