528.00000000 591.00000000 0.00000000 954.00000000
528.00000000 591.00000000 1.00000000 636.00000000
616.00000000 290.00000000 1.00000000 613.00000000
782.00000000 580.00000000 2.00000000 604.00000000
615.00000000 291.00000000 1.00000000 583.00000000
798.00000000 418.00000000 2.00000000 574.00000000
798.00000000 413.00000000 1.00000000 558.00000000
780.00000000 582.00000000 2.00000000 549.00000000
798.00000000 412.00000000 0.00000000 547.00000000
321.00000000 342.00000000 0.00000000 538.00000000
176.00000000 557.00000000 0.00000000 527.00000000
780.00000000 579.00000000 1.00000000 527.00000000
616.00000000 289.00000000 0.00000000 523.00000000
531.00000000 337.00000000 0.00000000 518.00000000
797.00000000 418.00000000 2.00000000 513.00000000
906.00000000 488.00000000 0.00000000 509.00000000
84.00000000 608.00000000 1.00000000 508.00000000
178.00000000 760.00000000 1.00000000 506.00000000
688.00000000 509.00000000 1.00000000 502.00000000
176.00000000 550.00000000 0.00000000 495.00000000
797.00000000 414.00000000 1.00000000 488.00000000
616.00000000 292.00000000 2.00000000 487.00000000
739.00000000 162.00000000 1.00000000 486.00000000
740.00000000 161.00000000 1.00000000 483.00000000
531.00000000 339.00000000 1.00000000 479.00000000
84.00000000 607.00000000 1.00000000 469.00000000
690.00000000 508.00000000 1.00000000 462.00000000
346.00000000 182.00000000 2.00000000 459.00000000
84.00000000 610.00000000 2.00000000 458.00000000
450.00000000 561.00000000 1.00000000 455.00000000
178.00000000 761.00000000 1.00000000 454.00000000
452.00000000 235.00000000 0.00000000 453.00000000
396.00000000 230.00000000 1.00000000 452.00000000
444.00000000 568.00000000 2.00000000 451.00000000
449.00000000 561.00000000 1.00000000 450.00000000
782.00000000 576.00000000 0.00000000 448.00000000
586.00000000 498.00000000 0.00000000 445.00000000
345.00000000 183.00000000 2.00000000 445.00000000
594.00000000 325.00000000 0.00000000 444.00000000
906.00000000 489.00000000 1.00000000 444.00000000
741.00000000 160.00000000 0.00000000 443.00000000
346.00000000 181.00000000 1.00000000 443.00000000
742.00000000 164.00000000 2.00000000 440.00000000
320.00000000 343.00000000 1.00000000 433.00000000
347.00000000 180.00000000 1.00000000 429.00000000
690.00000000 510.00000000 2.00000000 425.00000000
421.00000000 376.00000000 0.00000000 424.00000000
448.00000000 564.00000000 2.00000000 421.00000000
585.00000000 499.00000000 1.00000000 418.00000000
344.00000000 188.00000000 4.00000000 417.00000000
938.00000000 331.00000000 1.00000000 416.00000000
421.00000000 377.00000000 1.00000000 416.00000000
758.00000000 422.00000000 0.00000000 416.00000000
782.00000000 577.00000000 1.00000000 413.00000000
443.00000000 385.00000000 1.00000000 411.00000000
395.00000000 229.00000000 0.00000000 409.00000000
736.00000000 487.00000000 0.00000000 405.00000000
509.00000000 668.00000000 0.00000000 402.00000000
131.00000000 16.00000000 0.00000000 401.00000000
722.00000000 654.00000000 0.00000000 400.00000000
47.00000000 28.00000000 0.00000000 398.00000000
939.00000000 330.00000000 0.00000000 396.00000000
1113.00000000 444.00000000 1.00000000 394.00000000
690.00000000 506.00000000 0.00000000 394.00000000
594.00000000 326.00000000 1.00000000 393.00000000
780.00000000 584.00000000 4.00000000 390.00000000
905.00000000 490.00000000 1.00000000 381.00000000
424.00000000 521.00000000 0.00000000 378.00000000
585.00000000 482.00000000 1.00000000 378.00000000
442.00000000 383.00000000 0.00000000 373.00000000
683.00000000 402.00000000 0.00000000 371.00000000
742.00000000 589.00000000 0.00000000 368.00000000
340.00000000 340.00000000 0.00000000 368.00000000
1009.00000000 519.00000000 1.00000000 368.00000000
178.00000000 760.00000000 0.00000000 365.00000000
1113.00000000 443.00000000 0.00000000 365.00000000
450.00000000 560.00000000 0.00000000 362.00000000
1107.00000000 492.00000000 0.00000000 359.00000000
616.00000000 307.00000000 1.00000000 359.00000000
937.00000000 330.00000000 1.00000000 357.00000000
294.00000000 424.00000000 0.00000000 357.00000000
121.00000000 44.00000000 0.00000000 356.00000000
1139.00000000 602.00000000 0.00000000 354.00000000
395.00000000 383.00000000 0.00000000 354.00000000
148.00000000 584.00000000 1.00000000 354.00000000
161.00000000 554.00000000 0.00000000 353.00000000
453.00000000 236.00000000 1.00000000 352.00000000
757.00000000 422.00000000 1.00000000 351.00000000
536.00000000 385.00000000 0.00000000 350.00000000
1145.00000000 424.00000000 1.00000000 348.00000000
295.00000000 405.00000000 0.00000000 346.00000000
303.00000000 425.00000000 1.00000000 344.00000000
713.00000000 592.00000000 1.00000000 343.00000000
148.00000000 570.00000000 1.00000000 343.00000000
268.00000000 423.00000000 1.00000000 342.00000000
1145.00000000 423.00000000 0.00000000 341.00000000
536.00000000 385.00000000 1.00000000 339.00000000
277.00000000 350.00000000 5.00000000 338.00000000
501.00000000 595.00000000 0.00000000 337.00000000
335.00000000 362.00000000 0.00000000 337.00000000
337.00000000 613.00000000 1.00000000 336.00000000
321.00000000 343.00000000 1.00000000 333.00000000
396.00000000 216.00000000 1.00000000 332.00000000
540.00000000 409.00000000 0.00000000 330.00000000
592.00000000 328.00000000 1.00000000 329.00000000
162.00000000 220.00000000 0.00000000 328.00000000
74.00000000 18.00000000 0.00000000 323.00000000
1013.00000000 390.00000000 1.00000000 321.00000000
994.00000000 219.00000000 0.00000000 321.00000000
685.00000000 451.00000000 0.00000000 318.00000000
839.00000000 222.00000000 0.00000000 315.00000000
727.00000000 422.00000000 0.00000000 312.00000000
895.00000000 428.00000000 0.00000000 309.00000000
713.00000000 592.00000000 0.00000000 308.00000000
148.00000000 569.00000000 0.00000000 308.00000000
672.00000000 347.00000000 0.00000000 305.00000000
268.00000000 422.00000000 0.00000000 304.00000000
615.00000000 306.00000000 0.00000000 304.00000000
569.00000000 338.00000000 0.00000000 301.00000000
193.00000000 12.00000000 0.00000000 301.00000000
518.00000000 608.00000000 0.00000000 300.00000000
417.00000000 231.00000000 0.00000000 297.00000000
347.00000000 179.00000000 0.00000000 297.00000000
424.00000000 642.00000000 0.00000000 296.00000000
357.00000000 371.00000000 0.00000000 295.00000000
704.00000000 500.00000000 0.00000000 293.00000000
781.00000000 205.00000000 0.00000000 293.00000000
