77.00000000 12.00000000 0.00000000 365.00000000
748.00000000 440.00000000 4.00000000 351.00000000
746.00000000 441.00000000 5.00000000 328.00000000
64.00000000 380.00000000 4.00000000 320.00000000
80.00000000 324.00000000 2.00000000 304.00000000
80.00000000 325.00000000 1.00000000 289.00000000
67.00000000 376.00000000 2.00000000 288.00000000
746.00000000 435.00000000 2.00000000 283.00000000
77.00000000 277.00000000 0.00000000 282.00000000
62.00000000 947.00000000 1.00000000 276.00000000
77.00000000 277.00000000 1.00000000 269.00000000
79.00000000 325.00000000 2.00000000 263.00000000
827.00000000 171.00000000 1.00000000 259.00000000
183.00000000 12.00000000 0.00000000 257.00000000
103.00000000 12.00000000 0.00000000 253.00000000
1142.00000000 407.00000000 1.00000000 249.00000000
62.00000000 946.00000000 0.00000000 243.00000000
1142.00000000 406.00000000 1.00000000 238.00000000
82.00000000 325.00000000 1.00000000 230.00000000
70.00000000 378.00000000 2.00000000 226.00000000
828.00000000 170.00000000 1.00000000 214.00000000
1144.00000000 408.00000000 2.00000000 211.00000000
74.00000000 278.00000000 1.00000000 209.00000000
826.00000000 172.00000000 2.00000000 204.00000000
60.00000000 946.00000000 1.00000000 202.00000000
127.00000000 22.00000000 0.00000000 198.00000000
644.00000000 900.00000000 1.00000000 197.00000000
607.00000000 844.00000000 1.00000000 193.00000000
149.00000000 288.00000000 2.00000000 193.00000000
746.00000000 434.00000000 2.00000000 189.00000000
82.00000000 325.00000000 0.00000000 187.00000000
885.00000000 197.00000000 1.00000000 186.00000000
75.00000000 33.00000000 0.00000000 185.00000000
866.00000000 114.00000000 2.00000000 183.00000000
644.00000000 900.00000000 0.00000000 183.00000000
1146.00000000 578.00000000 1.00000000 182.00000000
1141.00000000 356.00000000 1.00000000 180.00000000
74.00000000 280.00000000 2.00000000 175.00000000
1140.00000000 312.00000000 2.00000000 174.00000000
1139.00000000 311.00000000 1.00000000 172.00000000
115.00000000 24.00000000 0.00000000 170.00000000
1141.00000000 369.00000000 1.00000000 167.00000000
825.00000000 188.00000000 0.00000000 165.00000000
692.00000000 210.00000000 1.00000000 164.00000000
1151.00000000 777.00000000 1.00000000 160.00000000
639.00000000 287.00000000 1.00000000 157.00000000
895.00000000 236.00000000 0.00000000 156.00000000
1141.00000000 382.00000000 1.00000000 154.00000000
890.00000000 187.00000000 0.00000000 154.00000000
868.00000000 115.00000000 1.00000000 152.00000000
692.00000000 210.00000000 0.00000000 152.00000000
880.00000000 176.00000000 1.00000000 150.00000000
1141.00000000 356.00000000 0.00000000 150.00000000
1146.00000000 577.00000000 0.00000000 149.00000000
1138.00000000 227.00000000 1.00000000 149.00000000
1141.00000000 405.00000000 0.00000000 148.00000000
681.00000000 448.00000000 1.00000000 148.00000000
875.00000000 160.00000000 0.00000000 148.00000000
758.00000000 240.00000000 1.00000000 148.00000000
1139.00000000 311.00000000 1.00000000 147.00000000
886.00000000 197.00000000 0.00000000 146.00000000
1151.00000000 777.00000000 1.00000000 146.00000000
168.00000000 14.00000000 0.00000000 146.00000000
640.00000000 286.00000000 1.00000000 145.00000000
861.00000000 845.00000000 1.00000000 145.00000000
946.00000000 883.00000000 1.00000000 144.00000000
1141.00000000 370.00000000 1.00000000 144.00000000
885.00000000 198.00000000 1.00000000 144.00000000
1100.00000000 678.00000000 1.00000000 143.00000000
885.00000000 907.00000000 1.00000000 142.00000000
872.00000000 150.00000000 0.00000000 142.00000000
96.00000000 14.00000000 0.00000000 142.00000000
758.00000000 241.00000000 1.00000000 142.00000000
744.00000000 859.00000000 0.00000000 139.00000000
897.00000000 209.00000000 0.00000000 138.00000000
761.00000000 703.00000000 1.00000000 134.00000000
691.00000000 275.00000000 0.00000000 134.00000000
611.00000000 686.00000000 1.00000000 134.00000000
1011.00000000 709.00000000 1.00000000 134.00000000
691.00000000 275.00000000 1.00000000 133.00000000
870.00000000 910.00000000 1.00000000 133.00000000
1152.00000000 809.00000000 1.00000000 132.00000000
607.00000000 844.00000000 0.00000000 131.00000000
850.00000000 210.00000000 0.00000000 130.00000000
726.00000000 318.00000000 0.00000000 130.00000000
828.00000000 168.00000000 0.00000000 130.00000000
180.00000000 336.00000000 1.00000000 129.00000000
881.00000000 176.00000000 0.00000000 129.00000000
1141.00000000 381.00000000 0.00000000 129.00000000
744.00000000 859.00000000 1.00000000 129.00000000
825.00000000 189.00000000 1.00000000 129.00000000
850.00000000 210.00000000 1.00000000 128.00000000
1143.00000000 445.00000000 1.00000000 127.00000000
868.00000000 115.00000000 1.00000000 124.00000000
135.00000000 26.00000000 0.00000000 122.00000000
1141.00000000 367.00000000 0.00000000 119.00000000
759.00000000 835.00000000 0.00000000 118.00000000
894.00000000 230.00000000 0.00000000 117.00000000
859.00000000 96.00000000 0.00000000 114.00000000
493.00000000 62.00000000 0.00000000 113.00000000
868.00000000 114.00000000 0.00000000 112.00000000
611.00000000 685.00000000 0.00000000 112.00000000
90.00000000 956.00000000 0.00000000 112.00000000
707.00000000 721.00000000 0.00000000 111.00000000
201.00000000 355.00000000 0.00000000 111.00000000
86.00000000 949.00000000 0.00000000 110.00000000
417.00000000 107.00000000 0.00000000 110.00000000
1139.00000000 309.00000000 0.00000000 109.00000000
816.00000000 224.00000000 0.00000000 109.00000000
854.00000000 221.00000000 0.00000000 108.00000000
190.00000000 10.00000000 0.00000000 107.00000000
70.00000000 218.00000000 0.00000000 107.00000000
563.00000000 788.00000000 0.00000000 107.00000000
856.00000000 231.00000000 0.00000000 107.00000000
1014.00000000 736.00000000 0.00000000 106.00000000
882.00000000 188.00000000 0.00000000 105.00000000
463.00000000 113.00000000 0.00000000 105.00000000
898.00000000 248.00000000 0.00000000 104.00000000
1011.00000000 708.00000000 0.00000000 103.00000000
682.00000000 269.00000000 0.00000000 103.00000000
821.00000000 241.00000000 0.00000000 102.00000000
675.00000000 277.00000000 0.00000000 102.00000000
872.00000000 134.00000000 0.00000000 101.00000000
94.00000000 26.00000000 0.00000000 101.00000000
870.00000000 910.00000000 0.00000000 101.00000000
760.00000000 702.00000000 0.00000000 101.00000000
758.00000000 241.00000000 0.00000000 101.00000000
