1131.00000000 130.00000000 5.00000000 420.00000000
1128.00000000 128.00000000 4.00000000 404.00000000
1128.00000000 122.00000000 1.00000000 400.00000000
1128.00000000 124.00000000 2.00000000 387.00000000
1128.00000000 123.00000000 1.00000000 383.00000000
809.00000000 34.00000000 0.00000000 379.00000000
1128.00000000 124.00000000 2.00000000 370.00000000
928.00000000 452.00000000 4.00000000 345.00000000
260.00000000 228.00000000 1.00000000 344.00000000
765.00000000 26.00000000 0.00000000 342.00000000
968.00000000 259.00000000 1.00000000 336.00000000
666.00000000 22.00000000 0.00000000 336.00000000
968.00000000 258.00000000 0.00000000 328.00000000
924.00000000 449.00000000 2.00000000 327.00000000
721.00000000 14.00000000 0.00000000 325.00000000
1128.00000000 120.00000000 0.00000000 322.00000000
757.00000000 18.00000000 0.00000000 318.00000000
709.00000000 12.00000000 0.00000000 314.00000000
694.00000000 26.00000000 0.00000000 297.00000000
260.00000000 227.00000000 1.00000000 283.00000000
260.00000000 226.00000000 0.00000000 277.00000000
1092.00000000 45.00000000 0.00000000 268.00000000
265.00000000 282.00000000 2.00000000 258.00000000
810.00000000 35.00000000 1.00000000 256.00000000
924.00000000 448.00000000 2.00000000 254.00000000
875.00000000 818.00000000 0.00000000 252.00000000
266.00000000 282.00000000 2.00000000 246.00000000
968.00000000 260.00000000 1.00000000 241.00000000
1096.00000000 41.00000000 1.00000000 241.00000000
757.00000000 19.00000000 1.00000000 232.00000000
722.00000000 15.00000000 1.00000000 232.00000000
676.00000000 12.00000000 0.00000000 231.00000000
796.00000000 45.00000000 0.00000000 228.00000000
1147.00000000 384.00000000 1.00000000 227.00000000
1093.00000000 45.00000000 1.00000000 223.00000000
844.00000000 778.00000000 1.00000000 222.00000000
710.00000000 29.00000000 0.00000000 221.00000000
1005.00000000 286.00000000 0.00000000 220.00000000
1005.00000000 286.00000000 1.00000000 220.00000000
1170.00000000 688.00000000 2.00000000 216.00000000
844.00000000 777.00000000 0.00000000 215.00000000
1018.00000000 749.00000000 1.00000000 214.00000000
251.00000000 339.00000000 2.00000000 213.00000000
796.00000000 37.00000000 0.00000000 212.00000000
1018.00000000 749.00000000 1.00000000 210.00000000
656.00000000 20.00000000 0.00000000 208.00000000
806.00000000 45.00000000 0.00000000 207.00000000
1152.00000000 444.00000000 1.00000000 206.00000000
267.00000000 282.00000000 1.00000000 205.00000000
1153.00000000 459.00000000 1.00000000 203.00000000
1148.00000000 384.00000000 1.00000000 201.00000000
694.00000000 26.00000000 1.00000000 201.00000000
1185.00000000 832.00000000 1.00000000 197.00000000
826.00000000 336.00000000 2.00000000 195.00000000
1151.00000000 444.00000000 0.00000000 195.00000000
875.00000000 818.00000000 1.00000000 194.00000000
1028.00000000 733.00000000 1.00000000 193.00000000
1085.00000000 844.00000000 1.00000000 192.00000000
671.00000000 11.00000000 0.00000000 192.00000000
258.00000000 230.00000000 2.00000000 191.00000000
923.00000000 445.00000000 1.00000000 190.00000000
1069.00000000 767.00000000 1.00000000 190.00000000
1098.00000000 40.00000000 2.00000000 189.00000000
1153.00000000 458.00000000 0.00000000 184.00000000
1028.00000000 733.00000000 1.00000000 184.00000000
1184.00000000 834.00000000 1.00000000 184.00000000
1147.00000000 383.00000000 0.00000000 182.00000000
640.00000000 15.00000000 0.00000000 181.00000000
1144.00000000 330.00000000 1.00000000 179.00000000
1069.00000000 767.00000000 0.00000000 178.00000000
1084.00000000 844.00000000 0.00000000 177.00000000
859.00000000 794.00000000 1.00000000 176.00000000
765.00000000 27.00000000 1.00000000 174.00000000
667.00000000 22.00000000 1.00000000 173.00000000
1001.00000000 269.00000000 0.00000000 172.00000000
1148.00000000 386.00000000 2.00000000 172.00000000
825.00000000 336.00000000 1.00000000 170.00000000
1155.00000000 506.00000000 1.00000000 170.00000000
1149.00000000 412.00000000 0.00000000 168.00000000
1144.00000000 330.00000000 1.00000000 167.00000000
761.00000000 595.00000000 0.00000000 166.00000000
269.00000000 283.00000000 1.00000000 161.00000000
839.00000000 646.00000000 0.00000000 159.00000000
1169.00000000 685.00000000 1.00000000 159.00000000
1097.00000000 843.00000000 1.00000000 159.00000000
1035.00000000 790.00000000 0.00000000 156.00000000
667.00000000 21.00000000 1.00000000 156.00000000
877.00000000 270.00000000 0.00000000 154.00000000
1169.00000000 681.00000000 1.00000000 153.00000000
880.00000000 456.00000000 1.00000000 152.00000000
1184.00000000 835.00000000 0.00000000 151.00000000
897.00000000 712.00000000 1.00000000 149.00000000
906.00000000 357.00000000 0.00000000 149.00000000
1152.00000000 445.00000000 1.00000000 147.00000000
842.00000000 323.00000000 0.00000000 146.00000000
879.00000000 321.00000000 0.00000000 145.00000000
966.00000000 692.00000000 0.00000000 143.00000000
1142.00000000 313.00000000 0.00000000 143.00000000
1144.00000000 329.00000000 0.00000000 142.00000000
923.00000000 445.00000000 1.00000000 142.00000000
690.00000000 111.00000000 0.00000000 142.00000000
807.00000000 736.00000000 0.00000000 142.00000000
1001.00000000 270.00000000 1.00000000 142.00000000
1096.00000000 644.00000000 1.00000000 141.00000000
1139.00000000 618.00000000 0.00000000 141.00000000
925.00000000 302.00000000 1.00000000 138.00000000
1157.00000000 552.00000000 0.00000000 138.00000000
373.00000000 759.00000000 0.00000000 137.00000000
738.00000000 34.00000000 0.00000000 137.00000000
1018.00000000 748.00000000 0.00000000 136.00000000
1168.00000000 680.00000000 0.00000000 136.00000000
922.00000000 309.00000000 0.00000000 135.00000000
659.00000000 620.00000000 0.00000000 135.00000000
984.00000000 290.00000000 0.00000000 133.00000000
975.00000000 216.00000000 0.00000000 132.00000000
1028.00000000 733.00000000 0.00000000 131.00000000
1026.00000000 793.00000000 0.00000000 131.00000000
715.00000000 115.00000000 0.00000000 131.00000000
638.00000000 118.00000000 0.00000000 129.00000000
752.00000000 38.00000000 0.00000000 129.00000000
1072.00000000 519.00000000 0.00000000 128.00000000
1096.00000000 642.00000000 0.00000000 128.00000000
1096.00000000 843.00000000 0.00000000 127.00000000
654.00000000 726.00000000 0.00000000 124.00000000
1155.00000000 504.00000000 0.00000000 123.00000000
709.00000000 21.00000000 0.00000000 123.00000000
647.00000000 628.00000000 0.00000000 122.00000000
