1004.00000000 488.00000000 4.00000000 481.00000000
1001.00000000 483.00000000 2.00000000 451.00000000
1094.00000000 246.00000000 1.00000000 378.00000000
1002.00000000 482.00000000 2.00000000 364.00000000
1006.00000000 486.00000000 5.00000000 329.00000000
1094.00000000 246.00000000 1.00000000 321.00000000
1278.00000000 40.00000000 0.00000000 319.00000000
1095.00000000 245.00000000 0.00000000 305.00000000
1258.00000000 455.00000000 1.00000000 298.00000000
1257.00000000 454.00000000 0.00000000 297.00000000
1269.00000000 385.00000000 1.00000000 281.00000000
206.00000000 301.00000000 1.00000000 278.00000000
1001.00000000 479.00000000 1.00000000 256.00000000
220.00000000 372.00000000 4.00000000 251.00000000
677.00000000 47.00000000 0.00000000 248.00000000
1269.00000000 384.00000000 0.00000000 247.00000000
220.00000000 370.00000000 2.00000000 243.00000000
1268.00000000 386.00000000 1.00000000 243.00000000
206.00000000 302.00000000 2.00000000 242.00000000
208.00000000 300.00000000 1.00000000 241.00000000
864.00000000 824.00000000 0.00000000 233.00000000
980.00000000 271.00000000 0.00000000 232.00000000
997.00000000 378.00000000 0.00000000 230.00000000
897.00000000 462.00000000 1.00000000 229.00000000
1244.00000000 521.00000000 1.00000000 226.00000000
224.00000000 372.00000000 2.00000000 224.00000000
1255.00000000 471.00000000 1.00000000 222.00000000
906.00000000 358.00000000 2.00000000 222.00000000
1258.00000000 455.00000000 1.00000000 218.00000000
1129.00000000 197.00000000 1.00000000 217.00000000
878.00000000 838.00000000 1.00000000 217.00000000
1212.00000000 706.00000000 2.00000000 214.00000000
905.00000000 359.00000000 2.00000000 212.00000000
927.00000000 344.00000000 1.00000000 211.00000000
1131.00000000 257.00000000 1.00000000 207.00000000
1264.00000000 419.00000000 0.00000000 203.00000000
898.00000000 462.00000000 1.00000000 202.00000000
802.00000000 76.00000000 1.00000000 201.00000000
927.00000000 343.00000000 1.00000000 200.00000000
847.00000000 810.00000000 1.00000000 198.00000000
878.00000000 837.00000000 1.00000000 198.00000000
1032.00000000 307.00000000 1.00000000 196.00000000
890.00000000 857.00000000 0.00000000 195.00000000
864.00000000 824.00000000 1.00000000 195.00000000
347.00000000 325.00000000 2.00000000 192.00000000
1132.00000000 277.00000000 0.00000000 192.00000000
1093.00000000 789.00000000 0.00000000 190.00000000
1093.00000000 790.00000000 1.00000000 190.00000000
700.00000000 91.00000000 0.00000000 189.00000000
1262.00000000 428.00000000 0.00000000 187.00000000
1032.00000000 306.00000000 1.00000000 183.00000000
981.00000000 271.00000000 1.00000000 183.00000000
1094.00000000 857.00000000 1.00000000 182.00000000
1132.00000000 277.00000000 1.00000000 182.00000000
1244.00000000 521.00000000 0.00000000 182.00000000
1081.00000000 280.00000000 1.00000000 182.00000000
948.00000000 496.00000000 1.00000000 181.00000000
787.00000000 57.00000000 0.00000000 181.00000000
876.00000000 701.00000000 0.00000000 181.00000000
881.00000000 586.00000000 1.00000000 181.00000000
224.00000000 370.00000000 1.00000000 180.00000000
1057.00000000 763.00000000 1.00000000 178.00000000
897.00000000 461.00000000 0.00000000 176.00000000
1130.00000000 198.00000000 2.00000000 175.00000000
1255.00000000 471.00000000 0.00000000 175.00000000
1278.00000000 264.00000000 0.00000000 175.00000000
765.00000000 133.00000000 0.00000000 175.00000000
1094.00000000 248.00000000 2.00000000 173.00000000
1211.00000000 704.00000000 1.00000000 173.00000000
998.00000000 378.00000000 1.00000000 172.00000000
715.00000000 100.00000000 0.00000000 169.00000000
846.00000000 809.00000000 1.00000000 169.00000000
949.00000000 496.00000000 1.00000000 168.00000000
1106.00000000 854.00000000 1.00000000 168.00000000
973.00000000 335.00000000 0.00000000 167.00000000
1080.00000000 280.00000000 2.00000000 165.00000000
1129.00000000 242.00000000 1.00000000 165.00000000
802.00000000 75.00000000 0.00000000 164.00000000
736.00000000 100.00000000 0.00000000 164.00000000
677.00000000 47.00000000 1.00000000 163.00000000
1000.00000000 478.00000000 1.00000000 163.00000000
1147.00000000 670.00000000 1.00000000 162.00000000
766.00000000 23.00000000 1.00000000 162.00000000
1093.00000000 857.00000000 0.00000000 161.00000000
1147.00000000 668.00000000 0.00000000 160.00000000
766.00000000 134.00000000 1.00000000 160.00000000
799.00000000 659.00000000 0.00000000 159.00000000
1225.00000000 626.00000000 1.00000000 159.00000000
1264.00000000 419.00000000 1.00000000 158.00000000
688.00000000 108.00000000 0.00000000 158.00000000
1278.00000000 253.00000000 0.00000000 157.00000000
1131.00000000 257.00000000 0.00000000 157.00000000
876.00000000 702.00000000 1.00000000 157.00000000
1081.00000000 280.00000000 1.00000000 154.00000000
1129.00000000 242.00000000 0.00000000 153.00000000
1055.00000000 815.00000000 0.00000000 153.00000000
1001.00000000 732.00000000 0.00000000 153.00000000
712.00000000 117.00000000 0.00000000 151.00000000
1278.00000000 275.00000000 0.00000000 151.00000000
927.00000000 342.00000000 0.00000000 149.00000000
1090.00000000 263.00000000 0.00000000 149.00000000
1278.00000000 217.00000000 0.00000000 148.00000000
1045.00000000 818.00000000 0.00000000 147.00000000
1132.00000000 297.00000000 0.00000000 147.00000000
1224.00000000 626.00000000 0.00000000 147.00000000
767.00000000 24.00000000 0.00000000 145.00000000
770.00000000 74.00000000 0.00000000 145.00000000
1031.00000000 306.00000000 0.00000000 144.00000000
966.00000000 329.00000000 0.00000000 143.00000000
696.00000000 79.00000000 0.00000000 143.00000000
1151.00000000 543.00000000 0.00000000 143.00000000
1007.00000000 525.00000000 0.00000000 143.00000000
742.00000000 82.00000000 0.00000000 142.00000000
697.00000000 642.00000000 0.00000000 142.00000000
1129.00000000 233.00000000 0.00000000 142.00000000
621.00000000 671.00000000 0.00000000 142.00000000
207.00000000 299.00000000 0.00000000 142.00000000
989.00000000 694.00000000 0.00000000 140.00000000
1027.00000000 316.00000000 0.00000000 140.00000000
1105.00000000 854.00000000 0.00000000 140.00000000
1192.00000000 839.00000000 0.00000000 139.00000000
1081.00000000 280.00000000 0.00000000 139.00000000
690.00000000 55.00000000 0.00000000 138.00000000
1233.00000000 571.00000000 0.00000000 137.00000000
1278.00000000 322.00000000 0.00000000 136.00000000
849.00000000 441.00000000 0.00000000 135.00000000
1105.00000000 285.00000000 0.00000000 134.00000000
