589.00000000 649.00000000 0.00000000 766.00000000
587.00000000 304.00000000 0.00000000 678.00000000
679.00000000 240.00000000 1.00000000 633.00000000
64.00000000 268.00000000 1.00000000 607.00000000
410.00000000 367.00000000 0.00000000 606.00000000
325.00000000 461.00000000 0.00000000 578.00000000
678.00000000 240.00000000 1.00000000 548.00000000
679.00000000 239.00000000 0.00000000 535.00000000
754.00000000 403.00000000 1.00000000 526.00000000
589.00000000 651.00000000 1.00000000 517.00000000
507.00000000 377.00000000 1.00000000 510.00000000
383.00000000 351.00000000 0.00000000 510.00000000
143.00000000 717.00000000 1.00000000 505.00000000
724.00000000 510.00000000 1.00000000 503.00000000
803.00000000 386.00000000 0.00000000 501.00000000
144.00000000 727.00000000 0.00000000 499.00000000
390.00000000 317.00000000 1.00000000 492.00000000
636.00000000 306.00000000 0.00000000 488.00000000
724.00000000 512.00000000 2.00000000 483.00000000
803.00000000 386.00000000 1.00000000 482.00000000
63.00000000 268.00000000 1.00000000 474.00000000
64.00000000 267.00000000 0.00000000 473.00000000
604.00000000 372.00000000 1.00000000 468.00000000
143.00000000 728.00000000 1.00000000 465.00000000
326.00000000 461.00000000 1.00000000 464.00000000
782.00000000 83.00000000 0.00000000 457.00000000
782.00000000 578.00000000 2.00000000 453.00000000
390.00000000 316.00000000 0.00000000 451.00000000
141.00000000 729.00000000 1.00000000 451.00000000
774.00000000 400.00000000 0.00000000 450.00000000
458.00000000 138.00000000 1.00000000 444.00000000
753.00000000 403.00000000 1.00000000 444.00000000
364.00000000 319.00000000 0.00000000 440.00000000
724.00000000 509.00000000 1.00000000 439.00000000
468.00000000 351.00000000 0.00000000 437.00000000
364.00000000 320.00000000 1.00000000 436.00000000
116.00000000 730.00000000 1.00000000 435.00000000
142.00000000 717.00000000 1.00000000 431.00000000
736.00000000 604.00000000 1.00000000 431.00000000
644.00000000 515.00000000 0.00000000 431.00000000
781.00000000 83.00000000 1.00000000 426.00000000
458.00000000 137.00000000 1.00000000 425.00000000
678.00000000 242.00000000 2.00000000 424.00000000
800.00000000 393.00000000 2.00000000 422.00000000
802.00000000 394.00000000 2.00000000 419.00000000
782.00000000 575.00000000 1.00000000 418.00000000
523.00000000 153.00000000 1.00000000 417.00000000
659.00000000 287.00000000 0.00000000 416.00000000
503.00000000 644.00000000 5.00000000 416.00000000
775.00000000 400.00000000 1.00000000 414.00000000
601.00000000 305.00000000 0.00000000 414.00000000
504.00000000 644.00000000 4.00000000 413.00000000
193.00000000 201.00000000 0.00000000 412.00000000
401.00000000 48.00000000 2.00000000 411.00000000
398.00000000 321.00000000 0.00000000 409.00000000
780.00000000 83.00000000 1.00000000 407.00000000
383.00000000 352.00000000 1.00000000 407.00000000
1134.00000000 89.00000000 0.00000000 405.00000000
363.00000000 321.00000000 1.00000000 401.00000000
507.00000000 379.00000000 1.00000000 399.00000000
724.00000000 514.00000000 2.00000000 398.00000000
637.00000000 357.00000000 0.00000000 398.00000000
511.00000000 632.00000000 1.00000000 396.00000000
388.00000000 316.00000000 1.00000000 396.00000000
506.00000000 642.00000000 2.00000000 395.00000000
605.00000000 372.00000000 0.00000000 393.00000000
484.00000000 368.00000000 1.00000000 391.00000000
801.00000000 397.00000000 1.00000000 390.00000000
323.00000000 497.00000000 0.00000000 389.00000000
736.00000000 604.00000000 0.00000000 388.00000000
782.00000000 86.00000000 2.00000000 384.00000000
724.00000000 507.00000000 0.00000000 383.00000000
410.00000000 368.00000000 1.00000000 382.00000000
402.00000000 46.00000000 2.00000000 378.00000000
876.00000000 15.00000000 1.00000000 377.00000000
782.00000000 572.00000000 0.00000000 377.00000000
192.00000000 252.00000000 1.00000000 376.00000000
782.00000000 573.00000000 1.00000000 372.00000000
736.00000000 605.00000000 1.00000000 371.00000000
800.00000000 395.00000000 1.00000000 370.00000000
692.00000000 301.00000000 0.00000000 368.00000000
348.00000000 352.00000000 0.00000000 366.00000000
513.00000000 630.00000000 1.00000000 364.00000000
754.00000000 402.00000000 0.00000000 364.00000000
678.00000000 263.00000000 1.00000000 360.00000000
512.00000000 634.00000000 2.00000000 356.00000000
561.00000000 755.00000000 0.00000000 353.00000000
483.00000000 142.00000000 1.00000000 352.00000000
907.00000000 291.00000000 0.00000000 350.00000000
191.00000000 251.00000000 0.00000000 349.00000000
327.00000000 427.00000000 0.00000000 347.00000000
506.00000000 375.00000000 0.00000000 346.00000000
340.00000000 467.00000000 0.00000000 346.00000000
1121.00000000 373.00000000 1.00000000 345.00000000
754.00000000 404.00000000 2.00000000 345.00000000
481.00000000 753.00000000 0.00000000 343.00000000
876.00000000 14.00000000 0.00000000 343.00000000
503.00000000 152.00000000 0.00000000 342.00000000
299.00000000 449.00000000 0.00000000 342.00000000
291.00000000 465.00000000 1.00000000 341.00000000
877.00000000 461.00000000 0.00000000 339.00000000
65.00000000 567.00000000 0.00000000 339.00000000
601.00000000 307.00000000 1.00000000 338.00000000
644.00000000 517.00000000 1.00000000 336.00000000
304.00000000 474.00000000 0.00000000 332.00000000
603.00000000 615.00000000 0.00000000 331.00000000
522.00000000 152.00000000 0.00000000 326.00000000
287.00000000 554.00000000 0.00000000 325.00000000
755.00000000 594.00000000 0.00000000 323.00000000
839.00000000 323.00000000 0.00000000 321.00000000
482.00000000 357.00000000 0.00000000 320.00000000
412.00000000 317.00000000 0.00000000 315.00000000
801.00000000 397.00000000 0.00000000 312.00000000
483.00000000 140.00000000 0.00000000 312.00000000
337.00000000 427.00000000 0.00000000 310.00000000
487.00000000 659.00000000 0.00000000 310.00000000
354.00000000 557.00000000 0.00000000 309.00000000
510.00000000 359.00000000 0.00000000 309.00000000
585.00000000 685.00000000 0.00000000 307.00000000
354.00000000 521.00000000 0.00000000 302.00000000
308.00000000 344.00000000 4.00000000 302.00000000
608.00000000 404.00000000 0.00000000 302.00000000
115.00000000 729.00000000 0.00000000 301.00000000
754.00000000 416.00000000 0.00000000 300.00000000
468.00000000 383.00000000 0.00000000 298.00000000
410.00000000 350.00000000 0.00000000 294.00000000
289.00000000 562.00000000 0.00000000 291.00000000
