498.00000000 576.00000000 2.00000000 506.00000000
336.00000000 576.00000000 2.00000000 459.00000000
170.00000000 1070.00000000 2.00000000 457.00000000
497.00000000 575.00000000 1.00000000 448.00000000
220.00000000 190.00000000 2.00000000 447.00000000
336.00000000 575.00000000 1.00000000 442.00000000
497.00000000 579.00000000 2.00000000 439.00000000
217.00000000 189.00000000 2.00000000 427.00000000
166.00000000 1074.00000000 2.00000000 422.00000000
169.00000000 1069.00000000 1.00000000 417.00000000
172.00000000 1038.00000000 2.00000000 405.00000000
498.00000000 574.00000000 1.00000000 385.00000000
172.00000000 916.00000000 4.00000000 383.00000000
188.00000000 244.00000000 2.00000000 370.00000000
220.00000000 190.00000000 1.00000000 369.00000000
189.00000000 243.00000000 1.00000000 366.00000000
171.00000000 1068.00000000 1.00000000 361.00000000
332.00000000 746.00000000 2.00000000 360.00000000
746.00000000 531.00000000 5.00000000 355.00000000
174.00000000 1036.00000000 2.00000000 350.00000000
332.00000000 745.00000000 1.00000000 349.00000000
261.00000000 645.00000000 1.00000000 348.00000000
676.00000000 236.00000000 4.00000000 343.00000000
361.00000000 777.00000000 1.00000000 342.00000000
167.00000000 1172.00000000 1.00000000 331.00000000
336.00000000 574.00000000 1.00000000 328.00000000
360.00000000 776.00000000 0.00000000 327.00000000
662.00000000 1130.00000000 2.00000000 325.00000000
189.00000000 242.00000000 1.00000000 323.00000000
260.00000000 644.00000000 1.00000000 322.00000000
359.00000000 749.00000000 1.00000000 311.00000000
661.00000000 1128.00000000 1.00000000 311.00000000
498.00000000 574.00000000 0.00000000 307.00000000
492.00000000 900.00000000 1.00000000 301.00000000
316.00000000 1098.00000000 0.00000000 300.00000000
166.00000000 1173.00000000 1.00000000 291.00000000
489.00000000 605.00000000 0.00000000 289.00000000
222.00000000 190.00000000 1.00000000 285.00000000
489.00000000 929.00000000 1.00000000 282.00000000
361.00000000 746.00000000 1.00000000 281.00000000
328.00000000 914.00000000 1.00000000 280.00000000
261.00000000 644.00000000 0.00000000 275.00000000
175.00000000 902.00000000 1.00000000 273.00000000
173.00000000 903.00000000 1.00000000 270.00000000
167.00000000 1170.00000000 0.00000000 270.00000000
841.00000000 987.00000000 0.00000000 268.00000000
183.00000000 575.00000000 1.00000000 266.00000000
119.00000000 945.00000000 1.00000000 264.00000000
119.00000000 944.00000000 0.00000000 261.00000000
173.00000000 1032.00000000 1.00000000 260.00000000
108.00000000 1002.00000000 1.00000000 259.00000000
174.00000000 1031.00000000 1.00000000 258.00000000
316.00000000 1099.00000000 1.00000000 252.00000000
499.00000000 550.00000000 0.00000000 247.00000000
277.00000000 589.00000000 1.00000000 247.00000000
324.00000000 1085.00000000 1.00000000 243.00000000
171.00000000 1067.00000000 0.00000000 243.00000000
361.00000000 745.00000000 0.00000000 242.00000000
332.00000000 744.00000000 1.00000000 242.00000000
495.00000000 728.00000000 0.00000000 241.00000000
345.00000000 130.00000000 0.00000000 241.00000000
345.00000000 131.00000000 1.00000000 236.00000000
189.00000000 241.00000000 0.00000000 236.00000000
184.00000000 574.00000000 1.00000000 235.00000000
343.00000000 206.00000000 1.00000000 233.00000000
662.00000000 1127.00000000 1.00000000 231.00000000
328.00000000 913.00000000 0.00000000 229.00000000
207.00000000 1071.00000000 0.00000000 228.00000000
491.00000000 901.00000000 1.00000000 227.00000000
496.00000000 752.00000000 1.00000000 223.00000000
324.00000000 1085.00000000 0.00000000 223.00000000
841.00000000 988.00000000 1.00000000 221.00000000
173.00000000 1030.00000000 0.00000000 221.00000000
495.00000000 727.00000000 1.00000000 220.00000000
505.00000000 53.00000000 1.00000000 220.00000000
336.00000000 573.00000000 0.00000000 219.00000000
499.00000000 551.00000000 1.00000000 219.00000000
462.00000000 94.00000000 0.00000000 217.00000000
393.00000000 1024.00000000 0.00000000 216.00000000
206.00000000 1072.00000000 1.00000000 215.00000000
256.00000000 1091.00000000 1.00000000 213.00000000
394.00000000 1025.00000000 1.00000000 210.00000000
849.00000000 1151.00000000 1.00000000 208.00000000
485.00000000 886.00000000 0.00000000 207.00000000
188.00000000 383.00000000 1.00000000 205.00000000
1083.00000000 82.00000000 0.00000000 205.00000000
241.00000000 844.00000000 0.00000000 202.00000000
255.00000000 1090.00000000 0.00000000 200.00000000
291.00000000 151.00000000 0.00000000 197.00000000
1079.00000000 280.00000000 0.00000000 196.00000000
357.00000000 1060.00000000 0.00000000 191.00000000
342.00000000 205.00000000 0.00000000 191.00000000
1074.00000000 673.00000000 0.00000000 190.00000000
799.00000000 280.00000000 0.00000000 189.00000000
1237.00000000 603.00000000 0.00000000 188.00000000
495.00000000 751.00000000 0.00000000 188.00000000
1075.00000000 649.00000000 0.00000000 187.00000000
472.00000000 255.00000000 0.00000000 185.00000000
815.00000000 69.00000000 0.00000000 182.00000000
1170.00000000 64.00000000 0.00000000 181.00000000
704.00000000 22.00000000 0.00000000 179.00000000
185.00000000 573.00000000 0.00000000 179.00000000
881.00000000 108.00000000 0.00000000 179.00000000
924.00000000 31.00000000 0.00000000 171.00000000
188.00000000 383.00000000 0.00000000 171.00000000
175.00000000 902.00000000 0.00000000 170.00000000
487.00000000 60.00000000 0.00000000 170.00000000
31.00000000 1193.00000000 0.00000000 170.00000000
485.00000000 358.00000000 0.00000000 168.00000000
845.00000000 956.00000000 0.00000000 167.00000000
460.00000000 260.00000000 0.00000000 162.00000000
420.00000000 1067.00000000 0.00000000 162.00000000
504.00000000 219.00000000 0.00000000 160.00000000
427.00000000 642.00000000 0.00000000 160.00000000
277.00000000 588.00000000 0.00000000 158.00000000
505.00000000 53.00000000 0.00000000 158.00000000
223.00000000 190.00000000 0.00000000 157.00000000
644.00000000 646.00000000 0.00000000 156.00000000
661.00000000 1127.00000000 0.00000000 155.00000000
249.00000000 516.00000000 0.00000000 153.00000000
523.00000000 1121.00000000 0.00000000 153.00000000
491.00000000 902.00000000 0.00000000 151.00000000
181.00000000 1037.00000000 0.00000000 150.00000000
282.00000000 1241.00000000 0.00000000 150.00000000
234.00000000 1011.00000000 0.00000000 147.00000000
332.00000000 743.00000000 0.00000000 147.00000000
258.00000000 698.00000000 0.00000000 146.00000000
