298.00000000 813.00000000 1.00000000 480.00000000
530.00000000 405.00000000 1.00000000 472.00000000
530.00000000 405.00000000 1.00000000 470.00000000
296.00000000 814.00000000 1.00000000 446.00000000
432.00000000 437.00000000 1.00000000 437.00000000
379.00000000 249.00000000 1.00000000 417.00000000
296.00000000 818.00000000 2.00000000 408.00000000
431.00000000 438.00000000 1.00000000 399.00000000
298.00000000 812.00000000 0.00000000 398.00000000
379.00000000 248.00000000 1.00000000 374.00000000
632.00000000 183.00000000 1.00000000 372.00000000
432.00000000 435.00000000 0.00000000 359.00000000
423.00000000 544.00000000 1.00000000 359.00000000
529.00000000 404.00000000 0.00000000 354.00000000
521.00000000 642.00000000 1.00000000 353.00000000
361.00000000 282.00000000 1.00000000 340.00000000
644.00000000 620.00000000 2.00000000 335.00000000
643.00000000 618.00000000 1.00000000 334.00000000
527.00000000 517.00000000 1.00000000 333.00000000
530.00000000 408.00000000 2.00000000 332.00000000
362.00000000 695.00000000 5.00000000 332.00000000
632.00000000 186.00000000 2.00000000 327.00000000
414.00000000 662.00000000 0.00000000 319.00000000
632.00000000 183.00000000 1.00000000 318.00000000
436.00000000 370.00000000 1.00000000 316.00000000
414.00000000 663.00000000 1.00000000 314.00000000
312.00000000 692.00000000 2.00000000 312.00000000
522.00000000 641.00000000 1.00000000 308.00000000
527.00000000 517.00000000 1.00000000 307.00000000
302.00000000 790.00000000 2.00000000 307.00000000
646.00000000 762.00000000 1.00000000 304.00000000
302.00000000 787.00000000 1.00000000 302.00000000
649.00000000 149.00000000 1.00000000 301.00000000
684.00000000 332.00000000 4.00000000 298.00000000
379.00000000 249.00000000 0.00000000 296.00000000
403.00000000 796.00000000 1.00000000 294.00000000
377.00000000 520.00000000 1.00000000 294.00000000
314.00000000 685.00000000 1.00000000 291.00000000
422.00000000 545.00000000 1.00000000 289.00000000
313.00000000 687.00000000 1.00000000 288.00000000
646.00000000 761.00000000 1.00000000 286.00000000
314.00000000 684.00000000 0.00000000 286.00000000
523.00000000 621.00000000 1.00000000 286.00000000
766.00000000 456.00000000 1.00000000 285.00000000
361.00000000 281.00000000 0.00000000 285.00000000
403.00000000 797.00000000 1.00000000 284.00000000
294.00000000 820.00000000 2.00000000 284.00000000
789.00000000 741.00000000 1.00000000 283.00000000
403.00000000 796.00000000 0.00000000 278.00000000
348.00000000 392.00000000 1.00000000 276.00000000
789.00000000 740.00000000 1.00000000 276.00000000
287.00000000 898.00000000 0.00000000 274.00000000
649.00000000 151.00000000 1.00000000 272.00000000
528.00000000 316.00000000 2.00000000 272.00000000
440.00000000 541.00000000 1.00000000 270.00000000
768.00000000 458.00000000 2.00000000 268.00000000
530.00000000 314.00000000 2.00000000 268.00000000
311.00000000 692.00000000 2.00000000 266.00000000
440.00000000 560.00000000 0.00000000 259.00000000
684.00000000 330.00000000 2.00000000 251.00000000
776.00000000 750.00000000 0.00000000 250.00000000
287.00000000 900.00000000 1.00000000 250.00000000
767.00000000 456.00000000 1.00000000 249.00000000
435.00000000 369.00000000 0.00000000 248.00000000
880.00000000 272.00000000 4.00000000 246.00000000
262.00000000 773.00000000 1.00000000 238.00000000
423.00000000 543.00000000 0.00000000 238.00000000
527.00000000 516.00000000 0.00000000 232.00000000
408.00000000 248.00000000 1.00000000 228.00000000
347.00000000 392.00000000 0.00000000 226.00000000
535.00000000 212.00000000 1.00000000 223.00000000
274.00000000 729.00000000 1.00000000 220.00000000
645.00000000 760.00000000 0.00000000 220.00000000
789.00000000 740.00000000 0.00000000 220.00000000
1009.00000000 264.00000000 0.00000000 219.00000000
383.00000000 494.00000000 0.00000000 217.00000000
621.00000000 417.00000000 0.00000000 216.00000000
770.00000000 611.00000000 0.00000000 215.00000000
532.00000000 311.00000000 1.00000000 215.00000000
632.00000000 182.00000000 0.00000000 214.00000000
341.00000000 467.00000000 1.00000000 213.00000000
475.00000000 278.00000000 1.00000000 212.00000000
322.00000000 809.00000000 1.00000000 212.00000000
519.00000000 759.00000000 1.00000000 211.00000000
440.00000000 562.00000000 1.00000000 205.00000000
396.00000000 808.00000000 0.00000000 193.00000000
441.00000000 539.00000000 0.00000000 193.00000000
263.00000000 772.00000000 0.00000000 192.00000000
535.00000000 210.00000000 0.00000000 190.00000000
219.00000000 943.00000000 0.00000000 190.00000000
449.00000000 173.00000000 0.00000000 189.00000000
526.00000000 500.00000000 0.00000000 189.00000000
521.00000000 640.00000000 0.00000000 189.00000000
323.00000000 808.00000000 0.00000000 189.00000000
377.00000000 519.00000000 0.00000000 186.00000000
905.00000000 328.00000000 0.00000000 184.00000000
523.00000000 620.00000000 0.00000000 183.00000000
772.00000000 586.00000000 0.00000000 183.00000000
475.00000000 277.00000000 0.00000000 180.00000000
395.00000000 234.00000000 0.00000000 176.00000000
395.00000000 456.00000000 0.00000000 175.00000000
453.00000000 733.00000000 0.00000000 175.00000000
531.00000000 311.00000000 0.00000000 175.00000000
264.00000000 624.00000000 0.00000000 175.00000000
341.00000000 465.00000000 0.00000000 173.00000000
501.00000000 666.00000000 0.00000000 172.00000000
328.00000000 580.00000000 0.00000000 168.00000000
534.00000000 130.00000000 0.00000000 167.00000000
274.00000000 727.00000000 0.00000000 167.00000000
594.00000000 704.00000000 0.00000000 166.00000000
530.00000000 389.00000000 0.00000000 165.00000000
642.00000000 615.00000000 0.00000000 162.00000000
650.00000000 151.00000000 0.00000000 162.00000000
362.00000000 493.00000000 0.00000000 160.00000000
499.00000000 255.00000000 0.00000000 157.00000000
354.00000000 813.00000000 0.00000000 156.00000000
504.00000000 380.00000000 0.00000000 152.00000000
519.00000000 410.00000000 0.00000000 150.00000000
427.00000000 770.00000000 0.00000000 147.00000000
823.00000000 23.00000000 0.00000000 146.00000000
610.00000000 383.00000000 0.00000000 144.00000000
779.00000000 608.00000000 0.00000000 142.00000000
345.00000000 755.00000000 0.00000000 140.00000000
221.00000000 951.00000000 0.00000000 139.00000000
886.00000000 277.00000000 0.00000000 139.00000000
634.00000000 267.00000000 0.00000000 139.00000000
766.00000000 453.00000000 0.00000000 137.00000000
