482.00000000 595.00000000 1.00000000 431.00000000
241.00000000 305.00000000 1.00000000 407.00000000
482.00000000 593.00000000 1.00000000 373.00000000
243.00000000 305.00000000 1.00000000 361.00000000
482.00000000 596.00000000 2.00000000 351.00000000
374.00000000 583.00000000 1.00000000 348.00000000
648.00000000 584.00000000 4.00000000 345.00000000
242.00000000 306.00000000 2.00000000 345.00000000
306.00000000 774.00000000 2.00000000 334.00000000
321.00000000 840.00000000 1.00000000 329.00000000
322.00000000 856.00000000 1.00000000 325.00000000
373.00000000 582.00000000 1.00000000 323.00000000
482.00000000 593.00000000 0.00000000 316.00000000
580.00000000 372.00000000 2.00000000 309.00000000
248.00000000 443.00000000 1.00000000 305.00000000
647.00000000 582.00000000 2.00000000 300.00000000
620.00000000 917.00000000 1.00000000 294.00000000
322.00000000 858.00000000 1.00000000 287.00000000
389.00000000 686.00000000 1.00000000 285.00000000
715.00000000 869.00000000 1.00000000 282.00000000
332.00000000 621.00000000 0.00000000 278.00000000
244.00000000 304.00000000 0.00000000 278.00000000
227.00000000 343.00000000 1.00000000 277.00000000
228.00000000 343.00000000 1.00000000 276.00000000
503.00000000 786.00000000 1.00000000 275.00000000
332.00000000 621.00000000 1.00000000 273.00000000
374.00000000 582.00000000 0.00000000 272.00000000
579.00000000 370.00000000 1.00000000 272.00000000
356.00000000 483.00000000 2.00000000 271.00000000
407.00000000 691.00000000 1.00000000 269.00000000
726.00000000 738.00000000 1.00000000 266.00000000
248.00000000 444.00000000 0.00000000 265.00000000
408.00000000 844.00000000 4.00000000 264.00000000
304.00000000 746.00000000 2.00000000 264.00000000
240.00000000 305.00000000 2.00000000 264.00000000
579.00000000 373.00000000 2.00000000 263.00000000
358.00000000 486.00000000 2.00000000 262.00000000
908.00000000 155.00000000 1.00000000 261.00000000
320.00000000 840.00000000 2.00000000 259.00000000
356.00000000 791.00000000 5.00000000 258.00000000
334.00000000 325.00000000 0.00000000 258.00000000
334.00000000 326.00000000 1.00000000 256.00000000
342.00000000 861.00000000 1.00000000 256.00000000
374.00000000 584.00000000 2.00000000 255.00000000
332.00000000 644.00000000 1.00000000 253.00000000
320.00000000 838.00000000 1.00000000 253.00000000
343.00000000 860.00000000 1.00000000 252.00000000
322.00000000 855.00000000 0.00000000 252.00000000
619.00000000 917.00000000 1.00000000 248.00000000
331.00000000 907.00000000 0.00000000 244.00000000
247.00000000 442.00000000 1.00000000 244.00000000
410.00000000 707.00000000 0.00000000 244.00000000
388.00000000 687.00000000 1.00000000 243.00000000
288.00000000 280.00000000 0.00000000 242.00000000
332.00000000 622.00000000 1.00000000 241.00000000
753.00000000 231.00000000 0.00000000 240.00000000
438.00000000 393.00000000 1.00000000 239.00000000
277.00000000 788.00000000 1.00000000 239.00000000
325.00000000 267.00000000 0.00000000 237.00000000
715.00000000 868.00000000 0.00000000 235.00000000
306.00000000 770.00000000 1.00000000 235.00000000
503.00000000 786.00000000 0.00000000 232.00000000
332.00000000 645.00000000 1.00000000 232.00000000
387.00000000 670.00000000 1.00000000 232.00000000
713.00000000 752.00000000 1.00000000 230.00000000
331.00000000 908.00000000 1.00000000 229.00000000
277.00000000 787.00000000 0.00000000 227.00000000
726.00000000 737.00000000 1.00000000 225.00000000
423.00000000 222.00000000 0.00000000 224.00000000
260.00000000 240.00000000 1.00000000 223.00000000
495.00000000 702.00000000 1.00000000 219.00000000
472.00000000 871.00000000 1.00000000 215.00000000
492.00000000 686.00000000 0.00000000 214.00000000
307.00000000 768.00000000 1.00000000 214.00000000
343.00000000 859.00000000 0.00000000 214.00000000
492.00000000 686.00000000 1.00000000 213.00000000
504.00000000 801.00000000 1.00000000 213.00000000
320.00000000 836.00000000 0.00000000 210.00000000
403.00000000 782.00000000 0.00000000 209.00000000
580.00000000 370.00000000 1.00000000 209.00000000
620.00000000 917.00000000 0.00000000 209.00000000
282.00000000 289.00000000 0.00000000 207.00000000
336.00000000 587.00000000 0.00000000 206.00000000
278.00000000 818.00000000 1.00000000 202.00000000
433.00000000 863.00000000 0.00000000 201.00000000
306.00000000 767.00000000 0.00000000 200.00000000
866.00000000 679.00000000 0.00000000 199.00000000
722.00000000 291.00000000 0.00000000 199.00000000
272.00000000 573.00000000 1.00000000 198.00000000
389.00000000 685.00000000 0.00000000 197.00000000
831.00000000 252.00000000 1.00000000 197.00000000
425.00000000 374.00000000 0.00000000 196.00000000
227.00000000 342.00000000 0.00000000 194.00000000
471.00000000 871.00000000 0.00000000 194.00000000
874.00000000 285.00000000 0.00000000 191.00000000
480.00000000 578.00000000 0.00000000 188.00000000
731.00000000 939.00000000 0.00000000 187.00000000
434.00000000 372.00000000 0.00000000 187.00000000
724.00000000 840.00000000 0.00000000 184.00000000
408.00000000 247.00000000 0.00000000 183.00000000
881.00000000 208.00000000 0.00000000 183.00000000
272.00000000 572.00000000 0.00000000 181.00000000
513.00000000 881.00000000 0.00000000 181.00000000
386.00000000 671.00000000 0.00000000 180.00000000
671.00000000 254.00000000 0.00000000 177.00000000
726.00000000 737.00000000 0.00000000 175.00000000
907.00000000 154.00000000 0.00000000 174.00000000
712.00000000 751.00000000 0.00000000 174.00000000
408.00000000 689.00000000 0.00000000 173.00000000
412.00000000 881.00000000 0.00000000 170.00000000
461.00000000 923.00000000 0.00000000 167.00000000
494.00000000 701.00000000 0.00000000 165.00000000
277.00000000 817.00000000 0.00000000 162.00000000
453.00000000 347.00000000 0.00000000 161.00000000
353.00000000 451.00000000 0.00000000 159.00000000
478.00000000 611.00000000 0.00000000 159.00000000
415.00000000 873.00000000 0.00000000 158.00000000
531.00000000 897.00000000 0.00000000 156.00000000
441.00000000 632.00000000 0.00000000 154.00000000
412.00000000 400.00000000 0.00000000 152.00000000
939.00000000 277.00000000 0.00000000 150.00000000
307.00000000 610.00000000 0.00000000 149.00000000
857.00000000 621.00000000 0.00000000 148.00000000
974.00000000 662.00000000 0.00000000 146.00000000
268.00000000 554.00000000 0.00000000 143.00000000
613.00000000 820.00000000 0.00000000 142.00000000
424.00000000 638.00000000 0.00000000 141.00000000
