522.00000000 362.00000000 1.00000000 497.00000000
521.00000000 363.00000000 1.00000000 471.00000000
276.00000000 757.00000000 1.00000000 466.00000000
424.00000000 394.00000000 1.00000000 463.00000000
274.00000000 759.00000000 1.00000000 454.00000000
424.00000000 394.00000000 1.00000000 432.00000000
274.00000000 762.00000000 2.00000000 424.00000000
276.00000000 756.00000000 0.00000000 412.00000000
630.00000000 151.00000000 1.00000000 383.00000000
380.00000000 216.00000000 1.00000000 381.00000000
522.00000000 361.00000000 0.00000000 381.00000000
424.00000000 393.00000000 0.00000000 369.00000000
411.00000000 497.00000000 1.00000000 366.00000000
631.00000000 150.00000000 1.00000000 348.00000000
626.00000000 564.00000000 1.00000000 339.00000000
506.00000000 588.00000000 1.00000000 337.00000000
380.00000000 216.00000000 1.00000000 337.00000000
360.00000000 248.00000000 1.00000000 335.00000000
516.00000000 469.00000000 1.00000000 329.00000000
506.00000000 588.00000000 1.00000000 329.00000000
516.00000000 469.00000000 1.00000000 327.00000000
522.00000000 366.00000000 2.00000000 324.00000000
381.00000000 740.00000000 1.00000000 321.00000000
766.00000000 680.00000000 1.00000000 318.00000000
296.00000000 640.00000000 2.00000000 317.00000000
626.00000000 566.00000000 2.00000000 317.00000000
676.00000000 288.00000000 4.00000000 315.00000000
624.00000000 701.00000000 1.00000000 314.00000000
397.00000000 610.00000000 0.00000000 313.00000000
297.00000000 633.00000000 0.00000000 312.00000000
623.00000000 702.00000000 1.00000000 311.00000000
630.00000000 152.00000000 2.00000000 311.00000000
431.00000000 330.00000000 1.00000000 306.00000000
381.00000000 739.00000000 0.00000000 305.00000000
508.00000000 568.00000000 1.00000000 303.00000000
753.00000000 407.00000000 1.00000000 303.00000000
411.00000000 497.00000000 1.00000000 303.00000000
398.00000000 611.00000000 1.00000000 302.00000000
345.00000000 639.00000000 5.00000000 300.00000000
360.00000000 247.00000000 0.00000000 298.00000000
766.00000000 679.00000000 1.00000000 297.00000000
429.00000000 494.00000000 1.00000000 296.00000000
281.00000000 732.00000000 1.00000000 292.00000000
297.00000000 634.00000000 1.00000000 290.00000000
507.00000000 568.00000000 1.00000000 290.00000000
649.00000000 118.00000000 1.00000000 284.00000000
526.00000000 276.00000000 2.00000000 283.00000000
296.00000000 636.00000000 1.00000000 282.00000000
343.00000000 352.00000000 1.00000000 280.00000000
280.00000000 736.00000000 2.00000000 278.00000000
649.00000000 120.00000000 1.00000000 274.00000000
754.00000000 408.00000000 2.00000000 271.00000000
754.00000000 406.00000000 1.00000000 268.00000000
380.00000000 216.00000000 0.00000000 268.00000000
678.00000000 288.00000000 2.00000000 266.00000000
427.00000000 511.00000000 0.00000000 266.00000000
367.00000000 474.00000000 1.00000000 266.00000000
294.00000000 642.00000000 2.00000000 257.00000000
424.00000000 370.00000000 2.00000000 254.00000000
271.00000000 763.00000000 2.00000000 253.00000000
411.00000000 496.00000000 0.00000000 253.00000000
431.00000000 330.00000000 0.00000000 251.00000000
872.00000000 228.00000000 4.00000000 250.00000000
528.00000000 273.00000000 1.00000000 243.00000000
333.00000000 424.00000000 1.00000000 241.00000000
631.00000000 149.00000000 0.00000000 241.00000000
753.00000000 689.00000000 0.00000000 241.00000000
516.00000000 468.00000000 0.00000000 237.00000000
767.00000000 679.00000000 0.00000000 236.00000000
343.00000000 352.00000000 0.00000000 234.00000000
242.00000000 719.00000000 1.00000000 230.00000000
374.00000000 449.00000000 0.00000000 228.00000000
473.00000000 242.00000000 1.00000000 228.00000000
260.00000000 841.00000000 0.00000000 226.00000000
535.00000000 179.00000000 1.00000000 226.00000000
505.00000000 586.00000000 0.00000000 225.00000000
624.00000000 700.00000000 0.00000000 223.00000000
408.00000000 215.00000000 1.00000000 221.00000000
498.00000000 702.00000000 1.00000000 220.00000000
256.00000000 676.00000000 1.00000000 220.00000000
315.00000000 533.00000000 1.00000000 215.00000000
300.00000000 753.00000000 0.00000000 214.00000000
374.00000000 751.00000000 0.00000000 213.00000000
497.00000000 220.00000000 1.00000000 212.00000000
374.00000000 449.00000000 1.00000000 209.00000000
434.00000000 678.00000000 0.00000000 208.00000000
333.00000000 422.00000000 0.00000000 207.00000000
508.00000000 567.00000000 0.00000000 201.00000000
755.00000000 531.00000000 0.00000000 200.00000000
528.00000000 272.00000000 0.00000000 198.00000000
612.00000000 372.00000000 0.00000000 198.00000000
535.00000000 178.00000000 0.00000000 196.00000000
998.00000000 221.00000000 0.00000000 195.00000000
574.00000000 648.00000000 0.00000000 187.00000000
516.00000000 452.00000000 0.00000000 186.00000000
315.00000000 532.00000000 0.00000000 186.00000000
473.00000000 241.00000000 0.00000000 183.00000000
483.00000000 613.00000000 0.00000000 182.00000000
451.00000000 144.00000000 0.00000000 182.00000000
366.00000000 473.00000000 0.00000000 179.00000000
396.00000000 202.00000000 0.00000000 179.00000000
251.00000000 575.00000000 0.00000000 179.00000000
429.00000000 491.00000000 0.00000000 177.00000000
242.00000000 719.00000000 0.00000000 176.00000000
894.00000000 283.00000000 0.00000000 175.00000000
753.00000000 555.00000000 0.00000000 175.00000000
650.00000000 120.00000000 0.00000000 170.00000000
626.00000000 561.00000000 0.00000000 169.00000000
497.00000000 220.00000000 0.00000000 168.00000000
353.00000000 449.00000000 0.00000000 162.00000000
255.00000000 675.00000000 0.00000000 161.00000000
537.00000000 102.00000000 0.00000000 161.00000000
387.00000000 412.00000000 0.00000000 160.00000000
465.00000000 653.00000000 0.00000000 159.00000000
497.00000000 702.00000000 0.00000000 155.00000000
407.00000000 713.00000000 0.00000000 154.00000000
762.00000000 552.00000000 0.00000000 153.00000000
754.00000000 405.00000000 0.00000000 151.00000000
876.00000000 235.00000000 0.00000000 150.00000000
498.00000000 338.00000000 0.00000000 148.00000000
461.00000000 211.00000000 0.00000000 148.00000000
511.00000000 366.00000000 0.00000000 148.00000000
744.00000000 575.00000000 0.00000000 144.00000000
663.00000000 680.00000000 0.00000000 144.00000000
523.00000000 347.00000000 0.00000000 141.00000000
332.00000000 758.00000000 0.00000000 140.00000000
430.00000000 774.00000000 0.00000000 140.00000000
