239.00000000 214.00000000 1.00000000 425.00000000
456.00000000 517.00000000 1.00000000 424.00000000
457.00000000 516.00000000 1.00000000 415.00000000
349.00000000 506.00000000 1.00000000 407.00000000
276.00000000 811.00000000 1.00000000 403.00000000
350.00000000 506.00000000 1.00000000 380.00000000
238.00000000 216.00000000 2.00000000 378.00000000
241.00000000 215.00000000 1.00000000 371.00000000
275.00000000 813.00000000 1.00000000 364.00000000
456.00000000 520.00000000 2.00000000 355.00000000
275.00000000 791.00000000 1.00000000 341.00000000
624.00000000 500.00000000 4.00000000 339.00000000
266.00000000 718.00000000 2.00000000 336.00000000
457.00000000 515.00000000 0.00000000 331.00000000
222.00000000 254.00000000 1.00000000 328.00000000
276.00000000 810.00000000 0.00000000 325.00000000
348.00000000 508.00000000 2.00000000 319.00000000
566.00000000 276.00000000 2.00000000 310.00000000
467.00000000 729.00000000 1.00000000 308.00000000
304.00000000 549.00000000 1.00000000 306.00000000
357.00000000 619.00000000 1.00000000 301.00000000
222.00000000 254.00000000 1.00000000 300.00000000
316.00000000 735.00000000 5.00000000 299.00000000
580.00000000 877.00000000 1.00000000 297.00000000
237.00000000 214.00000000 2.00000000 296.00000000
276.00000000 814.00000000 2.00000000 287.00000000
276.00000000 794.00000000 2.00000000 285.00000000
304.00000000 549.00000000 0.00000000 285.00000000
350.00000000 505.00000000 0.00000000 285.00000000
265.00000000 718.00000000 2.00000000 284.00000000
241.00000000 214.00000000 0.00000000 282.00000000
578.00000000 767.00000000 1.00000000 280.00000000
565.00000000 275.00000000 1.00000000 276.00000000
697.00000000 671.00000000 1.00000000 275.00000000
625.00000000 500.00000000 2.00000000 274.00000000
420.00000000 125.00000000 0.00000000 274.00000000
896.00000000 60.00000000 1.00000000 273.00000000
357.00000000 620.00000000 1.00000000 272.00000000
302.00000000 575.00000000 1.00000000 270.00000000
234.00000000 359.00000000 1.00000000 269.00000000
565.00000000 277.00000000 2.00000000 267.00000000
681.00000000 820.00000000 1.00000000 267.00000000
579.00000000 878.00000000 1.00000000 267.00000000
698.00000000 672.00000000 2.00000000 266.00000000
377.00000000 642.00000000 0.00000000 265.00000000
281.00000000 869.00000000 0.00000000 263.00000000
463.00000000 634.00000000 1.00000000 262.00000000
304.00000000 550.00000000 1.00000000 262.00000000
323.00000000 175.00000000 0.00000000 261.00000000
236.00000000 734.00000000 1.00000000 259.00000000
466.00000000 729.00000000 1.00000000 259.00000000
296.00000000 816.00000000 1.00000000 255.00000000
741.00000000 128.00000000 0.00000000 254.00000000
467.00000000 746.00000000 1.00000000 251.00000000
364.00000000 726.00000000 0.00000000 249.00000000
281.00000000 871.00000000 1.00000000 248.00000000
234.00000000 359.00000000 0.00000000 247.00000000
697.00000000 670.00000000 1.00000000 246.00000000
222.00000000 253.00000000 0.00000000 246.00000000
463.00000000 635.00000000 1.00000000 245.00000000
234.00000000 768.00000000 1.00000000 241.00000000
579.00000000 876.00000000 0.00000000 241.00000000
286.00000000 188.00000000 0.00000000 237.00000000
572.00000000 620.00000000 4.00000000 236.00000000
267.00000000 711.00000000 1.00000000 236.00000000
327.00000000 235.00000000 1.00000000 235.00000000
327.00000000 234.00000000 0.00000000 233.00000000
236.00000000 733.00000000 0.00000000 232.00000000
371.00000000 830.00000000 0.00000000 227.00000000
298.00000000 815.00000000 1.00000000 227.00000000
276.00000000 790.00000000 1.00000000 225.00000000
248.00000000 497.00000000 1.00000000 223.00000000
267.00000000 710.00000000 0.00000000 222.00000000
257.00000000 203.00000000 1.00000000 221.00000000
261.00000000 148.00000000 1.00000000 220.00000000
692.00000000 787.00000000 1.00000000 218.00000000
456.00000000 499.00000000 0.00000000 217.00000000
683.00000000 687.00000000 1.00000000 217.00000000
473.00000000 895.00000000 1.00000000 216.00000000
378.00000000 644.00000000 1.00000000 216.00000000
303.00000000 575.00000000 1.00000000 216.00000000
429.00000000 826.00000000 1.00000000 215.00000000
371.00000000 830.00000000 1.00000000 214.00000000
467.00000000 729.00000000 0.00000000 211.00000000
357.00000000 619.00000000 0.00000000 210.00000000
298.00000000 815.00000000 0.00000000 210.00000000
896.00000000 60.00000000 0.00000000 209.00000000
311.00000000 511.00000000 0.00000000 209.00000000
579.00000000 108.00000000 0.00000000 208.00000000
414.00000000 284.00000000 0.00000000 206.00000000
710.00000000 190.00000000 0.00000000 206.00000000
275.00000000 789.00000000 0.00000000 205.00000000
234.00000000 767.00000000 0.00000000 204.00000000
280.00000000 197.00000000 0.00000000 204.00000000
366.00000000 837.00000000 0.00000000 203.00000000
692.00000000 786.00000000 0.00000000 201.00000000
405.00000000 152.00000000 0.00000000 201.00000000
248.00000000 496.00000000 0.00000000 200.00000000
680.00000000 818.00000000 0.00000000 196.00000000
842.00000000 603.00000000 0.00000000 196.00000000
463.00000000 634.00000000 0.00000000 195.00000000
461.00000000 618.00000000 0.00000000 194.00000000
868.00000000 101.00000000 0.00000000 193.00000000
695.00000000 901.00000000 0.00000000 188.00000000
953.00000000 582.00000000 0.00000000 186.00000000
591.00000000 241.00000000 0.00000000 183.00000000
661.00000000 154.00000000 0.00000000 182.00000000
422.00000000 281.00000000 0.00000000 181.00000000
376.00000000 622.00000000 0.00000000 180.00000000
473.00000000 894.00000000 0.00000000 175.00000000
390.00000000 818.00000000 0.00000000 175.00000000
356.00000000 603.00000000 0.00000000 170.00000000
403.00000000 338.00000000 0.00000000 169.00000000
697.00000000 669.00000000 0.00000000 169.00000000
410.00000000 798.00000000 0.00000000 167.00000000
257.00000000 203.00000000 0.00000000 165.00000000
859.00000000 181.00000000 0.00000000 164.00000000
1031.00000000 97.00000000 0.00000000 164.00000000
471.00000000 837.00000000 0.00000000 164.00000000
443.00000000 255.00000000 0.00000000 164.00000000
847.00000000 486.00000000 0.00000000 162.00000000
544.00000000 566.00000000 0.00000000 160.00000000
306.00000000 584.00000000 0.00000000 160.00000000
396.00000000 566.00000000 0.00000000 160.00000000
683.00000000 726.00000000 0.00000000 159.00000000
429.00000000 825.00000000 0.00000000 158.00000000
451.00000000 401.00000000 0.00000000 157.00000000
