1010.00000000 588.00000000 2.00000000 634.00000000
1009.00000000 588.00000000 2.00000000 546.00000000
1009.00000000 586.00000000 1.00000000 496.00000000
533.00000000 449.00000000 1.00000000 477.00000000
533.00000000 448.00000000 1.00000000 477.00000000
354.00000000 767.00000000 1.00000000 465.00000000
439.00000000 450.00000000 1.00000000 455.00000000
363.00000000 203.00000000 1.00000000 447.00000000
439.00000000 451.00000000 1.00000000 435.00000000
353.00000000 767.00000000 1.00000000 425.00000000
365.00000000 203.00000000 1.00000000 411.00000000
354.00000000 766.00000000 0.00000000 397.00000000
348.00000000 239.00000000 1.00000000 387.00000000
439.00000000 449.00000000 0.00000000 376.00000000
533.00000000 447.00000000 0.00000000 374.00000000
440.00000000 560.00000000 1.00000000 361.00000000
395.00000000 684.00000000 5.00000000 360.00000000
534.00000000 452.00000000 2.00000000 353.00000000
364.00000000 204.00000000 2.00000000 352.00000000
352.00000000 772.00000000 2.00000000 352.00000000
633.00000000 217.00000000 1.00000000 343.00000000
354.00000000 668.00000000 2.00000000 335.00000000
637.00000000 688.00000000 1.00000000 333.00000000
354.00000000 748.00000000 1.00000000 333.00000000
632.00000000 220.00000000 2.00000000 332.00000000
534.00000000 564.00000000 1.00000000 328.00000000
347.00000000 239.00000000 1.00000000 323.00000000
354.00000000 831.00000000 0.00000000 322.00000000
535.00000000 564.00000000 1.00000000 319.00000000
638.00000000 690.00000000 2.00000000 318.00000000
1011.00000000 564.00000000 1.00000000 318.00000000
684.00000000 416.00000000 4.00000000 317.00000000
365.00000000 203.00000000 0.00000000 316.00000000
347.00000000 238.00000000 0.00000000 312.00000000
535.00000000 678.00000000 1.00000000 309.00000000
323.00000000 690.00000000 1.00000000 307.00000000
394.00000000 523.00000000 1.00000000 305.00000000
1008.00000000 592.00000000 4.00000000 305.00000000
268.00000000 692.00000000 2.00000000 302.00000000
750.00000000 574.00000000 1.00000000 300.00000000
535.00000000 660.00000000 1.00000000 299.00000000
1008.00000000 726.00000000 2.00000000 299.00000000
639.00000000 807.00000000 1.00000000 293.00000000
318.00000000 726.00000000 1.00000000 292.00000000
398.00000000 497.00000000 1.00000000 291.00000000
354.00000000 662.00000000 1.00000000 290.00000000
354.00000000 832.00000000 1.00000000 287.00000000
1010.00000000 586.00000000 1.00000000 286.00000000
534.00000000 678.00000000 1.00000000 283.00000000
322.00000000 691.00000000 1.00000000 280.00000000
439.00000000 561.00000000 1.00000000 279.00000000
394.00000000 522.00000000 1.00000000 279.00000000
457.00000000 581.00000000 0.00000000 278.00000000
633.00000000 217.00000000 1.00000000 275.00000000
1011.00000000 860.00000000 1.00000000 273.00000000
398.00000000 497.00000000 0.00000000 273.00000000
737.00000000 734.00000000 1.00000000 270.00000000
440.00000000 559.00000000 0.00000000 269.00000000
441.00000000 668.00000000 0.00000000 268.00000000
441.00000000 778.00000000 0.00000000 265.00000000
681.00000000 412.00000000 2.00000000 264.00000000
750.00000000 573.00000000 1.00000000 262.00000000
374.00000000 770.00000000 1.00000000 261.00000000
842.00000000 84.00000000 2.00000000 260.00000000
354.00000000 661.00000000 0.00000000 256.00000000
318.00000000 725.00000000 0.00000000 253.00000000
751.00000000 823.00000000 1.00000000 252.00000000
374.00000000 769.00000000 0.00000000 248.00000000
911.00000000 12.00000000 0.00000000 247.00000000
535.00000000 563.00000000 0.00000000 247.00000000
380.00000000 191.00000000 1.00000000 245.00000000
441.00000000 778.00000000 1.00000000 243.00000000
351.00000000 328.00000000 1.00000000 242.00000000
653.00000000 184.00000000 1.00000000 241.00000000
352.00000000 454.00000000 1.00000000 240.00000000
323.00000000 689.00000000 0.00000000 238.00000000
638.00000000 688.00000000 1.00000000 238.00000000
1011.00000000 564.00000000 1.00000000 235.00000000
438.00000000 377.00000000 1.00000000 231.00000000
534.00000000 547.00000000 0.00000000 228.00000000
435.00000000 210.00000000 0.00000000 228.00000000
845.00000000 78.00000000 1.00000000 226.00000000
746.00000000 695.00000000 0.00000000 225.00000000
352.00000000 452.00000000 0.00000000 220.00000000
504.00000000 242.00000000 0.00000000 220.00000000
535.00000000 660.00000000 0.00000000 219.00000000
1011.00000000 859.00000000 0.00000000 213.00000000
516.00000000 108.00000000 0.00000000 211.00000000
750.00000000 823.00000000 0.00000000 211.00000000
456.00000000 560.00000000 0.00000000 211.00000000
355.00000000 743.00000000 0.00000000 210.00000000
405.00000000 460.00000000 0.00000000 208.00000000
886.00000000 33.00000000 0.00000000 208.00000000
379.00000000 191.00000000 0.00000000 208.00000000
986.00000000 455.00000000 0.00000000 207.00000000
638.00000000 806.00000000 0.00000000 205.00000000
350.00000000 328.00000000 0.00000000 201.00000000
432.00000000 127.00000000 0.00000000 197.00000000
736.00000000 732.00000000 0.00000000 196.00000000
299.00000000 591.00000000 0.00000000 193.00000000
533.00000000 432.00000000 0.00000000 192.00000000
493.00000000 291.00000000 0.00000000 192.00000000
629.00000000 917.00000000 0.00000000 190.00000000
654.00000000 185.00000000 0.00000000 190.00000000
526.00000000 102.00000000 0.00000000 190.00000000
750.00000000 572.00000000 0.00000000 189.00000000
437.00000000 376.00000000 0.00000000 189.00000000
434.00000000 160.00000000 0.00000000 184.00000000
460.00000000 762.00000000 0.00000000 184.00000000
645.00000000 74.00000000 0.00000000 183.00000000
377.00000000 489.00000000 0.00000000 181.00000000
354.00000000 567.00000000 0.00000000 177.00000000
436.00000000 787.00000000 0.00000000 176.00000000
480.00000000 739.00000000 0.00000000 175.00000000
403.00000000 781.00000000 0.00000000 173.00000000
633.00000000 217.00000000 0.00000000 173.00000000
350.00000000 371.00000000 0.00000000 172.00000000
530.00000000 214.00000000 0.00000000 170.00000000
386.00000000 145.00000000 0.00000000 169.00000000
534.00000000 677.00000000 0.00000000 169.00000000
493.00000000 494.00000000 0.00000000 169.00000000
440.00000000 543.00000000 0.00000000 167.00000000
637.00000000 686.00000000 0.00000000 166.00000000
389.00000000 730.00000000 0.00000000 166.00000000
531.00000000 341.00000000 0.00000000 163.00000000
394.00000000 521.00000000 0.00000000 160.00000000
943.00000000 94.00000000 0.00000000 158.00000000
