662.00000000 364.00000000 2.00000000 366.00000000
661.00000000 364.00000000 2.00000000 355.00000000
663.00000000 364.00000000 1.00000000 340.00000000
664.00000000 364.00000000 1.00000000 281.00000000
342.00000000 613.00000000 2.00000000 279.00000000
468.00000000 568.00000000 4.00000000 260.00000000
469.00000000 562.00000000 2.00000000 255.00000000
660.00000000 368.00000000 4.00000000 253.00000000
180.00000000 434.00000000 2.00000000 241.00000000
76.00000000 395.00000000 2.00000000 238.00000000
78.00000000 396.00000000 2.00000000 230.00000000
712.00000000 514.00000000 2.00000000 228.00000000
472.00000000 562.00000000 2.00000000 221.00000000
344.00000000 612.00000000 2.00000000 221.00000000
179.00000000 432.00000000 1.00000000 215.00000000
472.00000000 560.00000000 1.00000000 199.00000000
717.00000000 1245.00000000 1.00000000 196.00000000
752.00000000 395.00000000 1.00000000 196.00000000
285.00000000 1141.00000000 1.00000000 190.00000000
663.00000000 364.00000000 0.00000000 184.00000000
474.00000000 558.00000000 1.00000000 180.00000000
180.00000000 432.00000000 1.00000000 178.00000000
343.00000000 610.00000000 1.00000000 177.00000000
344.00000000 611.00000000 1.00000000 177.00000000
469.00000000 571.00000000 5.00000000 175.00000000
345.00000000 648.00000000 1.00000000 172.00000000
752.00000000 394.00000000 0.00000000 171.00000000
712.00000000 511.00000000 1.00000000 171.00000000
718.00000000 1246.00000000 2.00000000 171.00000000
732.00000000 485.00000000 1.00000000 164.00000000
79.00000000 397.00000000 1.00000000 163.00000000
472.00000000 510.00000000 2.00000000 162.00000000
602.00000000 1182.00000000 1.00000000 161.00000000
656.00000000 1189.00000000 1.00000000 156.00000000
285.00000000 1142.00000000 1.00000000 154.00000000
739.00000000 350.00000000 1.00000000 154.00000000
345.00000000 647.00000000 1.00000000 153.00000000
717.00000000 1245.00000000 1.00000000 151.00000000
418.00000000 1185.00000000 1.00000000 151.00000000
864.00000000 1219.00000000 1.00000000 149.00000000
79.00000000 399.00000000 1.00000000 147.00000000
474.00000000 513.00000000 1.00000000 143.00000000
708.00000000 520.00000000 1.00000000 143.00000000
738.00000000 1195.00000000 1.00000000 142.00000000
752.00000000 394.00000000 1.00000000 142.00000000
344.00000000 610.00000000 0.00000000 141.00000000
733.00000000 484.00000000 1.00000000 140.00000000
482.00000000 528.00000000 1.00000000 140.00000000
223.00000000 440.00000000 0.00000000 137.00000000
738.00000000 1194.00000000 1.00000000 134.00000000
603.00000000 1183.00000000 1.00000000 130.00000000
740.00000000 350.00000000 1.00000000 130.00000000
622.00000000 1115.00000000 1.00000000 129.00000000
471.00000000 506.00000000 0.00000000 125.00000000
478.00000000 545.00000000 0.00000000 123.00000000
345.00000000 648.00000000 0.00000000 121.00000000
180.00000000 432.00000000 0.00000000 120.00000000
731.00000000 514.00000000 0.00000000 119.00000000
731.00000000 513.00000000 1.00000000 119.00000000
479.00000000 546.00000000 1.00000000 118.00000000
467.00000000 601.00000000 1.00000000 118.00000000
183.00000000 532.00000000 1.00000000 118.00000000
224.00000000 440.00000000 1.00000000 118.00000000
251.00000000 1159.00000000 1.00000000 117.00000000
474.00000000 513.00000000 0.00000000 114.00000000
473.00000000 557.00000000 0.00000000 114.00000000
657.00000000 1189.00000000 1.00000000 113.00000000
467.00000000 601.00000000 0.00000000 113.00000000
863.00000000 1218.00000000 1.00000000 113.00000000
284.00000000 1140.00000000 0.00000000 112.00000000
685.00000000 439.00000000 1.00000000 106.00000000
64.00000000 407.00000000 1.00000000 104.00000000
713.00000000 511.00000000 1.00000000 104.00000000
603.00000000 1184.00000000 0.00000000 102.00000000
418.00000000 1184.00000000 0.00000000 102.00000000
123.00000000 444.00000000 1.00000000 101.00000000
706.00000000 1225.00000000 1.00000000 101.00000000
183.00000000 532.00000000 0.00000000 100.00000000
708.00000000 520.00000000 0.00000000 100.00000000
320.00000000 558.00000000 1.00000000 99.00000000
659.00000000 1277.00000000 0.00000000 99.00000000
738.00000000 1194.00000000 0.00000000 96.00000000
685.00000000 439.00000000 0.00000000 96.00000000
622.00000000 1115.00000000 0.00000000 95.00000000
79.00000000 398.00000000 0.00000000 95.00000000
251.00000000 1159.00000000 0.00000000 95.00000000
890.00000000 1164.00000000 0.00000000 93.00000000
818.00000000 1132.00000000 0.00000000 91.00000000
717.00000000 1245.00000000 0.00000000 89.00000000
45.00000000 1030.00000000 0.00000000 86.00000000
177.00000000 1209.00000000 0.00000000 86.00000000
786.00000000 1155.00000000 0.00000000 85.00000000
731.00000000 1170.00000000 0.00000000 85.00000000
284.00000000 548.00000000 0.00000000 85.00000000
248.00000000 517.00000000 0.00000000 84.00000000
239.00000000 1231.00000000 0.00000000 81.00000000
319.00000000 557.00000000 0.00000000 81.00000000
186.00000000 475.00000000 0.00000000 80.00000000
64.00000000 407.00000000 0.00000000 79.00000000
482.00000000 526.00000000 0.00000000 76.00000000
253.00000000 540.00000000 0.00000000 74.00000000
804.00000000 1165.00000000 0.00000000 74.00000000
741.00000000 349.00000000 0.00000000 74.00000000
345.00000000 641.00000000 0.00000000 73.00000000
690.00000000 458.00000000 0.00000000 73.00000000
618.00000000 1158.00000000 0.00000000 72.00000000
541.00000000 484.00000000 0.00000000 71.00000000
726.00000000 1110.00000000 0.00000000 71.00000000
733.00000000 485.00000000 0.00000000 70.00000000
587.00000000 958.00000000 0.00000000 70.00000000
901.00000000 999.00000000 0.00000000 69.00000000
395.00000000 1167.00000000 0.00000000 69.00000000
915.00000000 1207.00000000 0.00000000 69.00000000
889.00000000 1151.00000000 0.00000000 69.00000000
183.00000000 453.00000000 0.00000000 68.00000000
955.00000000 1127.00000000 0.00000000 67.00000000
651.00000000 1137.00000000 0.00000000 67.00000000
123.00000000 444.00000000 0.00000000 66.00000000
564.00000000 500.00000000 0.00000000 66.00000000
706.00000000 1224.00000000 0.00000000 65.00000000
862.00000000 1018.00000000 0.00000000 65.00000000
270.00000000 1248.00000000 0.00000000 64.00000000
219.00000000 455.00000000 0.00000000 64.00000000
654.00000000 1075.00000000 0.00000000 64.00000000
540.00000000 562.00000000 0.00000000 64.00000000
368.00000000 1016.00000000 0.00000000 64.00000000
201.00000000 865.00000000 0.00000000 62.00000000
