712.00000000 619.00000000 2.00000000 286.00000000
712.00000000 624.00000000 4.00000000 257.00000000
606.00000000 1180.00000000 1.00000000 252.00000000
712.00000000 618.00000000 2.00000000 241.00000000
951.00000000 438.00000000 1.00000000 226.00000000
526.00000000 421.00000000 2.00000000 219.00000000
825.00000000 571.00000000 2.00000000 206.00000000
606.00000000 1180.00000000 1.00000000 206.00000000
524.00000000 424.00000000 4.00000000 206.00000000
826.00000000 570.00000000 2.00000000 199.00000000
528.00000000 424.00000000 2.00000000 192.00000000
43.00000000 1204.00000000 1.00000000 187.00000000
347.00000000 342.00000000 2.00000000 186.00000000
711.00000000 616.00000000 1.00000000 174.00000000
527.00000000 422.00000000 1.00000000 173.00000000
345.00000000 339.00000000 5.00000000 172.00000000
825.00000000 568.00000000 1.00000000 170.00000000
43.00000000 1204.00000000 0.00000000 170.00000000
605.00000000 1180.00000000 0.00000000 166.00000000
42.00000000 1204.00000000 1.00000000 161.00000000
951.00000000 438.00000000 0.00000000 152.00000000
398.00000000 468.00000000 1.00000000 148.00000000
711.00000000 647.00000000 1.00000000 141.00000000
398.00000000 467.00000000 0.00000000 138.00000000
528.00000000 423.00000000 1.00000000 137.00000000
872.00000000 574.00000000 2.00000000 135.00000000
827.00000000 568.00000000 1.00000000 133.00000000
350.00000000 344.00000000 2.00000000 129.00000000
712.00000000 616.00000000 1.00000000 125.00000000
711.00000000 649.00000000 1.00000000 119.00000000
520.00000000 538.00000000 1.00000000 117.00000000
587.00000000 438.00000000 1.00000000 113.00000000
872.00000000 574.00000000 1.00000000 112.00000000
42.00000000 1206.00000000 2.00000000 112.00000000
222.00000000 374.00000000 2.00000000 110.00000000
247.00000000 1145.00000000 1.00000000 110.00000000
830.00000000 528.00000000 2.00000000 109.00000000
693.00000000 1272.00000000 0.00000000 108.00000000
520.00000000 538.00000000 0.00000000 108.00000000
624.00000000 1081.00000000 0.00000000 107.00000000
694.00000000 1273.00000000 1.00000000 107.00000000
231.00000000 1238.00000000 1.00000000 106.00000000
834.00000000 544.00000000 1.00000000 105.00000000
934.00000000 1055.00000000 1.00000000 105.00000000
828.00000000 528.00000000 1.00000000 104.00000000
432.00000000 1257.00000000 1.00000000 102.00000000
787.00000000 1237.00000000 1.00000000 100.00000000
834.00000000 543.00000000 0.00000000 98.00000000
934.00000000 1055.00000000 0.00000000 98.00000000
890.00000000 1197.00000000 1.00000000 97.00000000
374.00000000 1244.00000000 1.00000000 95.00000000
882.00000000 1021.00000000 1.00000000 93.00000000
432.00000000 1256.00000000 0.00000000 91.00000000
943.00000000 1017.00000000 1.00000000 91.00000000
531.00000000 473.00000000 1.00000000 90.00000000
232.00000000 1238.00000000 1.00000000 89.00000000
74.00000000 1100.00000000 1.00000000 87.00000000
588.00000000 438.00000000 1.00000000 86.00000000
520.00000000 537.00000000 1.00000000 86.00000000
841.00000000 998.00000000 1.00000000 86.00000000
223.00000000 373.00000000 1.00000000 86.00000000
412.00000000 1209.00000000 1.00000000 85.00000000
829.00000000 530.00000000 1.00000000 84.00000000
587.00000000 437.00000000 0.00000000 84.00000000
528.00000000 422.00000000 0.00000000 83.00000000
794.00000000 1178.00000000 1.00000000 83.00000000
154.00000000 677.00000000 1.00000000 82.00000000
247.00000000 1145.00000000 0.00000000 82.00000000
624.00000000 1082.00000000 1.00000000 81.00000000
842.00000000 999.00000000 1.00000000 81.00000000
13.00000000 980.00000000 0.00000000 80.00000000
919.00000000 1187.00000000 1.00000000 80.00000000
529.00000000 510.00000000 1.00000000 79.00000000
789.00000000 1010.00000000 1.00000000 78.00000000
598.00000000 966.00000000 1.00000000 78.00000000
695.00000000 986.00000000 0.00000000 77.00000000
872.00000000 573.00000000 1.00000000 77.00000000
917.00000000 1069.00000000 0.00000000 76.00000000
787.00000000 1236.00000000 0.00000000 76.00000000
474.00000000 621.00000000 1.00000000 76.00000000
794.00000000 1178.00000000 0.00000000 75.00000000
827.00000000 567.00000000 0.00000000 75.00000000
154.00000000 677.00000000 0.00000000 75.00000000
725.00000000 1260.00000000 0.00000000 74.00000000
942.00000000 1017.00000000 0.00000000 73.00000000
205.00000000 1173.00000000 0.00000000 73.00000000
711.00000000 650.00000000 0.00000000 72.00000000
210.00000000 564.00000000 0.00000000 72.00000000
712.00000000 615.00000000 0.00000000 71.00000000
531.00000000 473.00000000 0.00000000 70.00000000
919.00000000 1186.00000000 0.00000000 69.00000000
212.00000000 1243.00000000 0.00000000 68.00000000
842.00000000 999.00000000 0.00000000 68.00000000
745.00000000 1122.00000000 0.00000000 67.00000000
890.00000000 1197.00000000 0.00000000 67.00000000
275.00000000 1110.00000000 0.00000000 66.00000000
474.00000000 621.00000000 0.00000000 65.00000000
112.00000000 415.00000000 0.00000000 64.00000000
583.00000000 1021.00000000 0.00000000 64.00000000
505.00000000 1275.00000000 0.00000000 64.00000000
429.00000000 932.00000000 0.00000000 63.00000000
181.00000000 1185.00000000 0.00000000 62.00000000
47.00000000 1243.00000000 0.00000000 62.00000000
789.00000000 1010.00000000 0.00000000 61.00000000
374.00000000 1243.00000000 0.00000000 60.00000000
621.00000000 569.00000000 0.00000000 60.00000000
726.00000000 1120.00000000 0.00000000 60.00000000
514.00000000 1186.00000000 0.00000000 59.00000000
75.00000000 1098.00000000 0.00000000 59.00000000
549.00000000 1093.00000000 0.00000000 59.00000000
865.00000000 1206.00000000 0.00000000 58.00000000
559.00000000 1229.00000000 0.00000000 58.00000000
214.00000000 552.00000000 0.00000000 58.00000000
280.00000000 1207.00000000 0.00000000 58.00000000
772.00000000 1178.00000000 0.00000000 58.00000000
717.00000000 1264.00000000 0.00000000 57.00000000
824.00000000 512.00000000 0.00000000 57.00000000
77.00000000 1085.00000000 0.00000000 57.00000000
829.00000000 530.00000000 0.00000000 57.00000000
424.00000000 1117.00000000 0.00000000 57.00000000
309.00000000 1245.00000000 0.00000000 57.00000000
529.00000000 509.00000000 0.00000000 56.00000000
906.00000000 1192.00000000 0.00000000 56.00000000
654.00000000 545.00000000 0.00000000 54.00000000
62.00000000 1267.00000000 0.00000000 54.00000000
624.00000000 580.00000000 0.00000000 53.00000000
953.00000000 1173.00000000 0.00000000 53.00000000
