606.00000000 272.00000000 2.00000000 371.00000000
605.00000000 271.00000000 2.00000000 369.00000000
606.00000000 272.00000000 1.00000000 357.00000000
604.00000000 276.00000000 4.00000000 342.00000000
607.00000000 272.00000000 1.00000000 341.00000000
380.00000000 548.00000000 4.00000000 278.00000000
381.00000000 545.00000000 2.00000000 268.00000000
720.00000000 308.00000000 1.00000000 259.00000000
384.00000000 542.00000000 2.00000000 257.00000000
379.00000000 554.00000000 5.00000000 247.00000000
384.00000000 540.00000000 1.00000000 243.00000000
246.00000000 608.00000000 2.00000000 236.00000000
719.00000000 309.00000000 1.00000000 235.00000000
195.00000000 1237.00000000 1.00000000 230.00000000
195.00000000 1237.00000000 1.00000000 226.00000000
84.00000000 388.00000000 2.00000000 220.00000000
664.00000000 480.00000000 2.00000000 220.00000000
378.00000000 595.00000000 1.00000000 217.00000000
692.00000000 480.00000000 1.00000000 214.00000000
385.00000000 539.00000000 1.00000000 212.00000000
607.00000000 271.00000000 0.00000000 205.00000000
668.00000000 478.00000000 2.00000000 203.00000000
84.00000000 388.00000000 1.00000000 201.00000000
393.00000000 502.00000000 1.00000000 197.00000000
704.00000000 246.00000000 2.00000000 190.00000000
394.00000000 499.00000000 1.00000000 186.00000000
378.00000000 595.00000000 0.00000000 183.00000000
704.00000000 246.00000000 1.00000000 183.00000000
384.00000000 482.00000000 1.00000000 182.00000000
661.00000000 487.00000000 1.00000000 182.00000000
248.00000000 606.00000000 2.00000000 181.00000000
719.00000000 307.00000000 0.00000000 178.00000000
384.00000000 483.00000000 1.00000000 177.00000000
695.00000000 437.00000000 1.00000000 171.00000000
384.00000000 480.00000000 2.00000000 170.00000000
248.00000000 604.00000000 1.00000000 167.00000000
86.00000000 388.00000000 1.00000000 165.00000000
720.00000000 310.00000000 2.00000000 163.00000000
247.00000000 605.00000000 1.00000000 162.00000000
694.00000000 436.00000000 1.00000000 162.00000000
187.00000000 526.00000000 0.00000000 160.00000000
390.00000000 524.00000000 1.00000000 159.00000000
692.00000000 480.00000000 0.00000000 155.00000000
386.00000000 538.00000000 0.00000000 155.00000000
704.00000000 245.00000000 1.00000000 149.00000000
377.00000000 595.00000000 1.00000000 148.00000000
187.00000000 527.00000000 1.00000000 145.00000000
675.00000000 1250.00000000 0.00000000 143.00000000
661.00000000 489.00000000 1.00000000 142.00000000
394.00000000 498.00000000 0.00000000 140.00000000
818.00000000 533.00000000 1.00000000 140.00000000
675.00000000 1250.00000000 1.00000000 138.00000000
695.00000000 438.00000000 0.00000000 138.00000000
248.00000000 650.00000000 1.00000000 138.00000000
554.00000000 1277.00000000 0.00000000 138.00000000
382.00000000 472.00000000 1.00000000 137.00000000
248.00000000 603.00000000 0.00000000 136.00000000
385.00000000 482.00000000 0.00000000 136.00000000
195.00000000 1238.00000000 0.00000000 135.00000000
684.00000000 1269.00000000 1.00000000 135.00000000
691.00000000 479.00000000 1.00000000 132.00000000
381.00000000 472.00000000 0.00000000 130.00000000
552.00000000 1080.00000000 0.00000000 130.00000000
374.00000000 452.00000000 1.00000000 130.00000000
461.00000000 442.00000000 1.00000000 130.00000000
249.00000000 652.00000000 1.00000000 128.00000000
335.00000000 1231.00000000 0.00000000 127.00000000
289.00000000 557.00000000 0.00000000 121.00000000
230.00000000 504.00000000 1.00000000 119.00000000
86.00000000 388.00000000 0.00000000 117.00000000
633.00000000 377.00000000 1.00000000 117.00000000
290.00000000 558.00000000 1.00000000 116.00000000
389.00000000 523.00000000 0.00000000 115.00000000
275.00000000 1105.00000000 1.00000000 115.00000000
461.00000000 441.00000000 0.00000000 112.00000000
335.00000000 1231.00000000 1.00000000 111.00000000
704.00000000 244.00000000 0.00000000 107.00000000
604.00000000 290.00000000 1.00000000 106.00000000
92.00000000 440.00000000 0.00000000 106.00000000
153.00000000 1147.00000000 0.00000000 105.00000000
163.00000000 1251.00000000 1.00000000 104.00000000
375.00000000 1210.00000000 1.00000000 103.00000000
786.00000000 513.00000000 1.00000000 103.00000000
639.00000000 403.00000000 1.00000000 101.00000000
818.00000000 533.00000000 0.00000000 98.00000000
375.00000000 451.00000000 1.00000000 97.00000000
793.00000000 563.00000000 1.00000000 96.00000000
417.00000000 1179.00000000 0.00000000 95.00000000
486.00000000 1213.00000000 0.00000000 94.00000000
661.00000000 490.00000000 0.00000000 93.00000000
684.00000000 1268.00000000 0.00000000 93.00000000
653.00000000 435.00000000 0.00000000 92.00000000
61.00000000 492.00000000 0.00000000 90.00000000
633.00000000 377.00000000 0.00000000 90.00000000
861.00000000 1203.00000000 0.00000000 90.00000000
609.00000000 526.00000000 0.00000000 90.00000000
374.00000000 1210.00000000 0.00000000 89.00000000
249.00000000 651.00000000 0.00000000 89.00000000
678.00000000 1201.00000000 0.00000000 89.00000000
275.00000000 1105.00000000 0.00000000 88.00000000
835.00000000 1254.00000000 0.00000000 87.00000000
634.00000000 1223.00000000 0.00000000 86.00000000
625.00000000 317.00000000 0.00000000 85.00000000
552.00000000 1053.00000000 0.00000000 84.00000000
403.00000000 1154.00000000 0.00000000 84.00000000
330.00000000 1239.00000000 0.00000000 83.00000000
517.00000000 1220.00000000 0.00000000 83.00000000
622.00000000 1253.00000000 0.00000000 82.00000000
591.00000000 1233.00000000 0.00000000 82.00000000
162.00000000 543.00000000 0.00000000 82.00000000
178.00000000 1072.00000000 0.00000000 82.00000000
702.00000000 525.00000000 0.00000000 82.00000000
489.00000000 1197.00000000 0.00000000 81.00000000
250.00000000 643.00000000 0.00000000 81.00000000
787.00000000 513.00000000 0.00000000 81.00000000
396.00000000 485.00000000 0.00000000 81.00000000
163.00000000 1251.00000000 0.00000000 80.00000000
680.00000000 1235.00000000 0.00000000 79.00000000
947.00000000 1262.00000000 0.00000000 79.00000000
241.00000000 891.00000000 0.00000000 79.00000000
459.00000000 508.00000000 0.00000000 79.00000000
461.00000000 1257.00000000 0.00000000 79.00000000
753.00000000 1152.00000000 0.00000000 77.00000000
33.00000000 404.00000000 0.00000000 77.00000000
12.00000000 1168.00000000 0.00000000 75.00000000
712.00000000 294.00000000 0.00000000 75.00000000
206.00000000 1093.00000000 0.00000000 75.00000000
