484.00000000 624.00000000 4.00000000 373.00000000
483.00000000 619.00000000 2.00000000 342.00000000
879.00000000 364.00000000 2.00000000 321.00000000
882.00000000 364.00000000 2.00000000 316.00000000
881.00000000 364.00000000 1.00000000 302.00000000
644.00000000 568.00000000 4.00000000 270.00000000
881.00000000 364.00000000 1.00000000 267.00000000
480.00000000 627.00000000 5.00000000 259.00000000
127.00000000 387.00000000 2.00000000 239.00000000
644.00000000 565.00000000 2.00000000 239.00000000
936.00000000 510.00000000 2.00000000 237.00000000
484.00000000 618.00000000 2.00000000 228.00000000
270.00000000 432.00000000 2.00000000 226.00000000
660.00000000 529.00000000 1.00000000 221.00000000
128.00000000 390.00000000 2.00000000 207.00000000
648.00000000 564.00000000 2.00000000 199.00000000
650.00000000 512.00000000 2.00000000 195.00000000
403.00000000 1175.00000000 1.00000000 192.00000000
881.00000000 363.00000000 0.00000000 189.00000000
649.00000000 511.00000000 1.00000000 187.00000000
660.00000000 528.00000000 1.00000000 187.00000000
270.00000000 431.00000000 1.00000000 186.00000000
485.00000000 616.00000000 1.00000000 177.00000000
649.00000000 561.00000000 1.00000000 175.00000000
486.00000000 651.00000000 1.00000000 172.00000000
403.00000000 1174.00000000 1.00000000 171.00000000
650.00000000 514.00000000 1.00000000 156.00000000
936.00000000 509.00000000 1.00000000 153.00000000
486.00000000 652.00000000 2.00000000 153.00000000
660.00000000 528.00000000 0.00000000 148.00000000
931.00000000 516.00000000 1.00000000 148.00000000
485.00000000 616.00000000 1.00000000 147.00000000
654.00000000 546.00000000 0.00000000 134.00000000
271.00000000 431.00000000 1.00000000 133.00000000
130.00000000 390.00000000 1.00000000 131.00000000
797.00000000 1179.00000000 1.00000000 126.00000000
486.00000000 653.00000000 1.00000000 120.00000000
640.00000000 490.00000000 1.00000000 120.00000000
797.00000000 1179.00000000 1.00000000 117.00000000
650.00000000 560.00000000 1.00000000 115.00000000
697.00000000 427.00000000 1.00000000 114.00000000
640.00000000 490.00000000 1.00000000 112.00000000
881.00000000 545.00000000 0.00000000 112.00000000
655.00000000 546.00000000 1.00000000 110.00000000
641.00000000 603.00000000 0.00000000 109.00000000
538.00000000 576.00000000 1.00000000 109.00000000
538.00000000 575.00000000 0.00000000 108.00000000
273.00000000 538.00000000 1.00000000 108.00000000
403.00000000 1173.00000000 0.00000000 106.00000000
328.00000000 439.00000000 1.00000000 106.00000000
735.00000000 479.00000000 1.00000000 106.00000000
931.00000000 516.00000000 0.00000000 103.00000000
465.00000000 531.00000000 1.00000000 102.00000000
735.00000000 480.00000000 1.00000000 102.00000000
571.00000000 1204.00000000 1.00000000 101.00000000
572.00000000 1203.00000000 1.00000000 101.00000000
485.00000000 615.00000000 0.00000000 100.00000000
650.00000000 514.00000000 0.00000000 100.00000000
796.00000000 1178.00000000 0.00000000 99.00000000
641.00000000 603.00000000 1.00000000 97.00000000
697.00000000 427.00000000 1.00000000 97.00000000
383.00000000 1032.00000000 1.00000000 95.00000000
328.00000000 438.00000000 0.00000000 95.00000000
272.00000000 538.00000000 0.00000000 94.00000000
905.00000000 438.00000000 1.00000000 91.00000000
606.00000000 813.00000000 0.00000000 89.00000000
511.00000000 1035.00000000 1.00000000 85.00000000
457.00000000 574.00000000 1.00000000 84.00000000
914.00000000 1272.00000000 1.00000000 84.00000000
606.00000000 813.00000000 1.00000000 83.00000000
443.00000000 430.00000000 1.00000000 82.00000000
455.00000000 563.00000000 1.00000000 82.00000000
881.00000000 545.00000000 1.00000000 80.00000000
108.00000000 402.00000000 1.00000000 79.00000000
735.00000000 478.00000000 0.00000000 77.00000000
914.00000000 1272.00000000 0.00000000 76.00000000
639.00000000 543.00000000 0.00000000 75.00000000
877.00000000 1277.00000000 0.00000000 75.00000000
382.00000000 1032.00000000 0.00000000 75.00000000
487.00000000 649.00000000 0.00000000 74.00000000
952.00000000 1171.00000000 1.00000000 74.00000000
131.00000000 392.00000000 1.00000000 74.00000000
270.00000000 430.00000000 0.00000000 73.00000000
408.00000000 540.00000000 1.00000000 73.00000000
511.00000000 1034.00000000 0.00000000 73.00000000
650.00000000 558.00000000 0.00000000 71.00000000
648.00000000 506.00000000 0.00000000 69.00000000
640.00000000 489.00000000 0.00000000 68.00000000
108.00000000 402.00000000 0.00000000 68.00000000
571.00000000 1203.00000000 0.00000000 65.00000000
457.00000000 573.00000000 0.00000000 63.00000000
277.00000000 477.00000000 0.00000000 62.00000000
642.00000000 593.00000000 0.00000000 62.00000000
407.00000000 605.00000000 0.00000000 61.00000000
574.00000000 517.00000000 0.00000000 60.00000000
408.00000000 552.00000000 0.00000000 60.00000000
905.00000000 437.00000000 0.00000000 59.00000000
910.00000000 456.00000000 0.00000000 58.00000000
446.00000000 813.00000000 0.00000000 58.00000000
408.00000000 540.00000000 0.00000000 57.00000000
454.00000000 562.00000000 0.00000000 56.00000000
697.00000000 427.00000000 0.00000000 56.00000000
690.00000000 449.00000000 0.00000000 55.00000000
461.00000000 796.00000000 0.00000000 54.00000000
936.00000000 507.00000000 0.00000000 54.00000000
877.00000000 555.00000000 0.00000000 53.00000000
952.00000000 1170.00000000 0.00000000 52.00000000
347.00000000 1103.00000000 0.00000000 50.00000000
878.00000000 374.00000000 0.00000000 50.00000000
371.00000000 558.00000000 0.00000000 50.00000000
629.00000000 469.00000000 0.00000000 50.00000000
730.00000000 564.00000000 0.00000000 50.00000000
915.00000000 1207.00000000 0.00000000 49.00000000
569.00000000 1075.00000000 0.00000000 49.00000000
381.00000000 1004.00000000 0.00000000 49.00000000
770.00000000 896.00000000 0.00000000 48.00000000
726.00000000 1139.00000000 0.00000000 48.00000000
443.00000000 429.00000000 0.00000000 47.00000000
938.00000000 1059.00000000 0.00000000 47.00000000
862.00000000 1262.00000000 0.00000000 46.00000000
368.00000000 545.00000000 0.00000000 46.00000000
279.00000000 509.00000000 0.00000000 46.00000000
873.00000000 952.00000000 0.00000000 45.00000000
52.00000000 422.00000000 0.00000000 45.00000000
921.00000000 475.00000000 0.00000000 45.00000000
620.00000000 475.00000000 0.00000000 44.00000000
652.00000000 1275.00000000 0.00000000 44.00000000
