701.00000000 308.00000000 2.00000000 332.00000000
700.00000000 312.00000000 4.00000000 260.00000000
700.00000000 306.00000000 2.00000000 257.00000000
974.00000000 175.00000000 1.00000000 237.00000000
1021.00000000 246.00000000 1.00000000 225.00000000
974.00000000 175.00000000 1.00000000 217.00000000
513.00000000 186.00000000 1.00000000 214.00000000
514.00000000 188.00000000 2.00000000 206.00000000
589.00000000 811.00000000 1.00000000 204.00000000
828.00000000 277.00000000 2.00000000 199.00000000
514.00000000 188.00000000 1.00000000 196.00000000
700.00000000 305.00000000 1.00000000 192.00000000
974.00000000 176.00000000 2.00000000 192.00000000
975.00000000 174.00000000 0.00000000 190.00000000
832.00000000 274.00000000 2.00000000 186.00000000
511.00000000 186.00000000 2.00000000 177.00000000
701.00000000 326.00000000 1.00000000 175.00000000
590.00000000 812.00000000 1.00000000 173.00000000
1021.00000000 246.00000000 1.00000000 171.00000000
840.00000000 251.00000000 0.00000000 171.00000000
701.00000000 328.00000000 1.00000000 164.00000000
1125.00000000 732.00000000 1.00000000 158.00000000
831.00000000 242.00000000 1.00000000 154.00000000
590.00000000 814.00000000 2.00000000 151.00000000
1008.00000000 715.00000000 1.00000000 146.00000000
831.00000000 271.00000000 1.00000000 144.00000000
1008.00000000 715.00000000 1.00000000 144.00000000
1125.00000000 732.00000000 1.00000000 143.00000000
700.00000000 305.00000000 1.00000000 141.00000000
376.00000000 154.00000000 2.00000000 140.00000000
130.00000000 214.00000000 2.00000000 139.00000000
1095.00000000 797.00000000 1.00000000 138.00000000
833.00000000 270.00000000 1.00000000 134.00000000
1096.00000000 797.00000000 1.00000000 134.00000000
1126.00000000 734.00000000 2.00000000 134.00000000
514.00000000 188.00000000 0.00000000 133.00000000
1022.00000000 244.00000000 0.00000000 132.00000000
841.00000000 251.00000000 1.00000000 129.00000000
831.00000000 241.00000000 1.00000000 128.00000000
1132.00000000 681.00000000 1.00000000 127.00000000
792.00000000 794.00000000 1.00000000 126.00000000
128.00000000 216.00000000 4.00000000 126.00000000
134.00000000 214.00000000 2.00000000 126.00000000
1124.00000000 783.00000000 1.00000000 122.00000000
700.00000000 304.00000000 0.00000000 122.00000000
1033.00000000 231.00000000 0.00000000 122.00000000
1123.00000000 782.00000000 1.00000000 121.00000000
590.00000000 811.00000000 0.00000000 118.00000000
1125.00000000 732.00000000 0.00000000 118.00000000
701.00000000 311.00000000 5.00000000 116.00000000
1008.00000000 715.00000000 0.00000000 113.00000000
1112.00000000 718.00000000 1.00000000 113.00000000
834.00000000 269.00000000 0.00000000 112.00000000
791.00000000 794.00000000 1.00000000 112.00000000
1132.00000000 681.00000000 1.00000000 112.00000000
831.00000000 242.00000000 0.00000000 111.00000000
376.00000000 154.00000000 1.00000000 111.00000000
285.00000000 173.00000000 1.00000000 111.00000000
861.00000000 198.00000000 1.00000000 111.00000000
287.00000000 174.00000000 1.00000000 109.00000000
1020.00000000 687.00000000 1.00000000 108.00000000
1061.00000000 701.00000000 1.00000000 108.00000000
701.00000000 328.00000000 0.00000000 106.00000000
1233.00000000 820.00000000 1.00000000 105.00000000
1082.00000000 263.00000000 0.00000000 104.00000000
1242.00000000 318.00000000 1.00000000 104.00000000
1020.00000000 687.00000000 0.00000000 104.00000000
966.00000000 528.00000000 0.00000000 103.00000000
375.00000000 900.00000000 0.00000000 102.00000000
1037.00000000 192.00000000 0.00000000 101.00000000
966.00000000 528.00000000 1.00000000 100.00000000
526.00000000 724.00000000 0.00000000 100.00000000
1132.00000000 680.00000000 0.00000000 100.00000000
939.00000000 693.00000000 1.00000000 100.00000000
504.00000000 253.00000000 0.00000000 99.00000000
881.00000000 728.00000000 0.00000000 97.00000000
526.00000000 725.00000000 1.00000000 97.00000000
1033.00000000 232.00000000 1.00000000 96.00000000
577.00000000 653.00000000 1.00000000 96.00000000
762.00000000 785.00000000 1.00000000 95.00000000
1123.00000000 782.00000000 0.00000000 94.00000000
845.00000000 672.00000000 1.00000000 93.00000000
799.00000000 709.00000000 0.00000000 91.00000000
376.00000000 900.00000000 1.00000000 91.00000000
1043.00000000 263.00000000 1.00000000 89.00000000
939.00000000 692.00000000 0.00000000 89.00000000
861.00000000 198.00000000 0.00000000 89.00000000
505.00000000 253.00000000 1.00000000 87.00000000
287.00000000 173.00000000 0.00000000 87.00000000
405.00000000 216.00000000 0.00000000 85.00000000
1236.00000000 296.00000000 0.00000000 83.00000000
1253.00000000 354.00000000 0.00000000 82.00000000
876.00000000 650.00000000 0.00000000 82.00000000
1199.00000000 185.00000000 0.00000000 81.00000000
567.00000000 193.00000000 0.00000000 81.00000000
1211.00000000 220.00000000 0.00000000 80.00000000
1095.00000000 796.00000000 0.00000000 80.00000000
890.00000000 226.00000000 0.00000000 80.00000000
1233.00000000 820.00000000 0.00000000 80.00000000
674.00000000 270.00000000 0.00000000 80.00000000
831.00000000 688.00000000 0.00000000 80.00000000
160.00000000 912.00000000 0.00000000 79.00000000
1060.00000000 701.00000000 0.00000000 78.00000000
1112.00000000 718.00000000 0.00000000 77.00000000
516.00000000 214.00000000 0.00000000 76.00000000
845.00000000 671.00000000 0.00000000 76.00000000
791.00000000 794.00000000 0.00000000 76.00000000
1046.00000000 622.00000000 0.00000000 76.00000000
690.00000000 727.00000000 0.00000000 75.00000000
1178.00000000 755.00000000 0.00000000 75.00000000
250.00000000 837.00000000 0.00000000 75.00000000
386.00000000 774.00000000 0.00000000 74.00000000
809.00000000 434.00000000 0.00000000 72.00000000
755.00000000 649.00000000 0.00000000 72.00000000
1229.00000000 666.00000000 0.00000000 71.00000000
794.00000000 859.00000000 0.00000000 71.00000000
1257.00000000 366.00000000 0.00000000 71.00000000
1205.00000000 200.00000000 0.00000000 70.00000000
722.00000000 633.00000000 0.00000000 69.00000000
1098.00000000 589.00000000 0.00000000 69.00000000
634.00000000 257.00000000 0.00000000 69.00000000
560.00000000 632.00000000 0.00000000 69.00000000
1088.00000000 254.00000000 0.00000000 68.00000000
1238.00000000 304.00000000 0.00000000 68.00000000
1149.00000000 481.00000000 0.00000000 68.00000000
1221.00000000 251.00000000 0.00000000 68.00000000
26.00000000 869.00000000 0.00000000 68.00000000
