461.00000000 219.00000000 1.00000000 456.00000000
485.00000000 220.00000000 1.00000000 445.00000000
485.00000000 219.00000000 0.00000000 405.00000000
434.00000000 252.00000000 1.00000000 386.00000000
436.00000000 215.00000000 1.00000000 383.00000000
434.00000000 251.00000000 0.00000000 373.00000000
530.00000000 261.00000000 1.00000000 366.00000000
758.00000000 873.00000000 1.00000000 363.00000000
461.00000000 218.00000000 0.00000000 363.00000000
532.00000000 224.00000000 0.00000000 353.00000000
557.00000000 781.00000000 0.00000000 337.00000000
530.00000000 261.00000000 1.00000000 335.00000000
436.00000000 214.00000000 0.00000000 331.00000000
551.00000000 622.00000000 1.00000000 319.00000000
532.00000000 224.00000000 1.00000000 313.00000000
758.00000000 873.00000000 1.00000000 311.00000000
694.00000000 860.00000000 1.00000000 304.00000000
461.00000000 219.00000000 1.00000000 300.00000000
576.00000000 864.00000000 0.00000000 299.00000000
530.00000000 259.00000000 0.00000000 290.00000000
564.00000000 920.00000000 0.00000000 289.00000000
485.00000000 220.00000000 1.00000000 287.00000000
758.00000000 872.00000000 0.00000000 284.00000000
551.00000000 622.00000000 0.00000000 277.00000000
564.00000000 921.00000000 1.00000000 269.00000000
217.00000000 922.00000000 1.00000000 261.00000000
537.00000000 656.00000000 1.00000000 257.00000000
571.00000000 627.00000000 0.00000000 256.00000000
770.00000000 208.00000000 1.00000000 254.00000000
571.00000000 630.00000000 1.00000000 253.00000000
741.00000000 197.00000000 5.00000000 252.00000000
643.00000000 1067.00000000 1.00000000 251.00000000
157.00000000 841.00000000 1.00000000 250.00000000
434.00000000 253.00000000 1.00000000 250.00000000
530.00000000 262.00000000 2.00000000 250.00000000
770.00000000 207.00000000 0.00000000 249.00000000
564.00000000 922.00000000 1.00000000 243.00000000
614.00000000 777.00000000 1.00000000 237.00000000
299.00000000 1142.00000000 2.00000000 236.00000000
538.00000000 654.00000000 1.00000000 232.00000000
454.00000000 65.00000000 1.00000000 231.00000000
694.00000000 860.00000000 0.00000000 231.00000000
557.00000000 782.00000000 1.00000000 229.00000000
615.00000000 641.00000000 0.00000000 227.00000000
643.00000000 1067.00000000 0.00000000 227.00000000
770.00000000 210.00000000 2.00000000 226.00000000
217.00000000 921.00000000 0.00000000 226.00000000
709.00000000 873.00000000 0.00000000 224.00000000
758.00000000 874.00000000 2.00000000 222.00000000
436.00000000 216.00000000 1.00000000 221.00000000
387.00000000 1161.00000000 1.00000000 221.00000000
157.00000000 840.00000000 0.00000000 219.00000000
302.00000000 1140.00000000 2.00000000 217.00000000
152.00000000 845.00000000 2.00000000 214.00000000
238.00000000 924.00000000 2.00000000 214.00000000
302.00000000 1137.00000000 1.00000000 214.00000000
769.00000000 209.00000000 1.00000000 213.00000000
486.00000000 874.00000000 0.00000000 213.00000000
217.00000000 923.00000000 1.00000000 212.00000000
620.00000000 803.00000000 1.00000000 211.00000000
760.00000000 552.00000000 2.00000000 208.00000000
536.00000000 656.00000000 2.00000000 208.00000000
620.00000000 803.00000000 0.00000000 208.00000000
155.00000000 842.00000000 1.00000000 206.00000000
631.00000000 959.00000000 1.00000000 205.00000000
709.00000000 874.00000000 1.00000000 204.00000000
453.00000000 65.00000000 0.00000000 203.00000000
586.00000000 654.00000000 0.00000000 202.00000000
482.00000000 275.00000000 1.00000000 202.00000000
154.00000000 846.00000000 2.00000000 201.00000000
529.00000000 279.00000000 0.00000000 200.00000000
172.00000000 556.00000000 1.00000000 199.00000000
605.00000000 768.00000000 0.00000000 198.00000000
740.00000000 200.00000000 4.00000000 195.00000000
339.00000000 948.00000000 1.00000000 193.00000000
759.00000000 551.00000000 1.00000000 193.00000000
501.00000000 319.00000000 0.00000000 192.00000000
769.00000000 212.00000000 2.00000000 192.00000000
605.00000000 769.00000000 1.00000000 192.00000000
585.00000000 645.00000000 0.00000000 189.00000000
550.00000000 623.00000000 1.00000000 188.00000000
389.00000000 1160.00000000 1.00000000 188.00000000
458.00000000 273.00000000 1.00000000 187.00000000
715.00000000 786.00000000 0.00000000 187.00000000
302.00000000 1136.00000000 1.00000000 186.00000000
433.00000000 272.00000000 1.00000000 183.00000000
741.00000000 200.00000000 2.00000000 183.00000000
340.00000000 948.00000000 1.00000000 181.00000000
530.00000000 278.00000000 1.00000000 179.00000000
432.00000000 272.00000000 0.00000000 178.00000000
631.00000000 958.00000000 0.00000000 176.00000000
759.00000000 554.00000000 1.00000000 175.00000000
172.00000000 555.00000000 0.00000000 172.00000000
594.00000000 900.00000000 0.00000000 171.00000000
434.00000000 171.00000000 0.00000000 171.00000000
300.00000000 1148.00000000 4.00000000 170.00000000
429.00000000 181.00000000 0.00000000 169.00000000
588.00000000 686.00000000 0.00000000 163.00000000
482.00000000 275.00000000 0.00000000 163.00000000
491.00000000 313.00000000 0.00000000 158.00000000
429.00000000 313.00000000 0.00000000 151.00000000
538.00000000 654.00000000 0.00000000 150.00000000
458.00000000 316.00000000 0.00000000 150.00000000
458.00000000 273.00000000 0.00000000 148.00000000
388.00000000 1159.00000000 0.00000000 146.00000000
303.00000000 1134.00000000 0.00000000 144.00000000
759.00000000 554.00000000 0.00000000 144.00000000
440.00000000 306.00000000 0.00000000 143.00000000
592.00000000 677.00000000 0.00000000 142.00000000
512.00000000 188.00000000 0.00000000 140.00000000
341.00000000 945.00000000 0.00000000 137.00000000
463.00000000 307.00000000 0.00000000 133.00000000
516.00000000 178.00000000 0.00000000 133.00000000
615.00000000 777.00000000 0.00000000 133.00000000
612.00000000 730.00000000 0.00000000 133.00000000
613.00000000 753.00000000 0.00000000 133.00000000
697.00000000 871.00000000 0.00000000 129.00000000
208.00000000 499.00000000 0.00000000 127.00000000
484.00000000 898.00000000 0.00000000 124.00000000
558.00000000 142.00000000 0.00000000 124.00000000
668.00000000 968.00000000 0.00000000 124.00000000
596.00000000 736.00000000 0.00000000 123.00000000
513.00000000 1117.00000000 0.00000000 123.00000000
511.00000000 210.00000000 0.00000000 119.00000000
204.00000000 478.00000000 0.00000000 119.00000000
658.00000000 820.00000000 0.00000000 119.00000000
505.00000000 265.00000000 0.00000000 117.00000000
