489.00000000 107.00000000 1.00000000 440.00000000
519.00000000 107.00000000 1.00000000 424.00000000
519.00000000 108.00000000 1.00000000 417.00000000
454.00000000 145.00000000 1.00000000 409.00000000
487.00000000 107.00000000 1.00000000 406.00000000
457.00000000 104.00000000 1.00000000 405.00000000
619.00000000 733.00000000 0.00000000 399.00000000
578.00000000 149.00000000 1.00000000 350.00000000
579.00000000 149.00000000 1.00000000 348.00000000
630.00000000 892.00000000 1.00000000 344.00000000
592.00000000 594.00000000 2.00000000 341.00000000
453.00000000 144.00000000 0.00000000 340.00000000
581.00000000 109.00000000 1.00000000 333.00000000
903.00000000 857.00000000 1.00000000 328.00000000
904.00000000 857.00000000 1.00000000 325.00000000
456.00000000 104.00000000 1.00000000 323.00000000
453.00000000 145.00000000 1.00000000 322.00000000
128.00000000 772.00000000 1.00000000 314.00000000
578.00000000 152.00000000 2.00000000 309.00000000
610.00000000 556.00000000 1.00000000 307.00000000
619.00000000 735.00000000 1.00000000 303.00000000
637.00000000 564.00000000 1.00000000 302.00000000
526.00000000 832.00000000 0.00000000 299.00000000
300.00000000 1100.00000000 2.00000000 296.00000000
198.00000000 861.00000000 1.00000000 296.00000000
296.00000000 1103.00000000 2.00000000 295.00000000
609.00000000 557.00000000 1.00000000 292.00000000
489.00000000 106.00000000 0.00000000 284.00000000
457.00000000 103.00000000 0.00000000 284.00000000
592.00000000 593.00000000 1.00000000 281.00000000
629.00000000 892.00000000 1.00000000 280.00000000
811.00000000 836.00000000 1.00000000 280.00000000
914.00000000 81.00000000 1.00000000 279.00000000
519.00000000 106.00000000 0.00000000 278.00000000
581.00000000 108.00000000 0.00000000 275.00000000
646.00000000 830.00000000 1.00000000 274.00000000
576.00000000 152.00000000 2.00000000 272.00000000
630.00000000 891.00000000 0.00000000 268.00000000
299.00000000 1098.00000000 1.00000000 268.00000000
197.00000000 862.00000000 1.00000000 261.00000000
904.00000000 858.00000000 2.00000000 260.00000000
197.00000000 860.00000000 0.00000000 260.00000000
127.00000000 773.00000000 1.00000000 259.00000000
646.00000000 830.00000000 0.00000000 256.00000000
636.00000000 567.00000000 1.00000000 255.00000000
913.00000000 84.00000000 2.00000000 254.00000000
296.00000000 1108.00000000 4.00000000 253.00000000
610.00000000 555.00000000 0.00000000 251.00000000
913.00000000 82.00000000 1.00000000 249.00000000
128.00000000 772.00000000 0.00000000 249.00000000
810.00000000 835.00000000 1.00000000 248.00000000
591.00000000 593.00000000 2.00000000 246.00000000
697.00000000 733.00000000 1.00000000 246.00000000
914.00000000 82.00000000 2.00000000 246.00000000
913.00000000 79.00000000 0.00000000 244.00000000
834.00000000 853.00000000 1.00000000 242.00000000
579.00000000 148.00000000 0.00000000 241.00000000
449.00000000 212.00000000 0.00000000 240.00000000
541.00000000 216.00000000 0.00000000 232.00000000
526.00000000 833.00000000 1.00000000 232.00000000
741.00000000 1067.00000000 1.00000000 230.00000000
684.00000000 724.00000000 1.00000000 230.00000000
222.00000000 864.00000000 2.00000000 229.00000000
872.00000000 76.00000000 4.00000000 228.00000000
705.00000000 764.00000000 1.00000000 226.00000000
301.00000000 1096.00000000 1.00000000 224.00000000
520.00000000 110.00000000 2.00000000 224.00000000
656.00000000 583.00000000 1.00000000 223.00000000
126.00000000 776.00000000 2.00000000 220.00000000
697.00000000 580.00000000 1.00000000 219.00000000
516.00000000 167.00000000 1.00000000 218.00000000
904.00000000 856.00000000 0.00000000 216.00000000
344.00000000 898.00000000 1.00000000 212.00000000
407.00000000 1134.00000000 1.00000000 209.00000000
143.00000000 475.00000000 1.00000000 200.00000000
811.00000000 836.00000000 0.00000000 198.00000000
684.00000000 724.00000000 0.00000000 197.00000000
578.00000000 169.00000000 1.00000000 194.00000000
447.00000000 67.00000000 0.00000000 194.00000000
565.00000000 1104.00000000 1.00000000 193.00000000
741.00000000 1067.00000000 0.00000000 192.00000000
660.00000000 630.00000000 0.00000000 192.00000000
636.00000000 562.00000000 0.00000000 189.00000000
505.00000000 204.00000000 0.00000000 189.00000000
453.00000000 166.00000000 0.00000000 188.00000000
453.00000000 167.00000000 1.00000000 187.00000000
175.00000000 1176.00000000 5.00000000 187.00000000
462.00000000 204.00000000 0.00000000 187.00000000
842.00000000 753.00000000 0.00000000 187.00000000
593.00000000 593.00000000 1.00000000 184.00000000
705.00000000 763.00000000 0.00000000 182.00000000
656.00000000 582.00000000 0.00000000 181.00000000
486.00000000 214.00000000 0.00000000 179.00000000
555.00000000 70.00000000 0.00000000 178.00000000
345.00000000 897.00000000 0.00000000 176.00000000
621.00000000 671.00000000 0.00000000 175.00000000
670.00000000 871.00000000 0.00000000 173.00000000
697.00000000 579.00000000 0.00000000 172.00000000
301.00000000 1095.00000000 0.00000000 170.00000000
143.00000000 475.00000000 0.00000000 167.00000000
611.00000000 609.00000000 0.00000000 167.00000000
454.00000000 56.00000000 0.00000000 167.00000000
523.00000000 859.00000000 0.00000000 165.00000000
565.00000000 1104.00000000 0.00000000 164.00000000
528.00000000 210.00000000 0.00000000 162.00000000
658.00000000 594.00000000 0.00000000 158.00000000
516.00000000 167.00000000 0.00000000 156.00000000
407.00000000 1134.00000000 0.00000000 151.00000000
178.00000000 393.00000000 0.00000000 150.00000000
666.00000000 620.00000000 0.00000000 150.00000000
369.00000000 1132.00000000 0.00000000 148.00000000
578.00000000 169.00000000 0.00000000 147.00000000
815.00000000 849.00000000 0.00000000 144.00000000
561.00000000 60.00000000 0.00000000 143.00000000
372.00000000 1095.00000000 0.00000000 143.00000000
722.00000000 942.00000000 0.00000000 143.00000000
398.00000000 1151.00000000 0.00000000 143.00000000
694.00000000 680.00000000 0.00000000 142.00000000
835.00000000 854.00000000 0.00000000 142.00000000
262.00000000 894.00000000 0.00000000 141.00000000
178.00000000 842.00000000 0.00000000 140.00000000
906.00000000 425.00000000 0.00000000 140.00000000
190.00000000 738.00000000 0.00000000 138.00000000
510.00000000 855.00000000 0.00000000 132.00000000
424.00000000 1012.00000000 0.00000000 132.00000000
110.00000000 865.00000000 0.00000000 129.00000000
529.00000000 890.00000000 0.00000000 128.00000000
