521.00000000 462.00000000 1.00000000 520.00000000
506.00000000 606.00000000 0.00000000 461.00000000
391.00000000 186.00000000 1.00000000 461.00000000
469.00000000 490.00000000 1.00000000 441.00000000
334.00000000 219.00000000 0.00000000 427.00000000
334.00000000 219.00000000 1.00000000 419.00000000
470.00000000 492.00000000 2.00000000 406.00000000
521.00000000 463.00000000 1.00000000 400.00000000
364.00000000 192.00000000 1.00000000 396.00000000
446.00000000 195.00000000 1.00000000 392.00000000
338.00000000 196.00000000 0.00000000 389.00000000
338.00000000 197.00000000 1.00000000 388.00000000
824.00000000 66.00000000 1.00000000 386.00000000
824.00000000 66.00000000 1.00000000 385.00000000
364.00000000 191.00000000 0.00000000 381.00000000
391.00000000 185.00000000 0.00000000 379.00000000
529.00000000 762.00000000 1.00000000 379.00000000
589.00000000 506.00000000 0.00000000 365.00000000
446.00000000 196.00000000 1.00000000 355.00000000
506.00000000 550.00000000 0.00000000 351.00000000
528.00000000 762.00000000 1.00000000 343.00000000
489.00000000 459.00000000 1.00000000 343.00000000
884.00000000 311.00000000 0.00000000 333.00000000
545.00000000 474.00000000 1.00000000 331.00000000
885.00000000 311.00000000 1.00000000 331.00000000
446.00000000 193.00000000 0.00000000 328.00000000
547.00000000 698.00000000 1.00000000 328.00000000
487.00000000 459.00000000 1.00000000 327.00000000
592.00000000 595.00000000 1.00000000 323.00000000
492.00000000 499.00000000 0.00000000 322.00000000
489.00000000 457.00000000 0.00000000 312.00000000
554.00000000 513.00000000 0.00000000 306.00000000
470.00000000 489.00000000 1.00000000 304.00000000
627.00000000 631.00000000 0.00000000 296.00000000
506.00000000 607.00000000 1.00000000 295.00000000
896.00000000 359.00000000 1.00000000 294.00000000
896.00000000 358.00000000 2.00000000 294.00000000
521.00000000 462.00000000 0.00000000 292.00000000
826.00000000 68.00000000 2.00000000 291.00000000
592.00000000 595.00000000 0.00000000 287.00000000
333.00000000 220.00000000 1.00000000 285.00000000
545.00000000 474.00000000 0.00000000 282.00000000
529.00000000 761.00000000 0.00000000 278.00000000
896.00000000 360.00000000 1.00000000 277.00000000
551.00000000 717.00000000 1.00000000 275.00000000
627.00000000 632.00000000 1.00000000 271.00000000
811.00000000 715.00000000 1.00000000 270.00000000
599.00000000 469.00000000 1.00000000 270.00000000
446.00000000 198.00000000 2.00000000 265.00000000
810.00000000 714.00000000 1.00000000 263.00000000
492.00000000 508.00000000 0.00000000 262.00000000
391.00000000 186.00000000 1.00000000 258.00000000
393.00000000 699.00000000 1.00000000 257.00000000
733.00000000 998.00000000 1.00000000 256.00000000
70.00000000 723.00000000 1.00000000 255.00000000
393.00000000 698.00000000 0.00000000 250.00000000
625.00000000 634.00000000 1.00000000 250.00000000
337.00000000 197.00000000 1.00000000 250.00000000
552.00000000 716.00000000 2.00000000 244.00000000
742.00000000 722.00000000 2.00000000 243.00000000
70.00000000 722.00000000 0.00000000 242.00000000
849.00000000 624.00000000 1.00000000 242.00000000
599.00000000 470.00000000 1.00000000 241.00000000
772.00000000 76.00000000 2.00000000 240.00000000
744.00000000 1150.00000000 0.00000000 239.00000000
896.00000000 359.00000000 2.00000000 236.00000000
547.00000000 697.00000000 0.00000000 234.00000000
732.00000000 998.00000000 1.00000000 234.00000000
733.00000000 997.00000000 0.00000000 229.00000000
825.00000000 70.00000000 2.00000000 228.00000000
358.00000000 108.00000000 1.00000000 227.00000000
741.00000000 721.00000000 2.00000000 225.00000000
528.00000000 764.00000000 2.00000000 224.00000000
742.00000000 719.00000000 1.00000000 224.00000000
824.00000000 65.00000000 0.00000000 223.00000000
772.00000000 74.00000000 2.00000000 219.00000000
760.00000000 725.00000000 0.00000000 218.00000000
511.00000000 618.00000000 1.00000000 217.00000000
857.00000000 749.00000000 0.00000000 216.00000000
505.00000000 543.00000000 0.00000000 212.00000000
896.00000000 360.00000000 0.00000000 212.00000000
416.00000000 207.00000000 1.00000000 212.00000000
697.00000000 245.00000000 1.00000000 211.00000000
861.00000000 631.00000000 0.00000000 209.00000000
603.00000000 555.00000000 0.00000000 208.00000000
805.00000000 1144.00000000 0.00000000 206.00000000
896.00000000 356.00000000 4.00000000 206.00000000
772.00000000 76.00000000 4.00000000 205.00000000
561.00000000 504.00000000 0.00000000 202.00000000
550.00000000 718.00000000 1.00000000 201.00000000
862.00000000 669.00000000 1.00000000 200.00000000
860.00000000 738.00000000 0.00000000 199.00000000
506.00000000 502.00000000 0.00000000 198.00000000
815.00000000 243.00000000 1.00000000 194.00000000
854.00000000 731.00000000 0.00000000 191.00000000
760.00000000 725.00000000 1.00000000 190.00000000
340.00000000 250.00000000 0.00000000 189.00000000
554.00000000 514.00000000 1.00000000 188.00000000
470.00000000 488.00000000 0.00000000 185.00000000
769.00000000 84.00000000 5.00000000 181.00000000
811.00000000 715.00000000 0.00000000 179.00000000
862.00000000 668.00000000 0.00000000 175.00000000
654.00000000 77.00000000 0.00000000 174.00000000
511.00000000 618.00000000 0.00000000 173.00000000
555.00000000 552.00000000 0.00000000 173.00000000
448.00000000 171.00000000 0.00000000 172.00000000
818.00000000 1153.00000000 0.00000000 169.00000000
599.00000000 468.00000000 0.00000000 168.00000000
795.00000000 742.00000000 0.00000000 167.00000000
387.00000000 217.00000000 0.00000000 166.00000000
521.00000000 502.00000000 0.00000000 165.00000000
849.00000000 624.00000000 0.00000000 164.00000000
584.00000000 743.00000000 0.00000000 163.00000000
897.00000000 1142.00000000 0.00000000 163.00000000
793.00000000 298.00000000 0.00000000 162.00000000
530.00000000 551.00000000 0.00000000 162.00000000
358.00000000 107.00000000 0.00000000 160.00000000
835.00000000 293.00000000 0.00000000 160.00000000
446.00000000 204.00000000 0.00000000 159.00000000
443.00000000 229.00000000 0.00000000 158.00000000
866.00000000 1152.00000000 0.00000000 157.00000000
518.00000000 474.00000000 0.00000000 154.00000000
675.00000000 828.00000000 0.00000000 153.00000000
423.00000000 233.00000000 0.00000000 152.00000000
415.00000000 205.00000000 0.00000000 150.00000000
797.00000000 1153.00000000 0.00000000 149.00000000
568.00000000 548.00000000 0.00000000 145.00000000
