762.00000000 389.00000000 1.00000000 503.00000000
762.00000000 388.00000000 1.00000000 475.00000000
793.00000000 995.00000000 1.00000000 468.00000000
794.00000000 996.00000000 2.00000000 411.00000000
793.00000000 995.00000000 1.00000000 374.00000000
762.00000000 388.00000000 0.00000000 337.00000000
381.00000000 786.00000000 0.00000000 323.00000000
763.00000000 469.00000000 2.00000000 321.00000000
766.00000000 470.00000000 2.00000000 301.00000000
764.00000000 468.00000000 4.00000000 296.00000000
413.00000000 883.00000000 1.00000000 296.00000000
791.00000000 995.00000000 2.00000000 294.00000000
401.00000000 941.00000000 1.00000000 291.00000000
412.00000000 883.00000000 0.00000000 288.00000000
762.00000000 388.00000000 2.00000000 271.00000000
381.00000000 787.00000000 1.00000000 267.00000000
766.00000000 472.00000000 1.00000000 266.00000000
623.00000000 931.00000000 1.00000000 266.00000000
662.00000000 975.00000000 0.00000000 264.00000000
401.00000000 941.00000000 1.00000000 260.00000000
388.00000000 621.00000000 1.00000000 258.00000000
763.00000000 469.00000000 5.00000000 252.00000000
662.00000000 956.00000000 0.00000000 247.00000000
472.00000000 827.00000000 1.00000000 247.00000000
564.00000000 932.00000000 2.00000000 246.00000000
789.00000000 939.00000000 0.00000000 243.00000000
401.00000000 941.00000000 0.00000000 242.00000000
625.00000000 933.00000000 1.00000000 242.00000000
704.00000000 363.00000000 0.00000000 242.00000000
224.00000000 108.00000000 1.00000000 241.00000000
662.00000000 957.00000000 1.00000000 240.00000000
452.00000000 631.00000000 1.00000000 236.00000000
705.00000000 364.00000000 1.00000000 235.00000000
348.00000000 654.00000000 2.00000000 232.00000000
347.00000000 651.00000000 1.00000000 231.00000000
473.00000000 825.00000000 1.00000000 230.00000000
446.00000000 782.00000000 1.00000000 229.00000000
362.00000000 615.00000000 1.00000000 229.00000000
225.00000000 110.00000000 1.00000000 228.00000000
564.00000000 929.00000000 1.00000000 228.00000000
562.00000000 933.00000000 2.00000000 221.00000000
624.00000000 932.00000000 2.00000000 220.00000000
387.00000000 623.00000000 1.00000000 220.00000000
680.00000000 847.00000000 0.00000000 220.00000000
473.00000000 824.00000000 0.00000000 220.00000000
548.00000000 299.00000000 2.00000000 218.00000000
548.00000000 300.00000000 4.00000000 217.00000000
408.00000000 637.00000000 1.00000000 215.00000000
224.00000000 110.00000000 2.00000000 212.00000000
552.00000000 298.00000000 2.00000000 212.00000000
360.00000000 616.00000000 1.00000000 212.00000000
670.00000000 836.00000000 1.00000000 211.00000000
680.00000000 847.00000000 1.00000000 207.00000000
793.00000000 997.00000000 0.00000000 206.00000000
766.00000000 471.00000000 1.00000000 205.00000000
197.00000000 891.00000000 1.00000000 204.00000000
262.00000000 235.00000000 1.00000000 200.00000000
363.00000000 1121.00000000 1.00000000 199.00000000
197.00000000 890.00000000 0.00000000 198.00000000
309.00000000 864.00000000 0.00000000 198.00000000
362.00000000 614.00000000 0.00000000 197.00000000
440.00000000 932.00000000 1.00000000 195.00000000
408.00000000 637.00000000 0.00000000 195.00000000
309.00000000 244.00000000 1.00000000 194.00000000
415.00000000 685.00000000 0.00000000 193.00000000
790.00000000 939.00000000 1.00000000 192.00000000
677.00000000 889.00000000 1.00000000 192.00000000
579.00000000 936.00000000 0.00000000 191.00000000
545.00000000 1171.00000000 0.00000000 186.00000000
608.00000000 958.00000000 0.00000000 185.00000000
416.00000000 903.00000000 1.00000000 181.00000000
446.00000000 781.00000000 0.00000000 178.00000000
451.00000000 630.00000000 0.00000000 178.00000000
415.00000000 685.00000000 1.00000000 178.00000000
440.00000000 931.00000000 0.00000000 177.00000000
445.00000000 782.00000000 1.00000000 176.00000000
186.00000000 1028.00000000 1.00000000 175.00000000
669.00000000 833.00000000 0.00000000 175.00000000
459.00000000 793.00000000 1.00000000 174.00000000
248.00000000 1084.00000000 1.00000000 173.00000000
662.00000000 975.00000000 1.00000000 173.00000000
546.00000000 1171.00000000 1.00000000 172.00000000
222.00000000 292.00000000 0.00000000 172.00000000
633.00000000 950.00000000 1.00000000 171.00000000
688.00000000 274.00000000 1.00000000 171.00000000
541.00000000 861.00000000 1.00000000 169.00000000
249.00000000 1085.00000000 1.00000000 166.00000000
765.00000000 462.00000000 0.00000000 166.00000000
262.00000000 234.00000000 0.00000000 166.00000000
676.00000000 889.00000000 0.00000000 164.00000000
225.00000000 110.00000000 0.00000000 164.00000000
765.00000000 469.00000000 0.00000000 162.00000000
387.00000000 619.00000000 0.00000000 161.00000000
623.00000000 121.00000000 0.00000000 160.00000000
454.00000000 737.00000000 0.00000000 159.00000000
420.00000000 674.00000000 0.00000000 159.00000000
744.00000000 1090.00000000 0.00000000 158.00000000
410.00000000 649.00000000 0.00000000 156.00000000
309.00000000 243.00000000 0.00000000 155.00000000
771.00000000 569.00000000 0.00000000 154.00000000
444.00000000 679.00000000 0.00000000 146.00000000
241.00000000 247.00000000 0.00000000 142.00000000
666.00000000 963.00000000 0.00000000 140.00000000
569.00000000 876.00000000 0.00000000 140.00000000
363.00000000 1120.00000000 0.00000000 140.00000000
625.00000000 932.00000000 0.00000000 138.00000000
692.00000000 946.00000000 0.00000000 138.00000000
525.00000000 905.00000000 0.00000000 136.00000000
580.00000000 1063.00000000 0.00000000 133.00000000
379.00000000 726.00000000 0.00000000 133.00000000
222.00000000 258.00000000 0.00000000 132.00000000
747.00000000 1137.00000000 0.00000000 128.00000000
415.00000000 903.00000000 0.00000000 128.00000000
250.00000000 1085.00000000 0.00000000 126.00000000
741.00000000 1127.00000000 0.00000000 126.00000000
632.00000000 949.00000000 0.00000000 125.00000000
318.00000000 889.00000000 0.00000000 123.00000000
603.00000000 369.00000000 0.00000000 122.00000000
789.00000000 929.00000000 0.00000000 121.00000000
452.00000000 649.00000000 0.00000000 121.00000000
758.00000000 321.00000000 0.00000000 120.00000000
540.00000000 860.00000000 0.00000000 120.00000000
760.00000000 353.00000000 0.00000000 115.00000000
226.00000000 1045.00000000 0.00000000 114.00000000
263.00000000 287.00000000 0.00000000 113.00000000
663.00000000 852.00000000 0.00000000 112.00000000
139.00000000 847.00000000 0.00000000 111.00000000
