558.00000000 656.00000000 1.00000000 701.00000000
540.00000000 827.00000000 0.00000000 591.00000000
504.00000000 688.00000000 2.00000000 584.00000000
376.00000000 232.00000000 1.00000000 556.00000000
541.00000000 763.00000000 0.00000000 529.00000000
525.00000000 648.00000000 1.00000000 521.00000000
558.00000000 988.00000000 1.00000000 506.00000000
916.00000000 441.00000000 0.00000000 505.00000000
409.00000000 224.00000000 1.00000000 497.00000000
583.00000000 672.00000000 1.00000000 495.00000000
344.00000000 238.00000000 1.00000000 492.00000000
528.00000000 701.00000000 0.00000000 484.00000000
627.00000000 715.00000000 0.00000000 481.00000000
524.00000000 649.00000000 1.00000000 480.00000000
558.00000000 655.00000000 1.00000000 477.00000000
408.00000000 226.00000000 1.00000000 469.00000000
376.00000000 233.00000000 1.00000000 460.00000000
504.00000000 687.00000000 1.00000000 455.00000000
341.00000000 277.00000000 1.00000000 453.00000000
906.00000000 364.00000000 2.00000000 445.00000000
905.00000000 362.00000000 2.00000000 441.00000000
637.00000000 774.00000000 0.00000000 439.00000000
896.00000000 64.00000000 4.00000000 432.00000000
361.00000000 75.00000000 1.00000000 429.00000000
343.00000000 237.00000000 0.00000000 427.00000000
540.00000000 828.00000000 1.00000000 426.00000000
376.00000000 231.00000000 0.00000000 426.00000000
217.00000000 1134.00000000 2.00000000 422.00000000
591.00000000 721.00000000 0.00000000 420.00000000
638.00000000 667.00000000 1.00000000 420.00000000
557.00000000 988.00000000 1.00000000 420.00000000
503.00000000 687.00000000 2.00000000 419.00000000
525.00000000 647.00000000 0.00000000 418.00000000
360.00000000 74.00000000 1.00000000 407.00000000
639.00000000 670.00000000 1.00000000 392.00000000
558.00000000 987.00000000 0.00000000 392.00000000
218.00000000 1132.00000000 2.00000000 390.00000000
477.00000000 249.00000000 1.00000000 390.00000000
476.00000000 250.00000000 1.00000000 390.00000000
479.00000000 208.00000000 1.00000000 384.00000000
435.00000000 323.00000000 0.00000000 382.00000000
343.00000000 239.00000000 1.00000000 380.00000000
752.00000000 958.00000000 2.00000000 380.00000000
341.00000000 276.00000000 0.00000000 377.00000000
769.00000000 359.00000000 2.00000000 371.00000000
590.00000000 721.00000000 1.00000000 368.00000000
540.00000000 755.00000000 0.00000000 366.00000000
770.00000000 358.00000000 2.00000000 365.00000000
361.00000000 75.00000000 0.00000000 364.00000000
73.00000000 842.00000000 1.00000000 364.00000000
524.00000000 652.00000000 2.00000000 363.00000000
653.00000000 864.00000000 1.00000000 362.00000000
219.00000000 1129.00000000 1.00000000 362.00000000
916.00000000 441.00000000 1.00000000 358.00000000
752.00000000 956.00000000 1.00000000 358.00000000
906.00000000 362.00000000 1.00000000 356.00000000
768.00000000 360.00000000 4.00000000 354.00000000
340.00000000 278.00000000 1.00000000 351.00000000
360.00000000 74.00000000 2.00000000 351.00000000
868.00000000 906.00000000 1.00000000 346.00000000
409.00000000 224.00000000 0.00000000 345.00000000
337.00000000 340.00000000 0.00000000 345.00000000
479.00000000 207.00000000 0.00000000 337.00000000
72.00000000 842.00000000 1.00000000 334.00000000
222.00000000 74.00000000 1.00000000 330.00000000
814.00000000 951.00000000 1.00000000 329.00000000
70.00000000 844.00000000 2.00000000 325.00000000
716.00000000 1192.00000000 1.00000000 325.00000000
716.00000000 1192.00000000 0.00000000 322.00000000
489.00000000 1188.00000000 1.00000000 321.00000000
873.00000000 867.00000000 0.00000000 320.00000000
73.00000000 841.00000000 0.00000000 319.00000000
767.00000000 960.00000000 0.00000000 318.00000000
528.00000000 710.00000000 0.00000000 314.00000000
598.00000000 711.00000000 0.00000000 310.00000000
849.00000000 985.00000000 0.00000000 305.00000000
863.00000000 858.00000000 1.00000000 304.00000000
763.00000000 362.00000000 5.00000000 302.00000000
406.00000000 283.00000000 1.00000000 301.00000000
655.00000000 860.00000000 0.00000000 301.00000000
220.00000000 1127.00000000 1.00000000 296.00000000
609.00000000 973.00000000 1.00000000 295.00000000
868.00000000 905.00000000 0.00000000 295.00000000
402.00000000 80.00000000 1.00000000 291.00000000
478.00000000 247.00000000 0.00000000 289.00000000
252.00000000 963.00000000 1.00000000 288.00000000
796.00000000 977.00000000 0.00000000 287.00000000
505.00000000 685.00000000 1.00000000 286.00000000
435.00000000 324.00000000 1.00000000 286.00000000
222.00000000 73.00000000 0.00000000 285.00000000
598.00000000 711.00000000 1.00000000 283.00000000
320.00000000 1181.00000000 1.00000000 283.00000000
583.00000000 673.00000000 0.00000000 283.00000000
868.00000000 445.00000000 0.00000000 283.00000000
906.00000000 361.00000000 1.00000000 282.00000000
395.00000000 320.00000000 0.00000000 278.00000000
433.00000000 918.00000000 0.00000000 274.00000000
852.00000000 214.00000000 0.00000000 270.00000000
543.00000000 703.00000000 0.00000000 269.00000000
489.00000000 1187.00000000 0.00000000 268.00000000
609.00000000 972.00000000 0.00000000 265.00000000
421.00000000 321.00000000 0.00000000 265.00000000
586.00000000 684.00000000 0.00000000 264.00000000
333.00000000 205.00000000 0.00000000 263.00000000
320.00000000 1180.00000000 0.00000000 260.00000000
375.00000000 335.00000000 0.00000000 258.00000000
851.00000000 968.00000000 0.00000000 254.00000000
590.00000000 768.00000000 0.00000000 253.00000000
340.00000000 297.00000000 0.00000000 248.00000000
473.00000000 306.00000000 0.00000000 246.00000000
476.00000000 270.00000000 0.00000000 242.00000000
519.00000000 103.00000000 0.00000000 242.00000000
745.00000000 53.00000000 0.00000000 237.00000000
623.00000000 818.00000000 0.00000000 237.00000000
863.00000000 856.00000000 0.00000000 237.00000000
79.00000000 603.00000000 0.00000000 237.00000000
819.00000000 432.00000000 0.00000000 236.00000000
351.00000000 329.00000000 0.00000000 235.00000000
332.00000000 1074.00000000 0.00000000 235.00000000
711.00000000 935.00000000 0.00000000 235.00000000
555.00000000 670.00000000 0.00000000 234.00000000
652.00000000 145.00000000 0.00000000 234.00000000
637.00000000 666.00000000 0.00000000 233.00000000
454.00000000 165.00000000 0.00000000 233.00000000
557.00000000 706.00000000 0.00000000 232.00000000
449.00000000 176.00000000 0.00000000 231.00000000
559.00000000 656.00000000 0.00000000 231.00000000
