945.00000000 440.00000000 1.00000000 539.00000000
538.00000000 623.00000000 1.00000000 497.00000000
519.00000000 792.00000000 0.00000000 485.00000000
940.00000000 951.00000000 1.00000000 478.00000000
945.00000000 439.00000000 0.00000000 474.00000000
941.00000000 951.00000000 1.00000000 463.00000000
484.00000000 654.00000000 2.00000000 439.00000000
391.00000000 187.00000000 1.00000000 433.00000000
323.00000000 240.00000000 1.00000000 425.00000000
358.00000000 194.00000000 1.00000000 423.00000000
391.00000000 188.00000000 1.00000000 399.00000000
326.00000000 200.00000000 1.00000000 397.00000000
520.00000000 729.00000000 0.00000000 389.00000000
505.00000000 615.00000000 1.00000000 383.00000000
459.00000000 213.00000000 1.00000000 381.00000000
460.00000000 212.00000000 1.00000000 377.00000000
357.00000000 195.00000000 1.00000000 373.00000000
535.00000000 951.00000000 1.00000000 371.00000000
504.00000000 616.00000000 1.00000000 370.00000000
944.00000000 439.00000000 1.00000000 367.00000000
507.00000000 667.00000000 0.00000000 366.00000000
554.00000000 890.00000000 1.00000000 361.00000000
322.00000000 240.00000000 1.00000000 353.00000000
485.00000000 653.00000000 1.00000000 350.00000000
323.00000000 239.00000000 0.00000000 345.00000000
519.00000000 793.00000000 1.00000000 344.00000000
538.00000000 622.00000000 1.00000000 340.00000000
943.00000000 510.00000000 1.00000000 338.00000000
605.00000000 683.00000000 0.00000000 334.00000000
325.00000000 200.00000000 1.00000000 332.00000000
569.00000000 688.00000000 0.00000000 328.00000000
563.00000000 639.00000000 1.00000000 328.00000000
534.00000000 951.00000000 1.00000000 327.00000000
896.00000000 411.00000000 0.00000000 326.00000000
358.00000000 193.00000000 0.00000000 324.00000000
535.00000000 950.00000000 0.00000000 315.00000000
505.00000000 614.00000000 0.00000000 311.00000000
325.00000000 199.00000000 0.00000000 309.00000000
462.00000000 171.00000000 1.00000000 308.00000000
460.00000000 216.00000000 2.00000000 308.00000000
483.00000000 656.00000000 2.00000000 307.00000000
941.00000000 950.00000000 0.00000000 303.00000000
602.00000000 785.00000000 1.00000000 299.00000000
787.00000000 914.00000000 1.00000000 298.00000000
950.00000000 15.00000000 1.00000000 293.00000000
197.00000000 1091.00000000 2.00000000 292.00000000
943.00000000 510.00000000 1.00000000 291.00000000
391.00000000 186.00000000 0.00000000 288.00000000
618.00000000 637.00000000 1.00000000 286.00000000
788.00000000 915.00000000 1.00000000 284.00000000
344.00000000 35.00000000 1.00000000 282.00000000
617.00000000 635.00000000 1.00000000 282.00000000
458.00000000 217.00000000 2.00000000 279.00000000
417.00000000 288.00000000 0.00000000 275.00000000
343.00000000 33.00000000 1.00000000 275.00000000
460.00000000 212.00000000 0.00000000 275.00000000
200.00000000 1090.00000000 2.00000000 273.00000000
412.00000000 881.00000000 0.00000000 272.00000000
412.00000000 882.00000000 1.00000000 268.00000000
109.00000000 879.00000000 1.00000000 268.00000000
233.00000000 924.00000000 1.00000000 266.00000000
615.00000000 741.00000000 0.00000000 265.00000000
520.00000000 721.00000000 0.00000000 265.00000000
601.00000000 784.00000000 0.00000000 263.00000000
504.00000000 618.00000000 2.00000000 262.00000000
342.00000000 34.00000000 2.00000000 261.00000000
554.00000000 889.00000000 0.00000000 261.00000000
847.00000000 833.00000000 0.00000000 259.00000000
200.00000000 1087.00000000 1.00000000 257.00000000
941.00000000 905.00000000 0.00000000 256.00000000
632.00000000 825.00000000 0.00000000 256.00000000
569.00000000 688.00000000 1.00000000 255.00000000
462.00000000 171.00000000 0.00000000 252.00000000
688.00000000 1150.00000000 1.00000000 252.00000000
318.00000000 304.00000000 0.00000000 251.00000000
726.00000000 920.00000000 2.00000000 249.00000000
749.00000000 325.00000000 2.00000000 246.00000000
109.00000000 878.00000000 0.00000000 242.00000000
54.00000000 803.00000000 0.00000000 242.00000000
897.00000000 411.00000000 1.00000000 238.00000000
748.00000000 328.00000000 4.00000000 238.00000000
888.00000000 332.00000000 2.00000000 238.00000000
752.00000000 326.00000000 2.00000000 237.00000000
485.00000000 652.00000000 1.00000000 236.00000000
507.00000000 677.00000000 0.00000000 236.00000000
688.00000000 1150.00000000 0.00000000 236.00000000
465.00000000 1145.00000000 1.00000000 234.00000000
741.00000000 924.00000000 0.00000000 230.00000000
556.00000000 909.00000000 1.00000000 229.00000000
201.00000000 1085.00000000 1.00000000 228.00000000
632.00000000 826.00000000 1.00000000 228.00000000
54.00000000 804.00000000 1.00000000 228.00000000
344.00000000 35.00000000 0.00000000 224.00000000
562.00000000 640.00000000 0.00000000 223.00000000
576.00000000 678.00000000 0.00000000 220.00000000
943.00000000 509.00000000 0.00000000 217.00000000
822.00000000 948.00000000 0.00000000 213.00000000
823.00000000 933.00000000 0.00000000 212.00000000
568.00000000 735.00000000 0.00000000 212.00000000
585.00000000 935.00000000 0.00000000 211.00000000
950.00000000 14.00000000 0.00000000 210.00000000
770.00000000 941.00000000 0.00000000 208.00000000
233.00000000 923.00000000 0.00000000 207.00000000
465.00000000 1144.00000000 0.00000000 202.00000000
357.00000000 299.00000000 0.00000000 202.00000000
333.00000000 293.00000000 0.00000000 201.00000000
731.00000000 16.00000000 0.00000000 200.00000000
787.00000000 915.00000000 0.00000000 200.00000000
522.00000000 670.00000000 0.00000000 198.00000000
746.00000000 328.00000000 5.00000000 194.00000000
437.00000000 127.00000000 0.00000000 194.00000000
378.00000000 284.00000000 0.00000000 190.00000000
888.00000000 332.00000000 4.00000000 188.00000000
837.00000000 822.00000000 0.00000000 185.00000000
538.00000000 625.00000000 0.00000000 180.00000000
566.00000000 651.00000000 0.00000000 179.00000000
321.00000000 260.00000000 0.00000000 179.00000000
384.00000000 149.00000000 0.00000000 178.00000000
534.00000000 637.00000000 0.00000000 178.00000000
403.00000000 285.00000000 0.00000000 177.00000000
800.00000000 400.00000000 0.00000000 177.00000000
315.00000000 166.00000000 0.00000000 174.00000000
848.00000000 415.00000000 0.00000000 173.00000000
200.00000000 1084.00000000 0.00000000 173.00000000
431.00000000 138.00000000 0.00000000 172.00000000
265.00000000 1097.00000000 0.00000000 169.00000000
618.00000000 636.00000000 0.00000000 169.00000000
