947.00000000 408.00000000 1.00000000 915.00000000
915.00000000 816.00000000 1.00000000 905.00000000
1064.00000000 939.00000000 1.00000000 897.00000000
1032.00000000 384.00000000 1.00000000 890.00000000
858.00000000 432.00000000 1.00000000 871.00000000
893.00000000 994.00000000 1.00000000 868.00000000
907.00000000 246.00000000 1.00000000 866.00000000
980.00000000 965.00000000 1.00000000 853.00000000
1103.00000000 452.00000000 1.00000000 777.00000000
1106.00000000 993.00000000 1.00000000 765.00000000
1064.00000000 938.00000000 1.00000000 737.00000000
634.00000000 403.00000000 0.00000000 737.00000000
616.00000000 329.00000000 1.00000000 729.00000000
964.00000000 972.00000000 1.00000000 705.00000000
914.00000000 815.00000000 0.00000000 704.00000000
906.00000000 246.00000000 1.00000000 699.00000000
914.00000000 817.00000000 1.00000000 695.00000000
755.00000000 622.00000000 1.00000000 670.00000000
1012.00000000 474.00000000 0.00000000 668.00000000
787.00000000 618.00000000 1.00000000 664.00000000
907.00000000 245.00000000 0.00000000 653.00000000
1105.00000000 992.00000000 0.00000000 647.00000000
930.00000000 414.00000000 1.00000000 645.00000000
942.00000000 815.00000000 0.00000000 644.00000000
835.00000000 986.00000000 1.00000000 642.00000000
94.00000000 322.00000000 2.00000000 637.00000000
935.00000000 263.00000000 1.00000000 633.00000000
1034.00000000 384.00000000 2.00000000 630.00000000
1090.00000000 980.00000000 0.00000000 625.00000000
1453.00000000 780.00000000 5.00000000 624.00000000
942.00000000 815.00000000 1.00000000 623.00000000
1032.00000000 383.00000000 1.00000000 622.00000000
930.00000000 414.00000000 1.00000000 616.00000000
696.00000000 448.00000000 4.00000000 611.00000000
834.00000000 987.00000000 1.00000000 610.00000000
616.00000000 330.00000000 2.00000000 609.00000000
1103.00000000 475.00000000 0.00000000 606.00000000
935.00000000 248.00000000 0.00000000 604.00000000
1028.00000000 259.00000000 0.00000000 603.00000000
1090.00000000 981.00000000 1.00000000 601.00000000
1046.00000000 475.00000000 1.00000000 601.00000000
1011.00000000 488.00000000 0.00000000 600.00000000
948.00000000 408.00000000 2.00000000 595.00000000
942.00000000 829.00000000 1.00000000 594.00000000
1087.00000000 438.00000000 0.00000000 592.00000000
800.00000000 571.00000000 1.00000000 587.00000000
1016.00000000 384.00000000 1.00000000 586.00000000
860.00000000 432.00000000 2.00000000 586.00000000
935.00000000 248.00000000 1.00000000 585.00000000
746.00000000 28.00000000 1.00000000 585.00000000
474.00000000 580.00000000 2.00000000 585.00000000
801.00000000 570.00000000 1.00000000 581.00000000
695.00000000 446.00000000 2.00000000 576.00000000
642.00000000 362.00000000 0.00000000 575.00000000
980.00000000 964.00000000 1.00000000 574.00000000
1103.00000000 451.00000000 0.00000000 571.00000000
796.00000000 421.00000000 1.00000000 570.00000000
1103.00000000 475.00000000 1.00000000 569.00000000
755.00000000 622.00000000 0.00000000 568.00000000
934.00000000 263.00000000 1.00000000 565.00000000
1090.00000000 982.00000000 1.00000000 563.00000000
797.00000000 422.00000000 1.00000000 558.00000000
1066.00000000 940.00000000 2.00000000 556.00000000
653.00000000 359.00000000 0.00000000 552.00000000
1048.00000000 939.00000000 1.00000000 549.00000000
958.00000000 950.00000000 2.00000000 549.00000000
893.00000000 991.00000000 1.00000000 547.00000000
350.00000000 908.00000000 0.00000000 546.00000000
1087.00000000 438.00000000 1.00000000 546.00000000
1033.00000000 816.00000000 0.00000000 539.00000000
667.00000000 204.00000000 0.00000000 537.00000000
1012.00000000 475.00000000 1.00000000 537.00000000
93.00000000 322.00000000 2.00000000 532.00000000
1046.00000000 474.00000000 0.00000000 531.00000000
997.00000000 254.00000000 0.00000000 529.00000000
472.00000000 579.00000000 2.00000000 529.00000000
697.00000000 439.00000000 1.00000000 522.00000000
914.00000000 755.00000000 0.00000000 522.00000000
635.00000000 404.00000000 1.00000000 518.00000000
1069.00000000 374.00000000 0.00000000 507.00000000
285.00000000 617.00000000 1.00000000 505.00000000
1448.00000000 776.00000000 4.00000000 496.00000000
224.00000000 284.00000000 0.00000000 496.00000000
1094.00000000 228.00000000 0.00000000 494.00000000
958.00000000 950.00000000 2.00000000 494.00000000
881.00000000 596.00000000 0.00000000 491.00000000
729.00000000 709.00000000 0.00000000 485.00000000
1059.00000000 474.00000000 0.00000000 485.00000000
1079.00000000 371.00000000 0.00000000 483.00000000
345.00000000 917.00000000 0.00000000 481.00000000
1017.00000000 261.00000000 0.00000000 478.00000000
835.00000000 986.00000000 0.00000000 475.00000000
1011.00000000 489.00000000 1.00000000 474.00000000
1034.00000000 815.00000000 1.00000000 473.00000000
1064.00000000 936.00000000 0.00000000 473.00000000
858.00000000 430.00000000 1.00000000 473.00000000
1032.00000000 381.00000000 0.00000000 471.00000000
883.00000000 508.00000000 0.00000000 469.00000000
1062.00000000 411.00000000 0.00000000 468.00000000
562.00000000 692.00000000 0.00000000 467.00000000
365.00000000 931.00000000 0.00000000 466.00000000
987.00000000 213.00000000 0.00000000 465.00000000
965.00000000 212.00000000 0.00000000 465.00000000
593.00000000 688.00000000 0.00000000 463.00000000
801.00000000 569.00000000 0.00000000 463.00000000
642.00000000 345.00000000 0.00000000 463.00000000
965.00000000 648.00000000 0.00000000 463.00000000
697.00000000 438.00000000 0.00000000 458.00000000
850.00000000 866.00000000 0.00000000 457.00000000
1457.00000000 87.00000000 0.00000000 456.00000000
907.00000000 183.00000000 0.00000000 455.00000000
728.00000000 1007.00000000 0.00000000 453.00000000
673.00000000 648.00000000 0.00000000 450.00000000
1280.00000000 74.00000000 0.00000000 449.00000000
1278.00000000 634.00000000 0.00000000 449.00000000
841.00000000 292.00000000 0.00000000 441.00000000
315.00000000 748.00000000 0.00000000 438.00000000
323.00000000 908.00000000 0.00000000 436.00000000
1451.00000000 361.00000000 0.00000000 436.00000000
861.00000000 611.00000000 0.00000000 435.00000000
958.00000000 79.00000000 0.00000000 433.00000000
218.00000000 292.00000000 0.00000000 433.00000000
215.00000000 552.00000000 0.00000000 433.00000000
1276.00000000 626.00000000 0.00000000 433.00000000
972.00000000 777.00000000 0.00000000 430.00000000
890.00000000 189.00000000 0.00000000 429.00000000
945.00000000 296.00000000 0.00000000 429.00000000
