1073.00000000 397.00000000 1.00000000 897.00000000
1091.00000000 956.00000000 1.00000000 892.00000000
951.00000000 836.00000000 1.00000000 866.00000000
954.00000000 253.00000000 1.00000000 863.00000000
1011.00000000 985.00000000 1.00000000 858.00000000
989.00000000 420.00000000 1.00000000 854.00000000
903.00000000 445.00000000 1.00000000 826.00000000
1128.00000000 1006.00000000 1.00000000 802.00000000
954.00000000 253.00000000 1.00000000 773.00000000
799.00000000 642.00000000 1.00000000 740.00000000
1137.00000000 465.00000000 1.00000000 739.00000000
1091.00000000 953.00000000 1.00000000 732.00000000
681.00000000 413.00000000 0.00000000 729.00000000
995.00000000 991.00000000 1.00000000 702.00000000
1128.00000000 1006.00000000 0.00000000 698.00000000
951.00000000 837.00000000 1.00000000 691.00000000
977.00000000 834.00000000 0.00000000 680.00000000
1448.00000000 786.00000000 5.00000000 671.00000000
951.00000000 835.00000000 0.00000000 670.00000000
663.00000000 336.00000000 1.00000000 660.00000000
108.00000000 322.00000000 2.00000000 652.00000000
831.00000000 636.00000000 1.00000000 651.00000000
664.00000000 336.00000000 2.00000000 648.00000000
1137.00000000 489.00000000 0.00000000 645.00000000
1050.00000000 502.00000000 0.00000000 639.00000000
1072.00000000 395.00000000 1.00000000 637.00000000
842.00000000 434.00000000 1.00000000 633.00000000
1051.00000000 488.00000000 0.00000000 624.00000000
954.00000000 252.00000000 0.00000000 623.00000000
744.00000000 460.00000000 4.00000000 622.00000000
1122.00000000 451.00000000 0.00000000 621.00000000
974.00000000 426.00000000 1.00000000 621.00000000
717.00000000 204.00000000 0.00000000 620.00000000
700.00000000 368.00000000 0.00000000 617.00000000
992.00000000 970.00000000 2.00000000 605.00000000
977.00000000 848.00000000 1.00000000 604.00000000
1137.00000000 489.00000000 1.00000000 599.00000000
981.00000000 255.00000000 0.00000000 594.00000000
799.00000000 641.00000000 0.00000000 590.00000000
904.00000000 446.00000000 2.00000000 589.00000000
981.00000000 256.00000000 1.00000000 589.00000000
1074.00000000 398.00000000 2.00000000 586.00000000
1056.00000000 396.00000000 1.00000000 585.00000000
1011.00000000 983.00000000 1.00000000 584.00000000
514.00000000 602.00000000 2.00000000 583.00000000
845.00000000 587.00000000 1.00000000 582.00000000
974.00000000 427.00000000 1.00000000 581.00000000
743.00000000 458.00000000 2.00000000 578.00000000
1084.00000000 489.00000000 1.00000000 577.00000000
978.00000000 834.00000000 1.00000000 575.00000000
1137.00000000 465.00000000 0.00000000 572.00000000
690.00000000 371.00000000 0.00000000 571.00000000
844.00000000 588.00000000 1.00000000 566.00000000
1096.00000000 488.00000000 0.00000000 565.00000000
511.00000000 602.00000000 2.00000000 563.00000000
1114.00000000 995.00000000 1.00000000 562.00000000
843.00000000 434.00000000 1.00000000 558.00000000
107.00000000 322.00000000 2.00000000 556.00000000
1114.00000000 994.00000000 0.00000000 556.00000000
1123.00000000 452.00000000 1.00000000 555.00000000
1083.00000000 488.00000000 0.00000000 554.00000000
1460.00000000 516.00000000 4.00000000 554.00000000
744.00000000 454.00000000 2.00000000 550.00000000
1114.00000000 997.00000000 1.00000000 549.00000000
1064.00000000 832.00000000 0.00000000 549.00000000
799.00000000 21.00000000 1.00000000 541.00000000
772.00000000 731.00000000 0.00000000 540.00000000
690.00000000 352.00000000 0.00000000 538.00000000
743.00000000 452.00000000 1.00000000 534.00000000
1122.00000000 452.00000000 1.00000000 534.00000000
251.00000000 282.00000000 1.00000000 532.00000000
682.00000000 414.00000000 1.00000000 532.00000000
977.00000000 849.00000000 1.00000000 532.00000000
1076.00000000 955.00000000 1.00000000 528.00000000
744.00000000 451.00000000 1.00000000 527.00000000
1092.00000000 956.00000000 2.00000000 519.00000000
772.00000000 732.00000000 1.00000000 519.00000000
1061.00000000 270.00000000 0.00000000 518.00000000
376.00000000 960.00000000 0.00000000 515.00000000
967.00000000 401.00000000 2.00000000 513.00000000
1041.00000000 263.00000000 0.00000000 509.00000000
381.00000000 951.00000000 0.00000000 508.00000000
397.00000000 975.00000000 1.00000000 506.00000000
990.00000000 418.00000000 1.00000000 502.00000000
314.00000000 643.00000000 1.00000000 499.00000000
266.00000000 311.00000000 1.00000000 498.00000000
635.00000000 712.00000000 0.00000000 497.00000000
219.00000000 276.00000000 0.00000000 496.00000000
1051.00000000 489.00000000 1.00000000 492.00000000
382.00000000 952.00000000 1.00000000 492.00000000
1458.00000000 376.00000000 0.00000000 491.00000000
1071.00000000 269.00000000 0.00000000 490.00000000
183.00000000 253.00000000 0.00000000 484.00000000
871.00000000 1011.00000000 0.00000000 477.00000000
352.00000000 952.00000000 0.00000000 474.00000000
1007.00000000 81.00000000 0.00000000 471.00000000
1294.00000000 638.00000000 0.00000000 470.00000000
744.00000000 450.00000000 0.00000000 470.00000000
397.00000000 975.00000000 0.00000000 470.00000000
1011.00000000 219.00000000 0.00000000 469.00000000
1071.00000000 393.00000000 0.00000000 466.00000000
244.00000000 290.00000000 0.00000000 464.00000000
247.00000000 243.00000000 0.00000000 463.00000000
255.00000000 295.00000000 0.00000000 462.00000000
1134.00000000 238.00000000 0.00000000 460.00000000
995.00000000 989.00000000 0.00000000 460.00000000
1099.00000000 424.00000000 0.00000000 460.00000000
604.00000000 718.00000000 0.00000000 459.00000000
923.00000000 614.00000000 0.00000000 458.00000000
845.00000000 586.00000000 0.00000000 458.00000000
1376.00000000 631.00000000 0.00000000 456.00000000
1091.00000000 951.00000000 0.00000000 454.00000000
377.00000000 917.00000000 0.00000000 454.00000000
717.00000000 670.00000000 0.00000000 454.00000000
1006.00000000 795.00000000 0.00000000 452.00000000
1471.00000000 104.00000000 0.00000000 449.00000000
88.00000000 762.00000000 0.00000000 448.00000000
1457.00000000 366.00000000 0.00000000 446.00000000
951.00000000 774.00000000 0.00000000 443.00000000
1028.00000000 793.00000000 0.00000000 443.00000000
251.00000000 282.00000000 0.00000000 443.00000000
1272.00000000 81.00000000 0.00000000 443.00000000
1304.00000000 12.00000000 0.00000000 442.00000000
903.00000000 629.00000000 0.00000000 441.00000000
386.00000000 963.00000000 0.00000000 440.00000000
1306.00000000 25.00000000 0.00000000 438.00000000
955.00000000 188.00000000 0.00000000 438.00000000
