1025.00000000 978.00000000 1.00000000 930.00000000
865.00000000 840.00000000 1.00000000 920.00000000
987.00000000 424.00000000 1.00000000 899.00000000
808.00000000 469.00000000 1.00000000 877.00000000
858.00000000 295.00000000 1.00000000 867.00000000
898.00000000 446.00000000 1.00000000 859.00000000
934.00000000 997.00000000 1.00000000 845.00000000
865.00000000 839.00000000 0.00000000 742.00000000
1061.00000000 489.00000000 1.00000000 720.00000000
858.00000000 295.00000000 0.00000000 709.00000000
738.00000000 642.00000000 1.00000000 709.00000000
865.00000000 840.00000000 1.00000000 706.00000000
705.00000000 107.00000000 1.00000000 704.00000000
707.00000000 645.00000000 1.00000000 691.00000000
581.00000000 376.00000000 1.00000000 687.00000000
917.00000000 1001.00000000 1.00000000 685.00000000
893.00000000 840.00000000 0.00000000 672.00000000
704.00000000 106.00000000 0.00000000 670.00000000
858.00000000 295.00000000 1.00000000 662.00000000
707.00000000 644.00000000 0.00000000 652.00000000
148.00000000 374.00000000 1.00000000 646.00000000
981.00000000 304.00000000 0.00000000 643.00000000
735.00000000 104.00000000 1.00000000 639.00000000
886.00000000 296.00000000 0.00000000 637.00000000
597.00000000 441.00000000 0.00000000 630.00000000
1062.00000000 511.00000000 0.00000000 621.00000000
988.00000000 424.00000000 2.00000000 621.00000000
1025.00000000 976.00000000 1.00000000 609.00000000
1026.00000000 978.00000000 2.00000000 608.00000000
964.00000000 523.00000000 0.00000000 607.00000000
965.00000000 510.00000000 0.00000000 606.00000000
969.00000000 423.00000000 1.00000000 602.00000000
949.00000000 301.00000000 0.00000000 601.00000000
1044.00000000 475.00000000 0.00000000 601.00000000
749.00000000 459.00000000 1.00000000 600.00000000
653.00000000 480.00000000 2.00000000 598.00000000
986.00000000 423.00000000 1.00000000 591.00000000
886.00000000 310.00000000 1.00000000 591.00000000
881.00000000 452.00000000 1.00000000 589.00000000
886.00000000 297.00000000 1.00000000 585.00000000
1008.00000000 976.00000000 1.00000000 584.00000000
450.00000000 598.00000000 2.00000000 582.00000000
1001.00000000 511.00000000 1.00000000 579.00000000
1062.00000000 512.00000000 1.00000000 578.00000000
752.00000000 597.00000000 1.00000000 578.00000000
652.00000000 484.00000000 4.00000000 576.00000000
893.00000000 841.00000000 1.00000000 572.00000000
582.00000000 375.00000000 1.00000000 569.00000000
893.00000000 855.00000000 1.00000000 567.00000000
630.00000000 264.00000000 0.00000000 566.00000000
1044.00000000 476.00000000 1.00000000 565.00000000
334.00000000 886.00000000 0.00000000 562.00000000
864.00000000 780.00000000 0.00000000 557.00000000
1267.00000000 265.00000000 5.00000000 553.00000000
149.00000000 374.00000000 1.00000000 552.00000000
1062.00000000 489.00000000 1.00000000 552.00000000
782.00000000 1002.00000000 1.00000000 551.00000000
750.00000000 598.00000000 1.00000000 550.00000000
1467.00000000 980.00000000 0.00000000 549.00000000
990.00000000 848.00000000 1.00000000 549.00000000
783.00000000 1002.00000000 1.00000000 547.00000000
148.00000000 376.00000000 2.00000000 543.00000000
1261.00000000 678.00000000 0.00000000 540.00000000
654.00000000 478.00000000 2.00000000 539.00000000
1460.00000000 398.00000000 0.00000000 536.00000000
874.00000000 430.00000000 2.00000000 535.00000000
654.00000000 474.00000000 1.00000000 531.00000000
990.00000000 848.00000000 0.00000000 530.00000000
881.00000000 452.00000000 1.00000000 528.00000000
965.00000000 510.00000000 1.00000000 524.00000000
1043.00000000 476.00000000 1.00000000 523.00000000
898.00000000 446.00000000 2.00000000 520.00000000
1463.00000000 685.00000000 0.00000000 518.00000000
289.00000000 625.00000000 1.00000000 515.00000000
1071.00000000 957.00000000 0.00000000 515.00000000
1061.00000000 489.00000000 0.00000000 512.00000000
289.00000000 624.00000000 0.00000000 510.00000000
1455.00000000 121.00000000 0.00000000 509.00000000
809.00000000 467.00000000 1.00000000 508.00000000
1472.00000000 264.00000000 4.00000000 505.00000000
1000.00000000 956.00000000 2.00000000 504.00000000
749.00000000 62.00000000 1.00000000 504.00000000
1017.00000000 449.00000000 0.00000000 503.00000000
1050.00000000 273.00000000 0.00000000 502.00000000
1265.00000000 977.00000000 0.00000000 496.00000000
1250.00000000 118.00000000 0.00000000 496.00000000
1025.00000000 413.00000000 0.00000000 496.00000000
1001.00000000 510.00000000 0.00000000 494.00000000
934.00000000 995.00000000 1.00000000 491.00000000
681.00000000 725.00000000 1.00000000 490.00000000
948.00000000 805.00000000 0.00000000 489.00000000
345.00000000 908.00000000 0.00000000 489.00000000
1253.00000000 917.00000000 0.00000000 489.00000000
1448.00000000 340.00000000 0.00000000 488.00000000
262.00000000 364.00000000 0.00000000 485.00000000
752.00000000 596.00000000 0.00000000 483.00000000
910.00000000 978.00000000 2.00000000 483.00000000
969.00000000 306.00000000 0.00000000 481.00000000
873.00000000 429.00000000 2.00000000 481.00000000
831.00000000 625.00000000 0.00000000 480.00000000
681.00000000 725.00000000 0.00000000 478.00000000
917.00000000 263.00000000 0.00000000 473.00000000
737.00000000 639.00000000 1.00000000 472.00000000
924.00000000 805.00000000 0.00000000 472.00000000
677.00000000 1012.00000000 0.00000000 472.00000000
1016.00000000 511.00000000 0.00000000 469.00000000
251.00000000 342.00000000 0.00000000 467.00000000
1025.00000000 974.00000000 0.00000000 467.00000000
985.00000000 420.00000000 0.00000000 466.00000000
799.00000000 886.00000000 0.00000000 466.00000000
1253.00000000 395.00000000 0.00000000 463.00000000
246.00000000 349.00000000 0.00000000 463.00000000
806.00000000 101.00000000 0.00000000 462.00000000
654.00000000 473.00000000 0.00000000 461.00000000
329.00000000 893.00000000 0.00000000 459.00000000
1470.00000000 260.00000000 2.00000000 458.00000000
826.00000000 89.00000000 0.00000000 456.00000000
627.00000000 665.00000000 0.00000000 455.00000000
917.00000000 999.00000000 0.00000000 454.00000000
605.00000000 405.00000000 0.00000000 453.00000000
614.00000000 402.00000000 0.00000000 450.00000000
1059.00000000 410.00000000 0.00000000 447.00000000
854.00000000 946.00000000 0.00000000 447.00000000
1035.00000000 411.00000000 0.00000000 444.00000000
1454.00000000 919.00000000 0.00000000 442.00000000
858.00000000 239.00000000 0.00000000 440.00000000
219.00000000 89.00000000 0.00000000 436.00000000
