653.00000000 438.00000000 1.00000000 781.00000000
576.00000000 307.00000000 0.00000000 769.00000000
567.00000000 857.00000000 1.00000000 734.00000000
577.00000000 308.00000000 1.00000000 731.00000000
702.00000000 510.00000000 1.00000000 711.00000000
701.00000000 537.00000000 1.00000000 708.00000000
653.00000000 436.00000000 1.00000000 689.00000000
1073.00000000 304.00000000 0.00000000 670.00000000
461.00000000 494.00000000 2.00000000 663.00000000
460.00000000 496.00000000 4.00000000 654.00000000
592.00000000 321.00000000 1.00000000 653.00000000
1055.00000000 701.00000000 0.00000000 652.00000000
1071.00000000 287.00000000 0.00000000 651.00000000
701.00000000 536.00000000 0.00000000 641.00000000
593.00000000 306.00000000 0.00000000 630.00000000
1056.00000000 719.00000000 0.00000000 629.00000000
595.00000000 461.00000000 1.00000000 625.00000000
324.00000000 612.00000000 1.00000000 623.00000000
1460.00000000 439.00000000 0.00000000 613.00000000
567.00000000 856.00000000 0.00000000 608.00000000
702.00000000 509.00000000 0.00000000 598.00000000
850.00000000 678.00000000 0.00000000 598.00000000
511.00000000 475.00000000 1.00000000 597.00000000
635.00000000 531.00000000 0.00000000 596.00000000
1040.00000000 778.00000000 0.00000000 589.00000000
857.00000000 306.00000000 0.00000000 585.00000000
521.00000000 85.00000000 1.00000000 575.00000000
269.00000000 411.00000000 1.00000000 575.00000000
1069.00000000 296.00000000 0.00000000 575.00000000
510.00000000 607.00000000 1.00000000 574.00000000
1038.00000000 760.00000000 0.00000000 573.00000000
1477.00000000 441.00000000 1.00000000 571.00000000
659.00000000 532.00000000 0.00000000 571.00000000
634.00000000 545.00000000 0.00000000 566.00000000
432.00000000 401.00000000 1.00000000 563.00000000
1057.00000000 368.00000000 0.00000000 562.00000000
593.00000000 321.00000000 1.00000000 561.00000000
1453.00000000 982.00000000 0.00000000 558.00000000
431.00000000 401.00000000 1.00000000 551.00000000
977.00000000 369.00000000 1.00000000 550.00000000
584.00000000 469.00000000 1.00000000 546.00000000
510.00000000 475.00000000 1.00000000 541.00000000
462.00000000 494.00000000 2.00000000 540.00000000
1055.00000000 351.00000000 0.00000000 539.00000000
1093.00000000 22.00000000 0.00000000 539.00000000
669.00000000 533.00000000 0.00000000 532.00000000
268.00000000 411.00000000 1.00000000 531.00000000
882.00000000 226.00000000 5.00000000 531.00000000
1453.00000000 983.00000000 1.00000000 530.00000000
1083.00000000 389.00000000 1.00000000 529.00000000
543.00000000 572.00000000 0.00000000 529.00000000
150.00000000 418.00000000 1.00000000 524.00000000
858.00000000 321.00000000 0.00000000 524.00000000
543.00000000 484.00000000 1.00000000 524.00000000
192.00000000 593.00000000 1.00000000 521.00000000
521.00000000 84.00000000 0.00000000 520.00000000
324.00000000 611.00000000 0.00000000 520.00000000
1482.00000000 451.00000000 0.00000000 519.00000000
542.00000000 573.00000000 1.00000000 515.00000000
595.00000000 463.00000000 1.00000000 515.00000000
690.00000000 494.00000000 0.00000000 512.00000000
652.00000000 434.00000000 0.00000000 512.00000000
1052.00000000 709.00000000 0.00000000 510.00000000
784.00000000 378.00000000 1.00000000 509.00000000
177.00000000 226.00000000 0.00000000 508.00000000
191.00000000 592.00000000 0.00000000 508.00000000
567.00000000 858.00000000 1.00000000 507.00000000
845.00000000 376.00000000 0.00000000 506.00000000
1461.00000000 440.00000000 1.00000000 505.00000000
1080.00000000 435.00000000 0.00000000 503.00000000
580.00000000 444.00000000 2.00000000 501.00000000
1065.00000000 806.00000000 1.00000000 501.00000000
323.00000000 612.00000000 1.00000000 499.00000000
463.00000000 489.00000000 1.00000000 498.00000000
880.00000000 216.00000000 4.00000000 498.00000000
1473.00000000 1000.00000000 0.00000000 498.00000000
646.00000000 1002.00000000 1.00000000 495.00000000
1477.00000000 440.00000000 0.00000000 495.00000000
1030.00000000 416.00000000 0.00000000 493.00000000
844.00000000 362.00000000 0.00000000 492.00000000
848.00000000 663.00000000 0.00000000 492.00000000
177.00000000 228.00000000 1.00000000 488.00000000
1073.00000000 304.00000000 1.00000000 488.00000000
1081.00000000 443.00000000 0.00000000 487.00000000
1008.00000000 761.00000000 0.00000000 487.00000000
473.00000000 720.00000000 0.00000000 486.00000000
977.00000000 369.00000000 0.00000000 485.00000000
180.00000000 136.00000000 2.00000000 485.00000000
472.00000000 720.00000000 1.00000000 483.00000000
635.00000000 412.00000000 0.00000000 482.00000000
1210.00000000 708.00000000 2.00000000 481.00000000
863.00000000 434.00000000 0.00000000 480.00000000
584.00000000 864.00000000 0.00000000 479.00000000
1057.00000000 719.00000000 1.00000000 478.00000000
530.00000000 475.00000000 1.00000000 478.00000000
653.00000000 307.00000000 0.00000000 477.00000000
292.00000000 824.00000000 1.00000000 476.00000000
635.00000000 413.00000000 1.00000000 476.00000000
1209.00000000 705.00000000 1.00000000 476.00000000
838.00000000 731.00000000 0.00000000 475.00000000
463.00000000 488.00000000 0.00000000 473.00000000
864.00000000 383.00000000 0.00000000 473.00000000
269.00000000 410.00000000 0.00000000 472.00000000
149.00000000 418.00000000 0.00000000 472.00000000
1013.00000000 819.00000000 0.00000000 470.00000000
882.00000000 212.00000000 2.00000000 468.00000000
1465.00000000 541.00000000 0.00000000 468.00000000
510.00000000 607.00000000 0.00000000 465.00000000
1024.00000000 359.00000000 0.00000000 463.00000000
644.00000000 893.00000000 0.00000000 463.00000000
636.00000000 415.00000000 1.00000000 462.00000000
855.00000000 314.00000000 0.00000000 462.00000000
702.00000000 510.00000000 1.00000000 461.00000000
1058.00000000 381.00000000 0.00000000 458.00000000
656.00000000 355.00000000 0.00000000 458.00000000
462.00000000 490.00000000 1.00000000 456.00000000
595.00000000 460.00000000 0.00000000 455.00000000
1081.00000000 375.00000000 0.00000000 455.00000000
1105.00000000 178.00000000 2.00000000 455.00000000
582.00000000 878.00000000 1.00000000 454.00000000
703.00000000 265.00000000 0.00000000 453.00000000
1081.00000000 376.00000000 1.00000000 453.00000000
636.00000000 418.00000000 2.00000000 449.00000000
70.00000000 517.00000000 2.00000000 436.00000000
72.00000000 516.00000000 2.00000000 432.00000000
882.00000000 212.00000000 2.00000000 424.00000000
324.00000000 614.00000000 2.00000000 408.00000000
