809.00000000 426.00000000 1.00000000 831.00000000
724.00000000 315.00000000 0.00000000 773.00000000
810.00000000 427.00000000 1.00000000 734.00000000
863.00000000 488.00000000 1.00000000 726.00000000
692.00000000 941.00000000 1.00000000 716.00000000
725.00000000 316.00000000 1.00000000 714.00000000
818.00000000 939.00000000 1.00000000 703.00000000
745.00000000 448.00000000 1.00000000 690.00000000
686.00000000 470.00000000 1.00000000 683.00000000
711.00000000 795.00000000 1.00000000 679.00000000
818.00000000 941.00000000 1.00000000 679.00000000
753.00000000 940.00000000 1.00000000 669.00000000
852.00000000 1006.00000000 1.00000000 663.00000000
555.00000000 397.00000000 1.00000000 642.00000000
711.00000000 794.00000000 0.00000000 635.00000000
649.00000000 462.00000000 1.00000000 635.00000000
591.00000000 480.00000000 2.00000000 628.00000000
852.00000000 1006.00000000 0.00000000 625.00000000
862.00000000 509.00000000 0.00000000 625.00000000
863.00000000 487.00000000 0.00000000 621.00000000
351.00000000 408.00000000 1.00000000 614.00000000
745.00000000 449.00000000 1.00000000 606.00000000
591.00000000 967.00000000 2.00000000 602.00000000
743.00000000 315.00000000 0.00000000 585.00000000
592.00000000 966.00000000 2.00000000 580.00000000
647.00000000 579.00000000 1.00000000 572.00000000
649.00000000 462.00000000 0.00000000 568.00000000
192.00000000 416.00000000 1.00000000 566.00000000
741.00000000 943.00000000 1.00000000 563.00000000
662.00000000 121.00000000 1.00000000 561.00000000
592.00000000 480.00000000 2.00000000 560.00000000
753.00000000 941.00000000 1.00000000 559.00000000
790.00000000 507.00000000 0.00000000 556.00000000
80.00000000 516.00000000 4.00000000 551.00000000
74.00000000 763.00000000 0.00000000 549.00000000
789.00000000 519.00000000 0.00000000 549.00000000
743.00000000 327.00000000 1.00000000 547.00000000
816.00000000 508.00000000 0.00000000 545.00000000
1046.00000000 254.00000000 5.00000000 545.00000000
850.00000000 475.00000000 0.00000000 544.00000000
733.00000000 455.00000000 1.00000000 538.00000000
82.00000000 514.00000000 2.00000000 537.00000000
730.00000000 799.00000000 0.00000000 537.00000000
84.00000000 512.00000000 2.00000000 534.00000000
839.00000000 989.00000000 0.00000000 533.00000000
350.00000000 408.00000000 1.00000000 533.00000000
692.00000000 943.00000000 1.00000000 530.00000000
862.00000000 510.00000000 1.00000000 530.00000000
1216.00000000 643.00000000 0.00000000 523.00000000
839.00000000 990.00000000 1.00000000 522.00000000
661.00000000 120.00000000 0.00000000 521.00000000
790.00000000 408.00000000 1.00000000 520.00000000
818.00000000 939.00000000 0.00000000 519.00000000
800.00000000 918.00000000 2.00000000 517.00000000
350.00000000 407.00000000 0.00000000 515.00000000
633.00000000 165.00000000 0.00000000 514.00000000
1024.00000000 684.00000000 0.00000000 513.00000000
809.00000000 424.00000000 0.00000000 512.00000000
1031.00000000 388.00000000 0.00000000 512.00000000
459.00000000 170.00000000 1.00000000 512.00000000
247.00000000 581.00000000 1.00000000 510.00000000
850.00000000 475.00000000 1.00000000 509.00000000
420.00000000 592.00000000 1.00000000 508.00000000
637.00000000 614.00000000 1.00000000 506.00000000
592.00000000 962.00000000 1.00000000 504.00000000
827.00000000 508.00000000 0.00000000 500.00000000
800.00000000 916.00000000 1.00000000 499.00000000
588.00000000 480.00000000 4.00000000 494.00000000
730.00000000 434.00000000 2.00000000 494.00000000
593.00000000 476.00000000 1.00000000 493.00000000
592.00000000 964.00000000 1.00000000 492.00000000
592.00000000 478.00000000 1.00000000 491.00000000
810.00000000 316.00000000 0.00000000 488.00000000
601.00000000 681.00000000 0.00000000 487.00000000
647.00000000 578.00000000 0.00000000 486.00000000
790.00000000 407.00000000 1.00000000 486.00000000
741.00000000 941.00000000 0.00000000 484.00000000
1225.00000000 711.00000000 0.00000000 483.00000000
399.00000000 205.00000000 1.00000000 481.00000000
742.00000000 328.00000000 1.00000000 480.00000000
458.00000000 171.00000000 1.00000000 480.00000000
637.00000000 613.00000000 0.00000000 478.00000000
619.00000000 616.00000000 0.00000000 478.00000000
443.00000000 610.00000000 1.00000000 477.00000000
246.00000000 580.00000000 0.00000000 476.00000000
685.00000000 470.00000000 1.00000000 475.00000000
652.00000000 159.00000000 1.00000000 475.00000000
1013.00000000 989.00000000 0.00000000 474.00000000
1231.00000000 317.00000000 0.00000000 471.00000000
799.00000000 912.00000000 0.00000000 469.00000000
192.00000000 415.00000000 0.00000000 468.00000000
780.00000000 1006.00000000 0.00000000 467.00000000
840.00000000 991.00000000 1.00000000 467.00000000
646.00000000 579.00000000 1.00000000 465.00000000
1202.00000000 970.00000000 0.00000000 463.00000000
555.00000000 397.00000000 1.00000000 463.00000000
692.00000000 940.00000000 0.00000000 458.00000000
745.00000000 446.00000000 0.00000000 457.00000000
555.00000000 395.00000000 0.00000000 452.00000000
753.00000000 939.00000000 0.00000000 451.00000000
1214.00000000 629.00000000 0.00000000 450.00000000
109.00000000 566.00000000 0.00000000 446.00000000
1016.00000000 622.00000000 0.00000000 446.00000000
797.00000000 818.00000000 0.00000000 445.00000000
733.00000000 453.00000000 0.00000000 441.00000000
1229.00000000 304.00000000 0.00000000 438.00000000
1006.00000000 925.00000000 0.00000000 438.00000000
556.00000000 180.00000000 0.00000000 431.00000000
796.00000000 426.00000000 0.00000000 429.00000000
1200.00000000 956.00000000 0.00000000 429.00000000
231.00000000 235.00000000 0.00000000 429.00000000
685.00000000 545.00000000 0.00000000 428.00000000
1356.00000000 628.00000000 2.00000000 427.00000000
1046.00000000 243.00000000 2.00000000 425.00000000
1004.00000000 912.00000000 0.00000000 425.00000000
743.00000000 326.00000000 0.00000000 420.00000000
1015.00000000 609.00000000 0.00000000 418.00000000
592.00000000 961.00000000 0.00000000 416.00000000
444.00000000 609.00000000 0.00000000 415.00000000
689.00000000 1009.00000000 0.00000000 414.00000000
1250.00000000 62.00000000 0.00000000 414.00000000
964.00000000 934.00000000 0.00000000 412.00000000
1221.00000000 735.00000000 0.00000000 411.00000000
790.00000000 405.00000000 0.00000000 411.00000000
1024.00000000 329.00000000 0.00000000 410.00000000
792.00000000 410.00000000 2.00000000 406.00000000
1048.00000000 242.00000000 2.00000000 402.00000000
