401.00000000 286.00000000 1.00000000 865.00000000
736.00000000 456.00000000 0.00000000 711.00000000
303.00000000 376.00000000 0.00000000 671.00000000
428.00000000 497.00000000 0.00000000 665.00000000
386.00000000 446.00000000 1.00000000 663.00000000
428.00000000 498.00000000 1.00000000 640.00000000
400.00000000 285.00000000 0.00000000 639.00000000
119.00000000 311.00000000 0.00000000 632.00000000
303.00000000 376.00000000 1.00000000 622.00000000
728.00000000 330.00000000 1.00000000 616.00000000
708.00000000 315.00000000 1.00000000 609.00000000
343.00000000 345.00000000 0.00000000 604.00000000
781.00000000 391.00000000 1.00000000 595.00000000
401.00000000 287.00000000 1.00000000 586.00000000
386.00000000 446.00000000 0.00000000 582.00000000
781.00000000 391.00000000 0.00000000 580.00000000
386.00000000 446.00000000 1.00000000 566.00000000
708.00000000 314.00000000 0.00000000 563.00000000
708.00000000 289.00000000 0.00000000 563.00000000
728.00000000 329.00000000 1.00000000 562.00000000
679.00000000 296.00000000 0.00000000 559.00000000
661.00000000 504.00000000 1.00000000 553.00000000
661.00000000 503.00000000 0.00000000 553.00000000
119.00000000 312.00000000 1.00000000 546.00000000
526.00000000 454.00000000 2.00000000 543.00000000
713.00000000 367.00000000 1.00000000 538.00000000
427.00000000 497.00000000 1.00000000 538.00000000
729.00000000 384.00000000 1.00000000 537.00000000
712.00000000 428.00000000 1.00000000 530.00000000
405.00000000 302.00000000 1.00000000 528.00000000
728.00000000 384.00000000 1.00000000 524.00000000
713.00000000 444.00000000 0.00000000 518.00000000
668.00000000 348.00000000 4.00000000 514.00000000
929.00000000 305.00000000 0.00000000 513.00000000
711.00000000 428.00000000 1.00000000 505.00000000
741.00000000 463.00000000 0.00000000 505.00000000
763.00000000 421.00000000 1.00000000 504.00000000
729.00000000 383.00000000 0.00000000 504.00000000
688.00000000 449.00000000 1.00000000 501.00000000
801.00000000 372.00000000 1.00000000 496.00000000
780.00000000 329.00000000 0.00000000 490.00000000
801.00000000 371.00000000 0.00000000 488.00000000
343.00000000 345.00000000 1.00000000 487.00000000
957.00000000 455.00000000 0.00000000 487.00000000
763.00000000 421.00000000 0.00000000 486.00000000
537.00000000 389.00000000 1.00000000 484.00000000
957.00000000 456.00000000 1.00000000 483.00000000
763.00000000 421.00000000 1.00000000 482.00000000
373.00000000 473.00000000 1.00000000 481.00000000
780.00000000 436.00000000 1.00000000 477.00000000
318.00000000 309.00000000 0.00000000 477.00000000
781.00000000 437.00000000 1.00000000 474.00000000
391.00000000 246.00000000 0.00000000 474.00000000
690.00000000 307.00000000 1.00000000 474.00000000
659.00000000 376.00000000 1.00000000 471.00000000
405.00000000 301.00000000 0.00000000 467.00000000
553.00000000 237.00000000 0.00000000 464.00000000
450.00000000 414.00000000 2.00000000 463.00000000
659.00000000 375.00000000 0.00000000 462.00000000
67.00000000 405.00000000 1.00000000 462.00000000
679.00000000 345.00000000 0.00000000 460.00000000
465.00000000 337.00000000 1.00000000 457.00000000
422.00000000 304.00000000 1.00000000 456.00000000
678.00000000 262.00000000 0.00000000 456.00000000
690.00000000 306.00000000 1.00000000 455.00000000
699.00000000 338.00000000 1.00000000 452.00000000
702.00000000 255.00000000 1.00000000 446.00000000
404.00000000 302.00000000 1.00000000 445.00000000
708.00000000 290.00000000 1.00000000 444.00000000
780.00000000 329.00000000 1.00000000 443.00000000
688.00000000 448.00000000 1.00000000 441.00000000
107.00000000 276.00000000 1.00000000 439.00000000
667.00000000 345.00000000 5.00000000 437.00000000
284.00000000 362.00000000 1.00000000 436.00000000
728.00000000 330.00000000 0.00000000 434.00000000
319.00000000 310.00000000 1.00000000 432.00000000
648.00000000 457.00000000 0.00000000 431.00000000
929.00000000 306.00000000 1.00000000 431.00000000
743.00000000 470.00000000 0.00000000 430.00000000
712.00000000 366.00000000 1.00000000 426.00000000
374.00000000 474.00000000 2.00000000 423.00000000
670.00000000 350.00000000 2.00000000 422.00000000
465.00000000 338.00000000 1.00000000 421.00000000
728.00000000 384.00000000 2.00000000 417.00000000
726.00000000 330.00000000 2.00000000 415.00000000
708.00000000 393.00000000 0.00000000 414.00000000
299.00000000 422.00000000 0.00000000 412.00000000
708.00000000 315.00000000 1.00000000 411.00000000
376.00000000 384.00000000 0.00000000 396.00000000
481.00000000 290.00000000 0.00000000 395.00000000
422.00000000 304.00000000 0.00000000 392.00000000
755.00000000 301.00000000 0.00000000 392.00000000
645.00000000 446.00000000 0.00000000 390.00000000
284.00000000 361.00000000 0.00000000 388.00000000
702.00000000 255.00000000 0.00000000 386.00000000
354.00000000 468.00000000 0.00000000 382.00000000
714.00000000 367.00000000 0.00000000 381.00000000
531.00000000 263.00000000 0.00000000 377.00000000
658.00000000 380.00000000 2.00000000 373.00000000
676.00000000 428.00000000 4.00000000 372.00000000
108.00000000 277.00000000 0.00000000 371.00000000
316.00000000 424.00000000 0.00000000 370.00000000
449.00000000 415.00000000 2.00000000 370.00000000
625.00000000 464.00000000 0.00000000 368.00000000
434.00000000 444.00000000 0.00000000 366.00000000
698.00000000 337.00000000 0.00000000 364.00000000
780.00000000 444.00000000 0.00000000 359.00000000
504.00000000 362.00000000 0.00000000 358.00000000
712.00000000 427.00000000 0.00000000 356.00000000
746.00000000 476.00000000 0.00000000 354.00000000
678.00000000 458.00000000 0.00000000 349.00000000
526.00000000 458.00000000 2.00000000 349.00000000
1018.00000000 392.00000000 0.00000000 347.00000000
774.00000000 300.00000000 0.00000000 344.00000000
562.00000000 264.00000000 0.00000000 343.00000000
971.00000000 413.00000000 0.00000000 341.00000000
69.00000000 405.00000000 0.00000000 339.00000000
464.00000000 338.00000000 2.00000000 339.00000000
479.00000000 236.00000000 0.00000000 336.00000000
383.00000000 268.00000000 0.00000000 336.00000000
970.00000000 311.00000000 0.00000000 332.00000000
1002.00000000 451.00000000 0.00000000 331.00000000
463.00000000 339.00000000 2.00000000 331.00000000
781.00000000 437.00000000 0.00000000 329.00000000
764.00000000 422.00000000 2.00000000 329.00000000
690.00000000 306.00000000 0.00000000 323.00000000
429.00000000 595.00000000 0.00000000 318.00000000
