688.00000000 326.00000000 1.00000000 1007.00000000
866.00000000 474.00000000 2.00000000 835.00000000
789.00000000 519.00000000 0.00000000 729.00000000
688.00000000 325.00000000 1.00000000 684.00000000
730.00000000 475.00000000 1.00000000 679.00000000
851.00000000 411.00000000 1.00000000 668.00000000
1079.00000000 376.00000000 1.00000000 663.00000000
851.00000000 412.00000000 1.00000000 662.00000000
688.00000000 325.00000000 0.00000000 660.00000000
1055.00000000 456.00000000 0.00000000 657.00000000
423.00000000 368.00000000 0.00000000 637.00000000
789.00000000 520.00000000 1.00000000 637.00000000
865.00000000 475.00000000 2.00000000 616.00000000
1065.00000000 423.00000000 1.00000000 616.00000000
780.00000000 442.00000000 2.00000000 614.00000000
653.00000000 383.00000000 0.00000000 607.00000000
423.00000000 368.00000000 1.00000000 603.00000000
1065.00000000 422.00000000 0.00000000 603.00000000
216.00000000 727.00000000 1.00000000 597.00000000
216.00000000 726.00000000 0.00000000 591.00000000
1001.00000000 344.00000000 1.00000000 581.00000000
1001.00000000 344.00000000 0.00000000 574.00000000
946.00000000 317.00000000 0.00000000 557.00000000
774.00000000 469.00000000 0.00000000 547.00000000
214.00000000 728.00000000 1.00000000 546.00000000
1022.00000000 392.00000000 1.00000000 542.00000000
969.00000000 309.00000000 0.00000000 538.00000000
774.00000000 469.00000000 1.00000000 537.00000000
970.00000000 454.00000000 0.00000000 530.00000000
1006.00000000 505.00000000 0.00000000 529.00000000
1079.00000000 375.00000000 0.00000000 525.00000000
697.00000000 341.00000000 1.00000000 517.00000000
787.00000000 519.00000000 1.00000000 516.00000000
1021.00000000 392.00000000 0.00000000 514.00000000
1066.00000000 422.00000000 1.00000000 507.00000000
934.00000000 287.00000000 0.00000000 496.00000000
963.00000000 360.00000000 0.00000000 495.00000000
979.00000000 332.00000000 1.00000000 495.00000000
979.00000000 353.00000000 1.00000000 494.00000000
958.00000000 367.00000000 2.00000000 492.00000000
1021.00000000 393.00000000 1.00000000 491.00000000
970.00000000 454.00000000 1.00000000 491.00000000
1023.00000000 433.00000000 1.00000000 489.00000000
780.00000000 441.00000000 1.00000000 487.00000000
729.00000000 475.00000000 0.00000000 485.00000000
766.00000000 369.00000000 1.00000000 475.00000000
865.00000000 475.00000000 1.00000000 473.00000000
763.00000000 323.00000000 0.00000000 472.00000000
780.00000000 441.00000000 2.00000000 466.00000000
663.00000000 289.00000000 0.00000000 461.00000000
959.00000000 473.00000000 1.00000000 459.00000000
398.00000000 336.00000000 1.00000000 458.00000000
729.00000000 475.00000000 1.00000000 456.00000000
683.00000000 362.00000000 1.00000000 455.00000000
1006.00000000 505.00000000 1.00000000 455.00000000
1001.00000000 343.00000000 1.00000000 454.00000000
811.00000000 388.00000000 1.00000000 454.00000000
681.00000000 282.00000000 0.00000000 440.00000000
1061.00000000 461.00000000 0.00000000 440.00000000
766.00000000 369.00000000 1.00000000 438.00000000
398.00000000 335.00000000 0.00000000 438.00000000
960.00000000 368.00000000 4.00000000 437.00000000
1023.00000000 432.00000000 1.00000000 434.00000000
978.00000000 330.00000000 0.00000000 434.00000000
697.00000000 340.00000000 0.00000000 431.00000000
404.00000000 463.00000000 1.00000000 430.00000000
825.00000000 412.00000000 1.00000000 428.00000000
1042.00000000 486.00000000 1.00000000 427.00000000
653.00000000 384.00000000 1.00000000 424.00000000
957.00000000 389.00000000 1.00000000 416.00000000
638.00000000 459.00000000 0.00000000 416.00000000
764.00000000 372.00000000 4.00000000 415.00000000
1069.00000000 393.00000000 0.00000000 414.00000000
959.00000000 473.00000000 0.00000000 413.00000000
977.00000000 464.00000000 0.00000000 411.00000000
729.00000000 503.00000000 1.00000000 409.00000000
680.00000000 306.00000000 0.00000000 407.00000000
978.00000000 353.00000000 0.00000000 403.00000000
851.00000000 412.00000000 0.00000000 402.00000000
951.00000000 280.00000000 0.00000000 401.00000000
450.00000000 468.00000000 1.00000000 400.00000000
664.00000000 289.00000000 1.00000000 399.00000000
681.00000000 283.00000000 1.00000000 399.00000000
450.00000000 468.00000000 0.00000000 398.00000000
1046.00000000 340.00000000 0.00000000 398.00000000
1002.00000000 378.00000000 0.00000000 397.00000000
1070.00000000 395.00000000 1.00000000 392.00000000
1020.00000000 392.00000000 2.00000000 391.00000000
1042.00000000 485.00000000 1.00000000 391.00000000
957.00000000 388.00000000 0.00000000 390.00000000
640.00000000 324.00000000 0.00000000 389.00000000
617.00000000 351.00000000 0.00000000 385.00000000
766.00000000 370.00000000 2.00000000 384.00000000
763.00000000 370.00000000 2.00000000 383.00000000
683.00000000 362.00000000 1.00000000 381.00000000
743.00000000 276.00000000 1.00000000 381.00000000
1003.00000000 378.00000000 1.00000000 378.00000000
708.00000000 497.00000000 0.00000000 375.00000000
214.00000000 728.00000000 2.00000000 374.00000000
1023.00000000 433.00000000 0.00000000 371.00000000
599.00000000 369.00000000 0.00000000 371.00000000
632.00000000 350.00000000 0.00000000 370.00000000
962.00000000 368.00000000 2.00000000 369.00000000
1014.00000000 316.00000000 0.00000000 367.00000000
683.00000000 362.00000000 0.00000000 366.00000000
730.00000000 502.00000000 2.00000000 364.00000000
664.00000000 310.00000000 0.00000000 359.00000000
688.00000000 349.00000000 0.00000000 356.00000000
801.00000000 296.00000000 0.00000000 355.00000000
1010.00000000 454.00000000 0.00000000 355.00000000
960.00000000 328.00000000 0.00000000 354.00000000
698.00000000 417.00000000 0.00000000 354.00000000
1064.00000000 447.00000000 0.00000000 354.00000000
743.00000000 275.00000000 0.00000000 351.00000000
811.00000000 387.00000000 0.00000000 351.00000000
1088.00000000 441.00000000 0.00000000 346.00000000
654.00000000 459.00000000 0.00000000 343.00000000
678.00000000 334.00000000 0.00000000 340.00000000
625.00000000 415.00000000 0.00000000 338.00000000
422.00000000 436.00000000 0.00000000 332.00000000
408.00000000 473.00000000 0.00000000 332.00000000
730.00000000 282.00000000 0.00000000 330.00000000
267.00000000 178.00000000 0.00000000 329.00000000
404.00000000 463.00000000 0.00000000 328.00000000
766.00000000 379.00000000 0.00000000 327.00000000
1066.00000000 586.00000000 2.00000000 320.00000000
763.00000000 373.00000000 5.00000000 304.00000000
