827.00000000 127.00000000 1.00000000 622.00000000
380.00000000 360.00000000 1.00000000 611.00000000
379.00000000 360.00000000 1.00000000 602.00000000
345.00000000 149.00000000 0.00000000 575.00000000
642.00000000 538.00000000 1.00000000 522.00000000
989.00000000 90.00000000 1.00000000 516.00000000
825.00000000 323.00000000 0.00000000 502.00000000
695.00000000 551.00000000 1.00000000 496.00000000
316.00000000 183.00000000 0.00000000 495.00000000
433.00000000 118.00000000 0.00000000 486.00000000
380.00000000 362.00000000 2.00000000 486.00000000
705.00000000 510.00000000 1.00000000 476.00000000
586.00000000 527.00000000 1.00000000 467.00000000
1038.00000000 639.00000000 0.00000000 465.00000000
643.00000000 539.00000000 1.00000000 463.00000000
1015.00000000 636.00000000 0.00000000 462.00000000
345.00000000 150.00000000 1.00000000 456.00000000
817.00000000 324.00000000 0.00000000 450.00000000
496.00000000 505.00000000 0.00000000 450.00000000
988.00000000 91.00000000 1.00000000 448.00000000
585.00000000 527.00000000 1.00000000 448.00000000
496.00000000 506.00000000 1.00000000 446.00000000
707.00000000 510.00000000 1.00000000 444.00000000
586.00000000 526.00000000 0.00000000 444.00000000
379.00000000 359.00000000 0.00000000 442.00000000
801.00000000 132.00000000 1.00000000 440.00000000
643.00000000 538.00000000 0.00000000 434.00000000
801.00000000 131.00000000 0.00000000 433.00000000
776.00000000 138.00000000 1.00000000 432.00000000
916.00000000 108.00000000 1.00000000 431.00000000
382.00000000 155.00000000 1.00000000 428.00000000
989.00000000 89.00000000 0.00000000 426.00000000
706.00000000 512.00000000 2.00000000 423.00000000
1166.00000000 330.00000000 0.00000000 416.00000000
383.00000000 256.00000000 1.00000000 412.00000000
989.00000000 78.00000000 0.00000000 409.00000000
906.00000000 274.00000000 0.00000000 408.00000000
916.00000000 107.00000000 1.00000000 407.00000000
381.00000000 154.00000000 0.00000000 402.00000000
1166.00000000 318.00000000 0.00000000 401.00000000
697.00000000 552.00000000 1.00000000 401.00000000
524.00000000 511.00000000 1.00000000 394.00000000
386.00000000 616.00000000 0.00000000 390.00000000
118.00000000 238.00000000 1.00000000 389.00000000
1108.00000000 379.00000000 5.00000000 389.00000000
707.00000000 509.00000000 0.00000000 388.00000000
117.00000000 237.00000000 1.00000000 382.00000000
905.00000000 323.00000000 0.00000000 381.00000000
776.00000000 137.00000000 0.00000000 379.00000000
526.00000000 705.00000000 1.00000000 374.00000000
298.00000000 168.00000000 1.00000000 368.00000000
828.00000000 126.00000000 0.00000000 367.00000000
1155.00000000 299.00000000 0.00000000 365.00000000
827.00000000 127.00000000 1.00000000 364.00000000
304.00000000 182.00000000 0.00000000 360.00000000
1108.00000000 372.00000000 4.00000000 360.00000000
359.00000000 144.00000000 0.00000000 359.00000000
343.00000000 149.00000000 1.00000000 357.00000000
526.00000000 708.00000000 2.00000000 355.00000000
1034.00000000 613.00000000 1.00000000 354.00000000
677.00000000 550.00000000 1.00000000 354.00000000
1177.00000000 320.00000000 1.00000000 353.00000000
1108.00000000 367.00000000 2.00000000 351.00000000
1086.00000000 760.00000000 1.00000000 351.00000000
704.00000000 514.00000000 2.00000000 350.00000000
61.00000000 466.00000000 0.00000000 349.00000000
1166.00000000 320.00000000 1.00000000 348.00000000
440.00000000 667.00000000 1.00000000 346.00000000
625.00000000 537.00000000 1.00000000 346.00000000
800.00000000 400.00000000 2.00000000 345.00000000
801.00000000 121.00000000 0.00000000 342.00000000
1086.00000000 759.00000000 1.00000000 342.00000000
697.00000000 552.00000000 0.00000000 341.00000000
382.00000000 255.00000000 0.00000000 341.00000000
433.00000000 118.00000000 1.00000000 341.00000000
116.00000000 238.00000000 2.00000000 340.00000000
504.00000000 666.00000000 0.00000000 336.00000000
1159.00000000 236.00000000 0.00000000 336.00000000
626.00000000 537.00000000 1.00000000 333.00000000
527.00000000 706.00000000 1.00000000 332.00000000
864.00000000 264.00000000 0.00000000 331.00000000
318.00000000 166.00000000 0.00000000 331.00000000
800.00000000 401.00000000 2.00000000 328.00000000
379.00000000 362.00000000 2.00000000 328.00000000
485.00000000 504.00000000 0.00000000 328.00000000
383.00000000 155.00000000 1.00000000 327.00000000
503.00000000 462.00000000 1.00000000 326.00000000
1077.00000000 619.00000000 0.00000000 325.00000000
1108.00000000 366.00000000 2.00000000 324.00000000
872.00000000 263.00000000 0.00000000 324.00000000
1096.00000000 612.00000000 2.00000000 323.00000000
118.00000000 239.00000000 0.00000000 323.00000000
1205.00000000 253.00000000 0.00000000 322.00000000
570.00000000 538.00000000 1.00000000 319.00000000
371.00000000 146.00000000 0.00000000 319.00000000
646.00000000 772.00000000 2.00000000 319.00000000
298.00000000 168.00000000 0.00000000 318.00000000
460.00000000 698.00000000 1.00000000 318.00000000
524.00000000 511.00000000 0.00000000 317.00000000
390.00000000 485.00000000 1.00000000 315.00000000
678.00000000 550.00000000 1.00000000 315.00000000
459.00000000 697.00000000 1.00000000 315.00000000
61.00000000 466.00000000 1.00000000 312.00000000
1167.00000000 330.00000000 1.00000000 312.00000000
627.00000000 536.00000000 0.00000000 311.00000000
276.00000000 178.00000000 0.00000000 310.00000000
1194.00000000 101.00000000 0.00000000 309.00000000
1011.00000000 610.00000000 0.00000000 308.00000000
1185.00000000 200.00000000 0.00000000 302.00000000
460.00000000 698.00000000 0.00000000 301.00000000
400.00000000 485.00000000 0.00000000 300.00000000
731.00000000 299.00000000 0.00000000 300.00000000
605.00000000 50.00000000 0.00000000 300.00000000
440.00000000 690.00000000 0.00000000 299.00000000
1176.00000000 320.00000000 0.00000000 296.00000000
528.00000000 665.00000000 0.00000000 295.00000000
468.00000000 124.00000000 0.00000000 295.00000000
440.00000000 667.00000000 0.00000000 295.00000000
1167.00000000 236.00000000 0.00000000 291.00000000
512.00000000 509.00000000 0.00000000 290.00000000
557.00000000 350.00000000 0.00000000 290.00000000
570.00000000 537.00000000 0.00000000 287.00000000
684.00000000 276.00000000 4.00000000 284.00000000
886.00000000 263.00000000 0.00000000 284.00000000
1086.00000000 759.00000000 0.00000000 281.00000000
828.00000000 263.00000000 0.00000000 281.00000000
330.00000000 162.00000000 0.00000000 280.00000000
