830.00000000 472.00000000 1.00000000 834.00000000
660.00000000 361.00000000 0.00000000 814.00000000
660.00000000 361.00000000 1.00000000 794.00000000
801.00000000 426.00000000 0.00000000 767.00000000
800.00000000 426.00000000 1.00000000 729.00000000
830.00000000 473.00000000 1.00000000 677.00000000
936.00000000 432.00000000 0.00000000 671.00000000
830.00000000 472.00000000 2.00000000 658.00000000
399.00000000 711.00000000 1.00000000 650.00000000
398.00000000 710.00000000 0.00000000 622.00000000
135.00000000 695.00000000 2.00000000 602.00000000
668.00000000 389.00000000 1.00000000 600.00000000
477.00000000 471.00000000 1.00000000 591.00000000
785.00000000 427.00000000 1.00000000 577.00000000
138.00000000 692.00000000 2.00000000 565.00000000
785.00000000 427.00000000 0.00000000 550.00000000
518.00000000 474.00000000 0.00000000 547.00000000
398.00000000 712.00000000 1.00000000 531.00000000
889.00000000 454.00000000 0.00000000 527.00000000
889.00000000 455.00000000 1.00000000 526.00000000
461.00000000 392.00000000 0.00000000 519.00000000
140.00000000 691.00000000 1.00000000 517.00000000
428.00000000 365.00000000 0.00000000 515.00000000
830.00000000 473.00000000 0.00000000 510.00000000
668.00000000 389.00000000 0.00000000 508.00000000
477.00000000 470.00000000 0.00000000 503.00000000
937.00000000 432.00000000 1.00000000 496.00000000
136.00000000 696.00000000 4.00000000 494.00000000
767.00000000 468.00000000 0.00000000 476.00000000
763.00000000 449.00000000 1.00000000 467.00000000
461.00000000 393.00000000 1.00000000 466.00000000
726.00000000 398.00000000 2.00000000 464.00000000
858.00000000 395.00000000 1.00000000 457.00000000
864.00000000 384.00000000 0.00000000 455.00000000
902.00000000 412.00000000 1.00000000 454.00000000
859.00000000 397.00000000 1.00000000 447.00000000
428.00000000 366.00000000 1.00000000 447.00000000
792.00000000 504.00000000 0.00000000 446.00000000
518.00000000 474.00000000 1.00000000 439.00000000
511.00000000 703.00000000 1.00000000 436.00000000
738.00000000 473.00000000 0.00000000 431.00000000
902.00000000 412.00000000 0.00000000 431.00000000
482.00000000 438.00000000 1.00000000 423.00000000
89.00000000 757.00000000 1.00000000 423.00000000
141.00000000 690.00000000 1.00000000 421.00000000
623.00000000 359.00000000 0.00000000 419.00000000
667.00000000 388.00000000 1.00000000 418.00000000
648.00000000 347.00000000 0.00000000 415.00000000
690.00000000 427.00000000 0.00000000 408.00000000
931.00000000 400.00000000 0.00000000 407.00000000
689.00000000 427.00000000 1.00000000 404.00000000
660.00000000 362.00000000 1.00000000 399.00000000
738.00000000 474.00000000 1.00000000 399.00000000
398.00000000 714.00000000 2.00000000 395.00000000
476.00000000 470.00000000 1.00000000 395.00000000
888.00000000 468.00000000 0.00000000 392.00000000
858.00000000 396.00000000 2.00000000 391.00000000
792.00000000 505.00000000 1.00000000 389.00000000
87.00000000 758.00000000 1.00000000 387.00000000
762.00000000 448.00000000 2.00000000 383.00000000
482.00000000 438.00000000 0.00000000 382.00000000
82.00000000 246.00000000 1.00000000 382.00000000
888.00000000 455.00000000 1.00000000 381.00000000
137.00000000 755.00000000 0.00000000 381.00000000
510.00000000 704.00000000 1.00000000 380.00000000
730.00000000 395.00000000 1.00000000 379.00000000
875.00000000 378.00000000 0.00000000 378.00000000
683.00000000 373.00000000 1.00000000 370.00000000
763.00000000 449.00000000 1.00000000 369.00000000
766.00000000 408.00000000 0.00000000 369.00000000
875.00000000 378.00000000 1.00000000 367.00000000
690.00000000 574.00000000 0.00000000 360.00000000
683.00000000 372.00000000 0.00000000 359.00000000
82.00000000 246.00000000 0.00000000 358.00000000
89.00000000 756.00000000 0.00000000 352.00000000
484.00000000 449.00000000 0.00000000 351.00000000
784.00000000 427.00000000 1.00000000 351.00000000
641.00000000 329.00000000 0.00000000 350.00000000
477.00000000 597.00000000 1.00000000 350.00000000
729.00000000 491.00000000 0.00000000 343.00000000
728.00000000 400.00000000 4.00000000 343.00000000
511.00000000 702.00000000 0.00000000 340.00000000
652.00000000 405.00000000 0.00000000 340.00000000
95.00000000 236.00000000 0.00000000 339.00000000
314.00000000 230.00000000 0.00000000 337.00000000
714.00000000 361.00000000 0.00000000 336.00000000
86.00000000 758.00000000 2.00000000 332.00000000
509.00000000 650.00000000 1.00000000 331.00000000
902.00000000 411.00000000 1.00000000 330.00000000
408.00000000 741.00000000 0.00000000 330.00000000
1046.00000000 429.00000000 0.00000000 328.00000000
466.00000000 350.00000000 0.00000000 328.00000000
517.00000000 475.00000000 1.00000000 327.00000000
1030.00000000 433.00000000 0.00000000 327.00000000
859.00000000 396.00000000 0.00000000 326.00000000
728.00000000 396.00000000 2.00000000 325.00000000
950.00000000 448.00000000 0.00000000 324.00000000
659.00000000 420.00000000 0.00000000 323.00000000
915.00000000 439.00000000 0.00000000 323.00000000
730.00000000 395.00000000 0.00000000 323.00000000
477.00000000 229.00000000 0.00000000 319.00000000
637.00000000 350.00000000 0.00000000 319.00000000
407.00000000 742.00000000 1.00000000 316.00000000
753.00000000 460.00000000 1.00000000 316.00000000
623.00000000 360.00000000 1.00000000 315.00000000
80.00000000 246.00000000 1.00000000 314.00000000
630.00000000 333.00000000 0.00000000 314.00000000
846.00000000 572.00000000 0.00000000 313.00000000
137.00000000 755.00000000 1.00000000 313.00000000
747.00000000 495.00000000 1.00000000 310.00000000
89.00000000 465.00000000 0.00000000 309.00000000
732.00000000 403.00000000 0.00000000 305.00000000
924.00000000 474.00000000 2.00000000 304.00000000
901.00000000 435.00000000 0.00000000 304.00000000
463.00000000 362.00000000 0.00000000 303.00000000
630.00000000 388.00000000 0.00000000 302.00000000
685.00000000 325.00000000 0.00000000 298.00000000
319.00000000 775.00000000 0.00000000 298.00000000
676.00000000 330.00000000 0.00000000 293.00000000
672.00000000 373.00000000 0.00000000 293.00000000
828.00000000 472.00000000 2.00000000 288.00000000
760.00000000 449.00000000 2.00000000 276.00000000
432.00000000 579.00000000 0.00000000 273.00000000
261.00000000 267.00000000 0.00000000 272.00000000
130.00000000 701.00000000 5.00000000 271.00000000
700.00000000 398.00000000 0.00000000 268.00000000
562.00000000 393.00000000 0.00000000 264.00000000
