989.00000000 421.00000000 2.00000000 574.00000000
1091.00000000 664.00000000 1.00000000 565.00000000
156.00000000 637.00000000 1.00000000 565.00000000
996.00000000 204.00000000 2.00000000 560.00000000
156.00000000 642.00000000 2.00000000 536.00000000
990.00000000 422.00000000 2.00000000 536.00000000
2428.00000000 830.00000000 1.00000000 518.00000000
2129.00000000 168.00000000 1.00000000 516.00000000
1092.00000000 664.00000000 1.00000000 515.00000000
158.00000000 637.00000000 1.00000000 502.00000000
1090.00000000 668.00000000 2.00000000 498.00000000
995.00000000 203.00000000 2.00000000 494.00000000
421.00000000 414.00000000 1.00000000 492.00000000
995.00000000 203.00000000 1.00000000 491.00000000
988.00000000 424.00000000 4.00000000 486.00000000
989.00000000 420.00000000 1.00000000 484.00000000
2322.00000000 172.00000000 1.00000000 480.00000000
2323.00000000 172.00000000 1.00000000 475.00000000
2133.00000000 388.00000000 0.00000000 459.00000000
2130.00000000 168.00000000 1.00000000 456.00000000
1829.00000000 671.00000000 1.00000000 455.00000000
422.00000000 414.00000000 2.00000000 453.00000000
2053.00000000 166.00000000 1.00000000 452.00000000
1952.00000000 622.00000000 2.00000000 450.00000000
2122.00000000 388.00000000 0.00000000 449.00000000
1831.00000000 671.00000000 1.00000000 446.00000000
390.00000000 662.00000000 2.00000000 446.00000000
1951.00000000 625.00000000 2.00000000 439.00000000
226.00000000 636.00000000 1.00000000 434.00000000
1131.00000000 678.00000000 1.00000000 427.00000000
2092.00000000 166.00000000 1.00000000 422.00000000
224.00000000 636.00000000 1.00000000 420.00000000
2091.00000000 166.00000000 1.00000000 417.00000000
2134.00000000 389.00000000 1.00000000 416.00000000
1663.00000000 692.00000000 1.00000000 416.00000000
2122.00000000 389.00000000 1.00000000 414.00000000
2429.00000000 829.00000000 1.00000000 413.00000000
1093.00000000 662.00000000 0.00000000 408.00000000
1952.00000000 628.00000000 4.00000000 408.00000000
1828.00000000 674.00000000 2.00000000 407.00000000
1663.00000000 692.00000000 1.00000000 403.00000000
2054.00000000 166.00000000 1.00000000 399.00000000
996.00000000 203.00000000 1.00000000 398.00000000
1951.00000000 619.00000000 1.00000000 396.00000000
1831.00000000 671.00000000 0.00000000 392.00000000
1537.00000000 667.00000000 1.00000000 391.00000000
1936.00000000 673.00000000 1.00000000 390.00000000
2002.00000000 387.00000000 0.00000000 389.00000000
2363.00000000 690.00000000 0.00000000 388.00000000
2383.00000000 688.00000000 0.00000000 373.00000000
2236.00000000 341.00000000 0.00000000 373.00000000
1450.00000000 669.00000000 1.00000000 373.00000000
158.00000000 636.00000000 0.00000000 371.00000000
2090.00000000 390.00000000 0.00000000 366.00000000
2323.00000000 159.00000000 0.00000000 364.00000000
1216.00000000 517.00000000 0.00000000 363.00000000
1736.00000000 678.00000000 2.00000000 361.00000000
2242.00000000 172.00000000 1.00000000 357.00000000
226.00000000 635.00000000 0.00000000 356.00000000
989.00000000 424.00000000 5.00000000 355.00000000
2323.00000000 171.00000000 0.00000000 354.00000000
1936.00000000 673.00000000 0.00000000 354.00000000
1450.00000000 668.00000000 0.00000000 354.00000000
1471.00000000 593.00000000 1.00000000 353.00000000
1537.00000000 666.00000000 0.00000000 349.00000000
422.00000000 415.00000000 1.00000000 348.00000000
2093.00000000 154.00000000 0.00000000 345.00000000
2085.00000000 324.00000000 0.00000000 338.00000000
2183.00000000 326.00000000 0.00000000 334.00000000
1663.00000000 692.00000000 0.00000000 333.00000000
2096.00000000 325.00000000 0.00000000 331.00000000
2011.00000000 388.00000000 0.00000000 331.00000000
2428.00000000 828.00000000 0.00000000 329.00000000
2194.00000000 326.00000000 0.00000000 328.00000000
1952.00000000 618.00000000 1.00000000 324.00000000
2235.00000000 392.00000000 0.00000000 322.00000000
2092.00000000 165.00000000 0.00000000 316.00000000
2380.00000000 662.00000000 0.00000000 316.00000000
2003.00000000 396.00000000 0.00000000 315.00000000
2015.00000000 154.00000000 1.00000000 313.00000000
1366.00000000 663.00000000 1.00000000 313.00000000
1702.00000000 671.00000000 1.00000000 312.00000000
2431.00000000 786.00000000 1.00000000 311.00000000
2095.00000000 373.00000000 0.00000000 310.00000000
2380.00000000 664.00000000 1.00000000 308.00000000
2258.00000000 685.00000000 0.00000000 308.00000000
2211.00000000 327.00000000 0.00000000 300.00000000
2207.00000000 168.00000000 1.00000000 298.00000000
2011.00000000 299.00000000 0.00000000 293.00000000
2419.00000000 662.00000000 0.00000000 292.00000000
2321.00000000 37.00000000 1.00000000 291.00000000
990.00000000 419.00000000 1.00000000 290.00000000
989.00000000 498.00000000 0.00000000 288.00000000
2054.00000000 165.00000000 0.00000000 286.00000000
2398.00000000 34.00000000 1.00000000 281.00000000
1471.00000000 593.00000000 0.00000000 279.00000000
2038.00000000 35.00000000 1.00000000 276.00000000
1226.00000000 745.00000000 0.00000000 276.00000000
2135.00000000 321.00000000 0.00000000 276.00000000
2243.00000000 171.00000000 1.00000000 276.00000000
2033.00000000 164.00000000 1.00000000 276.00000000
2323.00000000 160.00000000 1.00000000 276.00000000
2048.00000000 354.00000000 0.00000000 273.00000000
2281.00000000 688.00000000 0.00000000 265.00000000
2146.00000000 166.00000000 0.00000000 264.00000000
1986.00000000 352.00000000 0.00000000 263.00000000
2286.00000000 159.00000000 0.00000000 262.00000000
2206.00000000 167.00000000 0.00000000 259.00000000
2127.00000000 398.00000000 0.00000000 259.00000000
2015.00000000 154.00000000 0.00000000 254.00000000
2424.00000000 695.00000000 0.00000000 254.00000000
1474.00000000 823.00000000 0.00000000 250.00000000
2107.00000000 337.00000000 0.00000000 249.00000000
596.00000000 530.00000000 0.00000000 249.00000000
2146.00000000 338.00000000 0.00000000 249.00000000
1366.00000000 663.00000000 0.00000000 249.00000000
1989.00000000 153.00000000 0.00000000 248.00000000
2259.00000000 168.00000000 0.00000000 248.00000000
2431.00000000 785.00000000 0.00000000 247.00000000
2087.00000000 373.00000000 0.00000000 245.00000000
2032.00000000 164.00000000 0.00000000 244.00000000
2003.00000000 335.00000000 0.00000000 243.00000000
2049.00000000 336.00000000 0.00000000 242.00000000
2076.00000000 372.00000000 0.00000000 241.00000000
1994.00000000 371.00000000 0.00000000 240.00000000
2112.00000000 43.00000000 0.00000000 239.00000000
1703.00000000 670.00000000 0.00000000 238.00000000
