357.00000000 395.00000000 1.00000000 739.00000000
386.00000000 365.00000000 1.00000000 611.00000000
357.00000000 395.00000000 0.00000000 608.00000000
333.00000000 384.00000000 2.00000000 566.00000000
369.00000000 352.00000000 0.00000000 542.00000000
305.00000000 435.00000000 5.00000000 525.00000000
379.00000000 401.00000000 0.00000000 506.00000000
312.00000000 479.00000000 1.00000000 503.00000000
386.00000000 364.00000000 0.00000000 496.00000000
204.00000000 396.00000000 2.00000000 493.00000000
165.00000000 448.00000000 1.00000000 492.00000000
548.00000000 440.00000000 0.00000000 490.00000000
506.00000000 446.00000000 0.00000000 486.00000000
296.00000000 487.00000000 1.00000000 472.00000000
357.00000000 394.00000000 1.00000000 465.00000000
370.00000000 353.00000000 1.00000000 460.00000000
373.00000000 444.00000000 0.00000000 456.00000000
111.00000000 510.00000000 0.00000000 450.00000000
755.00000000 672.00000000 1.00000000 449.00000000
219.00000000 410.00000000 0.00000000 446.00000000
436.00000000 337.00000000 1.00000000 446.00000000
425.00000000 359.00000000 0.00000000 445.00000000
206.00000000 395.00000000 1.00000000 442.00000000
480.00000000 364.00000000 0.00000000 437.00000000
386.00000000 364.00000000 1.00000000 437.00000000
207.00000000 396.00000000 1.00000000 429.00000000
332.00000000 388.00000000 4.00000000 428.00000000
716.00000000 590.00000000 1.00000000 427.00000000
314.00000000 409.00000000 1.00000000 426.00000000
158.00000000 416.00000000 1.00000000 421.00000000
237.00000000 360.00000000 1.00000000 420.00000000
396.00000000 408.00000000 0.00000000 416.00000000
360.00000000 407.00000000 1.00000000 415.00000000
207.00000000 395.00000000 0.00000000 412.00000000
361.00000000 407.00000000 0.00000000 404.00000000
373.00000000 445.00000000 1.00000000 402.00000000
164.00000000 449.00000000 1.00000000 400.00000000
341.00000000 418.00000000 1.00000000 398.00000000
755.00000000 673.00000000 1.00000000 397.00000000
500.00000000 730.00000000 1.00000000 392.00000000
305.00000000 415.00000000 2.00000000 385.00000000
158.00000000 415.00000000 1.00000000 385.00000000
145.00000000 495.00000000 1.00000000 385.00000000
220.00000000 410.00000000 1.00000000 384.00000000
312.00000000 479.00000000 1.00000000 383.00000000
402.00000000 312.00000000 0.00000000 381.00000000
341.00000000 417.00000000 0.00000000 378.00000000
336.00000000 382.00000000 2.00000000 378.00000000
548.00000000 441.00000000 1.00000000 378.00000000
165.00000000 447.00000000 0.00000000 377.00000000
716.00000000 589.00000000 0.00000000 374.00000000
304.00000000 424.00000000 4.00000000 374.00000000
420.00000000 340.00000000 0.00000000 370.00000000
312.00000000 410.00000000 1.00000000 365.00000000
296.00000000 485.00000000 0.00000000 365.00000000
236.00000000 360.00000000 1.00000000 361.00000000
380.00000000 402.00000000 1.00000000 357.00000000
176.00000000 383.00000000 0.00000000 356.00000000
755.00000000 671.00000000 0.00000000 354.00000000
358.00000000 353.00000000 0.00000000 353.00000000
480.00000000 364.00000000 1.00000000 348.00000000
327.00000000 443.00000000 1.00000000 347.00000000
633.00000000 336.00000000 2.00000000 343.00000000
369.00000000 383.00000000 0.00000000 341.00000000
402.00000000 312.00000000 1.00000000 339.00000000
157.00000000 415.00000000 0.00000000 338.00000000
411.00000000 315.00000000 0.00000000 336.00000000
295.00000000 487.00000000 1.00000000 336.00000000
196.00000000 377.00000000 0.00000000 334.00000000
308.00000000 414.00000000 2.00000000 334.00000000
436.00000000 336.00000000 0.00000000 333.00000000
136.00000000 428.00000000 1.00000000 331.00000000
315.00000000 408.00000000 0.00000000 331.00000000
540.00000000 409.00000000 0.00000000 330.00000000
591.00000000 323.00000000 0.00000000 328.00000000
135.00000000 427.00000000 0.00000000 328.00000000
319.00000000 455.00000000 0.00000000 327.00000000
328.00000000 441.00000000 0.00000000 326.00000000
591.00000000 323.00000000 1.00000000 323.00000000
715.00000000 589.00000000 1.00000000 322.00000000
228.00000000 572.00000000 2.00000000 321.00000000
229.00000000 571.00000000 1.00000000 320.00000000
358.00000000 355.00000000 1.00000000 319.00000000
867.00000000 153.00000000 1.00000000 318.00000000
506.00000000 447.00000000 1.00000000 317.00000000
426.00000000 360.00000000 1.00000000 316.00000000
359.00000000 407.00000000 1.00000000 313.00000000
203.00000000 395.00000000 2.00000000 311.00000000
230.00000000 572.00000000 1.00000000 311.00000000
328.00000000 412.00000000 0.00000000 309.00000000
558.00000000 323.00000000 0.00000000 308.00000000
112.00000000 510.00000000 1.00000000 305.00000000
145.00000000 494.00000000 0.00000000 304.00000000
67.00000000 579.00000000 0.00000000 303.00000000
241.00000000 784.00000000 0.00000000 299.00000000
511.00000000 432.00000000 1.00000000 298.00000000
144.00000000 496.00000000 1.00000000 295.00000000
533.00000000 695.00000000 1.00000000 293.00000000
500.00000000 729.00000000 0.00000000 290.00000000
352.00000000 456.00000000 0.00000000 288.00000000
237.00000000 359.00000000 0.00000000 288.00000000
253.00000000 504.00000000 0.00000000 287.00000000
384.00000000 366.00000000 2.00000000 286.00000000
434.00000000 367.00000000 0.00000000 285.00000000
311.00000000 478.00000000 0.00000000 284.00000000
532.00000000 694.00000000 2.00000000 283.00000000
867.00000000 152.00000000 0.00000000 282.00000000
268.00000000 469.00000000 0.00000000 282.00000000
350.00000000 349.00000000 0.00000000 279.00000000
475.00000000 372.00000000 0.00000000 274.00000000
586.00000000 396.00000000 0.00000000 274.00000000
132.00000000 410.00000000 0.00000000 268.00000000
594.00000000 386.00000000 0.00000000 265.00000000
306.00000000 440.00000000 2.00000000 264.00000000
332.00000000 572.00000000 0.00000000 264.00000000
824.00000000 592.00000000 2.00000000 261.00000000
417.00000000 325.00000000 0.00000000 253.00000000
146.00000000 432.00000000 0.00000000 252.00000000
417.00000000 358.00000000 0.00000000 250.00000000
300.00000000 460.00000000 0.00000000 250.00000000
230.00000000 572.00000000 0.00000000 249.00000000
93.00000000 495.00000000 0.00000000 234.00000000
917.00000000 383.00000000 0.00000000 233.00000000
562.00000000 613.00000000 0.00000000 232.00000000
379.00000000 357.00000000 0.00000000 230.00000000
277.00000000 273.00000000 0.00000000 228.00000000
333.00000000 376.00000000 0.00000000 226.00000000
