352.00000000 388.00000000 1.00000000 813.00000000
379.00000000 355.00000000 1.00000000 643.00000000
352.00000000 388.00000000 0.00000000 629.00000000
374.00000000 395.00000000 0.00000000 602.00000000
330.00000000 376.00000000 2.00000000 588.00000000
362.00000000 342.00000000 0.00000000 580.00000000
124.00000000 513.00000000 0.00000000 574.00000000
379.00000000 355.00000000 0.00000000 573.00000000
369.00000000 441.00000000 0.00000000 573.00000000
352.00000000 388.00000000 1.00000000 564.00000000
311.00000000 480.00000000 1.00000000 546.00000000
740.00000000 687.00000000 1.00000000 539.00000000
497.00000000 444.00000000 0.00000000 520.00000000
171.00000000 447.00000000 1.00000000 517.00000000
222.00000000 405.00000000 0.00000000 511.00000000
426.00000000 324.00000000 1.00000000 503.00000000
741.00000000 686.00000000 0.00000000 491.00000000
206.00000000 390.00000000 2.00000000 485.00000000
363.00000000 342.00000000 1.00000000 485.00000000
355.00000000 401.00000000 0.00000000 480.00000000
369.00000000 442.00000000 1.00000000 479.00000000
355.00000000 402.00000000 1.00000000 478.00000000
379.00000000 356.00000000 1.00000000 477.00000000
328.00000000 380.00000000 4.00000000 473.00000000
163.00000000 412.00000000 1.00000000 465.00000000
296.00000000 488.00000000 1.00000000 464.00000000
702.00000000 599.00000000 1.00000000 463.00000000
311.00000000 404.00000000 1.00000000 454.00000000
417.00000000 349.00000000 0.00000000 451.00000000
739.00000000 688.00000000 1.00000000 445.00000000
538.00000000 436.00000000 0.00000000 443.00000000
470.00000000 353.00000000 0.00000000 441.00000000
221.00000000 406.00000000 1.00000000 439.00000000
702.00000000 598.00000000 0.00000000 438.00000000
390.00000000 403.00000000 0.00000000 438.00000000
302.00000000 412.00000000 2.00000000 437.00000000
169.00000000 448.00000000 1.00000000 433.00000000
337.00000000 412.00000000 0.00000000 432.00000000
547.00000000 307.00000000 0.00000000 432.00000000
296.00000000 487.00000000 0.00000000 424.00000000
309.00000000 405.00000000 1.00000000 423.00000000
306.00000000 408.00000000 2.00000000 420.00000000
171.00000000 446.00000000 0.00000000 419.00000000
402.00000000 300.00000000 0.00000000 417.00000000
363.00000000 375.00000000 0.00000000 417.00000000
207.00000000 390.00000000 1.00000000 415.00000000
209.00000000 391.00000000 1.00000000 415.00000000
337.00000000 413.00000000 1.00000000 415.00000000
311.00000000 480.00000000 1.00000000 410.00000000
579.00000000 306.00000000 0.00000000 407.00000000
393.00000000 297.00000000 1.00000000 406.00000000
124.00000000 513.00000000 1.00000000 405.00000000
178.00000000 377.00000000 0.00000000 404.00000000
236.00000000 351.00000000 1.00000000 393.00000000
234.00000000 352.00000000 1.00000000 393.00000000
325.00000000 440.00000000 1.00000000 392.00000000
538.00000000 437.00000000 1.00000000 392.00000000
332.00000000 374.00000000 2.00000000 392.00000000
143.00000000 425.00000000 1.00000000 391.00000000
163.00000000 411.00000000 0.00000000 391.00000000
162.00000000 412.00000000 1.00000000 391.00000000
470.00000000 354.00000000 1.00000000 390.00000000
374.00000000 396.00000000 1.00000000 390.00000000
858.00000000 107.00000000 1.00000000 384.00000000
411.00000000 328.00000000 0.00000000 383.00000000
299.00000000 429.00000000 5.00000000 383.00000000
325.00000000 439.00000000 0.00000000 382.00000000
155.00000000 497.00000000 1.00000000 379.00000000
354.00000000 401.00000000 1.00000000 379.00000000
348.00000000 455.00000000 0.00000000 373.00000000
85.00000000 586.00000000 0.00000000 368.00000000
426.00000000 323.00000000 0.00000000 367.00000000
318.00000000 454.00000000 0.00000000 367.00000000
210.00000000 390.00000000 0.00000000 365.00000000
582.00000000 377.00000000 0.00000000 364.00000000
393.00000000 296.00000000 0.00000000 361.00000000
352.00000000 342.00000000 0.00000000 358.00000000
496.00000000 746.00000000 1.00000000 358.00000000
106.00000000 497.00000000 0.00000000 357.00000000
142.00000000 424.00000000 0.00000000 356.00000000
234.00000000 578.00000000 2.00000000 353.00000000
106.00000000 498.00000000 1.00000000 351.00000000
466.00000000 362.00000000 0.00000000 348.00000000
254.00000000 799.00000000 0.00000000 347.00000000
236.00000000 578.00000000 1.00000000 345.00000000
197.00000000 371.00000000 0.00000000 344.00000000
231.00000000 579.00000000 2.00000000 343.00000000
344.00000000 338.00000000 0.00000000 339.00000000
378.00000000 356.00000000 2.00000000 336.00000000
351.00000000 345.00000000 1.00000000 336.00000000
304.00000000 416.00000000 4.00000000 335.00000000
857.00000000 106.00000000 0.00000000 332.00000000
497.00000000 444.00000000 1.00000000 330.00000000
905.00000000 372.00000000 1.00000000 330.00000000
529.00000000 403.00000000 0.00000000 329.00000000
363.00000000 376.00000000 1.00000000 329.00000000
502.00000000 429.00000000 1.00000000 328.00000000
311.00000000 403.00000000 0.00000000 327.00000000
701.00000000 599.00000000 1.00000000 327.00000000
619.00000000 322.00000000 2.00000000 323.00000000
904.00000000 371.00000000 0.00000000 321.00000000
408.00000000 312.00000000 0.00000000 320.00000000
296.00000000 487.00000000 1.00000000 319.00000000
270.00000000 470.00000000 0.00000000 317.00000000
122.00000000 478.00000000 0.00000000 314.00000000
354.00000000 444.00000000 0.00000000 314.00000000
154.00000000 496.00000000 0.00000000 311.00000000
236.00000000 349.00000000 0.00000000 311.00000000
312.00000000 480.00000000 0.00000000 310.00000000
540.00000000 421.00000000 1.00000000 310.00000000
257.00000000 506.00000000 0.00000000 308.00000000
234.00000000 352.00000000 2.00000000 304.00000000
323.00000000 408.00000000 0.00000000 302.00000000
574.00000000 388.00000000 0.00000000 302.00000000
193.00000000 359.00000000 0.00000000 299.00000000
299.00000000 459.00000000 0.00000000 298.00000000
140.00000000 407.00000000 0.00000000 296.00000000
425.00000000 357.00000000 0.00000000 296.00000000
383.00000000 325.00000000 0.00000000 290.00000000
352.00000000 388.00000000 2.00000000 288.00000000
526.00000000 709.00000000 1.00000000 288.00000000
372.00000000 346.00000000 0.00000000 288.00000000
478.00000000 327.00000000 0.00000000 288.00000000
495.00000000 745.00000000 0.00000000 288.00000000
661.00000000 270.00000000 0.00000000 283.00000000
328.00000000 367.00000000 0.00000000 279.00000000
526.00000000 710.00000000 2.00000000 274.00000000
