365.00000000 396.00000000 1.00000000 722.00000000
391.00000000 364.00000000 1.00000000 613.00000000
342.00000000 384.00000000 2.00000000 574.00000000
375.00000000 350.00000000 0.00000000 555.00000000
365.00000000 396.00000000 0.00000000 524.00000000
506.00000000 451.00000000 0.00000000 515.00000000
364.00000000 395.00000000 1.00000000 489.00000000
390.00000000 364.00000000 1.00000000 486.00000000
325.00000000 411.00000000 1.00000000 485.00000000
224.00000000 398.00000000 2.00000000 482.00000000
386.00000000 403.00000000 0.00000000 481.00000000
324.00000000 486.00000000 1.00000000 480.00000000
391.00000000 363.00000000 0.00000000 478.00000000
376.00000000 351.00000000 1.00000000 475.00000000
316.00000000 418.00000000 2.00000000 465.00000000
189.00000000 453.00000000 1.00000000 465.00000000
740.00000000 691.00000000 1.00000000 450.00000000
142.00000000 518.00000000 0.00000000 450.00000000
344.00000000 388.00000000 4.00000000 449.00000000
704.00000000 604.00000000 1.00000000 448.00000000
438.00000000 333.00000000 1.00000000 446.00000000
310.00000000 494.00000000 1.00000000 442.00000000
252.00000000 359.00000000 1.00000000 434.00000000
224.00000000 397.00000000 1.00000000 433.00000000
188.00000000 453.00000000 1.00000000 427.00000000
320.00000000 416.00000000 2.00000000 427.00000000
238.00000000 413.00000000 0.00000000 425.00000000
368.00000000 409.00000000 1.00000000 425.00000000
545.00000000 444.00000000 0.00000000 425.00000000
226.00000000 398.00000000 1.00000000 422.00000000
381.00000000 449.00000000 0.00000000 418.00000000
323.00000000 412.00000000 1.00000000 416.00000000
428.00000000 357.00000000 0.00000000 416.00000000
316.00000000 435.00000000 5.00000000 410.00000000
368.00000000 409.00000000 0.00000000 410.00000000
704.00000000 603.00000000 0.00000000 409.00000000
251.00000000 359.00000000 1.00000000 403.00000000
181.00000000 419.00000000 1.00000000 403.00000000
350.00000000 420.00000000 0.00000000 401.00000000
226.00000000 398.00000000 0.00000000 396.00000000
346.00000000 382.00000000 2.00000000 393.00000000
238.00000000 413.00000000 1.00000000 389.00000000
405.00000000 306.00000000 0.00000000 385.00000000
350.00000000 420.00000000 1.00000000 381.00000000
586.00000000 316.00000000 0.00000000 379.00000000
406.00000000 306.00000000 1.00000000 379.00000000
172.00000000 503.00000000 1.00000000 377.00000000
338.00000000 447.00000000 1.00000000 376.00000000
739.00000000 691.00000000 1.00000000 375.00000000
161.00000000 432.00000000 1.00000000 374.00000000
381.00000000 449.00000000 1.00000000 374.00000000
325.00000000 410.00000000 0.00000000 370.00000000
188.00000000 452.00000000 0.00000000 365.00000000
423.00000000 335.00000000 0.00000000 360.00000000
480.00000000 362.00000000 0.00000000 360.00000000
316.00000000 424.00000000 4.00000000 358.00000000
364.00000000 351.00000000 0.00000000 352.00000000
364.00000000 354.00000000 1.00000000 350.00000000
250.00000000 582.00000000 2.00000000 349.00000000
181.00000000 420.00000000 1.00000000 344.00000000
366.00000000 410.00000000 1.00000000 343.00000000
196.00000000 385.00000000 0.00000000 342.00000000
862.00000000 118.00000000 1.00000000 341.00000000
537.00000000 410.00000000 0.00000000 341.00000000
401.00000000 410.00000000 0.00000000 339.00000000
390.00000000 364.00000000 2.00000000 338.00000000
741.00000000 690.00000000 0.00000000 337.00000000
323.00000000 485.00000000 0.00000000 336.00000000
181.00000000 418.00000000 0.00000000 335.00000000
627.00000000 330.00000000 2.00000000 335.00000000
337.00000000 446.00000000 0.00000000 334.00000000
250.00000000 582.00000000 1.00000000 334.00000000
125.00000000 504.00000000 1.00000000 333.00000000
546.00000000 444.00000000 1.00000000 333.00000000
252.00000000 357.00000000 0.00000000 332.00000000
438.00000000 332.00000000 0.00000000 332.00000000
310.00000000 493.00000000 0.00000000 330.00000000
325.00000000 486.00000000 1.00000000 330.00000000
414.00000000 309.00000000 0.00000000 330.00000000
480.00000000 362.00000000 1.00000000 328.00000000
125.00000000 503.00000000 0.00000000 328.00000000
555.00000000 316.00000000 0.00000000 327.00000000
510.00000000 436.00000000 1.00000000 326.00000000
248.00000000 582.00000000 2.00000000 326.00000000
161.00000000 431.00000000 0.00000000 324.00000000
228.00000000 436.00000000 1.00000000 320.00000000
376.00000000 383.00000000 0.00000000 320.00000000
215.00000000 378.00000000 0.00000000 320.00000000
587.00000000 316.00000000 1.00000000 318.00000000
429.00000000 357.00000000 1.00000000 313.00000000
252.00000000 583.00000000 1.00000000 312.00000000
501.00000000 748.00000000 1.00000000 307.00000000
386.00000000 404.00000000 1.00000000 305.00000000
309.00000000 494.00000000 1.00000000 297.00000000
331.00000000 461.00000000 0.00000000 284.00000000
250.00000000 360.00000000 2.00000000 282.00000000
357.00000000 346.00000000 0.00000000 279.00000000
172.00000000 502.00000000 0.00000000 277.00000000
318.00000000 444.00000000 2.00000000 275.00000000
589.00000000 385.00000000 0.00000000 275.00000000
171.00000000 503.00000000 1.00000000 273.00000000
436.00000000 366.00000000 0.00000000 271.00000000
704.00000000 603.00000000 1.00000000 271.00000000
161.00000000 432.00000000 1.00000000 270.00000000
271.00000000 512.00000000 0.00000000 269.00000000
360.00000000 461.00000000 0.00000000 266.00000000
863.00000000 117.00000000 0.00000000 263.00000000
420.00000000 320.00000000 0.00000000 262.00000000
210.00000000 367.00000000 0.00000000 261.00000000
313.00000000 465.00000000 0.00000000 258.00000000
476.00000000 371.00000000 0.00000000 258.00000000
204.00000000 486.00000000 2.00000000 257.00000000
395.00000000 334.00000000 0.00000000 255.00000000
337.00000000 415.00000000 0.00000000 246.00000000
148.00000000 464.00000000 0.00000000 241.00000000
368.00000000 375.00000000 0.00000000 240.00000000
559.00000000 627.00000000 0.00000000 240.00000000
164.00000000 255.00000000 0.00000000 240.00000000
158.00000000 414.00000000 0.00000000 239.00000000
488.00000000 335.00000000 0.00000000 238.00000000
267.00000000 799.00000000 0.00000000 236.00000000
385.00000000 354.00000000 0.00000000 236.00000000
216.00000000 475.00000000 0.00000000 236.00000000
284.00000000 475.00000000 0.00000000 235.00000000
141.00000000 483.00000000 0.00000000 234.00000000
423.00000000 243.00000000 0.00000000 234.00000000
341.00000000 376.00000000 0.00000000 233.00000000
