403.00000000 394.00000000 1.00000000 603.00000000
403.00000000 394.00000000 1.00000000 602.00000000
897.00000000 202.00000000 1.00000000 549.00000000
406.00000000 297.00000000 1.00000000 530.00000000
1132.00000000 701.00000000 1.00000000 511.00000000
1132.00000000 704.00000000 2.00000000 496.00000000
721.00000000 536.00000000 1.00000000 478.00000000
897.00000000 202.00000000 0.00000000 474.00000000
1037.00000000 183.00000000 1.00000000 468.00000000
719.00000000 535.00000000 1.00000000 463.00000000
1132.00000000 700.00000000 1.00000000 462.00000000
787.00000000 509.00000000 1.00000000 460.00000000
551.00000000 520.00000000 1.00000000 459.00000000
296.00000000 212.00000000 0.00000000 453.00000000
186.00000000 273.00000000 0.00000000 449.00000000
405.00000000 296.00000000 0.00000000 447.00000000
552.00000000 519.00000000 0.00000000 442.00000000
132.00000000 447.00000000 0.00000000 441.00000000
721.00000000 535.00000000 0.00000000 440.00000000
403.00000000 393.00000000 0.00000000 434.00000000
788.00000000 508.00000000 1.00000000 434.00000000
976.00000000 192.00000000 1.00000000 422.00000000
900.00000000 354.00000000 0.00000000 418.00000000
848.00000000 209.00000000 1.00000000 417.00000000
586.00000000 522.00000000 1.00000000 415.00000000
776.00000000 543.00000000 1.00000000 415.00000000
116.00000000 298.00000000 0.00000000 412.00000000
224.00000000 212.00000000 4.00000000 406.00000000
849.00000000 207.00000000 0.00000000 406.00000000
402.00000000 394.00000000 2.00000000 405.00000000
640.00000000 541.00000000 1.00000000 405.00000000
701.00000000 537.00000000 1.00000000 402.00000000
296.00000000 213.00000000 1.00000000 402.00000000
786.00000000 510.00000000 2.00000000 398.00000000
143.00000000 431.00000000 0.00000000 397.00000000
1037.00000000 182.00000000 0.00000000 397.00000000
975.00000000 193.00000000 1.00000000 396.00000000
125.00000000 296.00000000 0.00000000 394.00000000
778.00000000 542.00000000 1.00000000 394.00000000
659.00000000 530.00000000 0.00000000 393.00000000
405.00000000 296.00000000 1.00000000 392.00000000
431.00000000 507.00000000 0.00000000 392.00000000
872.00000000 204.00000000 0.00000000 390.00000000
185.00000000 287.00000000 0.00000000 387.00000000
872.00000000 205.00000000 1.00000000 387.00000000
250.00000000 241.00000000 0.00000000 384.00000000
173.00000000 322.00000000 0.00000000 383.00000000
135.00000000 294.00000000 0.00000000 379.00000000
658.00000000 531.00000000 1.00000000 379.00000000
586.00000000 521.00000000 0.00000000 376.00000000
114.00000000 561.00000000 0.00000000 376.00000000
657.00000000 531.00000000 1.00000000 375.00000000
142.00000000 569.00000000 0.00000000 374.00000000
778.00000000 542.00000000 0.00000000 374.00000000
142.00000000 491.00000000 0.00000000 373.00000000
174.00000000 191.00000000 1.00000000 371.00000000
538.00000000 521.00000000 1.00000000 367.00000000
345.00000000 220.00000000 0.00000000 367.00000000
106.00000000 558.00000000 0.00000000 362.00000000
892.00000000 354.00000000 0.00000000 357.00000000
1142.00000000 390.00000000 5.00000000 354.00000000
91.00000000 302.00000000 0.00000000 354.00000000
174.00000000 190.00000000 0.00000000 354.00000000
133.00000000 448.00000000 1.00000000 352.00000000
1132.00000000 699.00000000 0.00000000 351.00000000
210.00000000 478.00000000 0.00000000 350.00000000
641.00000000 540.00000000 0.00000000 350.00000000
787.00000000 507.00000000 0.00000000 349.00000000
91.00000000 316.00000000 0.00000000 346.00000000
758.00000000 543.00000000 1.00000000 341.00000000
639.00000000 541.00000000 1.00000000 341.00000000
186.00000000 274.00000000 1.00000000 341.00000000
1180.00000000 347.00000000 0.00000000 338.00000000
387.00000000 187.00000000 0.00000000 335.00000000
1134.00000000 707.00000000 2.00000000 332.00000000
307.00000000 214.00000000 0.00000000 331.00000000
1088.00000000 561.00000000 0.00000000 330.00000000
786.00000000 514.00000000 2.00000000 330.00000000
674.00000000 534.00000000 1.00000000 330.00000000
143.00000000 374.00000000 0.00000000 329.00000000
561.00000000 480.00000000 1.00000000 327.00000000
689.00000000 695.00000000 0.00000000 325.00000000
229.00000000 202.00000000 1.00000000 325.00000000
75.00000000 305.00000000 0.00000000 325.00000000
143.00000000 492.00000000 1.00000000 323.00000000
133.00000000 491.00000000 0.00000000 322.00000000
1038.00000000 183.00000000 1.00000000 322.00000000
308.00000000 215.00000000 1.00000000 319.00000000
144.00000000 383.00000000 0.00000000 319.00000000
429.00000000 511.00000000 1.00000000 318.00000000
263.00000000 211.00000000 1.00000000 318.00000000
172.00000000 489.00000000 0.00000000 315.00000000
229.00000000 201.00000000 1.00000000 313.00000000
1038.00000000 173.00000000 0.00000000 312.00000000
295.00000000 212.00000000 1.00000000 312.00000000
114.00000000 492.00000000 0.00000000 311.00000000
175.00000000 270.00000000 0.00000000 310.00000000
186.00000000 288.00000000 1.00000000 310.00000000
219.00000000 567.00000000 0.00000000 310.00000000
1140.00000000 388.00000000 4.00000000 309.00000000
403.00000000 190.00000000 0.00000000 308.00000000
1189.00000000 347.00000000 0.00000000 307.00000000
702.00000000 537.00000000 1.00000000 306.00000000
270.00000000 396.00000000 0.00000000 306.00000000
184.00000000 375.00000000 0.00000000 304.00000000
172.00000000 578.00000000 0.00000000 303.00000000
969.00000000 784.00000000 0.00000000 302.00000000
622.00000000 379.00000000 0.00000000 301.00000000
415.00000000 193.00000000 0.00000000 301.00000000
263.00000000 210.00000000 0.00000000 300.00000000
83.00000000 304.00000000 0.00000000 298.00000000
800.00000000 786.00000000 2.00000000 297.00000000
123.00000000 492.00000000 0.00000000 297.00000000
363.00000000 403.00000000 1.00000000 295.00000000
1139.00000000 384.00000000 2.00000000 295.00000000
408.00000000 700.00000000 0.00000000 294.00000000
577.00000000 64.00000000 1.00000000 293.00000000
577.00000000 62.00000000 0.00000000 292.00000000
139.00000000 203.00000000 0.00000000 292.00000000
1207.00000000 160.00000000 1.00000000 290.00000000
401.00000000 395.00000000 2.00000000 290.00000000
174.00000000 289.00000000 1.00000000 290.00000000
139.00000000 204.00000000 1.00000000 287.00000000
726.00000000 140.00000000 2.00000000 285.00000000
228.00000000 204.00000000 2.00000000 283.00000000
1140.00000000 272.00000000 2.00000000 279.00000000
576.00000000 66.00000000 2.00000000 275.00000000
