731.00000000 357.00000000 1.00000000 646.00000000
717.00000000 51.00000000 1.00000000 646.00000000
156.00000000 347.00000000 0.00000000 633.00000000
135.00000000 346.00000000 0.00000000 626.00000000
717.00000000 50.00000000 0.00000000 616.00000000
543.00000000 361.00000000 1.00000000 579.00000000
146.00000000 346.00000000 0.00000000 556.00000000
167.00000000 347.00000000 0.00000000 553.00000000
178.00000000 155.00000000 1.00000000 552.00000000
178.00000000 156.00000000 2.00000000 545.00000000
730.00000000 358.00000000 1.00000000 533.00000000
730.00000000 360.00000000 2.00000000 525.00000000
33.00000000 342.00000000 0.00000000 499.00000000
45.00000000 343.00000000 0.00000000 493.00000000
176.00000000 242.00000000 2.00000000 493.00000000
426.00000000 590.00000000 0.00000000 492.00000000
176.00000000 347.00000000 0.00000000 488.00000000
175.00000000 243.00000000 2.00000000 484.00000000
736.00000000 228.00000000 1.00000000 482.00000000
376.00000000 609.00000000 1.00000000 479.00000000
690.00000000 692.00000000 0.00000000 472.00000000
691.00000000 693.00000000 1.00000000 471.00000000
736.00000000 227.00000000 1.00000000 467.00000000
543.00000000 360.00000000 1.00000000 461.00000000
176.00000000 248.00000000 4.00000000 459.00000000
157.00000000 347.00000000 1.00000000 459.00000000
694.00000000 70.00000000 1.00000000 458.00000000
33.00000000 344.00000000 1.00000000 456.00000000
425.00000000 591.00000000 1.00000000 454.00000000
176.00000000 239.00000000 1.00000000 450.00000000
45.00000000 381.00000000 1.00000000 449.00000000
842.00000000 90.00000000 1.00000000 448.00000000
33.00000000 381.00000000 1.00000000 448.00000000
1138.00000000 24.00000000 0.00000000 446.00000000
146.00000000 347.00000000 1.00000000 442.00000000
740.00000000 60.00000000 2.00000000 441.00000000
135.00000000 347.00000000 1.00000000 439.00000000
729.00000000 359.00000000 2.00000000 435.00000000
685.00000000 706.00000000 0.00000000 431.00000000
934.00000000 56.00000000 1.00000000 430.00000000
45.00000000 344.00000000 1.00000000 430.00000000
173.00000000 554.00000000 1.00000000 428.00000000
182.00000000 28.00000000 1.00000000 424.00000000
1138.00000000 24.00000000 1.00000000 424.00000000
146.00000000 382.00000000 1.00000000 424.00000000
45.00000000 381.00000000 0.00000000 423.00000000
1077.00000000 293.00000000 1.00000000 423.00000000
174.00000000 555.00000000 1.00000000 421.00000000
376.00000000 608.00000000 0.00000000 420.00000000
169.00000000 254.00000000 5.00000000 418.00000000
545.00000000 784.00000000 0.00000000 416.00000000
33.00000000 381.00000000 0.00000000 415.00000000
543.00000000 361.00000000 0.00000000 413.00000000
166.00000000 382.00000000 0.00000000 413.00000000
654.00000000 22.00000000 0.00000000 413.00000000
135.00000000 382.00000000 1.00000000 411.00000000
374.00000000 610.00000000 1.00000000 406.00000000
167.00000000 383.00000000 1.00000000 405.00000000
135.00000000 381.00000000 0.00000000 404.00000000
653.00000000 24.00000000 1.00000000 401.00000000
694.00000000 70.00000000 1.00000000 399.00000000
842.00000000 89.00000000 0.00000000 396.00000000
1076.00000000 292.00000000 0.00000000 394.00000000
146.00000000 435.00000000 0.00000000 393.00000000
178.00000000 155.00000000 2.00000000 392.00000000
736.00000000 228.00000000 2.00000000 389.00000000
167.00000000 348.00000000 1.00000000 388.00000000
156.00000000 381.00000000 0.00000000 388.00000000
712.00000000 83.00000000 1.00000000 386.00000000
179.00000000 155.00000000 1.00000000 385.00000000
927.00000000 184.00000000 0.00000000 372.00000000
146.00000000 381.00000000 0.00000000 371.00000000
927.00000000 186.00000000 1.00000000 368.00000000
736.00000000 227.00000000 0.00000000 368.00000000
560.00000000 257.00000000 2.00000000 368.00000000
841.00000000 91.00000000 1.00000000 367.00000000
177.00000000 238.00000000 1.00000000 366.00000000
157.00000000 382.00000000 1.00000000 365.00000000
177.00000000 347.00000000 1.00000000 363.00000000
844.00000000 51.00000000 1.00000000 361.00000000
181.00000000 28.00000000 1.00000000 359.00000000
717.00000000 50.00000000 1.00000000 352.00000000
714.00000000 62.00000000 0.00000000 351.00000000
182.00000000 28.00000000 0.00000000 351.00000000
712.00000000 82.00000000 0.00000000 351.00000000
905.00000000 381.00000000 0.00000000 350.00000000
176.00000000 156.00000000 4.00000000 347.00000000
934.00000000 58.00000000 2.00000000 345.00000000
176.00000000 382.00000000 0.00000000 344.00000000
691.00000000 692.00000000 1.00000000 342.00000000
731.00000000 48.00000000 0.00000000 339.00000000
791.00000000 43.00000000 1.00000000 336.00000000
783.00000000 140.00000000 0.00000000 335.00000000
739.00000000 57.00000000 1.00000000 334.00000000
874.00000000 43.00000000 0.00000000 333.00000000
929.00000000 142.00000000 1.00000000 332.00000000
684.00000000 719.00000000 0.00000000 331.00000000
934.00000000 68.00000000 0.00000000 330.00000000
730.00000000 357.00000000 0.00000000 329.00000000
784.00000000 128.00000000 0.00000000 329.00000000
792.00000000 46.00000000 2.00000000 329.00000000
544.00000000 360.00000000 2.00000000 326.00000000
844.00000000 50.00000000 0.00000000 322.00000000
694.00000000 70.00000000 0.00000000 319.00000000
174.00000000 554.00000000 0.00000000 307.00000000
1061.00000000 182.00000000 0.00000000 299.00000000
733.00000000 625.00000000 0.00000000 298.00000000
177.00000000 237.00000000 0.00000000 298.00000000
815.00000000 70.00000000 0.00000000 297.00000000
79.00000000 336.00000000 0.00000000 292.00000000
1119.00000000 441.00000000 0.00000000 292.00000000
674.00000000 61.00000000 0.00000000 285.00000000
1127.00000000 177.00000000 0.00000000 284.00000000
176.00000000 336.00000000 0.00000000 283.00000000
1132.00000000 106.00000000 0.00000000 283.00000000
973.00000000 322.00000000 0.00000000 282.00000000
928.00000000 161.00000000 0.00000000 282.00000000
154.00000000 235.00000000 0.00000000 281.00000000
876.00000000 20.00000000 0.00000000 280.00000000
810.00000000 435.00000000 0.00000000 278.00000000
900.00000000 487.00000000 0.00000000 276.00000000
901.00000000 48.00000000 0.00000000 275.00000000
707.00000000 63.00000000 0.00000000 269.00000000
737.00000000 502.00000000 0.00000000 269.00000000
1163.00000000 217.00000000 0.00000000 268.00000000
905.00000000 373.00000000 0.00000000 268.00000000
791.00000000 65.00000000 0.00000000 258.00000000
