757.00000000 113.00000000 1.00000000 672.00000000
758.00000000 113.00000000 0.00000000 657.00000000
991.00000000 108.00000000 0.00000000 627.00000000
804.00000000 370.00000000 1.00000000 623.00000000
805.00000000 371.00000000 1.00000000 579.00000000
401.00000000 526.00000000 1.00000000 579.00000000
565.00000000 362.00000000 1.00000000 579.00000000
991.00000000 109.00000000 1.00000000 574.00000000
631.00000000 97.00000000 1.00000000 562.00000000
400.00000000 527.00000000 1.00000000 555.00000000
804.00000000 372.00000000 2.00000000 552.00000000
979.00000000 595.00000000 1.00000000 552.00000000
756.00000000 113.00000000 1.00000000 543.00000000
258.00000000 210.00000000 1.00000000 543.00000000
809.00000000 257.00000000 1.00000000 542.00000000
648.00000000 670.00000000 2.00000000 519.00000000
1059.00000000 84.00000000 0.00000000 508.00000000
1110.00000000 519.00000000 0.00000000 494.00000000
631.00000000 96.00000000 0.00000000 494.00000000
979.00000000 596.00000000 0.00000000 493.00000000
447.00000000 520.00000000 0.00000000 488.00000000
992.00000000 206.00000000 1.00000000 486.00000000
769.00000000 668.00000000 1.00000000 483.00000000
401.00000000 525.00000000 0.00000000 483.00000000
808.00000000 257.00000000 1.00000000 480.00000000
665.00000000 101.00000000 1.00000000 474.00000000
784.00000000 116.00000000 0.00000000 472.00000000
992.00000000 205.00000000 0.00000000 472.00000000
262.00000000 93.00000000 0.00000000 468.00000000
647.00000000 670.00000000 2.00000000 466.00000000
1110.00000000 520.00000000 1.00000000 466.00000000
50.00000000 251.00000000 2.00000000 464.00000000
808.00000000 257.00000000 0.00000000 463.00000000
564.00000000 362.00000000 0.00000000 460.00000000
869.00000000 159.00000000 0.00000000 459.00000000
947.00000000 603.00000000 1.00000000 459.00000000
447.00000000 520.00000000 1.00000000 450.00000000
50.00000000 294.00000000 2.00000000 445.00000000
258.00000000 210.00000000 1.00000000 442.00000000
189.00000000 516.00000000 1.00000000 442.00000000
664.00000000 100.00000000 1.00000000 441.00000000
769.00000000 666.00000000 0.00000000 439.00000000
262.00000000 93.00000000 1.00000000 438.00000000
869.00000000 160.00000000 1.00000000 433.00000000
565.00000000 360.00000000 1.00000000 432.00000000
517.00000000 56.00000000 0.00000000 432.00000000
630.00000000 97.00000000 1.00000000 420.00000000
115.00000000 383.00000000 0.00000000 413.00000000
1059.00000000 85.00000000 1.00000000 410.00000000
1008.00000000 201.00000000 0.00000000 409.00000000
258.00000000 210.00000000 0.00000000 409.00000000
756.00000000 114.00000000 2.00000000 404.00000000
189.00000000 516.00000000 1.00000000 400.00000000
947.00000000 602.00000000 1.00000000 398.00000000
517.00000000 57.00000000 1.00000000 398.00000000
263.00000000 24.00000000 0.00000000 397.00000000
890.00000000 162.00000000 1.00000000 395.00000000
50.00000000 244.00000000 1.00000000 389.00000000
890.00000000 161.00000000 1.00000000 387.00000000
613.00000000 675.00000000 2.00000000 386.00000000
930.00000000 485.00000000 0.00000000 385.00000000
188.00000000 518.00000000 2.00000000 384.00000000
50.00000000 248.00000000 2.00000000 384.00000000
50.00000000 285.00000000 1.00000000 383.00000000
847.00000000 158.00000000 0.00000000 382.00000000
50.00000000 288.00000000 2.00000000 382.00000000
258.00000000 212.00000000 2.00000000 380.00000000
666.00000000 100.00000000 0.00000000 380.00000000
805.00000000 370.00000000 0.00000000 374.00000000
113.00000000 537.00000000 5.00000000 374.00000000
890.00000000 162.00000000 0.00000000 369.00000000
922.00000000 487.00000000 0.00000000 366.00000000
52.00000000 243.00000000 1.00000000 365.00000000
189.00000000 516.00000000 0.00000000 365.00000000
987.00000000 480.00000000 0.00000000 362.00000000
408.00000000 760.00000000 2.00000000 362.00000000
264.00000000 24.00000000 1.00000000 357.00000000
544.00000000 528.00000000 1.00000000 354.00000000
649.00000000 668.00000000 1.00000000 352.00000000
445.00000000 520.00000000 1.00000000 348.00000000
51.00000000 285.00000000 1.00000000 348.00000000
769.00000000 667.00000000 1.00000000 345.00000000
1206.00000000 108.00000000 0.00000000 344.00000000
1206.00000000 109.00000000 1.00000000 342.00000000
556.00000000 62.00000000 1.00000000 340.00000000
1035.00000000 453.00000000 0.00000000 340.00000000
1008.00000000 202.00000000 1.00000000 337.00000000
556.00000000 61.00000000 0.00000000 333.00000000
835.00000000 496.00000000 0.00000000 333.00000000
951.00000000 482.00000000 0.00000000 333.00000000
783.00000000 117.00000000 1.00000000 332.00000000
1207.00000000 66.00000000 1.00000000 332.00000000
741.00000000 111.00000000 0.00000000 331.00000000
184.00000000 528.00000000 4.00000000 329.00000000
961.00000000 641.00000000 1.00000000 329.00000000
961.00000000 640.00000000 0.00000000 328.00000000
1114.00000000 408.00000000 0.00000000 327.00000000
1036.00000000 454.00000000 1.00000000 327.00000000
377.00000000 16.00000000 0.00000000 327.00000000
248.00000000 520.00000000 4.00000000 323.00000000
584.00000000 701.00000000 0.00000000 319.00000000
1102.00000000 565.00000000 0.00000000 318.00000000
1005.00000000 479.00000000 0.00000000 318.00000000
1173.00000000 91.00000000 0.00000000 315.00000000
257.00000000 288.00000000 0.00000000 312.00000000
1035.00000000 215.00000000 0.00000000 309.00000000
927.00000000 178.00000000 0.00000000 307.00000000
937.00000000 451.00000000 0.00000000 302.00000000
237.00000000 416.00000000 0.00000000 302.00000000
51.00000000 284.00000000 0.00000000 301.00000000
30.00000000 375.00000000 0.00000000 299.00000000
1202.00000000 224.00000000 0.00000000 299.00000000
899.00000000 89.00000000 0.00000000 295.00000000
98.00000000 33.00000000 0.00000000 293.00000000
793.00000000 73.00000000 0.00000000 293.00000000
227.00000000 416.00000000 0.00000000 293.00000000
41.00000000 376.00000000 0.00000000 290.00000000
1026.00000000 477.00000000 0.00000000 288.00000000
247.00000000 416.00000000 0.00000000 277.00000000
166.00000000 489.00000000 0.00000000 274.00000000
994.00000000 480.00000000 0.00000000 273.00000000
1049.00000000 212.00000000 0.00000000 272.00000000
52.00000000 242.00000000 0.00000000 272.00000000
1109.00000000 111.00000000 0.00000000 272.00000000
989.00000000 172.00000000 0.00000000 271.00000000
1060.00000000 592.00000000 0.00000000 269.00000000
606.00000000 14.00000000 0.00000000 268.00000000
