80.00000000 410.00000000 0.00000000 575.00000000
413.00000000 416.00000000 1.00000000 571.00000000
412.00000000 415.00000000 1.00000000 568.00000000
425.00000000 672.00000000 1.00000000 560.00000000
135.00000000 412.00000000 1.00000000 558.00000000
135.00000000 309.00000000 1.00000000 555.00000000
80.00000000 314.00000000 0.00000000 536.00000000
414.00000000 320.00000000 1.00000000 525.00000000
43.00000000 319.00000000 0.00000000 511.00000000
80.00000000 302.00000000 0.00000000 510.00000000
424.00000000 672.00000000 0.00000000 503.00000000
80.00000000 315.00000000 1.00000000 492.00000000
449.00000000 528.00000000 0.00000000 480.00000000
135.00000000 309.00000000 0.00000000 480.00000000
31.00000000 597.00000000 0.00000000 474.00000000
1173.00000000 667.00000000 1.00000000 468.00000000
414.00000000 319.00000000 0.00000000 466.00000000
55.00000000 318.00000000 0.00000000 462.00000000
81.00000000 410.00000000 1.00000000 462.00000000
120.00000000 311.00000000 1.00000000 459.00000000
43.00000000 320.00000000 1.00000000 457.00000000
69.00000000 589.00000000 0.00000000 451.00000000
773.00000000 543.00000000 1.00000000 448.00000000
940.00000000 236.00000000 0.00000000 447.00000000
44.00000000 600.00000000 1.00000000 446.00000000
32.00000000 598.00000000 1.00000000 445.00000000
67.00000000 317.00000000 1.00000000 438.00000000
773.00000000 543.00000000 0.00000000 434.00000000
55.00000000 318.00000000 1.00000000 433.00000000
1173.00000000 667.00000000 1.00000000 430.00000000
841.00000000 514.00000000 1.00000000 428.00000000
43.00000000 599.00000000 0.00000000 425.00000000
841.00000000 514.00000000 1.00000000 424.00000000
414.00000000 319.00000000 1.00000000 424.00000000
412.00000000 418.00000000 2.00000000 423.00000000
135.00000000 411.00000000 0.00000000 419.00000000
687.00000000 552.00000000 1.00000000 415.00000000
120.00000000 310.00000000 0.00000000 414.00000000
120.00000000 401.00000000 0.00000000 413.00000000
69.00000000 580.00000000 0.00000000 411.00000000
67.00000000 316.00000000 0.00000000 411.00000000
770.00000000 543.00000000 1.00000000 408.00000000
424.00000000 673.00000000 1.00000000 407.00000000
69.00000000 604.00000000 0.00000000 407.00000000
940.00000000 236.00000000 1.00000000 406.00000000
893.00000000 240.00000000 0.00000000 405.00000000
1072.00000000 222.00000000 1.00000000 404.00000000
1071.00000000 221.00000000 0.00000000 404.00000000
688.00000000 551.00000000 0.00000000 402.00000000
1015.00000000 229.00000000 1.00000000 394.00000000
893.00000000 241.00000000 1.00000000 393.00000000
589.00000000 535.00000000 1.00000000 393.00000000
80.00000000 347.00000000 0.00000000 390.00000000
120.00000000 401.00000000 1.00000000 387.00000000
840.00000000 518.00000000 2.00000000 387.00000000
82.00000000 606.00000000 0.00000000 386.00000000
82.00000000 607.00000000 1.00000000 384.00000000
134.00000000 309.00000000 1.00000000 383.00000000
413.00000000 415.00000000 0.00000000 382.00000000
707.00000000 540.00000000 0.00000000 382.00000000
29.00000000 476.00000000 0.00000000 378.00000000
69.00000000 605.00000000 1.00000000 377.00000000
198.00000000 507.00000000 0.00000000 374.00000000
80.00000000 400.00000000 0.00000000 373.00000000
56.00000000 581.00000000 0.00000000 372.00000000
947.00000000 371.00000000 0.00000000 371.00000000
916.00000000 237.00000000 0.00000000 370.00000000
589.00000000 535.00000000 0.00000000 369.00000000
830.00000000 545.00000000 1.00000000 367.00000000
20.00000000 594.00000000 0.00000000 367.00000000
752.00000000 545.00000000 1.00000000 366.00000000
43.00000000 299.00000000 0.00000000 365.00000000
627.00000000 536.00000000 1.00000000 365.00000000
1174.00000000 670.00000000 2.00000000 363.00000000
31.00000000 521.00000000 0.00000000 363.00000000
832.00000000 546.00000000 1.00000000 360.00000000
31.00000000 521.00000000 1.00000000 359.00000000
135.00000000 351.00000000 0.00000000 357.00000000
707.00000000 541.00000000 1.00000000 356.00000000
628.00000000 535.00000000 0.00000000 356.00000000
1173.00000000 666.00000000 0.00000000 353.00000000
448.00000000 530.00000000 1.00000000 352.00000000
832.00000000 545.00000000 0.00000000 352.00000000
574.00000000 536.00000000 1.00000000 352.00000000
1015.00000000 230.00000000 1.00000000 349.00000000
248.00000000 421.00000000 0.00000000 348.00000000
916.00000000 239.00000000 1.00000000 347.00000000
56.00000000 574.00000000 0.00000000 347.00000000
685.00000000 551.00000000 1.00000000 346.00000000
120.00000000 311.00000000 1.00000000 342.00000000
44.00000000 584.00000000 0.00000000 338.00000000
841.00000000 513.00000000 0.00000000 337.00000000
19.00000000 563.00000000 0.00000000 336.00000000
237.00000000 242.00000000 0.00000000 329.00000000
724.00000000 543.00000000 1.00000000 327.00000000
740.00000000 693.00000000 0.00000000 326.00000000
810.00000000 548.00000000 1.00000000 324.00000000
31.00000000 289.00000000 0.00000000 323.00000000
453.00000000 198.00000000 0.00000000 320.00000000
56.00000000 602.00000000 0.00000000 320.00000000
120.00000000 369.00000000 0.00000000 319.00000000
840.00000000 520.00000000 2.00000000 319.00000000
463.00000000 535.00000000 0.00000000 318.00000000
705.00000000 541.00000000 1.00000000 316.00000000
135.00000000 402.00000000 0.00000000 311.00000000
1172.00000000 400.00000000 4.00000000 310.00000000
134.00000000 411.00000000 1.00000000 308.00000000
417.00000000 658.00000000 0.00000000 306.00000000
81.00000000 506.00000000 0.00000000 306.00000000
43.00000000 520.00000000 0.00000000 306.00000000
41.00000000 474.00000000 0.00000000 303.00000000
55.00000000 562.00000000 0.00000000 299.00000000
80.00000000 294.00000000 0.00000000 299.00000000
429.00000000 84.00000000 5.00000000 297.00000000
82.00000000 571.00000000 0.00000000 296.00000000
152.00000000 620.00000000 0.00000000 295.00000000
43.00000000 563.00000000 0.00000000 294.00000000
434.00000000 77.00000000 0.00000000 294.00000000
432.00000000 82.00000000 2.00000000 292.00000000
254.00000000 374.00000000 2.00000000 290.00000000
432.00000000 84.00000000 4.00000000 290.00000000
432.00000000 80.00000000 2.00000000 284.00000000
902.00000000 780.00000000 2.00000000 277.00000000
724.00000000 546.00000000 2.00000000 270.00000000
412.00000000 418.00000000 2.00000000 269.00000000
414.00000000 320.00000000 2.00000000 259.00000000
1170.00000000 395.00000000 2.00000000 243.00000000
