68.00000000 118.00000000 1.00000000 649.00000000
68.00000000 118.00000000 0.00000000 568.00000000
304.00000000 133.00000000 0.00000000 567.00000000
67.00000000 118.00000000 1.00000000 565.00000000
317.00000000 93.00000000 0.00000000 531.00000000
317.00000000 94.00000000 1.00000000 518.00000000
305.00000000 135.00000000 1.00000000 468.00000000
66.00000000 118.00000000 2.00000000 407.00000000
350.00000000 75.00000000 0.00000000 353.00000000
329.00000000 80.00000000 0.00000000 324.00000000
313.00000000 123.00000000 0.00000000 314.00000000
351.00000000 76.00000000 1.00000000 308.00000000
318.00000000 96.00000000 1.00000000 303.00000000
350.00000000 77.00000000 1.00000000 301.00000000
379.00000000 51.00000000 0.00000000 269.00000000
562.00000000 806.00000000 0.00000000 267.00000000
65.00000000 121.00000000 2.00000000 267.00000000
379.00000000 71.00000000 0.00000000 240.00000000
470.00000000 804.00000000 0.00000000 237.00000000
305.00000000 135.00000000 1.00000000 236.00000000
384.00000000 62.00000000 2.00000000 232.00000000
317.00000000 135.00000000 0.00000000 225.00000000
563.00000000 806.00000000 1.00000000 207.00000000
318.00000000 135.00000000 1.00000000 204.00000000
388.00000000 55.00000000 1.00000000 199.00000000
347.00000000 112.00000000 0.00000000 197.00000000
384.00000000 64.00000000 4.00000000 193.00000000
329.00000000 80.00000000 1.00000000 193.00000000
320.00000000 120.00000000 0.00000000 191.00000000
328.00000000 91.00000000 1.00000000 189.00000000
350.00000000 80.00000000 2.00000000 188.00000000
379.00000000 72.00000000 1.00000000 186.00000000
498.00000000 430.00000000 2.00000000 179.00000000
832.00000000 788.00000000 4.00000000 173.00000000
497.00000000 429.00000000 2.00000000 169.00000000
166.00000000 131.00000000 1.00000000 169.00000000
558.00000000 367.00000000 1.00000000 168.00000000
388.00000000 54.00000000 0.00000000 160.00000000
166.00000000 130.00000000 0.00000000 159.00000000
328.00000000 90.00000000 0.00000000 157.00000000
351.00000000 86.00000000 0.00000000 155.00000000
98.00000000 93.00000000 2.00000000 153.00000000
159.00000000 651.00000000 0.00000000 151.00000000
558.00000000 367.00000000 1.00000000 145.00000000
333.00000000 120.00000000 0.00000000 143.00000000
458.00000000 777.00000000 0.00000000 142.00000000
150.00000000 122.00000000 1.00000000 139.00000000
883.00000000 298.00000000 0.00000000 138.00000000
497.00000000 432.00000000 1.00000000 136.00000000
158.00000000 642.00000000 0.00000000 136.00000000
98.00000000 92.00000000 2.00000000 136.00000000
149.00000000 627.00000000 0.00000000 133.00000000
384.00000000 60.00000000 2.00000000 132.00000000
342.00000000 79.00000000 0.00000000 132.00000000
498.00000000 424.00000000 0.00000000 131.00000000
576.00000000 436.00000000 1.00000000 128.00000000
472.00000000 787.00000000 0.00000000 128.00000000
378.00000000 60.00000000 1.00000000 127.00000000
318.00000000 96.00000000 2.00000000 126.00000000
379.00000000 52.00000000 1.00000000 125.00000000
150.00000000 629.00000000 1.00000000 125.00000000
195.00000000 594.00000000 0.00000000 125.00000000
199.00000000 53.00000000 0.00000000 123.00000000
150.00000000 123.00000000 0.00000000 122.00000000
497.00000000 410.00000000 0.00000000 121.00000000
149.00000000 121.00000000 1.00000000 120.00000000
314.00000000 124.00000000 1.00000000 118.00000000
498.00000000 424.00000000 1.00000000 118.00000000
427.00000000 779.00000000 0.00000000 118.00000000
883.00000000 298.00000000 1.00000000 118.00000000
97.00000000 89.00000000 1.00000000 115.00000000
275.00000000 224.00000000 0.00000000 115.00000000
165.00000000 131.00000000 1.00000000 115.00000000
467.00000000 774.00000000 0.00000000 115.00000000
158.00000000 643.00000000 1.00000000 113.00000000
337.00000000 82.00000000 0.00000000 112.00000000
347.00000000 112.00000000 1.00000000 112.00000000
367.00000000 726.00000000 0.00000000 110.00000000
159.00000000 651.00000000 1.00000000 110.00000000
662.00000000 804.00000000 2.00000000 109.00000000
110.00000000 167.00000000 0.00000000 109.00000000
387.00000000 94.00000000 0.00000000 109.00000000
424.00000000 758.00000000 0.00000000 107.00000000
475.00000000 661.00000000 5.00000000 107.00000000
318.00000000 128.00000000 2.00000000 106.00000000
441.00000000 769.00000000 0.00000000 106.00000000
149.00000000 629.00000000 1.00000000 104.00000000
497.00000000 411.00000000 1.00000000 102.00000000
132.00000000 53.00000000 0.00000000 102.00000000
558.00000000 367.00000000 0.00000000 101.00000000
562.00000000 806.00000000 1.00000000 100.00000000
398.00000000 744.00000000 0.00000000 100.00000000
337.00000000 94.00000000 0.00000000 98.00000000
110.00000000 167.00000000 1.00000000 98.00000000
596.00000000 439.00000000 1.00000000 97.00000000
237.00000000 679.00000000 0.00000000 96.00000000
158.00000000 646.00000000 1.00000000 96.00000000
576.00000000 438.00000000 1.00000000 95.00000000
367.00000000 726.00000000 1.00000000 95.00000000
387.00000000 94.00000000 1.00000000 95.00000000
387.00000000 68.00000000 0.00000000 94.00000000
498.00000000 434.00000000 1.00000000 94.00000000
327.00000000 98.00000000 0.00000000 93.00000000
388.00000000 55.00000000 1.00000000 93.00000000
371.00000000 734.00000000 0.00000000 93.00000000
515.00000000 633.00000000 1.00000000 92.00000000
190.00000000 51.00000000 0.00000000 92.00000000
379.00000000 59.00000000 0.00000000 92.00000000
433.00000000 767.00000000 0.00000000 91.00000000
337.00000000 94.00000000 1.00000000 89.00000000
156.00000000 473.00000000 1.00000000 89.00000000
276.00000000 224.00000000 1.00000000 89.00000000
514.00000000 633.00000000 1.00000000 89.00000000
388.00000000 735.00000000 0.00000000 84.00000000
346.00000000 118.00000000 0.00000000 82.00000000
267.00000000 692.00000000 0.00000000 80.00000000
576.00000000 439.00000000 0.00000000 79.00000000
601.00000000 475.00000000 0.00000000 77.00000000
143.00000000 535.00000000 0.00000000 76.00000000
202.00000000 608.00000000 0.00000000 75.00000000
498.00000000 434.00000000 0.00000000 75.00000000
149.00000000 325.00000000 0.00000000 75.00000000
883.00000000 725.00000000 0.00000000 74.00000000
185.00000000 14.00000000 0.00000000 74.00000000
731.00000000 762.00000000 0.00000000 74.00000000
132.00000000 135.00000000 0.00000000 73.00000000
435.00000000 790.00000000 0.00000000 72.00000000
