690.00000000 310.00000000 1.00000000 874.00000000
689.00000000 309.00000000 0.00000000 835.00000000
668.00000000 329.00000000 0.00000000 811.00000000
687.00000000 217.00000000 1.00000000 800.00000000
669.00000000 329.00000000 1.00000000 792.00000000
687.00000000 217.00000000 0.00000000 719.00000000
156.00000000 213.00000000 0.00000000 632.00000000
156.00000000 213.00000000 1.00000000 614.00000000
732.00000000 310.00000000 1.00000000 602.00000000
687.00000000 216.00000000 1.00000000 584.00000000
731.00000000 309.00000000 0.00000000 543.00000000
735.00000000 203.00000000 2.00000000 486.00000000
690.00000000 309.00000000 1.00000000 473.00000000
732.00000000 311.00000000 1.00000000 453.00000000
734.00000000 202.00000000 2.00000000 444.00000000
155.00000000 213.00000000 1.00000000 444.00000000
681.00000000 325.00000000 0.00000000 436.00000000
280.00000000 742.00000000 0.00000000 432.00000000
736.00000000 204.00000000 4.00000000 373.00000000
1071.00000000 732.00000000 2.00000000 372.00000000
688.00000000 216.00000000 2.00000000 365.00000000
668.00000000 329.00000000 1.00000000 361.00000000
1068.00000000 732.00000000 4.00000000 359.00000000
685.00000000 205.00000000 0.00000000 349.00000000
280.00000000 742.00000000 1.00000000 340.00000000
395.00000000 671.00000000 0.00000000 339.00000000
735.00000000 199.00000000 1.00000000 337.00000000
156.00000000 212.00000000 2.00000000 318.00000000
278.00000000 738.00000000 2.00000000 314.00000000
735.00000000 198.00000000 1.00000000 307.00000000
685.00000000 333.00000000 0.00000000 304.00000000
682.00000000 326.00000000 1.00000000 301.00000000
491.00000000 202.00000000 1.00000000 291.00000000
152.00000000 212.00000000 2.00000000 271.00000000
736.00000000 197.00000000 0.00000000 268.00000000
491.00000000 201.00000000 0.00000000 260.00000000
707.00000000 306.00000000 0.00000000 259.00000000
278.00000000 736.00000000 1.00000000 254.00000000
763.00000000 304.00000000 0.00000000 246.00000000
1055.00000000 175.00000000 2.00000000 239.00000000
1052.00000000 254.00000000 0.00000000 238.00000000
637.00000000 704.00000000 0.00000000 235.00000000
905.00000000 740.00000000 0.00000000 233.00000000
648.00000000 704.00000000 0.00000000 229.00000000
490.00000000 203.00000000 1.00000000 229.00000000
852.00000000 506.00000000 1.00000000 228.00000000
475.00000000 717.00000000 1.00000000 227.00000000
690.00000000 325.00000000 0.00000000 224.00000000
536.00000000 720.00000000 0.00000000 224.00000000
527.00000000 715.00000000 0.00000000 222.00000000
1051.00000000 255.00000000 1.00000000 221.00000000
853.00000000 506.00000000 1.00000000 221.00000000
1051.00000000 212.00000000 0.00000000 220.00000000
1072.00000000 734.00000000 2.00000000 214.00000000
761.00000000 703.00000000 0.00000000 213.00000000
277.00000000 733.00000000 0.00000000 210.00000000
1057.00000000 162.00000000 1.00000000 210.00000000
1057.00000000 161.00000000 0.00000000 204.00000000
81.00000000 553.00000000 1.00000000 202.00000000
428.00000000 280.00000000 0.00000000 201.00000000
80.00000000 554.00000000 1.00000000 199.00000000
490.00000000 206.00000000 2.00000000 199.00000000
707.00000000 307.00000000 1.00000000 197.00000000
732.00000000 310.00000000 2.00000000 196.00000000
429.00000000 281.00000000 1.00000000 194.00000000
741.00000000 203.00000000 5.00000000 191.00000000
512.00000000 241.00000000 0.00000000 191.00000000
906.00000000 740.00000000 1.00000000 188.00000000
475.00000000 717.00000000 0.00000000 188.00000000
255.00000000 722.00000000 0.00000000 182.00000000
598.00000000 197.00000000 1.00000000 178.00000000
1048.00000000 630.00000000 2.00000000 178.00000000
1071.00000000 738.00000000 1.00000000 176.00000000
1046.00000000 194.00000000 0.00000000 175.00000000
1071.00000000 736.00000000 1.00000000 174.00000000
598.00000000 197.00000000 1.00000000 173.00000000
706.00000000 328.00000000 0.00000000 173.00000000
256.00000000 724.00000000 1.00000000 172.00000000
1057.00000000 162.00000000 1.00000000 172.00000000
411.00000000 665.00000000 0.00000000 170.00000000
1050.00000000 219.00000000 1.00000000 169.00000000
1052.00000000 254.00000000 1.00000000 166.00000000
890.00000000 690.00000000 0.00000000 163.00000000
685.00000000 205.00000000 1.00000000 161.00000000
1051.00000000 174.00000000 1.00000000 161.00000000
680.00000000 420.00000000 1.00000000 161.00000000
81.00000000 552.00000000 0.00000000 159.00000000
743.00000000 268.00000000 1.00000000 156.00000000
743.00000000 267.00000000 0.00000000 155.00000000
853.00000000 504.00000000 0.00000000 155.00000000
784.00000000 279.00000000 0.00000000 154.00000000
721.00000000 309.00000000 0.00000000 153.00000000
793.00000000 279.00000000 0.00000000 152.00000000
569.00000000 184.00000000 0.00000000 151.00000000
513.00000000 241.00000000 1.00000000 150.00000000
1071.00000000 738.00000000 0.00000000 149.00000000
517.00000000 709.00000000 0.00000000 148.00000000
960.00000000 666.00000000 1.00000000 144.00000000
536.00000000 720.00000000 1.00000000 144.00000000
960.00000000 665.00000000 0.00000000 143.00000000
774.00000000 309.00000000 1.00000000 143.00000000
598.00000000 196.00000000 0.00000000 142.00000000
409.00000000 675.00000000 1.00000000 137.00000000
802.00000000 268.00000000 1.00000000 136.00000000
1049.00000000 221.00000000 1.00000000 135.00000000
724.00000000 328.00000000 1.00000000 133.00000000
1051.00000000 175.00000000 0.00000000 133.00000000
763.00000000 312.00000000 0.00000000 132.00000000
228.00000000 342.00000000 0.00000000 128.00000000
381.00000000 668.00000000 0.00000000 123.00000000
309.00000000 745.00000000 0.00000000 119.00000000
386.00000000 676.00000000 0.00000000 118.00000000
1050.00000000 222.00000000 0.00000000 118.00000000
764.00000000 305.00000000 1.00000000 118.00000000
494.00000000 218.00000000 0.00000000 115.00000000
774.00000000 309.00000000 0.00000000 113.00000000
724.00000000 327.00000000 0.00000000 106.00000000
409.00000000 674.00000000 0.00000000 105.00000000
37.00000000 661.00000000 0.00000000 102.00000000
148.00000000 504.00000000 0.00000000 101.00000000
679.00000000 333.00000000 0.00000000 100.00000000
369.00000000 205.00000000 0.00000000 99.00000000
738.00000000 346.00000000 0.00000000 97.00000000
135.00000000 519.00000000 0.00000000 95.00000000
396.00000000 267.00000000 0.00000000 94.00000000
493.00000000 721.00000000 0.00000000 93.00000000
1050.00000000 181.00000000 0.00000000 92.00000000
