576.00000000 161.00000000 1.00000000 993.00000000
551.00000000 191.00000000 1.00000000 884.00000000
575.00000000 26.00000000 1.00000000 745.00000000
576.00000000 161.00000000 1.00000000 741.00000000
575.00000000 27.00000000 1.00000000 728.00000000
550.00000000 190.00000000 0.00000000 643.00000000
576.00000000 160.00000000 0.00000000 624.00000000
629.00000000 155.00000000 1.00000000 588.00000000
629.00000000 155.00000000 1.00000000 573.00000000
551.00000000 190.00000000 1.00000000 568.00000000
103.00000000 115.00000000 1.00000000 562.00000000
103.00000000 114.00000000 0.00000000 519.00000000
575.00000000 28.00000000 0.00000000 510.00000000
671.00000000 141.00000000 0.00000000 456.00000000
101.00000000 114.00000000 1.00000000 445.00000000
566.00000000 185.00000000 1.00000000 431.00000000
630.00000000 156.00000000 2.00000000 422.00000000
836.00000000 735.00000000 0.00000000 385.00000000
628.00000000 154.00000000 0.00000000 383.00000000
102.00000000 114.00000000 2.00000000 369.00000000
653.00000000 715.00000000 0.00000000 369.00000000
280.00000000 606.00000000 0.00000000 367.00000000
565.00000000 183.00000000 0.00000000 365.00000000
570.00000000 194.00000000 0.00000000 350.00000000
193.00000000 663.00000000 0.00000000 347.00000000
573.00000000 11.00000000 0.00000000 337.00000000
714.00000000 749.00000000 0.00000000 336.00000000
857.00000000 813.00000000 0.00000000 332.00000000
98.00000000 115.00000000 2.00000000 326.00000000
857.00000000 814.00000000 1.00000000 323.00000000
707.00000000 748.00000000 0.00000000 322.00000000
518.00000000 690.00000000 0.00000000 301.00000000
576.00000000 162.00000000 2.00000000 296.00000000
571.00000000 194.00000000 1.00000000 296.00000000
395.00000000 678.00000000 0.00000000 292.00000000
576.00000000 30.00000000 2.00000000 290.00000000
364.00000000 48.00000000 1.00000000 289.00000000
100.00000000 116.00000000 4.00000000 282.00000000
90.00000000 124.00000000 5.00000000 278.00000000
193.00000000 663.00000000 1.00000000 274.00000000
403.00000000 686.00000000 0.00000000 273.00000000
363.00000000 49.00000000 1.00000000 271.00000000
597.00000000 153.00000000 0.00000000 267.00000000
836.00000000 735.00000000 1.00000000 261.00000000
190.00000000 654.00000000 0.00000000 256.00000000
671.00000000 154.00000000 0.00000000 256.00000000
191.00000000 655.00000000 1.00000000 255.00000000
672.00000000 142.00000000 1.00000000 254.00000000
790.00000000 444.00000000 2.00000000 251.00000000
596.00000000 185.00000000 0.00000000 249.00000000
597.00000000 154.00000000 1.00000000 244.00000000
279.00000000 600.00000000 0.00000000 239.00000000
858.00000000 814.00000000 1.00000000 238.00000000
363.00000000 47.00000000 0.00000000 238.00000000
506.00000000 688.00000000 0.00000000 232.00000000
608.00000000 156.00000000 0.00000000 230.00000000
360.00000000 60.00000000 4.00000000 227.00000000
577.00000000 183.00000000 1.00000000 227.00000000
552.00000000 192.00000000 2.00000000 224.00000000
653.00000000 716.00000000 1.00000000 219.00000000
192.00000000 657.00000000 1.00000000 218.00000000
192.00000000 660.00000000 2.00000000 218.00000000
362.00000000 50.00000000 2.00000000 216.00000000
700.00000000 729.00000000 0.00000000 216.00000000
576.00000000 183.00000000 0.00000000 211.00000000
291.00000000 612.00000000 0.00000000 207.00000000
789.00000000 444.00000000 2.00000000 206.00000000
307.00000000 156.00000000 1.00000000 198.00000000
684.00000000 105.00000000 0.00000000 198.00000000
362.00000000 53.00000000 2.00000000 194.00000000
790.00000000 445.00000000 1.00000000 191.00000000
645.00000000 90.00000000 1.00000000 184.00000000
617.00000000 154.00000000 0.00000000 183.00000000
307.00000000 155.00000000 0.00000000 183.00000000
700.00000000 100.00000000 1.00000000 182.00000000
563.00000000 197.00000000 0.00000000 178.00000000
678.00000000 149.00000000 2.00000000 175.00000000
473.00000000 19.00000000 1.00000000 174.00000000
347.00000000 671.00000000 1.00000000 173.00000000
62.00000000 457.00000000 1.00000000 172.00000000
291.00000000 613.00000000 1.00000000 172.00000000
677.00000000 724.00000000 0.00000000 171.00000000
645.00000000 89.00000000 0.00000000 170.00000000
567.00000000 185.00000000 1.00000000 170.00000000
601.00000000 704.00000000 0.00000000 168.00000000
293.00000000 601.00000000 0.00000000 166.00000000
713.00000000 98.00000000 1.00000000 162.00000000
176.00000000 640.00000000 0.00000000 162.00000000
176.00000000 641.00000000 1.00000000 161.00000000
790.00000000 441.00000000 1.00000000 158.00000000
585.00000000 706.00000000 0.00000000 155.00000000
615.00000000 163.00000000 0.00000000 155.00000000
386.00000000 677.00000000 0.00000000 155.00000000
713.00000000 724.00000000 0.00000000 154.00000000
384.00000000 96.00000000 1.00000000 153.00000000
657.00000000 155.00000000 0.00000000 153.00000000
62.00000000 458.00000000 1.00000000 153.00000000
404.00000000 687.00000000 1.00000000 150.00000000
790.00000000 441.00000000 0.00000000 150.00000000
62.00000000 456.00000000 0.00000000 150.00000000
646.00000000 90.00000000 1.00000000 149.00000000
518.00000000 690.00000000 1.00000000 147.00000000
472.00000000 21.00000000 1.00000000 147.00000000
384.00000000 96.00000000 0.00000000 145.00000000
596.00000000 185.00000000 1.00000000 143.00000000
619.00000000 181.00000000 0.00000000 143.00000000
596.00000000 154.00000000 1.00000000 142.00000000
507.00000000 688.00000000 1.00000000 141.00000000
719.00000000 735.00000000 0.00000000 140.00000000
685.00000000 147.00000000 1.00000000 138.00000000
268.00000000 601.00000000 0.00000000 138.00000000
700.00000000 100.00000000 0.00000000 137.00000000
210.00000000 667.00000000 1.00000000 137.00000000
272.00000000 610.00000000 0.00000000 137.00000000
619.00000000 182.00000000 1.00000000 137.00000000
666.00000000 724.00000000 0.00000000 134.00000000
656.00000000 736.00000000 0.00000000 130.00000000
473.00000000 18.00000000 0.00000000 129.00000000
395.00000000 688.00000000 0.00000000 129.00000000
386.00000000 671.00000000 0.00000000 129.00000000
590.00000000 166.00000000 0.00000000 123.00000000
685.00000000 145.00000000 0.00000000 123.00000000
347.00000000 669.00000000 0.00000000 121.00000000
679.00000000 175.00000000 0.00000000 119.00000000
608.00000000 164.00000000 0.00000000 119.00000000
255.00000000 74.00000000 0.00000000 115.00000000
789.00000000 430.00000000 0.00000000 112.00000000
