804.00000000 200.00000000 1.00000000 985.00000000
804.00000000 199.00000000 1.00000000 916.00000000
775.00000000 227.00000000 1.00000000 904.00000000
801.00000000 67.00000000 1.00000000 806.00000000
802.00000000 70.00000000 1.00000000 792.00000000
45.00000000 55.00000000 1.00000000 756.00000000
45.00000000 55.00000000 1.00000000 716.00000000
774.00000000 226.00000000 1.00000000 702.00000000
801.00000000 70.00000000 0.00000000 660.00000000
44.00000000 54.00000000 2.00000000 624.00000000
803.00000000 199.00000000 0.00000000 620.00000000
862.00000000 200.00000000 1.00000000 614.00000000
45.00000000 53.00000000 0.00000000 593.00000000
802.00000000 68.00000000 2.00000000 591.00000000
775.00000000 226.00000000 0.00000000 566.00000000
862.00000000 200.00000000 1.00000000 565.00000000
396.00000000 702.00000000 0.00000000 557.00000000
868.00000000 45.00000000 2.00000000 510.00000000
798.00000000 52.00000000 0.00000000 501.00000000
42.00000000 53.00000000 2.00000000 480.00000000
792.00000000 221.00000000 1.00000000 473.00000000
745.00000000 741.00000000 0.00000000 471.00000000
235.00000000 802.00000000 1.00000000 466.00000000
906.00000000 191.00000000 0.00000000 453.00000000
862.00000000 200.00000000 2.00000000 450.00000000
899.00000000 738.00000000 0.00000000 445.00000000
580.00000000 760.00000000 0.00000000 428.00000000
231.00000000 797.00000000 2.00000000 428.00000000
862.00000000 199.00000000 0.00000000 428.00000000
804.00000000 200.00000000 2.00000000 410.00000000
236.00000000 802.00000000 0.00000000 410.00000000
798.00000000 52.00000000 1.00000000 409.00000000
868.00000000 44.00000000 2.00000000 383.00000000
798.00000000 231.00000000 0.00000000 380.00000000
637.00000000 20.00000000 0.00000000 366.00000000
234.00000000 801.00000000 1.00000000 361.00000000
803.00000000 67.00000000 2.00000000 361.00000000
776.00000000 226.00000000 2.00000000 353.00000000
792.00000000 221.00000000 0.00000000 351.00000000
869.00000000 42.00000000 1.00000000 350.00000000
396.00000000 702.00000000 1.00000000 349.00000000
232.00000000 796.00000000 2.00000000 347.00000000
869.00000000 42.00000000 1.00000000 331.00000000
526.00000000 43.00000000 1.00000000 325.00000000
526.00000000 42.00000000 1.00000000 322.00000000
745.00000000 742.00000000 1.00000000 318.00000000
798.00000000 232.00000000 1.00000000 318.00000000
1071.00000000 719.00000000 0.00000000 318.00000000
731.00000000 741.00000000 0.00000000 313.00000000
955.00000000 758.00000000 0.00000000 303.00000000
526.00000000 41.00000000 0.00000000 301.00000000
526.00000000 44.00000000 2.00000000 292.00000000
840.00000000 199.00000000 0.00000000 291.00000000
907.00000000 192.00000000 1.00000000 286.00000000
1089.00000000 782.00000000 0.00000000 283.00000000
869.00000000 41.00000000 0.00000000 283.00000000
793.00000000 222.00000000 1.00000000 281.00000000
438.00000000 155.00000000 1.00000000 273.00000000
438.00000000 154.00000000 0.00000000 271.00000000
827.00000000 195.00000000 1.00000000 270.00000000
907.00000000 203.00000000 0.00000000 269.00000000
1089.00000000 783.00000000 1.00000000 268.00000000
580.00000000 760.00000000 1.00000000 247.00000000
731.00000000 742.00000000 1.00000000 241.00000000
789.00000000 233.00000000 0.00000000 240.00000000
828.00000000 194.00000000 0.00000000 237.00000000
826.00000000 224.00000000 0.00000000 234.00000000
805.00000000 221.00000000 1.00000000 234.00000000
438.00000000 155.00000000 1.00000000 230.00000000
418.00000000 692.00000000 0.00000000 227.00000000
847.00000000 205.00000000 0.00000000 226.00000000
899.00000000 739.00000000 1.00000000 223.00000000
556.00000000 101.00000000 1.00000000 218.00000000
638.00000000 20.00000000 1.00000000 217.00000000
1026.00000000 470.00000000 1.00000000 215.00000000
892.00000000 202.00000000 0.00000000 213.00000000
962.00000000 757.00000000 0.00000000 212.00000000
808.00000000 64.00000000 4.00000000 208.00000000
592.00000000 766.00000000 1.00000000 206.00000000
480.00000000 667.00000000 5.00000000 204.00000000
565.00000000 753.00000000 0.00000000 204.00000000
555.00000000 101.00000000 0.00000000 196.00000000
200.00000000 776.00000000 1.00000000 195.00000000
231.00000000 790.00000000 1.00000000 192.00000000
230.00000000 788.00000000 0.00000000 186.00000000
677.00000000 38.00000000 1.00000000 185.00000000
879.00000000 140.00000000 1.00000000 184.00000000
507.00000000 763.00000000 1.00000000 183.00000000
918.00000000 159.00000000 0.00000000 183.00000000
677.00000000 779.00000000 0.00000000 182.00000000
800.00000000 52.00000000 1.00000000 181.00000000
849.00000000 197.00000000 0.00000000 181.00000000
591.00000000 766.00000000 0.00000000 181.00000000
1090.00000000 783.00000000 1.00000000 180.00000000
524.00000000 60.00000000 4.00000000 180.00000000
947.00000000 157.00000000 1.00000000 180.00000000
843.00000000 738.00000000 0.00000000 178.00000000
946.00000000 741.00000000 0.00000000 175.00000000
878.00000000 140.00000000 0.00000000 173.00000000
825.00000000 743.00000000 0.00000000 173.00000000
1071.00000000 719.00000000 1.00000000 173.00000000
827.00000000 195.00000000 1.00000000 172.00000000
200.00000000 775.00000000 0.00000000 167.00000000
827.00000000 225.00000000 1.00000000 167.00000000
935.00000000 157.00000000 1.00000000 165.00000000
535.00000000 754.00000000 0.00000000 164.00000000
507.00000000 762.00000000 0.00000000 163.00000000
567.00000000 759.00000000 0.00000000 162.00000000
418.00000000 693.00000000 1.00000000 161.00000000
40.00000000 708.00000000 0.00000000 158.00000000
934.00000000 157.00000000 0.00000000 152.00000000
395.00000000 693.00000000 0.00000000 151.00000000
718.00000000 740.00000000 0.00000000 148.00000000
151.00000000 241.00000000 0.00000000 143.00000000
417.00000000 708.00000000 0.00000000 142.00000000
804.00000000 220.00000000 0.00000000 139.00000000
924.00000000 154.00000000 0.00000000 138.00000000
382.00000000 709.00000000 0.00000000 137.00000000
1026.00000000 467.00000000 0.00000000 136.00000000
277.00000000 807.00000000 0.00000000 134.00000000
924.00000000 741.00000000 0.00000000 132.00000000
594.00000000 753.00000000 0.00000000 132.00000000
509.00000000 771.00000000 0.00000000 130.00000000
749.00000000 123.00000000 0.00000000 128.00000000
843.00000000 743.00000000 0.00000000 122.00000000
814.00000000 745.00000000 0.00000000 120.00000000
376.00000000 697.00000000 0.00000000 118.00000000
