807.00000000 288.00000000 0.00000000 756.00000000
794.00000000 305.00000000 0.00000000 697.00000000
316.00000000 105.00000000 1.00000000 651.00000000
315.00000000 104.00000000 1.00000000 544.00000000
316.00000000 104.00000000 0.00000000 510.00000000
807.00000000 288.00000000 1.00000000 475.00000000
836.00000000 190.00000000 2.00000000 467.00000000
835.00000000 189.00000000 1.00000000 453.00000000
805.00000000 200.00000000 1.00000000 452.00000000
834.00000000 291.00000000 0.00000000 446.00000000
794.00000000 305.00000000 1.00000000 435.00000000
834.00000000 292.00000000 1.00000000 423.00000000
473.00000000 767.00000000 0.00000000 418.00000000
473.00000000 767.00000000 1.00000000 415.00000000
316.00000000 104.00000000 2.00000000 370.00000000
472.00000000 764.00000000 2.00000000 359.00000000
1014.00000000 638.00000000 2.00000000 355.00000000
835.00000000 188.00000000 1.00000000 354.00000000
1012.00000000 639.00000000 2.00000000 353.00000000
806.00000000 199.00000000 1.00000000 353.00000000
804.00000000 198.00000000 0.00000000 351.00000000
837.00000000 192.00000000 2.00000000 345.00000000
584.00000000 664.00000000 0.00000000 337.00000000
1016.00000000 636.00000000 4.00000000 326.00000000
660.00000000 157.00000000 1.00000000 322.00000000
1013.00000000 640.00000000 1.00000000 320.00000000
1014.00000000 642.00000000 1.00000000 315.00000000
835.00000000 188.00000000 0.00000000 306.00000000
313.00000000 104.00000000 2.00000000 301.00000000
1018.00000000 627.00000000 5.00000000 291.00000000
160.00000000 721.00000000 0.00000000 289.00000000
801.00000000 302.00000000 0.00000000 289.00000000
660.00000000 158.00000000 1.00000000 282.00000000
660.00000000 156.00000000 0.00000000 282.00000000
1014.00000000 642.00000000 0.00000000 278.00000000
312.00000000 104.00000000 4.00000000 264.00000000
805.00000000 309.00000000 0.00000000 260.00000000
472.00000000 766.00000000 1.00000000 260.00000000
803.00000000 188.00000000 0.00000000 249.00000000
743.00000000 168.00000000 1.00000000 239.00000000
660.00000000 160.00000000 2.00000000 227.00000000
743.00000000 168.00000000 1.00000000 219.00000000
470.00000000 756.00000000 0.00000000 219.00000000
470.00000000 757.00000000 1.00000000 212.00000000
659.00000000 164.00000000 2.00000000 211.00000000
744.00000000 170.00000000 2.00000000 210.00000000
743.00000000 168.00000000 0.00000000 204.00000000
834.00000000 292.00000000 1.00000000 204.00000000
808.00000000 198.00000000 2.00000000 200.00000000
223.00000000 562.00000000 1.00000000 198.00000000
1008.00000000 202.00000000 2.00000000 196.00000000
223.00000000 562.00000000 1.00000000 194.00000000
1004.00000000 266.00000000 0.00000000 193.00000000
608.00000000 234.00000000 0.00000000 190.00000000
608.00000000 234.00000000 1.00000000 190.00000000
446.00000000 750.00000000 1.00000000 190.00000000
702.00000000 693.00000000 0.00000000 188.00000000
1006.00000000 202.00000000 1.00000000 176.00000000
446.00000000 749.00000000 0.00000000 175.00000000
906.00000000 468.00000000 1.00000000 175.00000000
935.00000000 661.00000000 0.00000000 175.00000000
654.00000000 700.00000000 0.00000000 168.00000000
1004.00000000 229.00000000 0.00000000 167.00000000
808.00000000 303.00000000 0.00000000 166.00000000
1005.00000000 267.00000000 1.00000000 166.00000000
695.00000000 690.00000000 0.00000000 165.00000000
840.00000000 253.00000000 0.00000000 161.00000000
1004.00000000 240.00000000 0.00000000 159.00000000
654.00000000 701.00000000 1.00000000 159.00000000
160.00000000 722.00000000 1.00000000 157.00000000
597.00000000 667.00000000 1.00000000 153.00000000
503.00000000 765.00000000 0.00000000 150.00000000
1006.00000000 230.00000000 1.00000000 150.00000000
597.00000000 666.00000000 0.00000000 148.00000000
1005.00000000 202.00000000 1.00000000 147.00000000
608.00000000 234.00000000 1.00000000 146.00000000
962.00000000 594.00000000 0.00000000 145.00000000
1004.00000000 560.00000000 1.00000000 145.00000000
801.00000000 393.00000000 1.00000000 144.00000000
829.00000000 306.00000000 0.00000000 143.00000000
906.00000000 468.00000000 1.00000000 143.00000000
841.00000000 253.00000000 1.00000000 141.00000000
1006.00000000 194.00000000 0.00000000 140.00000000
818.00000000 285.00000000 0.00000000 140.00000000
865.00000000 267.00000000 0.00000000 140.00000000
406.00000000 284.00000000 0.00000000 138.00000000
801.00000000 393.00000000 1.00000000 138.00000000
503.00000000 765.00000000 1.00000000 137.00000000
857.00000000 292.00000000 1.00000000 136.00000000
905.00000000 469.00000000 0.00000000 136.00000000
854.00000000 289.00000000 0.00000000 135.00000000
678.00000000 202.00000000 0.00000000 135.00000000
312.00000000 712.00000000 0.00000000 132.00000000
976.00000000 256.00000000 1.00000000 132.00000000
223.00000000 561.00000000 0.00000000 132.00000000
864.00000000 267.00000000 1.00000000 131.00000000
1005.00000000 229.00000000 1.00000000 127.00000000
1003.00000000 560.00000000 1.00000000 127.00000000
1013.00000000 629.00000000 1.00000000 126.00000000
1005.00000000 239.00000000 1.00000000 124.00000000
909.00000000 557.00000000 0.00000000 124.00000000
598.00000000 654.00000000 0.00000000 123.00000000
663.00000000 176.00000000 0.00000000 123.00000000
957.00000000 367.00000000 1.00000000 122.00000000
298.00000000 511.00000000 1.00000000 120.00000000
1004.00000000 211.00000000 0.00000000 117.00000000
687.00000000 686.00000000 0.00000000 116.00000000
663.00000000 176.00000000 1.00000000 116.00000000
583.00000000 657.00000000 0.00000000 115.00000000
305.00000000 717.00000000 0.00000000 114.00000000
976.00000000 256.00000000 0.00000000 112.00000000
551.00000000 140.00000000 0.00000000 110.00000000
722.00000000 152.00000000 0.00000000 110.00000000
1006.00000000 275.00000000 0.00000000 108.00000000
297.00000000 510.00000000 0.00000000 106.00000000
1004.00000000 217.00000000 0.00000000 97.00000000
118.00000000 255.00000000 0.00000000 96.00000000
938.00000000 468.00000000 0.00000000 93.00000000
570.00000000 662.00000000 0.00000000 92.00000000
422.00000000 262.00000000 0.00000000 89.00000000
695.00000000 161.00000000 0.00000000 89.00000000
963.00000000 434.00000000 0.00000000 87.00000000
496.00000000 757.00000000 0.00000000 87.00000000
876.00000000 258.00000000 0.00000000 87.00000000
313.00000000 491.00000000 0.00000000 87.00000000
668.00000000 702.00000000 0.00000000 86.00000000
782.00000000 661.00000000 0.00000000 85.00000000
