847.00000000 255.00000000 0.00000000 488.00000000
857.00000000 237.00000000 0.00000000 481.00000000
206.00000000 810.00000000 0.00000000 423.00000000
881.00000000 127.00000000 1.00000000 415.00000000
561.00000000 816.00000000 1.00000000 403.00000000
562.00000000 816.00000000 0.00000000 388.00000000
560.00000000 814.00000000 2.00000000 387.00000000
881.00000000 127.00000000 1.00000000 370.00000000
1002.00000000 615.00000000 1.00000000 357.00000000
1003.00000000 616.00000000 1.00000000 356.00000000
882.00000000 128.00000000 2.00000000 351.00000000
857.00000000 134.00000000 0.00000000 318.00000000
666.00000000 677.00000000 0.00000000 317.00000000
1004.00000000 614.00000000 2.00000000 317.00000000
858.00000000 136.00000000 1.00000000 315.00000000
881.00000000 126.00000000 0.00000000 311.00000000
1003.00000000 616.00000000 0.00000000 302.00000000
561.00000000 816.00000000 1.00000000 293.00000000
207.00000000 810.00000000 1.00000000 289.00000000
737.00000000 69.00000000 1.00000000 285.00000000
737.00000000 68.00000000 0.00000000 262.00000000
896.00000000 246.00000000 1.00000000 259.00000000
559.00000000 805.00000000 1.00000000 259.00000000
382.00000000 779.00000000 0.00000000 259.00000000
878.00000000 242.00000000 0.00000000 256.00000000
808.00000000 93.00000000 1.00000000 254.00000000
858.00000000 238.00000000 1.00000000 252.00000000
847.00000000 256.00000000 1.00000000 247.00000000
858.00000000 135.00000000 1.00000000 241.00000000
857.00000000 124.00000000 0.00000000 240.00000000
690.00000000 157.00000000 1.00000000 238.00000000
807.00000000 93.00000000 1.00000000 238.00000000
736.00000000 69.00000000 1.00000000 238.00000000
866.00000000 234.00000000 0.00000000 237.00000000
1004.00000000 613.00000000 2.00000000 232.00000000
878.00000000 243.00000000 1.00000000 226.00000000
808.00000000 92.00000000 0.00000000 224.00000000
558.00000000 803.00000000 0.00000000 222.00000000
808.00000000 94.00000000 2.00000000 221.00000000
690.00000000 156.00000000 0.00000000 220.00000000
896.00000000 246.00000000 2.00000000 219.00000000
882.00000000 130.00000000 2.00000000 212.00000000
770.00000000 699.00000000 0.00000000 211.00000000
1006.00000000 593.00000000 5.00000000 210.00000000
678.00000000 679.00000000 1.00000000 206.00000000
588.00000000 808.00000000 2.00000000 200.00000000
282.00000000 582.00000000 2.00000000 197.00000000
1002.00000000 186.00000000 0.00000000 194.00000000
391.00000000 771.00000000 0.00000000 193.00000000
284.00000000 578.00000000 2.00000000 192.00000000
736.00000000 70.00000000 2.00000000 186.00000000
1000.00000000 588.00000000 4.00000000 186.00000000
806.00000000 93.00000000 2.00000000 184.00000000
902.00000000 218.00000000 0.00000000 180.00000000
284.00000000 576.00000000 1.00000000 180.00000000
1003.00000000 158.00000000 1.00000000 174.00000000
690.00000000 156.00000000 1.00000000 170.00000000
1002.00000000 226.00000000 0.00000000 169.00000000
534.00000000 800.00000000 1.00000000 163.00000000
534.00000000 799.00000000 0.00000000 163.00000000
491.00000000 202.00000000 0.00000000 158.00000000
591.00000000 809.00000000 0.00000000 156.00000000
1004.00000000 158.00000000 1.00000000 152.00000000
203.00000000 538.00000000 0.00000000 150.00000000
678.00000000 677.00000000 0.00000000 150.00000000
808.00000000 96.00000000 4.00000000 149.00000000
856.00000000 260.00000000 0.00000000 149.00000000
729.00000000 710.00000000 0.00000000 149.00000000
591.00000000 809.00000000 1.00000000 149.00000000
141.00000000 130.00000000 0.00000000 145.00000000
284.00000000 577.00000000 1.00000000 144.00000000
1003.00000000 187.00000000 1.00000000 142.00000000
1003.00000000 157.00000000 0.00000000 142.00000000
1003.00000000 173.00000000 0.00000000 142.00000000
884.00000000 200.00000000 0.00000000 137.00000000
589.00000000 808.00000000 1.00000000 136.00000000
534.00000000 801.00000000 1.00000000 134.00000000
206.00000000 811.00000000 1.00000000 131.00000000
948.00000000 642.00000000 0.00000000 130.00000000
147.00000000 84.00000000 0.00000000 129.00000000
638.00000000 33.00000000 1.00000000 129.00000000
1003.00000000 227.00000000 1.00000000 128.00000000
680.00000000 664.00000000 0.00000000 127.00000000
491.00000000 203.00000000 1.00000000 125.00000000
878.00000000 243.00000000 1.00000000 124.00000000
916.00000000 557.00000000 1.00000000 123.00000000
602.00000000 804.00000000 1.00000000 122.00000000
857.00000000 125.00000000 1.00000000 121.00000000
893.00000000 243.00000000 0.00000000 117.00000000
142.00000000 131.00000000 1.00000000 115.00000000
968.00000000 330.00000000 1.00000000 115.00000000
991.00000000 630.00000000 1.00000000 115.00000000
667.00000000 677.00000000 1.00000000 114.00000000
901.00000000 217.00000000 1.00000000 114.00000000
931.00000000 533.00000000 0.00000000 113.00000000
372.00000000 503.00000000 1.00000000 113.00000000
968.00000000 570.00000000 0.00000000 113.00000000
1088.00000000 454.00000000 0.00000000 112.00000000
390.00000000 476.00000000 1.00000000 111.00000000
884.00000000 200.00000000 1.00000000 111.00000000
930.00000000 438.00000000 1.00000000 110.00000000
637.00000000 32.00000000 0.00000000 109.00000000
329.00000000 42.00000000 0.00000000 109.00000000
1003.00000000 175.00000000 1.00000000 108.00000000
1073.00000000 458.00000000 0.00000000 108.00000000
457.00000000 206.00000000 0.00000000 106.00000000
757.00000000 692.00000000 0.00000000 105.00000000
584.00000000 801.00000000 0.00000000 103.00000000
929.00000000 439.00000000 0.00000000 101.00000000
284.00000000 576.00000000 0.00000000 100.00000000
968.00000000 330.00000000 0.00000000 99.00000000
953.00000000 437.00000000 0.00000000 99.00000000
728.00000000 721.00000000 0.00000000 99.00000000
758.00000000 702.00000000 0.00000000 98.00000000
1004.00000000 150.00000000 0.00000000 95.00000000
1001.00000000 199.00000000 0.00000000 94.00000000
875.00000000 260.00000000 0.00000000 94.00000000
370.00000000 357.00000000 0.00000000 93.00000000
740.00000000 93.00000000 0.00000000 92.00000000
1003.00000000 236.00000000 0.00000000 90.00000000
615.00000000 354.00000000 0.00000000 90.00000000
659.00000000 686.00000000 0.00000000 89.00000000
603.00000000 804.00000000 0.00000000 88.00000000
372.00000000 369.00000000 0.00000000 86.00000000
465.00000000 471.00000000 0.00000000 84.00000000
741.00000000 712.00000000 0.00000000 83.00000000
283.00000000 666.00000000 0.00000000 82.00000000
