888.00000000 848.00000000 5.00000000 341.00000000
888.00000000 848.00000000 4.00000000 258.00000000
1112.00000000 380.00000000 4.00000000 198.00000000
914.00000000 200.00000000 1.00000000 186.00000000
888.00000000 842.00000000 2.00000000 160.00000000
253.00000000 340.00000000 0.00000000 152.00000000
914.00000000 200.00000000 2.00000000 152.00000000
914.00000000 201.00000000 1.00000000 152.00000000
1111.00000000 381.00000000 2.00000000 137.00000000
721.00000000 686.00000000 0.00000000 136.00000000
739.00000000 1007.00000000 1.00000000 128.00000000
195.00000000 398.00000000 0.00000000 123.00000000
254.00000000 341.00000000 1.00000000 123.00000000
1108.00000000 497.00000000 2.00000000 121.00000000
1105.00000000 427.00000000 2.00000000 120.00000000
739.00000000 1006.00000000 0.00000000 113.00000000
1106.00000000 426.00000000 2.00000000 109.00000000
1114.00000000 380.00000000 2.00000000 108.00000000
310.00000000 127.00000000 0.00000000 107.00000000
311.00000000 128.00000000 1.00000000 107.00000000
898.00000000 908.00000000 2.00000000 105.00000000
196.00000000 398.00000000 1.00000000 103.00000000
427.00000000 855.00000000 1.00000000 102.00000000
914.00000000 201.00000000 0.00000000 101.00000000
1472.00000000 142.00000000 0.00000000 95.00000000
888.00000000 840.00000000 2.00000000 95.00000000
940.00000000 374.00000000 2.00000000 93.00000000
536.00000000 475.00000000 0.00000000 93.00000000
722.00000000 686.00000000 1.00000000 91.00000000
242.00000000 352.00000000 0.00000000 91.00000000
227.00000000 345.00000000 0.00000000 90.00000000
526.00000000 70.00000000 0.00000000 87.00000000
377.00000000 487.00000000 0.00000000 87.00000000
426.00000000 856.00000000 2.00000000 85.00000000
427.00000000 855.00000000 1.00000000 84.00000000
1298.00000000 724.00000000 2.00000000 83.00000000
555.00000000 524.00000000 0.00000000 81.00000000
898.00000000 905.00000000 1.00000000 80.00000000
939.00000000 371.00000000 1.00000000 80.00000000
1105.00000000 425.00000000 1.00000000 79.00000000
719.00000000 717.00000000 0.00000000 78.00000000
311.00000000 128.00000000 1.00000000 77.00000000
1161.00000000 585.00000000 0.00000000 77.00000000
1112.00000000 377.00000000 1.00000000 76.00000000
243.00000000 352.00000000 1.00000000 73.00000000
588.00000000 797.00000000 1.00000000 71.00000000
556.00000000 524.00000000 1.00000000 69.00000000
639.00000000 496.00000000 0.00000000 68.00000000
240.00000000 975.00000000 1.00000000 68.00000000
1473.00000000 142.00000000 1.00000000 66.00000000
1298.00000000 722.00000000 1.00000000 66.00000000
888.00000000 840.00000000 1.00000000 65.00000000
115.00000000 862.00000000 1.00000000 65.00000000
785.00000000 880.00000000 0.00000000 65.00000000
1267.00000000 750.00000000 1.00000000 65.00000000
241.00000000 974.00000000 1.00000000 63.00000000
830.00000000 915.00000000 1.00000000 61.00000000
116.00000000 862.00000000 1.00000000 60.00000000
1070.00000000 902.00000000 0.00000000 60.00000000
254.00000000 340.00000000 1.00000000 60.00000000
378.00000000 488.00000000 1.00000000 59.00000000
483.00000000 922.00000000 1.00000000 58.00000000
540.00000000 954.00000000 1.00000000 58.00000000
939.00000000 371.00000000 1.00000000 58.00000000
588.00000000 796.00000000 1.00000000 57.00000000
1355.00000000 482.00000000 0.00000000 57.00000000
830.00000000 914.00000000 0.00000000 57.00000000
235.00000000 342.00000000 0.00000000 57.00000000
1268.00000000 750.00000000 1.00000000 56.00000000
777.00000000 881.00000000 0.00000000 56.00000000
888.00000000 337.00000000 0.00000000 55.00000000
1113.00000000 377.00000000 1.00000000 55.00000000
727.00000000 891.00000000 1.00000000 54.00000000
899.00000000 905.00000000 0.00000000 54.00000000
408.00000000 112.00000000 0.00000000 53.00000000
1267.00000000 750.00000000 0.00000000 53.00000000
899.00000000 905.00000000 1.00000000 53.00000000
1345.00000000 801.00000000 1.00000000 53.00000000
313.00000000 568.00000000 0.00000000 53.00000000
227.00000000 346.00000000 1.00000000 53.00000000
1118.00000000 838.00000000 0.00000000 53.00000000
1050.00000000 905.00000000 0.00000000 53.00000000
540.00000000 952.00000000 1.00000000 52.00000000
1117.00000000 306.00000000 0.00000000 52.00000000
1281.00000000 323.00000000 0.00000000 52.00000000
312.00000000 568.00000000 1.00000000 52.00000000
1487.00000000 160.00000000 1.00000000 52.00000000
527.00000000 71.00000000 1.00000000 52.00000000
236.00000000 342.00000000 1.00000000 51.00000000
239.00000000 647.00000000 0.00000000 51.00000000
427.00000000 854.00000000 0.00000000 51.00000000
1319.00000000 599.00000000 1.00000000 51.00000000
555.00000000 737.00000000 0.00000000 51.00000000
615.00000000 424.00000000 0.00000000 51.00000000
806.00000000 794.00000000 0.00000000 51.00000000
776.00000000 882.00000000 1.00000000 50.00000000
537.00000000 475.00000000 1.00000000 50.00000000
1107.00000000 487.00000000 1.00000000 50.00000000
1106.00000000 424.00000000 1.00000000 50.00000000
315.00000000 628.00000000 0.00000000 50.00000000
1345.00000000 800.00000000 0.00000000 49.00000000
731.00000000 685.00000000 0.00000000 49.00000000
1186.00000000 483.00000000 0.00000000 49.00000000
340.00000000 748.00000000 0.00000000 49.00000000
438.00000000 984.00000000 0.00000000 49.00000000
690.00000000 704.00000000 0.00000000 48.00000000
602.00000000 745.00000000 0.00000000 48.00000000
898.00000000 899.00000000 0.00000000 48.00000000
171.00000000 74.00000000 0.00000000 48.00000000
385.00000000 654.00000000 0.00000000 48.00000000
584.00000000 717.00000000 0.00000000 47.00000000
589.00000000 796.00000000 0.00000000 47.00000000
774.00000000 873.00000000 0.00000000 47.00000000
1240.00000000 750.00000000 0.00000000 46.00000000
1139.00000000 297.00000000 0.00000000 46.00000000
895.00000000 941.00000000 0.00000000 46.00000000
618.00000000 697.00000000 0.00000000 46.00000000
28.00000000 86.00000000 0.00000000 45.00000000
1055.00000000 876.00000000 0.00000000 45.00000000
1424.00000000 674.00000000 0.00000000 45.00000000
1057.00000000 883.00000000 0.00000000 45.00000000
408.00000000 981.00000000 0.00000000 44.00000000
726.00000000 890.00000000 0.00000000 44.00000000
309.00000000 329.00000000 0.00000000 44.00000000
424.00000000 958.00000000 0.00000000 44.00000000
710.00000000 422.00000000 0.00000000 44.00000000
733.00000000 946.00000000 0.00000000 43.00000000
