1412.00000000 343.00000000 1.00000000 455.00000000
1412.00000000 346.00000000 2.00000000 443.00000000
1414.00000000 345.00000000 2.00000000 358.00000000
1411.00000000 343.00000000 1.00000000 342.00000000
1424.00000000 97.00000000 1.00000000 339.00000000
1423.00000000 97.00000000 1.00000000 313.00000000
984.00000000 848.00000000 5.00000000 306.00000000
1428.00000000 104.00000000 4.00000000 300.00000000
1425.00000000 104.00000000 2.00000000 288.00000000
1432.00000000 371.00000000 1.00000000 272.00000000
1432.00000000 370.00000000 1.00000000 266.00000000
984.00000000 848.00000000 4.00000000 258.00000000
1414.00000000 117.00000000 1.00000000 256.00000000
1420.00000000 634.00000000 2.00000000 218.00000000
1426.00000000 98.00000000 2.00000000 215.00000000
1419.00000000 636.00000000 2.00000000 211.00000000
1434.00000000 370.00000000 2.00000000 201.00000000
1414.00000000 118.00000000 2.00000000 198.00000000
998.00000000 250.00000000 1.00000000 197.00000000
1432.00000000 371.00000000 0.00000000 188.00000000
987.00000000 842.00000000 2.00000000 187.00000000
1411.00000000 342.00000000 0.00000000 174.00000000
1421.00000000 633.00000000 1.00000000 171.00000000
998.00000000 250.00000000 1.00000000 169.00000000
1423.00000000 96.00000000 0.00000000 165.00000000
998.00000000 250.00000000 2.00000000 145.00000000
1417.00000000 115.00000000 1.00000000 132.00000000
1418.00000000 113.00000000 0.00000000 125.00000000
1442.00000000 126.00000000 1.00000000 125.00000000
986.00000000 838.00000000 2.00000000 122.00000000
1398.00000000 354.00000000 1.00000000 118.00000000
1442.00000000 124.00000000 1.00000000 115.00000000
1441.00000000 126.00000000 0.00000000 114.00000000
997.00000000 251.00000000 0.00000000 109.00000000
396.00000000 345.00000000 0.00000000 109.00000000
284.00000000 988.00000000 2.00000000 108.00000000
618.00000000 842.00000000 1.00000000 107.00000000
451.00000000 292.00000000 0.00000000 106.00000000
618.00000000 842.00000000 1.00000000 102.00000000
1420.00000000 632.00000000 1.00000000 102.00000000
451.00000000 292.00000000 1.00000000 96.00000000
995.00000000 900.00000000 1.00000000 93.00000000
396.00000000 345.00000000 1.00000000 92.00000000
224.00000000 1006.00000000 1.00000000 87.00000000
879.00000000 994.00000000 0.00000000 87.00000000
450.00000000 964.00000000 1.00000000 85.00000000
1138.00000000 435.00000000 1.00000000 85.00000000
879.00000000 995.00000000 1.00000000 85.00000000
1392.00000000 357.00000000 1.00000000 82.00000000
996.00000000 269.00000000 1.00000000 82.00000000
670.00000000 913.00000000 1.00000000 82.00000000
987.00000000 840.00000000 1.00000000 82.00000000
449.00000000 965.00000000 1.00000000 81.00000000
1261.00000000 748.00000000 1.00000000 81.00000000
753.00000000 789.00000000 1.00000000 80.00000000
1401.00000000 354.00000000 1.00000000 79.00000000
500.00000000 77.00000000 0.00000000 77.00000000
1138.00000000 434.00000000 1.00000000 71.00000000
995.00000000 269.00000000 0.00000000 70.00000000
501.00000000 77.00000000 1.00000000 68.00000000
754.00000000 789.00000000 1.00000000 67.00000000
1261.00000000 746.00000000 1.00000000 66.00000000
1137.00000000 540.00000000 1.00000000 65.00000000
1273.00000000 652.00000000 1.00000000 64.00000000
426.00000000 293.00000000 0.00000000 64.00000000
509.00000000 539.00000000 0.00000000 63.00000000
652.00000000 1011.00000000 0.00000000 63.00000000
618.00000000 842.00000000 0.00000000 63.00000000
995.00000000 899.00000000 1.00000000 62.00000000
1410.00000000 120.00000000 0.00000000 62.00000000
860.00000000 688.00000000 0.00000000 61.00000000
1018.00000000 410.00000000 1.00000000 59.00000000
441.00000000 302.00000000 0.00000000 58.00000000
1137.00000000 540.00000000 0.00000000 57.00000000
670.00000000 912.00000000 1.00000000 56.00000000
330.00000000 813.00000000 1.00000000 56.00000000
1272.00000000 642.00000000 0.00000000 56.00000000
324.00000000 841.00000000 1.00000000 56.00000000
1420.00000000 632.00000000 0.00000000 55.00000000
1272.00000000 642.00000000 1.00000000 55.00000000
1139.00000000 434.00000000 0.00000000 52.00000000
1402.00000000 353.00000000 0.00000000 52.00000000
1289.00000000 758.00000000 1.00000000 51.00000000
42.00000000 19.00000000 0.00000000 51.00000000
442.00000000 303.00000000 1.00000000 51.00000000
1121.00000000 401.00000000 1.00000000 50.00000000
986.00000000 838.00000000 1.00000000 50.00000000
450.00000000 963.00000000 0.00000000 49.00000000
1106.00000000 881.00000000 0.00000000 48.00000000
995.00000000 899.00000000 0.00000000 48.00000000
1427.00000000 658.00000000 0.00000000 47.00000000
902.00000000 868.00000000 0.00000000 47.00000000
905.00000000 875.00000000 0.00000000 46.00000000
946.00000000 907.00000000 0.00000000 46.00000000
649.00000000 1005.00000000 0.00000000 46.00000000
897.00000000 857.00000000 0.00000000 46.00000000
754.00000000 789.00000000 0.00000000 46.00000000
1260.00000000 744.00000000 0.00000000 45.00000000
463.00000000 938.00000000 0.00000000 45.00000000
1294.00000000 867.00000000 0.00000000 45.00000000
1192.00000000 633.00000000 0.00000000 44.00000000
1139.00000000 441.00000000 0.00000000 43.00000000
365.00000000 877.00000000 0.00000000 43.00000000
995.00000000 893.00000000 0.00000000 43.00000000
359.00000000 773.00000000 0.00000000 43.00000000
224.00000000 1006.00000000 0.00000000 43.00000000
867.00000000 883.00000000 0.00000000 42.00000000
459.00000000 944.00000000 0.00000000 42.00000000
1018.00000000 409.00000000 0.00000000 41.00000000
514.00000000 627.00000000 0.00000000 41.00000000
524.00000000 698.00000000 0.00000000 41.00000000
994.00000000 933.00000000 0.00000000 40.00000000
440.00000000 617.00000000 0.00000000 39.00000000
429.00000000 989.00000000 0.00000000 39.00000000
1242.00000000 770.00000000 0.00000000 38.00000000
1392.00000000 358.00000000 0.00000000 38.00000000
1198.00000000 299.00000000 0.00000000 38.00000000
873.00000000 937.00000000 0.00000000 38.00000000
514.00000000 619.00000000 0.00000000 38.00000000
690.00000000 60.00000000 0.00000000 38.00000000
1310.00000000 837.00000000 0.00000000 38.00000000
85.00000000 204.00000000 0.00000000 38.00000000
605.00000000 971.00000000 0.00000000 37.00000000
569.00000000 463.00000000 0.00000000 37.00000000
1273.00000000 652.00000000 0.00000000 37.00000000
271.00000000 765.00000000 0.00000000 37.00000000
324.00000000 839.00000000 0.00000000 37.00000000
