1223.00000000 403.00000000 1.00000000 570.00000000
1169.00000000 424.00000000 1.00000000 535.00000000
1168.00000000 423.00000000 1.00000000 518.00000000
1419.00000000 162.00000000 1.00000000 487.00000000
1419.00000000 834.00000000 2.00000000 476.00000000
1420.00000000 832.00000000 2.00000000 452.00000000
1420.00000000 164.00000000 2.00000000 451.00000000
1224.00000000 403.00000000 1.00000000 450.00000000
1408.00000000 766.00000000 2.00000000 439.00000000
1420.00000000 836.00000000 4.00000000 436.00000000
1405.00000000 769.00000000 2.00000000 434.00000000
1420.00000000 161.00000000 1.00000000 421.00000000
1306.00000000 837.00000000 1.00000000 420.00000000
1307.00000000 836.00000000 1.00000000 418.00000000
1408.00000000 768.00000000 4.00000000 417.00000000
745.00000000 653.00000000 1.00000000 401.00000000
582.00000000 350.00000000 5.00000000 390.00000000
1421.00000000 831.00000000 1.00000000 382.00000000
1408.00000000 765.00000000 1.00000000 378.00000000
870.00000000 248.00000000 1.00000000 378.00000000
870.00000000 248.00000000 0.00000000 375.00000000
941.00000000 831.00000000 1.00000000 365.00000000
1419.00000000 164.00000000 2.00000000 365.00000000
1285.00000000 666.00000000 1.00000000 356.00000000
642.00000000 84.00000000 1.00000000 345.00000000
745.00000000 652.00000000 0.00000000 345.00000000
745.00000000 654.00000000 1.00000000 337.00000000
1272.00000000 736.00000000 1.00000000 331.00000000
942.00000000 830.00000000 1.00000000 328.00000000
942.00000000 832.00000000 2.00000000 326.00000000
642.00000000 84.00000000 1.00000000 324.00000000
1223.00000000 403.00000000 0.00000000 324.00000000
1479.00000000 964.00000000 2.00000000 324.00000000
1418.00000000 898.00000000 2.00000000 323.00000000
908.00000000 306.00000000 2.00000000 317.00000000
1408.00000000 763.00000000 1.00000000 314.00000000
1272.00000000 738.00000000 1.00000000 313.00000000
857.00000000 144.00000000 1.00000000 311.00000000
594.00000000 30.00000000 2.00000000 311.00000000
1420.00000000 160.00000000 0.00000000 311.00000000
1419.00000000 896.00000000 1.00000000 301.00000000
642.00000000 82.00000000 0.00000000 299.00000000
1272.00000000 738.00000000 2.00000000 297.00000000
972.00000000 901.00000000 0.00000000 294.00000000
1421.00000000 831.00000000 1.00000000 290.00000000
1168.00000000 423.00000000 0.00000000 288.00000000
1305.00000000 175.00000000 1.00000000 287.00000000
1305.00000000 175.00000000 1.00000000 283.00000000
907.00000000 304.00000000 1.00000000 281.00000000
592.00000000 26.00000000 1.00000000 280.00000000
1285.00000000 666.00000000 0.00000000 274.00000000
1329.00000000 537.00000000 1.00000000 264.00000000
908.00000000 303.00000000 1.00000000 263.00000000
1272.00000000 736.00000000 0.00000000 259.00000000
1419.00000000 896.00000000 1.00000000 257.00000000
941.00000000 829.00000000 0.00000000 254.00000000
1437.00000000 538.00000000 1.00000000 244.00000000
1307.00000000 835.00000000 0.00000000 243.00000000
1408.00000000 762.00000000 0.00000000 238.00000000
974.00000000 902.00000000 1.00000000 230.00000000
592.00000000 25.00000000 1.00000000 216.00000000
1329.00000000 536.00000000 1.00000000 216.00000000
908.00000000 302.00000000 0.00000000 215.00000000
868.00000000 861.00000000 1.00000000 212.00000000
963.00000000 609.00000000 0.00000000 212.00000000
1042.00000000 792.00000000 0.00000000 211.00000000
835.00000000 308.00000000 0.00000000 211.00000000
1004.00000000 726.00000000 0.00000000 210.00000000
970.00000000 804.00000000 0.00000000 208.00000000
915.00000000 601.00000000 1.00000000 207.00000000
1247.00000000 463.00000000 0.00000000 206.00000000
1436.00000000 538.00000000 0.00000000 206.00000000
1043.00000000 792.00000000 1.00000000 206.00000000
1258.00000000 343.00000000 0.00000000 202.00000000
865.00000000 364.00000000 1.00000000 201.00000000
1296.00000000 351.00000000 1.00000000 199.00000000
1209.00000000 317.00000000 1.00000000 198.00000000
1043.00000000 349.00000000 1.00000000 197.00000000
1296.00000000 351.00000000 0.00000000 196.00000000
1258.00000000 343.00000000 1.00000000 194.00000000
1042.00000000 812.00000000 1.00000000 193.00000000
857.00000000 139.00000000 1.00000000 191.00000000
1239.00000000 866.00000000 1.00000000 190.00000000
970.00000000 804.00000000 1.00000000 190.00000000
1450.00000000 692.00000000 1.00000000 188.00000000
1250.00000000 856.00000000 0.00000000 181.00000000
1238.00000000 564.00000000 0.00000000 181.00000000
842.00000000 984.00000000 0.00000000 181.00000000
1306.00000000 175.00000000 0.00000000 178.00000000
1041.00000000 811.00000000 0.00000000 177.00000000
1421.00000000 830.00000000 0.00000000 177.00000000
1152.00000000 541.00000000 0.00000000 176.00000000
940.00000000 660.00000000 0.00000000 173.00000000
868.00000000 861.00000000 0.00000000 170.00000000
972.00000000 893.00000000 0.00000000 168.00000000
948.00000000 229.00000000 0.00000000 168.00000000
591.00000000 457.00000000 0.00000000 164.00000000
1450.00000000 692.00000000 0.00000000 164.00000000
589.00000000 217.00000000 0.00000000 161.00000000
1080.00000000 649.00000000 0.00000000 160.00000000
1329.00000000 536.00000000 0.00000000 158.00000000
620.00000000 836.00000000 0.00000000 155.00000000
1419.00000000 896.00000000 0.00000000 155.00000000
950.00000000 273.00000000 0.00000000 155.00000000
1209.00000000 316.00000000 0.00000000 154.00000000
819.00000000 934.00000000 0.00000000 152.00000000
1298.00000000 405.00000000 0.00000000 152.00000000
743.00000000 490.00000000 0.00000000 151.00000000
718.00000000 678.00000000 0.00000000 150.00000000
1130.00000000 446.00000000 0.00000000 148.00000000
864.00000000 364.00000000 0.00000000 148.00000000
813.00000000 923.00000000 0.00000000 147.00000000
1217.00000000 847.00000000 0.00000000 147.00000000
851.00000000 161.00000000 0.00000000 145.00000000
930.00000000 818.00000000 0.00000000 142.00000000
1096.00000000 656.00000000 0.00000000 140.00000000
956.00000000 455.00000000 0.00000000 139.00000000
1248.00000000 355.00000000 0.00000000 138.00000000
878.00000000 402.00000000 0.00000000 132.00000000
591.00000000 24.00000000 0.00000000 132.00000000
1122.00000000 927.00000000 0.00000000 130.00000000
1225.00000000 470.00000000 0.00000000 129.00000000
718.00000000 702.00000000 0.00000000 129.00000000
874.00000000 800.00000000 0.00000000 128.00000000
833.00000000 172.00000000 0.00000000 128.00000000
1229.00000000 462.00000000 0.00000000 127.00000000
1043.00000000 348.00000000 0.00000000 127.00000000
