1274.00000000 472.00000000 1.00000000 570.00000000
1332.00000000 450.00000000 1.00000000 542.00000000
1333.00000000 451.00000000 1.00000000 521.00000000
1274.00000000 472.00000000 1.00000000 493.00000000
538.00000000 96.00000000 1.00000000 491.00000000
919.00000000 286.00000000 1.00000000 452.00000000
900.00000000 176.00000000 2.00000000 438.00000000
812.00000000 240.00000000 4.00000000 424.00000000
1424.00000000 912.00000000 1.00000000 416.00000000
899.00000000 175.00000000 2.00000000 412.00000000
1021.00000000 899.00000000 1.00000000 397.00000000
978.00000000 347.00000000 2.00000000 389.00000000
1020.00000000 902.00000000 2.00000000 386.00000000
814.00000000 243.00000000 5.00000000 385.00000000
537.00000000 97.00000000 1.00000000 384.00000000
538.00000000 98.00000000 2.00000000 372.00000000
980.00000000 348.00000000 2.00000000 371.00000000
538.00000000 95.00000000 0.00000000 371.00000000
1423.00000000 909.00000000 1.00000000 366.00000000
1021.00000000 898.00000000 1.00000000 359.00000000
872.00000000 864.00000000 4.00000000 340.00000000
1400.00000000 728.00000000 1.00000000 339.00000000
1021.00000000 719.00000000 0.00000000 337.00000000
1018.00000000 902.00000000 2.00000000 333.00000000
899.00000000 173.00000000 1.00000000 332.00000000
919.00000000 285.00000000 1.00000000 330.00000000
919.00000000 286.00000000 0.00000000 330.00000000
1385.00000000 803.00000000 1.00000000 326.00000000
857.00000000 347.00000000 0.00000000 326.00000000
1276.00000000 472.00000000 2.00000000 322.00000000
858.00000000 347.00000000 1.00000000 321.00000000
1385.00000000 804.00000000 1.00000000 317.00000000
697.00000000 715.00000000 1.00000000 309.00000000
1332.00000000 450.00000000 0.00000000 305.00000000
1421.00000000 209.00000000 1.00000000 303.00000000
1386.00000000 806.00000000 2.00000000 302.00000000
437.00000000 501.00000000 1.00000000 301.00000000
984.00000000 658.00000000 2.00000000 293.00000000
696.00000000 714.00000000 1.00000000 293.00000000
811.00000000 234.00000000 2.00000000 289.00000000
982.00000000 657.00000000 1.00000000 285.00000000
980.00000000 346.00000000 1.00000000 281.00000000
812.00000000 230.00000000 2.00000000 279.00000000
1421.00000000 210.00000000 1.00000000 276.00000000
1021.00000000 897.00000000 0.00000000 266.00000000
1067.00000000 971.00000000 0.00000000 265.00000000
896.00000000 936.00000000 1.00000000 263.00000000
980.00000000 345.00000000 1.00000000 262.00000000
1358.00000000 513.00000000 0.00000000 259.00000000
906.00000000 407.00000000 1.00000000 253.00000000
1274.00000000 470.00000000 0.00000000 251.00000000
546.00000000 115.00000000 0.00000000 250.00000000
897.00000000 935.00000000 1.00000000 245.00000000
1446.00000000 591.00000000 1.00000000 244.00000000
1067.00000000 973.00000000 1.00000000 239.00000000
547.00000000 116.00000000 1.00000000 238.00000000
1022.00000000 719.00000000 1.00000000 237.00000000
436.00000000 500.00000000 0.00000000 235.00000000
552.00000000 626.00000000 1.00000000 229.00000000
551.00000000 626.00000000 1.00000000 228.00000000
1142.00000000 394.00000000 1.00000000 223.00000000
1423.00000000 908.00000000 0.00000000 223.00000000
1385.00000000 803.00000000 0.00000000 221.00000000
1140.00000000 858.00000000 0.00000000 221.00000000
1140.00000000 859.00000000 1.00000000 220.00000000
1399.00000000 728.00000000 0.00000000 218.00000000
696.00000000 713.00000000 0.00000000 218.00000000
1370.00000000 387.00000000 1.00000000 217.00000000
1371.00000000 387.00000000 0.00000000 215.00000000
1100.00000000 789.00000000 0.00000000 215.00000000
1139.00000000 879.00000000 1.00000000 214.00000000
1411.00000000 395.00000000 1.00000000 213.00000000
983.00000000 657.00000000 1.00000000 212.00000000
801.00000000 1004.00000000 1.00000000 208.00000000
1349.00000000 620.00000000 0.00000000 202.00000000
647.00000000 767.00000000 0.00000000 202.00000000
648.00000000 768.00000000 1.00000000 201.00000000
1362.00000000 930.00000000 0.00000000 197.00000000
1362.00000000 930.00000000 1.00000000 196.00000000
801.00000000 1004.00000000 0.00000000 195.00000000
1031.00000000 970.00000000 0.00000000 195.00000000
1064.00000000 869.00000000 0.00000000 193.00000000
1180.00000000 710.00000000 1.00000000 191.00000000
897.00000000 934.00000000 0.00000000 191.00000000
1318.00000000 359.00000000 1.00000000 191.00000000
1446.00000000 591.00000000 1.00000000 189.00000000
906.00000000 408.00000000 1.00000000 188.00000000
980.00000000 345.00000000 0.00000000 187.00000000
1411.00000000 395.00000000 0.00000000 186.00000000
899.00000000 170.00000000 1.00000000 186.00000000
1058.00000000 665.00000000 0.00000000 183.00000000
1327.00000000 920.00000000 0.00000000 181.00000000
1335.00000000 521.00000000 0.00000000 178.00000000
1139.00000000 878.00000000 0.00000000 172.00000000
1412.00000000 452.00000000 0.00000000 168.00000000
1180.00000000 709.00000000 0.00000000 165.00000000
1257.00000000 595.00000000 0.00000000 164.00000000
1421.00000000 209.00000000 0.00000000 163.00000000
782.00000000 849.00000000 0.00000000 163.00000000
1339.00000000 511.00000000 0.00000000 162.00000000
1043.00000000 270.00000000 0.00000000 161.00000000
1233.00000000 495.00000000 0.00000000 157.00000000
928.00000000 448.00000000 0.00000000 150.00000000
532.00000000 103.00000000 0.00000000 150.00000000
859.00000000 203.00000000 0.00000000 149.00000000
702.00000000 577.00000000 0.00000000 148.00000000
552.00000000 626.00000000 0.00000000 148.00000000
994.00000000 842.00000000 0.00000000 145.00000000
1359.00000000 400.00000000 0.00000000 144.00000000
781.00000000 284.00000000 0.00000000 144.00000000
859.00000000 195.00000000 0.00000000 142.00000000
975.00000000 691.00000000 0.00000000 140.00000000
1142.00000000 393.00000000 0.00000000 140.00000000
473.00000000 917.00000000 0.00000000 140.00000000
699.00000000 539.00000000 0.00000000 138.00000000
440.00000000 237.00000000 0.00000000 136.00000000
1318.00000000 358.00000000 0.00000000 135.00000000
1067.00000000 963.00000000 0.00000000 134.00000000
975.00000000 728.00000000 0.00000000 132.00000000
1224.00000000 1003.00000000 0.00000000 132.00000000
1446.00000000 591.00000000 0.00000000 132.00000000
320.00000000 312.00000000 0.00000000 131.00000000
889.00000000 193.00000000 0.00000000 130.00000000
1197.00000000 715.00000000 0.00000000 130.00000000
649.00000000 741.00000000 0.00000000 130.00000000
779.00000000 835.00000000 0.00000000 128.00000000
861.00000000 359.00000000 0.00000000 127.00000000
