1103.00000000 335.00000000 1.00000000 565.00000000
1103.00000000 334.00000000 1.00000000 460.00000000
1001.00000000 203.00000000 5.00000000 415.00000000
342.00000000 35.00000000 1.00000000 399.00000000
996.00000000 196.00000000 4.00000000 386.00000000
1104.00000000 336.00000000 2.00000000 383.00000000
1103.00000000 332.00000000 0.00000000 355.00000000
1244.00000000 264.00000000 1.00000000 342.00000000
342.00000000 34.00000000 2.00000000 335.00000000
928.00000000 974.00000000 1.00000000 325.00000000
1377.00000000 737.00000000 1.00000000 319.00000000
1199.00000000 127.00000000 2.00000000 313.00000000
1200.00000000 128.00000000 4.00000000 308.00000000
1100.00000000 168.00000000 1.00000000 308.00000000
1245.00000000 265.00000000 1.00000000 308.00000000
342.00000000 36.00000000 1.00000000 303.00000000
1376.00000000 735.00000000 0.00000000 302.00000000
1100.00000000 166.00000000 0.00000000 302.00000000
1246.00000000 264.00000000 2.00000000 301.00000000
1105.00000000 152.00000000 1.00000000 286.00000000
1483.00000000 1006.00000000 1.00000000 284.00000000
347.00000000 704.00000000 1.00000000 278.00000000
1383.00000000 339.00000000 2.00000000 277.00000000
995.00000000 195.00000000 2.00000000 276.00000000
1105.00000000 151.00000000 0.00000000 276.00000000
927.00000000 975.00000000 1.00000000 275.00000000
346.00000000 704.00000000 2.00000000 272.00000000
1384.00000000 340.00000000 2.00000000 270.00000000
1242.00000000 196.00000000 2.00000000 266.00000000
668.00000000 891.00000000 0.00000000 253.00000000
1108.00000000 160.00000000 2.00000000 253.00000000
1173.00000000 343.00000000 1.00000000 250.00000000
345.00000000 701.00000000 2.00000000 249.00000000
1241.00000000 195.00000000 1.00000000 235.00000000
1383.00000000 337.00000000 1.00000000 233.00000000
924.00000000 257.00000000 1.00000000 232.00000000
348.00000000 703.00000000 1.00000000 230.00000000
928.00000000 972.00000000 0.00000000 229.00000000
1097.00000000 340.00000000 0.00000000 226.00000000
1377.00000000 739.00000000 1.00000000 223.00000000
1481.00000000 785.00000000 1.00000000 218.00000000
1245.00000000 264.00000000 0.00000000 214.00000000
1172.00000000 342.00000000 0.00000000 213.00000000
668.00000000 892.00000000 1.00000000 213.00000000
1483.00000000 1005.00000000 0.00000000 211.00000000
1354.00000000 387.00000000 1.00000000 210.00000000
1482.00000000 786.00000000 1.00000000 206.00000000
40.00000000 544.00000000 2.00000000 205.00000000
592.00000000 882.00000000 1.00000000 203.00000000
591.00000000 882.00000000 1.00000000 196.00000000
1111.00000000 352.00000000 0.00000000 195.00000000
1245.00000000 847.00000000 1.00000000 195.00000000
1353.00000000 388.00000000 1.00000000 193.00000000
1383.00000000 337.00000000 1.00000000 193.00000000
1111.00000000 352.00000000 1.00000000 187.00000000
1173.00000000 343.00000000 1.00000000 182.00000000
1220.00000000 325.00000000 1.00000000 182.00000000
1496.00000000 883.00000000 1.00000000 181.00000000
1368.00000000 170.00000000 1.00000000 179.00000000
1485.00000000 533.00000000 1.00000000 178.00000000
1105.00000000 152.00000000 1.00000000 178.00000000
1354.00000000 386.00000000 0.00000000 178.00000000
39.00000000 541.00000000 1.00000000 175.00000000
1481.00000000 784.00000000 0.00000000 174.00000000
1494.00000000 881.00000000 0.00000000 174.00000000
1107.00000000 541.00000000 1.00000000 174.00000000
1241.00000000 193.00000000 1.00000000 167.00000000
924.00000000 257.00000000 0.00000000 166.00000000
1107.00000000 539.00000000 1.00000000 159.00000000
1515.00000000 247.00000000 1.00000000 157.00000000
1186.00000000 817.00000000 1.00000000 155.00000000
1368.00000000 170.00000000 0.00000000 154.00000000
1513.00000000 239.00000000 0.00000000 154.00000000
1186.00000000 816.00000000 0.00000000 146.00000000
1514.00000000 246.00000000 0.00000000 146.00000000
1216.00000000 292.00000000 1.00000000 143.00000000
1383.00000000 336.00000000 0.00000000 143.00000000
1478.00000000 813.00000000 1.00000000 143.00000000
348.00000000 703.00000000 0.00000000 142.00000000
342.00000000 34.00000000 0.00000000 142.00000000
592.00000000 882.00000000 0.00000000 138.00000000
1245.00000000 1005.00000000 0.00000000 138.00000000
1245.00000000 846.00000000 0.00000000 136.00000000
114.00000000 724.00000000 0.00000000 135.00000000
1398.00000000 724.00000000 1.00000000 132.00000000
451.00000000 912.00000000 1.00000000 129.00000000
1516.00000000 271.00000000 0.00000000 125.00000000
1384.00000000 787.00000000 1.00000000 124.00000000
451.00000000 910.00000000 0.00000000 123.00000000
716.00000000 807.00000000 1.00000000 122.00000000
1227.00000000 982.00000000 1.00000000 121.00000000
1468.00000000 932.00000000 0.00000000 119.00000000
1107.00000000 538.00000000 0.00000000 117.00000000
1484.00000000 531.00000000 0.00000000 116.00000000
701.00000000 769.00000000 0.00000000 115.00000000
591.00000000 873.00000000 0.00000000 112.00000000
1490.00000000 941.00000000 0.00000000 112.00000000
1245.00000000 998.00000000 0.00000000 109.00000000
1478.00000000 813.00000000 0.00000000 108.00000000
671.00000000 879.00000000 0.00000000 103.00000000
1240.00000000 192.00000000 0.00000000 102.00000000
1230.00000000 949.00000000 0.00000000 101.00000000
647.00000000 751.00000000 0.00000000 101.00000000
666.00000000 917.00000000 0.00000000 100.00000000
1487.00000000 813.00000000 0.00000000 99.00000000
1112.00000000 172.00000000 0.00000000 97.00000000
604.00000000 797.00000000 0.00000000 97.00000000
1433.00000000 322.00000000 0.00000000 94.00000000
1516.00000000 261.00000000 0.00000000 94.00000000
135.00000000 804.00000000 0.00000000 94.00000000
1226.00000000 982.00000000 0.00000000 92.00000000
1315.00000000 991.00000000 0.00000000 91.00000000
924.00000000 272.00000000 0.00000000 91.00000000
1216.00000000 292.00000000 0.00000000 90.00000000
1325.00000000 77.00000000 0.00000000 89.00000000
1518.00000000 294.00000000 0.00000000 88.00000000
1516.00000000 200.00000000 0.00000000 86.00000000
609.00000000 904.00000000 0.00000000 85.00000000
1463.00000000 786.00000000 0.00000000 84.00000000
1397.00000000 723.00000000 0.00000000 83.00000000
1318.00000000 777.00000000 0.00000000 83.00000000
1161.00000000 964.00000000 0.00000000 82.00000000
774.00000000 887.00000000 0.00000000 81.00000000
1384.00000000 779.00000000 0.00000000 80.00000000
1286.00000000 488.00000000 0.00000000 80.00000000
1051.00000000 982.00000000 0.00000000 79.00000000
126.00000000 767.00000000 0.00000000 79.00000000
