1445.00000000 472.00000000 1.00000000 615.00000000
1508.00000000 448.00000000 1.00000000 577.00000000
1508.00000000 448.00000000 1.00000000 512.00000000
927.00000000 348.00000000 1.00000000 491.00000000
1444.00000000 472.00000000 1.00000000 477.00000000
1166.00000000 928.00000000 2.00000000 414.00000000
458.00000000 89.00000000 1.00000000 413.00000000
865.00000000 237.00000000 5.00000000 408.00000000
458.00000000 89.00000000 1.00000000 398.00000000
1017.00000000 285.00000000 1.00000000 393.00000000
989.00000000 169.00000000 2.00000000 392.00000000
1446.00000000 472.00000000 2.00000000 391.00000000
860.00000000 236.00000000 4.00000000 390.00000000
1165.00000000 926.00000000 1.00000000 389.00000000
988.00000000 168.00000000 4.00000000 385.00000000
471.00000000 111.00000000 1.00000000 378.00000000
990.00000000 168.00000000 2.00000000 376.00000000
927.00000000 349.00000000 1.00000000 367.00000000
1016.00000000 285.00000000 1.00000000 366.00000000
1165.00000000 925.00000000 1.00000000 340.00000000
859.00000000 229.00000000 2.00000000 332.00000000
1165.00000000 930.00000000 2.00000000 328.00000000
1106.00000000 348.00000000 2.00000000 321.00000000
927.00000000 347.00000000 0.00000000 313.00000000
1179.00000000 1000.00000000 0.00000000 312.00000000
306.00000000 521.00000000 1.00000000 312.00000000
984.00000000 972.00000000 2.00000000 301.00000000
1166.00000000 736.00000000 1.00000000 298.00000000
458.00000000 88.00000000 0.00000000 288.00000000
476.00000000 650.00000000 1.00000000 286.00000000
1166.00000000 736.00000000 0.00000000 285.00000000
1016.00000000 284.00000000 0.00000000 284.00000000
470.00000000 110.00000000 1.00000000 283.00000000
984.00000000 972.00000000 2.00000000 282.00000000
306.00000000 520.00000000 1.00000000 280.00000000
1231.00000000 1000.00000000 0.00000000 278.00000000
860.00000000 228.00000000 2.00000000 276.00000000
816.00000000 881.00000000 0.00000000 272.00000000
458.00000000 90.00000000 2.00000000 271.00000000
1110.00000000 672.00000000 2.00000000 270.00000000
477.00000000 651.00000000 1.00000000 269.00000000
1508.00000000 449.00000000 0.00000000 264.00000000
984.00000000 970.00000000 1.00000000 258.00000000
1107.00000000 347.00000000 1.00000000 257.00000000
1165.00000000 924.00000000 0.00000000 256.00000000
1231.00000000 1001.00000000 1.00000000 248.00000000
984.00000000 969.00000000 1.00000000 244.00000000
1444.00000000 471.00000000 0.00000000 241.00000000
470.00000000 111.00000000 0.00000000 238.00000000
617.00000000 798.00000000 1.00000000 234.00000000
690.00000000 741.00000000 1.00000000 231.00000000
1106.00000000 346.00000000 1.00000000 228.00000000
1306.00000000 882.00000000 1.00000000 228.00000000
690.00000000 740.00000000 1.00000000 227.00000000
1098.00000000 692.00000000 0.00000000 226.00000000
1301.00000000 393.00000000 1.00000000 220.00000000
925.00000000 204.00000000 0.00000000 218.00000000
1305.00000000 904.00000000 1.00000000 216.00000000
816.00000000 882.00000000 1.00000000 216.00000000
1516.00000000 514.00000000 0.00000000 213.00000000
1306.00000000 881.00000000 0.00000000 213.00000000
1110.00000000 673.00000000 1.00000000 210.00000000
1179.00000000 1000.00000000 1.00000000 209.00000000
930.00000000 199.00000000 1.00000000 209.00000000
618.00000000 798.00000000 0.00000000 207.00000000
1099.00000000 694.00000000 1.00000000 206.00000000
134.00000000 322.00000000 1.00000000 205.00000000
929.00000000 190.00000000 0.00000000 204.00000000
1511.00000000 523.00000000 0.00000000 204.00000000
1098.00000000 710.00000000 1.00000000 201.00000000
1491.00000000 353.00000000 1.00000000 200.00000000
997.00000000 412.00000000 1.00000000 199.00000000
1347.00000000 725.00000000 1.00000000 198.00000000
815.00000000 284.00000000 1.00000000 196.00000000
1510.00000000 949.00000000 0.00000000 194.00000000
983.00000000 968.00000000 0.00000000 194.00000000
1262.00000000 808.00000000 0.00000000 191.00000000
816.00000000 284.00000000 0.00000000 188.00000000
818.00000000 937.00000000 0.00000000 177.00000000
931.00000000 362.00000000 0.00000000 177.00000000
306.00000000 519.00000000 0.00000000 176.00000000
970.00000000 353.00000000 0.00000000 176.00000000
1100.00000000 748.00000000 1.00000000 174.00000000
1216.00000000 678.00000000 0.00000000 173.00000000
1347.00000000 724.00000000 0.00000000 172.00000000
1226.00000000 893.00000000 0.00000000 170.00000000
1003.00000000 269.00000000 1.00000000 166.00000000
1226.00000000 893.00000000 1.00000000 166.00000000
477.00000000 650.00000000 0.00000000 166.00000000
1098.00000000 200.00000000 0.00000000 165.00000000
1195.00000000 265.00000000 0.00000000 164.00000000
1491.00000000 352.00000000 1.00000000 162.00000000
1086.00000000 392.00000000 1.00000000 162.00000000
661.00000000 807.00000000 0.00000000 162.00000000
134.00000000 321.00000000 0.00000000 161.00000000
929.00000000 190.00000000 1.00000000 161.00000000
1401.00000000 499.00000000 1.00000000 160.00000000
1401.00000000 498.00000000 0.00000000 160.00000000
1163.00000000 760.00000000 0.00000000 155.00000000
1305.00000000 903.00000000 0.00000000 155.00000000
1106.00000000 346.00000000 0.00000000 152.00000000
1086.00000000 391.00000000 0.00000000 144.00000000
690.00000000 739.00000000 0.00000000 144.00000000
1301.00000000 392.00000000 0.00000000 141.00000000
1013.00000000 783.00000000 0.00000000 140.00000000
1428.00000000 603.00000000 0.00000000 139.00000000
1365.00000000 731.00000000 0.00000000 139.00000000
1230.00000000 992.00000000 0.00000000 135.00000000
1214.00000000 620.00000000 0.00000000 135.00000000
1216.00000000 666.00000000 0.00000000 132.00000000
1513.00000000 957.00000000 0.00000000 130.00000000
1172.00000000 516.00000000 0.00000000 129.00000000
1196.00000000 287.00000000 0.00000000 129.00000000
1284.00000000 237.00000000 0.00000000 125.00000000
1175.00000000 819.00000000 0.00000000 124.00000000
1225.00000000 873.00000000 0.00000000 124.00000000
1490.00000000 350.00000000 0.00000000 123.00000000
1152.00000000 815.00000000 0.00000000 119.00000000
1112.00000000 682.00000000 0.00000000 118.00000000
1219.00000000 735.00000000 0.00000000 118.00000000
695.00000000 555.00000000 0.00000000 116.00000000
1216.00000000 273.00000000 0.00000000 115.00000000
451.00000000 96.00000000 0.00000000 110.00000000
1222.00000000 789.00000000 0.00000000 109.00000000
1015.00000000 224.00000000 0.00000000 109.00000000
999.00000000 309.00000000 0.00000000 108.00000000
1001.00000000 897.00000000 0.00000000 108.00000000
