950.00000000 619.00000000 2.00000000 460.00000000
948.00000000 620.00000000 4.00000000 441.00000000
42.00000000 474.00000000 2.00000000 418.00000000
952.00000000 618.00000000 2.00000000 417.00000000
1261.00000000 353.00000000 2.00000000 405.00000000
1255.00000000 851.00000000 1.00000000 393.00000000
950.00000000 622.00000000 5.00000000 384.00000000
1452.00000000 824.00000000 1.00000000 376.00000000
944.00000000 427.00000000 2.00000000 358.00000000
574.00000000 438.00000000 1.00000000 354.00000000
906.00000000 546.00000000 2.00000000 344.00000000
1256.00000000 852.00000000 2.00000000 340.00000000
1452.00000000 824.00000000 1.00000000 337.00000000
1216.00000000 528.00000000 2.00000000 335.00000000
572.00000000 440.00000000 2.00000000 332.00000000
951.00000000 616.00000000 1.00000000 331.00000000
44.00000000 404.00000000 2.00000000 327.00000000
687.00000000 479.00000000 1.00000000 323.00000000
1216.00000000 526.00000000 1.00000000 320.00000000
688.00000000 478.00000000 0.00000000 317.00000000
1260.00000000 352.00000000 2.00000000 307.00000000
906.00000000 544.00000000 1.00000000 304.00000000
575.00000000 438.00000000 1.00000000 299.00000000
944.00000000 432.00000000 4.00000000 294.00000000
808.00000000 700.00000000 1.00000000 286.00000000
42.00000000 472.00000000 2.00000000 285.00000000
1256.00000000 850.00000000 1.00000000 285.00000000
1411.00000000 623.00000000 1.00000000 282.00000000
42.00000000 472.00000000 1.00000000 280.00000000
1056.00000000 166.00000000 1.00000000 277.00000000
808.00000000 699.00000000 0.00000000 275.00000000
687.00000000 479.00000000 1.00000000 273.00000000
946.00000000 424.00000000 1.00000000 268.00000000
45.00000000 404.00000000 1.00000000 266.00000000
1038.00000000 144.00000000 1.00000000 263.00000000
42.00000000 438.00000000 1.00000000 262.00000000
807.00000000 701.00000000 1.00000000 258.00000000
952.00000000 616.00000000 1.00000000 257.00000000
783.00000000 703.00000000 1.00000000 248.00000000
1057.00000000 165.00000000 1.00000000 246.00000000
496.00000000 405.00000000 1.00000000 241.00000000
1018.00000000 127.00000000 1.00000000 227.00000000
1426.00000000 672.00000000 1.00000000 227.00000000
907.00000000 544.00000000 1.00000000 225.00000000
566.00000000 712.00000000 1.00000000 220.00000000
1025.00000000 992.00000000 1.00000000 219.00000000
991.00000000 759.00000000 1.00000000 219.00000000
1410.00000000 621.00000000 1.00000000 218.00000000
1037.00000000 144.00000000 1.00000000 218.00000000
753.00000000 707.00000000 1.00000000 213.00000000
1043.00000000 243.00000000 1.00000000 202.00000000
1293.00000000 891.00000000 1.00000000 198.00000000
783.00000000 702.00000000 0.00000000 197.00000000
43.00000000 437.00000000 1.00000000 197.00000000
947.00000000 422.00000000 1.00000000 197.00000000
1216.00000000 524.00000000 1.00000000 196.00000000
623.00000000 724.00000000 1.00000000 194.00000000
1074.00000000 187.00000000 1.00000000 193.00000000
575.00000000 437.00000000 0.00000000 192.00000000
1050.00000000 258.00000000 1.00000000 184.00000000
1452.00000000 823.00000000 0.00000000 181.00000000
269.00000000 182.00000000 1.00000000 181.00000000
1441.00000000 545.00000000 1.00000000 177.00000000
582.00000000 815.00000000 1.00000000 176.00000000
1231.00000000 505.00000000 1.00000000 175.00000000
497.00000000 405.00000000 1.00000000 174.00000000
1050.00000000 258.00000000 0.00000000 172.00000000
51.00000000 365.00000000 1.00000000 170.00000000
1461.00000000 372.00000000 1.00000000 170.00000000
1057.00000000 164.00000000 0.00000000 166.00000000
753.00000000 705.00000000 0.00000000 164.00000000
1018.00000000 127.00000000 0.00000000 162.00000000
952.00000000 615.00000000 0.00000000 159.00000000
1256.00000000 849.00000000 0.00000000 152.00000000
1426.00000000 672.00000000 0.00000000 151.00000000
583.00000000 814.00000000 0.00000000 141.00000000
566.00000000 712.00000000 0.00000000 140.00000000
1293.00000000 891.00000000 0.00000000 138.00000000
836.00000000 695.00000000 0.00000000 134.00000000
688.00000000 714.00000000 0.00000000 131.00000000
623.00000000 723.00000000 0.00000000 130.00000000
1455.00000000 867.00000000 0.00000000 129.00000000
1038.00000000 143.00000000 0.00000000 128.00000000
1026.00000000 991.00000000 0.00000000 123.00000000
936.00000000 97.00000000 0.00000000 122.00000000
947.00000000 421.00000000 0.00000000 122.00000000
907.00000000 543.00000000 0.00000000 122.00000000
1176.00000000 530.00000000 0.00000000 120.00000000
1409.00000000 620.00000000 0.00000000 118.00000000
678.00000000 837.00000000 0.00000000 116.00000000
1074.00000000 186.00000000 0.00000000 115.00000000
497.00000000 713.00000000 0.00000000 115.00000000
717.00000000 536.00000000 0.00000000 114.00000000
1132.00000000 715.00000000 0.00000000 113.00000000
43.00000000 468.00000000 0.00000000 113.00000000
936.00000000 762.00000000 0.00000000 113.00000000
719.00000000 710.00000000 0.00000000 113.00000000
992.00000000 758.00000000 0.00000000 112.00000000
1042.00000000 243.00000000 0.00000000 112.00000000
708.00000000 976.00000000 0.00000000 111.00000000
1350.00000000 494.00000000 0.00000000 110.00000000
1441.00000000 544.00000000 0.00000000 110.00000000
687.00000000 942.00000000 0.00000000 109.00000000
1010.00000000 162.00000000 0.00000000 108.00000000
413.00000000 784.00000000 0.00000000 108.00000000
1006.00000000 259.00000000 0.00000000 108.00000000
878.00000000 341.00000000 0.00000000 108.00000000
1019.00000000 707.00000000 0.00000000 106.00000000
1455.00000000 838.00000000 0.00000000 104.00000000
50.00000000 364.00000000 0.00000000 104.00000000
268.00000000 181.00000000 0.00000000 104.00000000
777.00000000 531.00000000 0.00000000 102.00000000
45.00000000 400.00000000 0.00000000 101.00000000
717.00000000 484.00000000 0.00000000 99.00000000
870.00000000 224.00000000 0.00000000 97.00000000
1260.00000000 345.00000000 0.00000000 97.00000000
276.00000000 514.00000000 0.00000000 96.00000000
761.00000000 938.00000000 0.00000000 96.00000000
656.00000000 719.00000000 0.00000000 96.00000000
620.00000000 625.00000000 0.00000000 95.00000000
1260.00000000 405.00000000 0.00000000 95.00000000
1500.00000000 397.00000000 0.00000000 93.00000000
709.00000000 876.00000000 0.00000000 93.00000000
462.00000000 714.00000000 0.00000000 93.00000000
760.00000000 914.00000000 0.00000000 92.00000000
936.00000000 791.00000000 0.00000000 92.00000000
540.00000000 574.00000000 0.00000000 92.00000000
