690.00000000 186.00000000 5.00000000 339.00000000
904.00000000 872.00000000 4.00000000 319.00000000
905.00000000 868.00000000 2.00000000 276.00000000
1230.00000000 851.00000000 2.00000000 269.00000000
659.00000000 534.00000000 2.00000000 240.00000000
1296.00000000 860.00000000 4.00000000 230.00000000
642.00000000 579.00000000 2.00000000 224.00000000
644.00000000 574.00000000 2.00000000 205.00000000
228.00000000 804.00000000 2.00000000 203.00000000
120.00000000 764.00000000 2.00000000 200.00000000
906.00000000 864.00000000 2.00000000 181.00000000
1228.00000000 852.00000000 2.00000000 165.00000000
200.00000000 396.00000000 2.00000000 161.00000000
230.00000000 434.00000000 1.00000000 159.00000000
229.00000000 803.00000000 1.00000000 154.00000000
298.00000000 210.00000000 2.00000000 151.00000000
660.00000000 534.00000000 2.00000000 148.00000000
337.00000000 834.00000000 1.00000000 146.00000000
202.00000000 397.00000000 1.00000000 145.00000000
336.00000000 835.00000000 1.00000000 142.00000000
811.00000000 509.00000000 1.00000000 139.00000000
298.00000000 207.00000000 1.00000000 132.00000000
210.00000000 905.00000000 1.00000000 132.00000000
277.00000000 488.00000000 1.00000000 122.00000000
643.00000000 572.00000000 1.00000000 120.00000000
200.00000000 871.00000000 1.00000000 120.00000000
202.00000000 396.00000000 1.00000000 120.00000000
178.00000000 366.00000000 1.00000000 118.00000000
905.00000000 861.00000000 1.00000000 116.00000000
412.00000000 982.00000000 1.00000000 115.00000000
110.00000000 644.00000000 1.00000000 114.00000000
308.00000000 125.00000000 1.00000000 114.00000000
323.00000000 834.00000000 1.00000000 113.00000000
231.00000000 434.00000000 1.00000000 113.00000000
120.00000000 763.00000000 1.00000000 112.00000000
322.00000000 835.00000000 1.00000000 112.00000000
277.00000000 487.00000000 0.00000000 107.00000000
71.00000000 866.00000000 1.00000000 102.00000000
210.00000000 904.00000000 1.00000000 101.00000000
230.00000000 802.00000000 1.00000000 95.00000000
352.00000000 835.00000000 1.00000000 93.00000000
308.00000000 834.00000000 1.00000000 93.00000000
110.00000000 644.00000000 1.00000000 91.00000000
812.00000000 509.00000000 1.00000000 88.00000000
202.00000000 870.00000000 1.00000000 88.00000000
413.00000000 980.00000000 1.00000000 87.00000000
126.00000000 564.00000000 1.00000000 87.00000000
70.00000000 467.00000000 1.00000000 86.00000000
337.00000000 834.00000000 0.00000000 86.00000000
72.00000000 782.00000000 1.00000000 86.00000000
71.00000000 813.00000000 1.00000000 82.00000000
298.00000000 105.00000000 1.00000000 79.00000000
298.00000000 207.00000000 1.00000000 79.00000000
352.00000000 835.00000000 0.00000000 79.00000000
137.00000000 836.00000000 1.00000000 78.00000000
204.00000000 593.00000000 1.00000000 77.00000000
309.00000000 125.00000000 1.00000000 74.00000000
116.00000000 826.00000000 1.00000000 74.00000000
140.00000000 761.00000000 1.00000000 73.00000000
333.00000000 595.00000000 1.00000000 73.00000000
124.00000000 621.00000000 1.00000000 73.00000000
116.00000000 686.00000000 1.00000000 72.00000000
566.00000000 966.00000000 1.00000000 72.00000000
118.00000000 537.00000000 1.00000000 71.00000000
74.00000000 689.00000000 1.00000000 71.00000000
216.00000000 542.00000000 1.00000000 71.00000000
323.00000000 833.00000000 0.00000000 70.00000000
202.00000000 395.00000000 0.00000000 69.00000000
231.00000000 433.00000000 0.00000000 62.00000000
309.00000000 832.00000000 0.00000000 61.00000000
125.00000000 563.00000000 0.00000000 56.00000000
470.00000000 910.00000000 0.00000000 51.00000000
70.00000000 465.00000000 0.00000000 51.00000000
115.00000000 685.00000000 0.00000000 51.00000000
210.00000000 903.00000000 0.00000000 51.00000000
70.00000000 865.00000000 0.00000000 50.00000000
333.00000000 595.00000000 0.00000000 49.00000000
131.00000000 731.00000000 0.00000000 49.00000000
413.00000000 979.00000000 0.00000000 49.00000000
136.00000000 835.00000000 0.00000000 49.00000000
160.00000000 847.00000000 0.00000000 49.00000000
212.00000000 725.00000000 0.00000000 48.00000000
140.00000000 760.00000000 0.00000000 48.00000000
73.00000000 688.00000000 0.00000000 47.00000000
124.00000000 714.00000000 0.00000000 46.00000000
216.00000000 860.00000000 0.00000000 45.00000000
109.00000000 643.00000000 0.00000000 45.00000000
71.00000000 812.00000000 0.00000000 44.00000000
127.00000000 677.00000000 0.00000000 43.00000000
431.00000000 290.00000000 0.00000000 43.00000000
109.00000000 748.00000000 0.00000000 42.00000000
298.00000000 104.00000000 0.00000000 42.00000000
229.00000000 801.00000000 0.00000000 42.00000000
132.00000000 538.00000000 0.00000000 42.00000000
393.00000000 991.00000000 0.00000000 41.00000000
202.00000000 869.00000000 0.00000000 41.00000000
148.00000000 883.00000000 0.00000000 41.00000000
250.00000000 830.00000000 0.00000000 41.00000000
46.00000000 421.00000000 0.00000000 40.00000000
216.00000000 542.00000000 0.00000000 40.00000000
73.00000000 721.00000000 0.00000000 39.00000000
217.00000000 618.00000000 0.00000000 38.00000000
62.00000000 816.00000000 0.00000000 37.00000000
57.00000000 864.00000000 0.00000000 37.00000000
339.00000000 572.00000000 0.00000000 37.00000000
74.00000000 621.00000000 0.00000000 36.00000000
312.00000000 537.00000000 0.00000000 36.00000000
62.00000000 452.00000000 0.00000000 36.00000000
75.00000000 586.00000000 0.00000000 36.00000000
67.00000000 632.00000000 0.00000000 36.00000000
41.00000000 804.00000000 0.00000000 35.00000000
118.00000000 535.00000000 0.00000000 35.00000000
240.00000000 491.00000000 0.00000000 35.00000000
473.00000000 844.00000000 0.00000000 35.00000000
188.00000000 914.00000000 0.00000000 35.00000000
122.00000000 330.00000000 0.00000000 35.00000000
158.00000000 743.00000000 0.00000000 34.00000000
349.00000000 991.00000000 0.00000000 34.00000000
124.00000000 620.00000000 0.00000000 34.00000000
72.00000000 782.00000000 0.00000000 33.00000000
223.00000000 767.00000000 0.00000000 33.00000000
74.00000000 548.00000000 0.00000000 33.00000000
22.00000000 805.00000000 0.00000000 32.00000000
309.00000000 124.00000000 0.00000000 32.00000000
299.00000000 205.00000000 0.00000000 32.00000000
142.00000000 317.00000000 0.00000000 32.00000000
28.00000000 782.00000000 0.00000000 32.00000000
