808.00000000 668.00000000 4.00000000 424.00000000
808.00000000 664.00000000 2.00000000 415.00000000
1153.00000000 364.00000000 2.00000000 406.00000000
803.00000000 667.00000000 5.00000000 387.00000000
1156.00000000 938.00000000 2.00000000 382.00000000
1395.00000000 916.00000000 1.00000000 373.00000000
808.00000000 664.00000000 2.00000000 372.00000000
797.00000000 455.00000000 2.00000000 359.00000000
1104.00000000 564.00000000 2.00000000 358.00000000
1155.00000000 937.00000000 1.00000000 355.00000000
1156.00000000 364.00000000 4.00000000 353.00000000
421.00000000 472.00000000 1.00000000 349.00000000
758.00000000 584.00000000 2.00000000 337.00000000
657.00000000 749.00000000 1.00000000 337.00000000
112.00000000 680.00000000 2.00000000 325.00000000
1394.00000000 916.00000000 2.00000000 325.00000000
420.00000000 472.00000000 2.00000000 323.00000000
422.00000000 471.00000000 1.00000000 320.00000000
800.00000000 452.00000000 2.00000000 319.00000000
533.00000000 512.00000000 1.00000000 317.00000000
759.00000000 582.00000000 1.00000000 309.00000000
808.00000000 661.00000000 1.00000000 308.00000000
972.00000000 271.00000000 2.00000000 300.00000000
657.00000000 748.00000000 0.00000000 295.00000000
656.00000000 750.00000000 1.00000000 287.00000000
1104.00000000 561.00000000 1.00000000 286.00000000
533.00000000 511.00000000 0.00000000 280.00000000
1395.00000000 916.00000000 1.00000000 278.00000000
920.00000000 162.00000000 1.00000000 275.00000000
531.00000000 513.00000000 1.00000000 274.00000000
1360.00000000 735.00000000 1.00000000 256.00000000
898.00000000 140.00000000 1.00000000 250.00000000
800.00000000 451.00000000 1.00000000 249.00000000
631.00000000 752.00000000 1.00000000 246.00000000
1400.00000000 380.00000000 1.00000000 246.00000000
920.00000000 162.00000000 1.00000000 242.00000000
1121.00000000 538.00000000 1.00000000 241.00000000
852.00000000 821.00000000 1.00000000 238.00000000
1339.00000000 675.00000000 1.00000000 236.00000000
1359.00000000 735.00000000 1.00000000 234.00000000
809.00000000 661.00000000 1.00000000 231.00000000
1156.00000000 936.00000000 1.00000000 224.00000000
1201.00000000 986.00000000 1.00000000 218.00000000
760.00000000 582.00000000 1.00000000 218.00000000
414.00000000 757.00000000 1.00000000 203.00000000
422.00000000 470.00000000 0.00000000 202.00000000
601.00000000 755.00000000 1.00000000 197.00000000
898.00000000 140.00000000 1.00000000 194.00000000
913.00000000 265.00000000 1.00000000 192.00000000
905.00000000 249.00000000 1.00000000 187.00000000
853.00000000 821.00000000 1.00000000 185.00000000
939.00000000 186.00000000 1.00000000 183.00000000
877.00000000 123.00000000 1.00000000 181.00000000
1058.00000000 568.00000000 1.00000000 173.00000000
802.00000000 448.00000000 1.00000000 172.00000000
137.00000000 221.00000000 1.00000000 171.00000000
632.00000000 751.00000000 0.00000000 170.00000000
1376.00000000 584.00000000 1.00000000 169.00000000
470.00000000 770.00000000 1.00000000 165.00000000
601.00000000 754.00000000 0.00000000 163.00000000
1501.00000000 635.00000000 1.00000000 162.00000000
347.00000000 439.00000000 1.00000000 161.00000000
431.00000000 865.00000000 1.00000000 159.00000000
1105.00000000 561.00000000 1.00000000 155.00000000
794.00000000 821.00000000 0.00000000 155.00000000
686.00000000 746.00000000 1.00000000 154.00000000
1359.00000000 734.00000000 0.00000000 154.00000000
1400.00000000 981.00000000 1.00000000 153.00000000
1339.00000000 674.00000000 1.00000000 149.00000000
794.00000000 822.00000000 1.00000000 143.00000000
920.00000000 161.00000000 0.00000000 142.00000000
1501.00000000 635.00000000 0.00000000 140.00000000
913.00000000 265.00000000 0.00000000 136.00000000
1201.00000000 986.00000000 0.00000000 135.00000000
687.00000000 745.00000000 0.00000000 135.00000000
876.00000000 122.00000000 0.00000000 132.00000000
808.00000000 660.00000000 0.00000000 131.00000000
1395.00000000 917.00000000 0.00000000 129.00000000
415.00000000 756.00000000 0.00000000 129.00000000
914.00000000 827.00000000 0.00000000 126.00000000
760.00000000 581.00000000 0.00000000 126.00000000
431.00000000 864.00000000 0.00000000 125.00000000
1011.00000000 775.00000000 0.00000000 120.00000000
347.00000000 755.00000000 0.00000000 119.00000000
1154.00000000 424.00000000 0.00000000 119.00000000
624.00000000 568.00000000 0.00000000 117.00000000
1264.00000000 524.00000000 0.00000000 117.00000000
1156.00000000 934.00000000 0.00000000 114.00000000
899.00000000 138.00000000 0.00000000 114.00000000
728.00000000 362.00000000 0.00000000 113.00000000
1058.00000000 567.00000000 0.00000000 111.00000000
535.00000000 762.00000000 0.00000000 110.00000000
794.00000000 854.00000000 0.00000000 108.00000000
557.00000000 936.00000000 0.00000000 107.00000000
824.00000000 880.00000000 0.00000000 106.00000000
939.00000000 185.00000000 0.00000000 105.00000000
562.00000000 574.00000000 0.00000000 105.00000000
535.00000000 1005.00000000 0.00000000 105.00000000
470.00000000 769.00000000 0.00000000 104.00000000
270.00000000 826.00000000 0.00000000 104.00000000
905.00000000 248.00000000 0.00000000 104.00000000
562.00000000 518.00000000 0.00000000 104.00000000
883.00000000 764.00000000 0.00000000 103.00000000
137.00000000 220.00000000 0.00000000 102.00000000
868.00000000 161.00000000 0.00000000 99.00000000
788.00000000 95.00000000 0.00000000 98.00000000
917.00000000 859.00000000 0.00000000 97.00000000
550.00000000 782.00000000 0.00000000 97.00000000
959.00000000 210.00000000 0.00000000 97.00000000
526.00000000 892.00000000 0.00000000 95.00000000
389.00000000 613.00000000 0.00000000 95.00000000
865.00000000 268.00000000 0.00000000 94.00000000
144.00000000 551.00000000 0.00000000 94.00000000
738.00000000 151.00000000 0.00000000 93.00000000
581.00000000 1004.00000000 0.00000000 93.00000000
531.00000000 592.00000000 0.00000000 93.00000000
484.00000000 620.00000000 0.00000000 92.00000000
774.00000000 750.00000000 0.00000000 92.00000000
1169.00000000 992.00000000 0.00000000 91.00000000
567.00000000 759.00000000 0.00000000 90.00000000
663.00000000 569.00000000 0.00000000 89.00000000
879.00000000 844.00000000 0.00000000 89.00000000
762.00000000 835.00000000 0.00000000 89.00000000
582.00000000 952.00000000 0.00000000 88.00000000
801.00000000 448.00000000 0.00000000 88.00000000
523.00000000 784.00000000 0.00000000 87.00000000
378.00000000 697.00000000 0.00000000 87.00000000
