560.00000000 656.00000000 4.00000000 381.00000000
940.00000000 220.00000000 4.00000000 363.00000000
560.00000000 653.00000000 2.00000000 360.00000000
424.00000000 754.00000000 1.00000000 346.00000000
554.00000000 656.00000000 5.00000000 338.00000000
422.00000000 755.00000000 1.00000000 336.00000000
234.00000000 404.00000000 2.00000000 335.00000000
319.00000000 453.00000000 1.00000000 334.00000000
321.00000000 452.00000000 1.00000000 334.00000000
180.00000000 368.00000000 2.00000000 326.00000000
234.00000000 404.00000000 1.00000000 322.00000000
1488.00000000 682.00000000 2.00000000 321.00000000
1487.00000000 681.00000000 2.00000000 319.00000000
1182.00000000 721.00000000 2.00000000 317.00000000
231.00000000 407.00000000 2.00000000 316.00000000
876.00000000 522.00000000 2.00000000 298.00000000
181.00000000 367.00000000 1.00000000 286.00000000
898.00000000 490.00000000 2.00000000 278.00000000
560.00000000 652.00000000 2.00000000 277.00000000
236.00000000 404.00000000 1.00000000 277.00000000
401.00000000 756.00000000 1.00000000 265.00000000
134.00000000 338.00000000 2.00000000 263.00000000
1212.00000000 822.00000000 2.00000000 259.00000000
29.00000000 634.00000000 1.00000000 255.00000000
402.00000000 755.00000000 1.00000000 254.00000000
321.00000000 451.00000000 0.00000000 248.00000000
181.00000000 807.00000000 1.00000000 244.00000000
424.00000000 753.00000000 0.00000000 240.00000000
231.00000000 741.00000000 1.00000000 239.00000000
603.00000000 873.00000000 1.00000000 228.00000000
74.00000000 830.00000000 1.00000000 226.00000000
182.00000000 367.00000000 1.00000000 225.00000000
135.00000000 337.00000000 1.00000000 222.00000000
377.00000000 756.00000000 1.00000000 220.00000000
376.00000000 758.00000000 1.00000000 218.00000000
561.00000000 651.00000000 1.00000000 212.00000000
62.00000000 801.00000000 1.00000000 212.00000000
93.00000000 695.00000000 1.00000000 204.00000000
554.00000000 366.00000000 1.00000000 203.00000000
232.00000000 741.00000000 1.00000000 197.00000000
236.00000000 403.00000000 0.00000000 197.00000000
182.00000000 806.00000000 1.00000000 192.00000000
274.00000000 762.00000000 1.00000000 188.00000000
377.00000000 755.00000000 0.00000000 176.00000000
450.00000000 753.00000000 1.00000000 176.00000000
547.00000000 865.00000000 1.00000000 175.00000000
403.00000000 754.00000000 0.00000000 170.00000000
634.00000000 800.00000000 1.00000000 169.00000000
30.00000000 634.00000000 1.00000000 169.00000000
548.00000000 864.00000000 0.00000000 166.00000000
93.00000000 695.00000000 1.00000000 162.00000000
63.00000000 801.00000000 1.00000000 162.00000000
555.00000000 365.00000000 1.00000000 161.00000000
666.00000000 103.00000000 1.00000000 156.00000000
136.00000000 337.00000000 1.00000000 156.00000000
769.00000000 832.00000000 1.00000000 148.00000000
299.00000000 761.00000000 1.00000000 148.00000000
61.00000000 288.00000000 1.00000000 147.00000000
40.00000000 135.00000000 1.00000000 143.00000000
101.00000000 793.00000000 1.00000000 143.00000000
208.00000000 503.00000000 1.00000000 142.00000000
450.00000000 752.00000000 0.00000000 140.00000000
76.00000000 829.00000000 1.00000000 138.00000000
605.00000000 872.00000000 1.00000000 138.00000000
444.00000000 887.00000000 1.00000000 137.00000000
183.00000000 367.00000000 0.00000000 137.00000000
561.00000000 650.00000000 1.00000000 133.00000000
27.00000000 815.00000000 1.00000000 131.00000000
823.00000000 531.00000000 1.00000000 130.00000000
205.00000000 669.00000000 0.00000000 129.00000000
548.00000000 909.00000000 0.00000000 126.00000000
40.00000000 842.00000000 1.00000000 125.00000000
323.00000000 759.00000000 1.00000000 125.00000000
576.00000000 947.00000000 0.00000000 124.00000000
666.00000000 889.00000000 0.00000000 123.00000000
232.00000000 741.00000000 0.00000000 122.00000000
12.00000000 644.00000000 0.00000000 122.00000000
274.00000000 761.00000000 0.00000000 120.00000000
395.00000000 523.00000000 0.00000000 118.00000000
283.00000000 584.00000000 0.00000000 117.00000000
528.00000000 767.00000000 0.00000000 116.00000000
668.00000000 936.00000000 0.00000000 113.00000000
487.00000000 253.00000000 0.00000000 112.00000000
336.00000000 785.00000000 0.00000000 111.00000000
634.00000000 799.00000000 0.00000000 103.00000000
518.00000000 878.00000000 0.00000000 103.00000000
210.00000000 624.00000000 0.00000000 102.00000000
770.00000000 830.00000000 0.00000000 101.00000000
605.00000000 924.00000000 0.00000000 101.00000000
639.00000000 744.00000000 0.00000000 100.00000000
363.00000000 999.00000000 0.00000000 99.00000000
64.00000000 800.00000000 0.00000000 99.00000000
444.00000000 984.00000000 0.00000000 98.00000000
224.00000000 708.00000000 0.00000000 98.00000000
183.00000000 805.00000000 0.00000000 98.00000000
184.00000000 735.00000000 0.00000000 98.00000000
31.00000000 634.00000000 0.00000000 97.00000000
295.00000000 543.00000000 0.00000000 97.00000000
357.00000000 502.00000000 0.00000000 97.00000000
429.00000000 525.00000000 0.00000000 97.00000000
631.00000000 907.00000000 0.00000000 96.00000000
288.00000000 787.00000000 0.00000000 96.00000000
666.00000000 102.00000000 0.00000000 96.00000000
212.00000000 571.00000000 0.00000000 96.00000000
367.00000000 478.00000000 0.00000000 96.00000000
102.00000000 791.00000000 0.00000000 95.00000000
313.00000000 784.00000000 0.00000000 95.00000000
303.00000000 508.00000000 0.00000000 95.00000000
137.00000000 337.00000000 0.00000000 95.00000000
41.00000000 133.00000000 0.00000000 95.00000000
342.00000000 933.00000000 0.00000000 95.00000000
94.00000000 694.00000000 0.00000000 93.00000000
195.00000000 778.00000000 0.00000000 93.00000000
257.00000000 625.00000000 0.00000000 93.00000000
342.00000000 974.00000000 0.00000000 93.00000000
61.00000000 287.00000000 0.00000000 92.00000000
400.00000000 924.00000000 0.00000000 92.00000000
378.00000000 985.00000000 0.00000000 92.00000000
415.00000000 779.00000000 0.00000000 92.00000000
516.00000000 929.00000000 0.00000000 91.00000000
366.00000000 533.00000000 0.00000000 91.00000000
345.00000000 528.00000000 0.00000000 91.00000000
555.00000000 364.00000000 0.00000000 90.00000000
263.00000000 467.00000000 0.00000000 89.00000000
299.00000000 452.00000000 0.00000000 89.00000000
319.00000000 551.00000000 0.00000000 88.00000000
342.00000000 1008.00000000 0.00000000 88.00000000
