1428.00000000 817.00000000 2.00000000 333.00000000
825.00000000 248.00000000 5.00000000 325.00000000
1080.00000000 852.00000000 4.00000000 325.00000000
202.00000000 464.00000000 2.00000000 312.00000000
356.00000000 851.00000000 1.00000000 309.00000000
357.00000000 849.00000000 1.00000000 308.00000000
786.00000000 560.00000000 2.00000000 307.00000000
272.00000000 516.00000000 1.00000000 304.00000000
203.00000000 463.00000000 1.00000000 294.00000000
472.00000000 744.00000000 4.00000000 293.00000000
160.00000000 426.00000000 2.00000000 286.00000000
766.00000000 599.00000000 2.00000000 285.00000000
200.00000000 466.00000000 2.00000000 278.00000000
271.00000000 517.00000000 1.00000000 278.00000000
124.00000000 396.00000000 2.00000000 269.00000000
161.00000000 427.00000000 1.00000000 259.00000000
788.00000000 560.00000000 2.00000000 238.00000000
158.00000000 895.00000000 1.00000000 235.00000000
1430.00000000 816.00000000 2.00000000 234.00000000
468.00000000 424.00000000 2.00000000 233.00000000
336.00000000 851.00000000 1.00000000 233.00000000
204.00000000 464.00000000 1.00000000 230.00000000
766.00000000 596.00000000 2.00000000 224.00000000
125.00000000 395.00000000 1.00000000 224.00000000
199.00000000 825.00000000 1.00000000 222.00000000
162.00000000 426.00000000 1.00000000 220.00000000
356.00000000 852.00000000 2.00000000 212.00000000
42.00000000 707.00000000 1.00000000 209.00000000
272.00000000 515.00000000 0.00000000 208.00000000
357.00000000 849.00000000 0.00000000 206.00000000
67.00000000 346.00000000 1.00000000 206.00000000
74.00000000 913.00000000 1.00000000 202.00000000
338.00000000 850.00000000 1.00000000 197.00000000
91.00000000 771.00000000 1.00000000 193.00000000
317.00000000 850.00000000 1.00000000 190.00000000
469.00000000 420.00000000 1.00000000 186.00000000
315.00000000 851.00000000 1.00000000 185.00000000
463.00000000 982.00000000 1.00000000 183.00000000
200.00000000 825.00000000 1.00000000 180.00000000
159.00000000 893.00000000 1.00000000 179.00000000
377.00000000 851.00000000 1.00000000 177.00000000
513.00000000 995.00000000 1.00000000 176.00000000
462.00000000 984.00000000 1.00000000 172.00000000
379.00000000 849.00000000 1.00000000 166.00000000
205.00000000 463.00000000 0.00000000 159.00000000
76.00000000 912.00000000 1.00000000 153.00000000
540.00000000 913.00000000 1.00000000 152.00000000
232.00000000 851.00000000 1.00000000 149.00000000
463.00000000 981.00000000 0.00000000 149.00000000
127.00000000 395.00000000 1.00000000 146.00000000
69.00000000 345.00000000 1.00000000 143.00000000
162.00000000 425.00000000 0.00000000 142.00000000
470.00000000 418.00000000 1.00000000 142.00000000
666.00000000 958.00000000 1.00000000 134.00000000
29.00000000 716.00000000 1.00000000 133.00000000
96.00000000 875.00000000 1.00000000 132.00000000
98.00000000 370.00000000 1.00000000 132.00000000
182.00000000 570.00000000 1.00000000 130.00000000
374.00000000 999.00000000 1.00000000 130.00000000
43.00000000 706.00000000 1.00000000 127.00000000
317.00000000 849.00000000 0.00000000 126.00000000
545.00000000 850.00000000 1.00000000 126.00000000
67.00000000 882.00000000 1.00000000 126.00000000
53.00000000 760.00000000 1.00000000 124.00000000
379.00000000 848.00000000 0.00000000 123.00000000
338.00000000 849.00000000 0.00000000 123.00000000
570.00000000 119.00000000 1.00000000 121.00000000
253.00000000 851.00000000 1.00000000 117.00000000
160.00000000 893.00000000 0.00000000 114.00000000
40.00000000 741.00000000 1.00000000 114.00000000
972.00000000 536.00000000 1.00000000 114.00000000
178.00000000 748.00000000 0.00000000 113.00000000
545.00000000 849.00000000 0.00000000 111.00000000
57.00000000 565.00000000 1.00000000 110.00000000
241.00000000 659.00000000 0.00000000 110.00000000
333.00000000 593.00000000 0.00000000 107.00000000
219.00000000 702.00000000 0.00000000 102.00000000
29.00000000 714.00000000 0.00000000 102.00000000
91.00000000 770.00000000 0.00000000 99.00000000
200.00000000 825.00000000 0.00000000 99.00000000
540.00000000 912.00000000 0.00000000 97.00000000
265.00000000 878.00000000 0.00000000 97.00000000
96.00000000 873.00000000 0.00000000 96.00000000
251.00000000 614.00000000 0.00000000 94.00000000
233.00000000 850.00000000 0.00000000 94.00000000
350.00000000 878.00000000 0.00000000 93.00000000
437.00000000 994.00000000 0.00000000 93.00000000
70.00000000 345.00000000 0.00000000 90.00000000
257.00000000 576.00000000 0.00000000 90.00000000
205.00000000 652.00000000 0.00000000 90.00000000
310.00000000 544.00000000 0.00000000 90.00000000
127.00000000 395.00000000 0.00000000 90.00000000
202.00000000 879.00000000 0.00000000 89.00000000
374.00000000 998.00000000 0.00000000 89.00000000
219.00000000 575.00000000 0.00000000 88.00000000
283.00000000 880.00000000 0.00000000 88.00000000
243.00000000 880.00000000 0.00000000 88.00000000
411.00000000 296.00000000 0.00000000 87.00000000
254.00000000 516.00000000 0.00000000 87.00000000
214.00000000 740.00000000 0.00000000 86.00000000
270.00000000 623.00000000 0.00000000 85.00000000
309.00000000 605.00000000 0.00000000 85.00000000
67.00000000 881.00000000 0.00000000 84.00000000
325.00000000 561.00000000 0.00000000 84.00000000
193.00000000 791.00000000 0.00000000 84.00000000
181.00000000 700.00000000 0.00000000 83.00000000
447.00000000 870.00000000 0.00000000 83.00000000
301.00000000 570.00000000 0.00000000 82.00000000
292.00000000 599.00000000 0.00000000 82.00000000
184.00000000 644.00000000 0.00000000 82.00000000
53.00000000 759.00000000 0.00000000 81.00000000
522.00000000 881.00000000 0.00000000 81.00000000
318.00000000 584.00000000 0.00000000 81.00000000
362.00000000 597.00000000 0.00000000 81.00000000
56.00000000 564.00000000 0.00000000 80.00000000
307.00000000 878.00000000 0.00000000 80.00000000
222.00000000 654.00000000 0.00000000 79.00000000
169.00000000 864.00000000 0.00000000 79.00000000
40.00000000 894.00000000 0.00000000 79.00000000
470.00000000 417.00000000 0.00000000 78.00000000
182.00000000 569.00000000 0.00000000 78.00000000
223.00000000 879.00000000 0.00000000 78.00000000
161.00000000 818.00000000 0.00000000 77.00000000
76.00000000 911.00000000 0.00000000 77.00000000
569.00000000 118.00000000 0.00000000 76.00000000
598.00000000 861.00000000 0.00000000 75.00000000
98.00000000 369.00000000 0.00000000 75.00000000
