690.00000000 675.00000000 2.00000000 401.00000000
688.00000000 676.00000000 4.00000000 395.00000000
690.00000000 678.00000000 5.00000000 376.00000000
1056.00000000 308.00000000 4.00000000 372.00000000
342.00000000 458.00000000 1.00000000 358.00000000
437.00000000 501.00000000 1.00000000 348.00000000
549.00000000 769.00000000 1.00000000 341.00000000
692.00000000 676.00000000 2.00000000 333.00000000
340.00000000 458.00000000 2.00000000 329.00000000
548.00000000 770.00000000 1.00000000 329.00000000
343.00000000 457.00000000 1.00000000 321.00000000
277.00000000 427.00000000 2.00000000 320.00000000
1001.00000000 562.00000000 2.00000000 318.00000000
681.00000000 429.00000000 2.00000000 315.00000000
1002.00000000 560.00000000 2.00000000 311.00000000
280.00000000 426.00000000 2.00000000 310.00000000
104.00000000 674.00000000 2.00000000 295.00000000
435.00000000 502.00000000 1.00000000 295.00000000
682.00000000 428.00000000 2.00000000 289.00000000
644.00000000 582.00000000 2.00000000 287.00000000
281.00000000 424.00000000 1.00000000 283.00000000
1310.00000000 794.00000000 2.00000000 261.00000000
736.00000000 865.00000000 1.00000000 254.00000000
550.00000000 767.00000000 0.00000000 253.00000000
437.00000000 500.00000000 0.00000000 252.00000000
524.00000000 772.00000000 1.00000000 250.00000000
106.00000000 673.00000000 1.00000000 239.00000000
1309.00000000 794.00000000 1.00000000 238.00000000
340.00000000 764.00000000 1.00000000 234.00000000
281.00000000 828.00000000 1.00000000 234.00000000
526.00000000 770.00000000 1.00000000 232.00000000
691.00000000 674.00000000 1.00000000 232.00000000
339.00000000 765.00000000 1.00000000 231.00000000
683.00000000 425.00000000 1.00000000 226.00000000
145.00000000 828.00000000 1.00000000 226.00000000
643.00000000 581.00000000 1.00000000 222.00000000
499.00000000 772.00000000 1.00000000 221.00000000
282.00000000 424.00000000 1.00000000 218.00000000
343.00000000 456.00000000 0.00000000 212.00000000
497.00000000 774.00000000 1.00000000 210.00000000
800.00000000 76.00000000 1.00000000 203.00000000
386.00000000 782.00000000 1.00000000 183.00000000
577.00000000 766.00000000 1.00000000 178.00000000
499.00000000 772.00000000 0.00000000 176.00000000
738.00000000 864.00000000 1.00000000 174.00000000
679.00000000 861.00000000 1.00000000 173.00000000
283.00000000 827.00000000 1.00000000 171.00000000
684.00000000 424.00000000 1.00000000 169.00000000
526.00000000 770.00000000 0.00000000 167.00000000
85.00000000 683.00000000 1.00000000 163.00000000
794.00000000 200.00000000 1.00000000 159.00000000
146.00000000 828.00000000 1.00000000 158.00000000
680.00000000 860.00000000 0.00000000 158.00000000
119.00000000 207.00000000 1.00000000 156.00000000
340.00000000 763.00000000 0.00000000 156.00000000
644.00000000 580.00000000 1.00000000 156.00000000
692.00000000 673.00000000 1.00000000 155.00000000
801.00000000 75.00000000 1.00000000 151.00000000
1310.00000000 793.00000000 1.00000000 150.00000000
230.00000000 396.00000000 1.00000000 150.00000000
951.00000000 565.00000000 1.00000000 143.00000000
190.00000000 818.00000000 1.00000000 141.00000000
414.00000000 780.00000000 1.00000000 140.00000000
767.00000000 800.00000000 1.00000000 140.00000000
577.00000000 765.00000000 0.00000000 139.00000000
572.00000000 886.00000000 1.00000000 135.00000000
181.00000000 727.00000000 1.00000000 134.00000000
312.00000000 547.00000000 1.00000000 133.00000000
1496.00000000 664.00000000 1.00000000 132.00000000
107.00000000 673.00000000 1.00000000 129.00000000
900.00000000 822.00000000 1.00000000 128.00000000
284.00000000 760.00000000 0.00000000 126.00000000
709.00000000 931.00000000 0.00000000 121.00000000
680.00000000 900.00000000 0.00000000 120.00000000
282.00000000 424.00000000 0.00000000 119.00000000
518.00000000 563.00000000 0.00000000 117.00000000
659.00000000 776.00000000 0.00000000 112.00000000
387.00000000 780.00000000 0.00000000 111.00000000
613.00000000 326.00000000 0.00000000 107.00000000
767.00000000 799.00000000 0.00000000 106.00000000
649.00000000 873.00000000 0.00000000 105.00000000
309.00000000 699.00000000 0.00000000 104.00000000
86.00000000 682.00000000 0.00000000 103.00000000
572.00000000 885.00000000 0.00000000 102.00000000
800.00000000 876.00000000 0.00000000 102.00000000
620.00000000 981.00000000 0.00000000 101.00000000
554.00000000 565.00000000 0.00000000 100.00000000
463.00000000 569.00000000 0.00000000 100.00000000
463.00000000 970.00000000 0.00000000 99.00000000
765.00000000 893.00000000 0.00000000 99.00000000
900.00000000 820.00000000 0.00000000 99.00000000
794.00000000 200.00000000 0.00000000 99.00000000
738.00000000 909.00000000 0.00000000 99.00000000
485.00000000 991.00000000 0.00000000 97.00000000
648.00000000 919.00000000 0.00000000 97.00000000
396.00000000 620.00000000 0.00000000 96.00000000
1058.00000000 383.00000000 0.00000000 95.00000000
525.00000000 921.00000000 0.00000000 95.00000000
463.00000000 507.00000000 0.00000000 95.00000000
436.00000000 589.00000000 0.00000000 94.00000000
118.00000000 206.00000000 0.00000000 93.00000000
231.00000000 395.00000000 0.00000000 93.00000000
463.00000000 933.00000000 0.00000000 93.00000000
455.00000000 800.00000000 0.00000000 92.00000000
410.00000000 582.00000000 0.00000000 92.00000000
283.00000000 826.00000000 0.00000000 91.00000000
644.00000000 580.00000000 0.00000000 91.00000000
1309.00000000 791.00000000 0.00000000 90.00000000
127.00000000 543.00000000 0.00000000 90.00000000
431.00000000 800.00000000 0.00000000 89.00000000
532.00000000 545.00000000 0.00000000 89.00000000
685.00000000 422.00000000 0.00000000 88.00000000
772.00000000 751.00000000 0.00000000 88.00000000
147.00000000 827.00000000 0.00000000 87.00000000
502.00000000 939.00000000 0.00000000 87.00000000
434.00000000 919.00000000 0.00000000 87.00000000
487.00000000 523.00000000 0.00000000 87.00000000
190.00000000 817.00000000 0.00000000 86.00000000
669.00000000 10.00000000 0.00000000 86.00000000
403.00000000 803.00000000 0.00000000 85.00000000
478.00000000 545.00000000 0.00000000 84.00000000
462.00000000 1001.00000000 0.00000000 83.00000000
317.00000000 610.00000000 0.00000000 83.00000000
541.00000000 791.00000000 0.00000000 83.00000000
312.00000000 547.00000000 0.00000000 83.00000000
487.00000000 573.00000000 0.00000000 82.00000000
692.00000000 672.00000000 0.00000000 82.00000000
