597.00000000 483.00000000 1.00000000 634.00000000
574.00000000 552.00000000 1.00000000 614.00000000
260.00000000 280.00000000 1.00000000 589.00000000
640.00000000 338.00000000 2.00000000 584.00000000
640.00000000 335.00000000 1.00000000 573.00000000
639.00000000 339.00000000 2.00000000 552.00000000
574.00000000 552.00000000 1.00000000 550.00000000
369.00000000 296.00000000 1.00000000 528.00000000
639.00000000 334.00000000 0.00000000 520.00000000
370.00000000 295.00000000 1.00000000 518.00000000
640.00000000 336.00000000 1.00000000 497.00000000
260.00000000 280.00000000 0.00000000 475.00000000
370.00000000 294.00000000 0.00000000 475.00000000
370.00000000 298.00000000 2.00000000 460.00000000
258.00000000 280.00000000 1.00000000 451.00000000
597.00000000 482.00000000 0.00000000 438.00000000
596.00000000 483.00000000 1.00000000 408.00000000
574.00000000 550.00000000 0.00000000 396.00000000
760.00000000 376.00000000 1.00000000 396.00000000
738.00000000 373.00000000 1.00000000 395.00000000
622.00000000 90.00000000 5.00000000 388.00000000
739.00000000 372.00000000 1.00000000 387.00000000
628.00000000 92.00000000 4.00000000 378.00000000
211.00000000 349.00000000 1.00000000 370.00000000
625.00000000 84.00000000 2.00000000 360.00000000
561.00000000 1002.00000000 1.00000000 354.00000000
370.00000000 296.00000000 2.00000000 352.00000000
561.00000000 1002.00000000 1.00000000 349.00000000
762.00000000 375.00000000 1.00000000 341.00000000
628.00000000 148.00000000 4.00000000 330.00000000
208.00000000 292.00000000 1.00000000 324.00000000
783.00000000 497.00000000 1.00000000 323.00000000
207.00000000 292.00000000 0.00000000 321.00000000
739.00000000 371.00000000 0.00000000 316.00000000
729.00000000 21.00000000 0.00000000 315.00000000
218.00000000 314.00000000 2.00000000 311.00000000
789.00000000 882.00000000 0.00000000 308.00000000
574.00000000 358.00000000 2.00000000 301.00000000
376.00000000 690.00000000 1.00000000 301.00000000
684.00000000 517.00000000 2.00000000 297.00000000
253.00000000 322.00000000 1.00000000 294.00000000
778.00000000 851.00000000 0.00000000 291.00000000
613.00000000 861.00000000 0.00000000 290.00000000
780.00000000 883.00000000 0.00000000 290.00000000
248.00000000 25.00000000 1.00000000 288.00000000
789.00000000 905.00000000 0.00000000 286.00000000
793.00000000 893.00000000 0.00000000 286.00000000
760.00000000 533.00000000 0.00000000 284.00000000
272.00000000 1044.00000000 2.00000000 284.00000000
574.00000000 878.00000000 1.00000000 283.00000000
614.00000000 862.00000000 1.00000000 283.00000000
793.00000000 51.00000000 1.00000000 283.00000000
783.00000000 496.00000000 0.00000000 279.00000000
260.00000000 96.00000000 0.00000000 278.00000000
210.00000000 349.00000000 1.00000000 278.00000000
735.00000000 568.00000000 0.00000000 277.00000000
342.00000000 1007.00000000 1.00000000 276.00000000
211.00000000 347.00000000 0.00000000 276.00000000
253.00000000 322.00000000 1.00000000 276.00000000
276.00000000 1039.00000000 1.00000000 275.00000000
252.00000000 320.00000000 2.00000000 275.00000000
376.00000000 690.00000000 2.00000000 275.00000000
335.00000000 572.00000000 0.00000000 273.00000000
626.00000000 154.00000000 2.00000000 272.00000000
734.00000000 400.00000000 1.00000000 271.00000000
275.00000000 1040.00000000 1.00000000 269.00000000
643.00000000 684.00000000 1.00000000 269.00000000
643.00000000 685.00000000 1.00000000 268.00000000
782.00000000 378.00000000 1.00000000 265.00000000
759.00000000 534.00000000 1.00000000 263.00000000
761.00000000 912.00000000 1.00000000 261.00000000
225.00000000 659.00000000 1.00000000 261.00000000
762.00000000 910.00000000 0.00000000 260.00000000
369.00000000 158.00000000 0.00000000 256.00000000
782.00000000 380.00000000 1.00000000 255.00000000
330.00000000 579.00000000 0.00000000 255.00000000
297.00000000 1019.00000000 1.00000000 254.00000000
254.00000000 321.00000000 0.00000000 254.00000000
193.00000000 92.00000000 1.00000000 253.00000000
621.00000000 944.00000000 1.00000000 253.00000000
368.00000000 158.00000000 1.00000000 252.00000000
762.00000000 374.00000000 0.00000000 250.00000000
574.00000000 877.00000000 0.00000000 249.00000000
311.00000000 41.00000000 1.00000000 248.00000000
582.00000000 885.00000000 0.00000000 247.00000000
778.00000000 851.00000000 1.00000000 246.00000000
282.00000000 1023.00000000 1.00000000 245.00000000
604.00000000 899.00000000 0.00000000 244.00000000
220.00000000 671.00000000 0.00000000 243.00000000
582.00000000 886.00000000 1.00000000 239.00000000
352.00000000 1011.00000000 0.00000000 239.00000000
581.00000000 522.00000000 1.00000000 238.00000000
193.00000000 91.00000000 0.00000000 237.00000000
827.00000000 647.00000000 0.00000000 235.00000000
824.00000000 356.00000000 0.00000000 234.00000000
323.00000000 509.00000000 1.00000000 233.00000000
733.00000000 400.00000000 0.00000000 230.00000000
643.00000000 685.00000000 0.00000000 227.00000000
741.00000000 628.00000000 0.00000000 225.00000000
566.00000000 566.00000000 0.00000000 225.00000000
516.00000000 878.00000000 0.00000000 223.00000000
331.00000000 887.00000000 0.00000000 222.00000000
267.00000000 431.00000000 0.00000000 216.00000000
581.00000000 522.00000000 0.00000000 215.00000000
544.00000000 956.00000000 0.00000000 212.00000000
782.00000000 378.00000000 0.00000000 211.00000000
601.00000000 1033.00000000 0.00000000 210.00000000
781.00000000 908.00000000 0.00000000 210.00000000
231.00000000 324.00000000 0.00000000 209.00000000
748.00000000 567.00000000 0.00000000 208.00000000
342.00000000 1007.00000000 0.00000000 207.00000000
717.00000000 367.00000000 0.00000000 206.00000000
523.00000000 1045.00000000 0.00000000 205.00000000
793.00000000 50.00000000 0.00000000 205.00000000
626.00000000 158.00000000 0.00000000 203.00000000
352.00000000 1000.00000000 0.00000000 203.00000000
376.00000000 692.00000000 0.00000000 202.00000000
589.00000000 494.00000000 0.00000000 198.00000000
344.00000000 333.00000000 0.00000000 197.00000000
323.00000000 573.00000000 0.00000000 196.00000000
619.00000000 903.00000000 0.00000000 196.00000000
558.00000000 837.00000000 0.00000000 194.00000000
333.00000000 433.00000000 0.00000000 192.00000000
311.00000000 1014.00000000 0.00000000 192.00000000
366.00000000 58.00000000 0.00000000 191.00000000
282.00000000 1023.00000000 0.00000000 190.00000000
253.00000000 1031.00000000 0.00000000 190.00000000
