633.00000000 298.00000000 1.00000000 550.00000000
579.00000000 518.00000000 1.00000000 527.00000000
632.00000000 297.00000000 0.00000000 525.00000000
598.00000000 448.00000000 1.00000000 508.00000000
395.00000000 241.00000000 1.00000000 493.00000000
396.00000000 240.00000000 1.00000000 474.00000000
579.00000000 519.00000000 1.00000000 461.00000000
396.00000000 242.00000000 2.00000000 452.00000000
396.00000000 239.00000000 0.00000000 435.00000000
598.00000000 447.00000000 0.00000000 432.00000000
730.00000000 343.00000000 1.00000000 419.00000000
712.00000000 339.00000000 1.00000000 418.00000000
579.00000000 517.00000000 0.00000000 417.00000000
632.00000000 300.00000000 2.00000000 407.00000000
220.00000000 29.00000000 1.00000000 401.00000000
712.00000000 339.00000000 0.00000000 384.00000000
632.00000000 298.00000000 1.00000000 381.00000000
572.00000000 975.00000000 1.00000000 373.00000000
238.00000000 226.00000000 1.00000000 373.00000000
395.00000000 243.00000000 2.00000000 363.00000000
578.00000000 318.00000000 2.00000000 362.00000000
744.00000000 808.00000000 0.00000000 359.00000000
729.00000000 345.00000000 1.00000000 357.00000000
711.00000000 340.00000000 1.00000000 346.00000000
220.00000000 28.00000000 0.00000000 341.00000000
480.00000000 842.00000000 5.00000000 327.00000000
598.00000000 449.00000000 1.00000000 321.00000000
243.00000000 291.00000000 1.00000000 320.00000000
572.00000000 533.00000000 0.00000000 319.00000000
746.00000000 463.00000000 0.00000000 319.00000000
592.00000000 459.00000000 0.00000000 309.00000000
670.00000000 483.00000000 2.00000000 308.00000000
731.00000000 342.00000000 0.00000000 305.00000000
238.00000000 225.00000000 0.00000000 305.00000000
678.00000000 842.00000000 2.00000000 301.00000000
284.00000000 263.00000000 1.00000000 297.00000000
670.00000000 415.00000000 2.00000000 295.00000000
571.00000000 977.00000000 1.00000000 295.00000000
618.00000000 38.00000000 2.00000000 292.00000000
762.00000000 942.00000000 2.00000000 290.00000000
637.00000000 651.00000000 1.00000000 290.00000000
670.00000000 484.00000000 2.00000000 286.00000000
728.00000000 500.00000000 0.00000000 285.00000000
241.00000000 291.00000000 1.00000000 284.00000000
480.00000000 840.00000000 4.00000000 281.00000000
582.00000000 849.00000000 1.00000000 279.00000000
637.00000000 652.00000000 1.00000000 279.00000000
406.00000000 666.00000000 2.00000000 279.00000000
680.00000000 776.00000000 4.00000000 279.00000000
407.00000000 667.00000000 1.00000000 276.00000000
624.00000000 1008.00000000 2.00000000 275.00000000
745.00000000 347.00000000 0.00000000 269.00000000
284.00000000 263.00000000 1.00000000 265.00000000
619.00000000 871.00000000 0.00000000 262.00000000
262.00000000 264.00000000 0.00000000 261.00000000
621.00000000 910.00000000 1.00000000 261.00000000
753.00000000 24.00000000 1.00000000 260.00000000
694.00000000 336.00000000 1.00000000 259.00000000
619.00000000 871.00000000 1.00000000 259.00000000
637.00000000 653.00000000 0.00000000 255.00000000
589.00000000 856.00000000 0.00000000 254.00000000
318.00000000 1047.00000000 1.00000000 253.00000000
581.00000000 848.00000000 0.00000000 251.00000000
585.00000000 489.00000000 1.00000000 251.00000000
362.00000000 548.00000000 0.00000000 251.00000000
628.00000000 615.00000000 0.00000000 247.00000000
747.00000000 464.00000000 1.00000000 247.00000000
262.00000000 638.00000000 1.00000000 246.00000000
220.00000000 29.00000000 1.00000000 244.00000000
284.00000000 261.00000000 0.00000000 244.00000000
338.00000000 1024.00000000 1.00000000 241.00000000
380.00000000 1004.00000000 1.00000000 240.00000000
389.00000000 1007.00000000 0.00000000 240.00000000
393.00000000 90.00000000 0.00000000 239.00000000
620.00000000 111.00000000 1.00000000 238.00000000
763.00000000 941.00000000 1.00000000 234.00000000
527.00000000 366.00000000 1.00000000 231.00000000
585.00000000 489.00000000 0.00000000 231.00000000
366.00000000 541.00000000 0.00000000 231.00000000
745.00000000 348.00000000 1.00000000 231.00000000
572.00000000 534.00000000 1.00000000 228.00000000
728.00000000 501.00000000 1.00000000 225.00000000
751.00000000 219.00000000 1.00000000 224.00000000
602.00000000 326.00000000 1.00000000 224.00000000
746.00000000 647.00000000 1.00000000 224.00000000
324.00000000 1030.00000000 1.00000000 223.00000000
379.00000000 1002.00000000 0.00000000 222.00000000
750.00000000 219.00000000 1.00000000 222.00000000
694.00000000 336.00000000 1.00000000 221.00000000
714.00000000 593.00000000 0.00000000 221.00000000
407.00000000 668.00000000 1.00000000 220.00000000
753.00000000 24.00000000 0.00000000 215.00000000
258.00000000 652.00000000 0.00000000 213.00000000
578.00000000 497.00000000 0.00000000 213.00000000
607.00000000 868.00000000 0.00000000 212.00000000
557.00000000 930.00000000 0.00000000 212.00000000
288.00000000 10.00000000 0.00000000 212.00000000
300.00000000 386.00000000 0.00000000 211.00000000
709.00000000 534.00000000 0.00000000 206.00000000
242.00000000 289.00000000 0.00000000 206.00000000
745.00000000 839.00000000 0.00000000 206.00000000
695.00000000 335.00000000 0.00000000 205.00000000
755.00000000 847.00000000 0.00000000 199.00000000
731.00000000 866.00000000 0.00000000 196.00000000
533.00000000 854.00000000 0.00000000 195.00000000
615.00000000 830.00000000 0.00000000 195.00000000
572.00000000 975.00000000 0.00000000 195.00000000
591.00000000 467.00000000 0.00000000 194.00000000
244.00000000 216.00000000 0.00000000 193.00000000
627.00000000 543.00000000 0.00000000 193.00000000
263.00000000 637.00000000 0.00000000 192.00000000
544.00000000 943.00000000 0.00000000 192.00000000
717.00000000 465.00000000 0.00000000 192.00000000
371.00000000 280.00000000 0.00000000 191.00000000
620.00000000 935.00000000 0.00000000 190.00000000
513.00000000 586.00000000 0.00000000 189.00000000
323.00000000 1030.00000000 0.00000000 187.00000000
527.00000000 366.00000000 0.00000000 186.00000000
407.00000000 669.00000000 0.00000000 182.00000000
708.00000000 367.00000000 0.00000000 182.00000000
366.00000000 267.00000000 0.00000000 181.00000000
389.00000000 996.00000000 0.00000000 179.00000000
273.00000000 239.00000000 0.00000000 179.00000000
552.00000000 823.00000000 0.00000000 178.00000000
762.00000000 349.00000000 0.00000000 177.00000000
604.00000000 830.00000000 0.00000000 177.00000000
747.00000000 645.00000000 0.00000000 177.00000000
