381.00000000 319.00000000 2.00000000 572.00000000
335.00000000 511.00000000 1.00000000 570.00000000
336.00000000 510.00000000 1.00000000 566.00000000
715.00000000 226.00000000 2.00000000 543.00000000
145.00000000 373.00000000 1.00000000 539.00000000
714.00000000 224.00000000 2.00000000 538.00000000
312.00000000 595.00000000 1.00000000 535.00000000
714.00000000 222.00000000 1.00000000 513.00000000
380.00000000 316.00000000 2.00000000 511.00000000
714.00000000 220.00000000 1.00000000 508.00000000
381.00000000 313.00000000 1.00000000 503.00000000
380.00000000 315.00000000 1.00000000 502.00000000
145.00000000 372.00000000 1.00000000 488.00000000
146.00000000 374.00000000 2.00000000 486.00000000
312.00000000 593.00000000 1.00000000 485.00000000
714.00000000 219.00000000 0.00000000 465.00000000
562.00000000 611.00000000 0.00000000 451.00000000
380.00000000 324.00000000 4.00000000 431.00000000
381.00000000 312.00000000 0.00000000 426.00000000
145.00000000 370.00000000 0.00000000 411.00000000
720.00000000 228.00000000 4.00000000 404.00000000
144.00000000 376.00000000 2.00000000 392.00000000
335.00000000 509.00000000 0.00000000 382.00000000
308.00000000 370.00000000 2.00000000 378.00000000
678.00000000 473.00000000 0.00000000 375.00000000
366.00000000 976.00000000 1.00000000 362.00000000
132.00000000 135.00000000 2.00000000 355.00000000
572.00000000 304.00000000 2.00000000 343.00000000
312.00000000 592.00000000 0.00000000 341.00000000
530.00000000 312.00000000 1.00000000 340.00000000
561.00000000 613.00000000 1.00000000 339.00000000
530.00000000 314.00000000 2.00000000 336.00000000
627.00000000 493.00000000 1.00000000 330.00000000
540.00000000 630.00000000 0.00000000 327.00000000
678.00000000 473.00000000 1.00000000 326.00000000
680.00000000 434.00000000 0.00000000 323.00000000
532.00000000 311.00000000 1.00000000 322.00000000
614.00000000 300.00000000 2.00000000 321.00000000
524.00000000 357.00000000 1.00000000 313.00000000
342.00000000 339.00000000 1.00000000 310.00000000
312.00000000 349.00000000 1.00000000 305.00000000
581.00000000 560.00000000 1.00000000 305.00000000
367.00000000 950.00000000 5.00000000 304.00000000
525.00000000 360.00000000 1.00000000 302.00000000
695.00000000 253.00000000 0.00000000 299.00000000
312.00000000 348.00000000 2.00000000 297.00000000
740.00000000 762.00000000 1.00000000 293.00000000
365.00000000 975.00000000 0.00000000 289.00000000
312.00000000 349.00000000 1.00000000 287.00000000
398.00000000 763.00000000 1.00000000 281.00000000
328.00000000 525.00000000 0.00000000 277.00000000
159.00000000 721.00000000 1.00000000 273.00000000
536.00000000 614.00000000 1.00000000 272.00000000
625.00000000 418.00000000 0.00000000 272.00000000
739.00000000 762.00000000 1.00000000 269.00000000
284.00000000 353.00000000 1.00000000 266.00000000
535.00000000 613.00000000 1.00000000 264.00000000
628.00000000 306.00000000 0.00000000 264.00000000
306.00000000 610.00000000 0.00000000 261.00000000
652.00000000 1086.00000000 0.00000000 255.00000000
645.00000000 994.00000000 0.00000000 254.00000000
695.00000000 253.00000000 1.00000000 251.00000000
140.00000000 251.00000000 0.00000000 251.00000000
305.00000000 611.00000000 1.00000000 250.00000000
618.00000000 292.00000000 1.00000000 249.00000000
640.00000000 1047.00000000 1.00000000 244.00000000
632.00000000 509.00000000 0.00000000 241.00000000
676.00000000 296.00000000 0.00000000 239.00000000
322.00000000 972.00000000 1.00000000 234.00000000
549.00000000 707.00000000 1.00000000 233.00000000
740.00000000 762.00000000 0.00000000 233.00000000
328.00000000 525.00000000 1.00000000 232.00000000
399.00000000 765.00000000 1.00000000 228.00000000
623.00000000 697.00000000 0.00000000 224.00000000
532.00000000 310.00000000 0.00000000 222.00000000
584.00000000 572.00000000 0.00000000 222.00000000
545.00000000 395.00000000 0.00000000 222.00000000
625.00000000 419.00000000 1.00000000 219.00000000
254.00000000 438.00000000 1.00000000 216.00000000
321.00000000 492.00000000 0.00000000 215.00000000
140.00000000 251.00000000 1.00000000 214.00000000
652.00000000 1087.00000000 1.00000000 213.00000000
331.00000000 988.00000000 1.00000000 209.00000000
159.00000000 722.00000000 1.00000000 208.00000000
357.00000000 100.00000000 1.00000000 207.00000000
369.00000000 986.00000000 0.00000000 206.00000000
678.00000000 1096.00000000 0.00000000 204.00000000
680.00000000 435.00000000 1.00000000 203.00000000
107.00000000 407.00000000 0.00000000 202.00000000
242.00000000 662.00000000 1.00000000 199.00000000
300.00000000 1079.00000000 0.00000000 199.00000000
320.00000000 559.00000000 1.00000000 199.00000000
607.00000000 475.00000000 0.00000000 197.00000000
342.00000000 339.00000000 1.00000000 197.00000000
376.00000000 1111.00000000 0.00000000 193.00000000
242.00000000 662.00000000 0.00000000 193.00000000
581.00000000 286.00000000 0.00000000 192.00000000
524.00000000 361.00000000 0.00000000 192.00000000
618.00000000 292.00000000 0.00000000 190.00000000
352.00000000 968.00000000 0.00000000 189.00000000
597.00000000 482.00000000 0.00000000 188.00000000
339.00000000 528.00000000 0.00000000 188.00000000
352.00000000 1061.00000000 0.00000000 187.00000000
659.00000000 1042.00000000 0.00000000 186.00000000
518.00000000 563.00000000 0.00000000 186.00000000
399.00000000 765.00000000 0.00000000 182.00000000
254.00000000 438.00000000 0.00000000 181.00000000
691.00000000 261.00000000 0.00000000 180.00000000
671.00000000 1111.00000000 0.00000000 179.00000000
641.00000000 1047.00000000 0.00000000 179.00000000
504.00000000 321.00000000 0.00000000 176.00000000
586.00000000 627.00000000 0.00000000 175.00000000
604.00000000 270.00000000 0.00000000 175.00000000
625.00000000 276.00000000 0.00000000 175.00000000
159.00000000 722.00000000 0.00000000 174.00000000
288.00000000 1086.00000000 0.00000000 172.00000000
321.00000000 971.00000000 0.00000000 172.00000000
311.00000000 1093.00000000 0.00000000 170.00000000
539.00000000 398.00000000 0.00000000 168.00000000
359.00000000 403.00000000 0.00000000 168.00000000
66.00000000 448.00000000 0.00000000 168.00000000
320.00000000 560.00000000 0.00000000 168.00000000
260.00000000 483.00000000 0.00000000 167.00000000
601.00000000 1052.00000000 0.00000000 166.00000000
605.00000000 492.00000000 0.00000000 165.00000000
231.00000000 365.00000000 0.00000000 165.00000000
536.00000000 615.00000000 0.00000000 165.00000000
