552.00000000 520.00000000 1.00000000 673.00000000
526.00000000 586.00000000 1.00000000 598.00000000
599.00000000 381.00000000 2.00000000 581.00000000
600.00000000 382.00000000 2.00000000 562.00000000
316.00000000 120.00000000 4.00000000 555.00000000
525.00000000 585.00000000 1.00000000 551.00000000
317.00000000 358.00000000 1.00000000 549.00000000
600.00000000 378.00000000 1.00000000 546.00000000
316.00000000 357.00000000 1.00000000 542.00000000
600.00000000 377.00000000 0.00000000 526.00000000
819.00000000 389.00000000 1.00000000 524.00000000
599.00000000 379.00000000 1.00000000 518.00000000
552.00000000 520.00000000 0.00000000 509.00000000
818.00000000 390.00000000 1.00000000 494.00000000
317.00000000 357.00000000 0.00000000 489.00000000
819.00000000 388.00000000 0.00000000 488.00000000
311.00000000 118.00000000 5.00000000 455.00000000
316.00000000 360.00000000 2.00000000 447.00000000
584.00000000 148.00000000 4.00000000 445.00000000
551.00000000 520.00000000 1.00000000 442.00000000
741.00000000 411.00000000 1.00000000 426.00000000
714.00000000 410.00000000 1.00000000 411.00000000
506.00000000 1015.00000000 1.00000000 396.00000000
447.00000000 263.00000000 0.00000000 388.00000000
448.00000000 263.00000000 1.00000000 377.00000000
705.00000000 68.00000000 0.00000000 376.00000000
709.00000000 437.00000000 1.00000000 375.00000000
774.00000000 920.00000000 0.00000000 372.00000000
567.00000000 883.00000000 0.00000000 371.00000000
526.00000000 585.00000000 0.00000000 362.00000000
780.00000000 932.00000000 1.00000000 362.00000000
206.00000000 76.00000000 1.00000000 361.00000000
585.00000000 147.00000000 2.00000000 359.00000000
165.00000000 363.00000000 0.00000000 356.00000000
567.00000000 884.00000000 1.00000000 354.00000000
715.00000000 409.00000000 1.00000000 350.00000000
168.00000000 412.00000000 1.00000000 350.00000000
532.00000000 905.00000000 1.00000000 349.00000000
507.00000000 1014.00000000 1.00000000 347.00000000
313.00000000 118.00000000 2.00000000 341.00000000
206.00000000 76.00000000 2.00000000 341.00000000
280.00000000 993.00000000 1.00000000 328.00000000
769.00000000 531.00000000 1.00000000 323.00000000
206.00000000 134.00000000 1.00000000 321.00000000
764.00000000 921.00000000 0.00000000 318.00000000
585.00000000 87.00000000 2.00000000 315.00000000
710.00000000 602.00000000 0.00000000 312.00000000
774.00000000 945.00000000 0.00000000 311.00000000
168.00000000 410.00000000 0.00000000 309.00000000
726.00000000 601.00000000 0.00000000 307.00000000
780.00000000 931.00000000 0.00000000 306.00000000
814.00000000 174.00000000 2.00000000 304.00000000
781.00000000 88.00000000 1.00000000 302.00000000
208.00000000 75.00000000 1.00000000 302.00000000
741.00000000 947.00000000 1.00000000 302.00000000
709.00000000 436.00000000 0.00000000 300.00000000
765.00000000 946.00000000 0.00000000 298.00000000
814.00000000 118.00000000 2.00000000 297.00000000
742.00000000 410.00000000 1.00000000 296.00000000
318.00000000 708.00000000 1.00000000 294.00000000
506.00000000 1018.00000000 2.00000000 292.00000000
781.00000000 86.00000000 0.00000000 292.00000000
574.00000000 964.00000000 1.00000000 291.00000000
715.00000000 408.00000000 0.00000000 290.00000000
280.00000000 603.00000000 0.00000000 289.00000000
766.00000000 414.00000000 1.00000000 287.00000000
777.00000000 908.00000000 0.00000000 286.00000000
277.00000000 19.00000000 1.00000000 284.00000000
774.00000000 921.00000000 1.00000000 284.00000000
466.00000000 1050.00000000 0.00000000 283.00000000
523.00000000 896.00000000 1.00000000 283.00000000
174.00000000 382.00000000 2.00000000 282.00000000
775.00000000 945.00000000 1.00000000 282.00000000
263.00000000 141.00000000 1.00000000 281.00000000
602.00000000 714.00000000 1.00000000 279.00000000
280.00000000 994.00000000 0.00000000 279.00000000
714.00000000 410.00000000 2.00000000 278.00000000
317.00000000 237.00000000 0.00000000 276.00000000
173.00000000 381.00000000 1.00000000 276.00000000
217.00000000 1015.00000000 1.00000000 276.00000000
575.00000000 964.00000000 1.00000000 273.00000000
316.00000000 233.00000000 1.00000000 271.00000000
207.00000000 134.00000000 1.00000000 270.00000000
764.00000000 921.00000000 1.00000000 270.00000000
768.00000000 860.00000000 0.00000000 269.00000000
770.00000000 910.00000000 0.00000000 268.00000000
154.00000000 195.00000000 0.00000000 267.00000000
459.00000000 891.00000000 0.00000000 267.00000000
550.00000000 1049.00000000 0.00000000 264.00000000
740.00000000 568.00000000 1.00000000 264.00000000
466.00000000 1051.00000000 1.00000000 263.00000000
741.00000000 946.00000000 0.00000000 261.00000000
574.00000000 988.00000000 1.00000000 261.00000000
206.00000000 387.00000000 1.00000000 259.00000000
522.00000000 895.00000000 0.00000000 257.00000000
289.00000000 998.00000000 0.00000000 257.00000000
574.00000000 987.00000000 0.00000000 255.00000000
207.00000000 386.00000000 0.00000000 250.00000000
602.00000000 714.00000000 0.00000000 249.00000000
823.00000000 683.00000000 0.00000000 249.00000000
762.00000000 888.00000000 0.00000000 243.00000000
216.00000000 194.00000000 0.00000000 239.00000000
481.00000000 135.00000000 0.00000000 236.00000000
531.00000000 903.00000000 0.00000000 235.00000000
574.00000000 965.00000000 0.00000000 234.00000000
250.00000000 997.00000000 0.00000000 234.00000000
743.00000000 409.00000000 0.00000000 226.00000000
740.00000000 568.00000000 0.00000000 218.00000000
318.00000000 711.00000000 0.00000000 217.00000000
702.00000000 50.00000000 0.00000000 217.00000000
585.00000000 212.00000000 0.00000000 214.00000000
272.00000000 884.00000000 0.00000000 214.00000000
290.00000000 987.00000000 0.00000000 214.00000000
275.00000000 609.00000000 0.00000000 214.00000000
556.00000000 919.00000000 0.00000000 214.00000000
277.00000000 19.00000000 0.00000000 213.00000000
222.00000000 1001.00000000 0.00000000 211.00000000
759.00000000 1004.00000000 0.00000000 211.00000000
269.00000000 603.00000000 0.00000000 210.00000000
717.00000000 661.00000000 0.00000000 208.00000000
492.00000000 1006.00000000 0.00000000 206.00000000
209.00000000 1001.00000000 0.00000000 206.00000000
767.00000000 412.00000000 0.00000000 206.00000000
461.00000000 33.00000000 0.00000000 205.00000000
207.00000000 74.00000000 0.00000000 205.00000000
171.00000000 688.00000000 0.00000000 202.00000000
534.00000000 557.00000000 0.00000000 201.00000000
