383.00000000 462.00000000 1.00000000 645.00000000
411.00000000 383.00000000 1.00000000 624.00000000
412.00000000 383.00000000 1.00000000 602.00000000
469.00000000 206.00000000 2.00000000 585.00000000
804.00000000 120.00000000 2.00000000 560.00000000
190.00000000 263.00000000 1.00000000 541.00000000
804.00000000 117.00000000 1.00000000 531.00000000
803.00000000 115.00000000 0.00000000 524.00000000
468.00000000 201.00000000 1.00000000 522.00000000
468.00000000 204.00000000 2.00000000 520.00000000
383.00000000 462.00000000 1.00000000 520.00000000
468.00000000 202.00000000 1.00000000 517.00000000
191.00000000 262.00000000 1.00000000 497.00000000
468.00000000 199.00000000 0.00000000 474.00000000
755.00000000 947.00000000 1.00000000 466.00000000
803.00000000 118.00000000 1.00000000 465.00000000
468.00000000 208.00000000 4.00000000 461.00000000
191.00000000 261.00000000 0.00000000 461.00000000
755.00000000 947.00000000 0.00000000 453.00000000
192.00000000 264.00000000 2.00000000 441.00000000
433.00000000 817.00000000 1.00000000 420.00000000
743.00000000 928.00000000 1.00000000 416.00000000
742.00000000 927.00000000 1.00000000 413.00000000
412.00000000 382.00000000 0.00000000 412.00000000
743.00000000 927.00000000 0.00000000 398.00000000
619.00000000 234.00000000 1.00000000 386.00000000
652.00000000 454.00000000 0.00000000 381.00000000
803.00000000 121.00000000 2.00000000 379.00000000
748.00000000 910.00000000 1.00000000 379.00000000
726.00000000 963.00000000 0.00000000 377.00000000
619.00000000 236.00000000 1.00000000 377.00000000
186.00000000 42.00000000 2.00000000 375.00000000
743.00000000 965.00000000 1.00000000 365.00000000
733.00000000 906.00000000 0.00000000 364.00000000
753.00000000 947.00000000 1.00000000 363.00000000
726.00000000 964.00000000 1.00000000 362.00000000
770.00000000 325.00000000 0.00000000 360.00000000
383.00000000 461.00000000 0.00000000 357.00000000
189.00000000 265.00000000 2.00000000 351.00000000
384.00000000 464.00000000 2.00000000 344.00000000
723.00000000 924.00000000 1.00000000 343.00000000
364.00000000 958.00000000 1.00000000 341.00000000
630.00000000 473.00000000 0.00000000 337.00000000
651.00000000 456.00000000 1.00000000 336.00000000
722.00000000 924.00000000 1.00000000 336.00000000
752.00000000 948.00000000 2.00000000 325.00000000
724.00000000 924.00000000 0.00000000 325.00000000
626.00000000 195.00000000 1.00000000 325.00000000
748.00000000 907.00000000 0.00000000 321.00000000
725.00000000 964.00000000 1.00000000 320.00000000
826.00000000 566.00000000 1.00000000 318.00000000
323.00000000 988.00000000 1.00000000 317.00000000
433.00000000 817.00000000 0.00000000 317.00000000
364.00000000 960.00000000 2.00000000 314.00000000
681.00000000 939.00000000 0.00000000 313.00000000
526.00000000 231.00000000 5.00000000 312.00000000
683.00000000 954.00000000 1.00000000 311.00000000
749.00000000 916.00000000 0.00000000 308.00000000
748.00000000 909.00000000 1.00000000 305.00000000
624.00000000 198.00000000 2.00000000 305.00000000
744.00000000 966.00000000 2.00000000 305.00000000
627.00000000 194.00000000 1.00000000 303.00000000
415.00000000 1016.00000000 0.00000000 303.00000000
772.00000000 293.00000000 0.00000000 300.00000000
727.00000000 832.00000000 1.00000000 299.00000000
739.00000000 866.00000000 0.00000000 298.00000000
323.00000000 987.00000000 0.00000000 297.00000000
393.00000000 835.00000000 1.00000000 289.00000000
626.00000000 460.00000000 1.00000000 289.00000000
673.00000000 939.00000000 0.00000000 288.00000000
192.00000000 602.00000000 1.00000000 287.00000000
442.00000000 949.00000000 1.00000000 285.00000000
745.00000000 966.00000000 1.00000000 278.00000000
787.00000000 142.00000000 0.00000000 277.00000000
733.00000000 909.00000000 1.00000000 277.00000000
414.00000000 1017.00000000 1.00000000 273.00000000
438.00000000 826.00000000 0.00000000 272.00000000
684.00000000 953.00000000 1.00000000 272.00000000
382.00000000 823.00000000 1.00000000 268.00000000
735.00000000 946.00000000 1.00000000 268.00000000
528.00000000 404.00000000 4.00000000 266.00000000
353.00000000 933.00000000 0.00000000 263.00000000
745.00000000 965.00000000 0.00000000 262.00000000
770.00000000 326.00000000 1.00000000 261.00000000
619.00000000 236.00000000 0.00000000 260.00000000
443.00000000 920.00000000 1.00000000 258.00000000
640.00000000 266.00000000 0.00000000 254.00000000
475.00000000 613.00000000 0.00000000 252.00000000
476.00000000 612.00000000 1.00000000 245.00000000
739.00000000 866.00000000 1.00000000 243.00000000
191.00000000 147.00000000 0.00000000 242.00000000
296.00000000 254.00000000 1.00000000 242.00000000
627.00000000 193.00000000 0.00000000 241.00000000
689.00000000 940.00000000 0.00000000 240.00000000
717.00000000 1048.00000000 1.00000000 237.00000000
825.00000000 567.00000000 0.00000000 235.00000000
396.00000000 366.00000000 0.00000000 232.00000000
735.00000000 946.00000000 0.00000000 229.00000000
366.00000000 946.00000000 0.00000000 228.00000000
726.00000000 1066.00000000 0.00000000 225.00000000
397.00000000 948.00000000 0.00000000 222.00000000
141.00000000 298.00000000 0.00000000 222.00000000
675.00000000 418.00000000 0.00000000 220.00000000
719.00000000 282.00000000 0.00000000 220.00000000
415.00000000 903.00000000 0.00000000 218.00000000
370.00000000 935.00000000 0.00000000 218.00000000
724.00000000 359.00000000 0.00000000 216.00000000
86.00000000 340.00000000 0.00000000 215.00000000
441.00000000 282.00000000 0.00000000 215.00000000
698.00000000 941.00000000 0.00000000 214.00000000
363.00000000 859.00000000 0.00000000 212.00000000
362.00000000 934.00000000 0.00000000 212.00000000
705.00000000 942.00000000 0.00000000 212.00000000
713.00000000 524.00000000 0.00000000 211.00000000
770.00000000 178.00000000 0.00000000 211.00000000
316.00000000 806.00000000 0.00000000 211.00000000
382.00000000 822.00000000 0.00000000 209.00000000
442.00000000 948.00000000 0.00000000 208.00000000
596.00000000 210.00000000 0.00000000 205.00000000
443.00000000 920.00000000 0.00000000 202.00000000
358.00000000 777.00000000 0.00000000 202.00000000
114.00000000 304.00000000 0.00000000 201.00000000
608.00000000 416.00000000 0.00000000 199.00000000
676.00000000 467.00000000 0.00000000 198.00000000
417.00000000 812.00000000 0.00000000 197.00000000
387.00000000 948.00000000 0.00000000 197.00000000
338.00000000 943.00000000 0.00000000 197.00000000
