436.00000000 578.00000000 1.00000000 635.00000000
520.00000000 347.00000000 2.00000000 587.00000000
520.00000000 343.00000000 0.00000000 578.00000000
520.00000000 344.00000000 1.00000000 576.00000000
810.00000000 329.00000000 1.00000000 544.00000000
810.00000000 328.00000000 0.00000000 534.00000000
520.00000000 346.00000000 2.00000000 533.00000000
466.00000000 505.00000000 1.00000000 532.00000000
520.00000000 345.00000000 1.00000000 526.00000000
810.00000000 332.00000000 2.00000000 524.00000000
205.00000000 353.00000000 1.00000000 522.00000000
205.00000000 353.00000000 1.00000000 520.00000000
465.00000000 506.00000000 1.00000000 513.00000000
810.00000000 330.00000000 1.00000000 505.00000000
192.00000000 112.00000000 4.00000000 495.00000000
204.00000000 356.00000000 2.00000000 474.00000000
205.00000000 352.00000000 0.00000000 473.00000000
437.00000000 578.00000000 1.00000000 473.00000000
496.00000000 92.00000000 4.00000000 465.00000000
660.00000000 399.00000000 1.00000000 452.00000000
192.00000000 113.00000000 5.00000000 448.00000000
494.00000000 902.00000000 1.00000000 440.00000000
770.00000000 977.00000000 0.00000000 406.00000000
761.00000000 963.00000000 1.00000000 398.00000000
769.00000000 977.00000000 1.00000000 378.00000000
640.00000000 224.00000000 1.00000000 377.00000000
639.00000000 222.00000000 0.00000000 376.00000000
494.00000000 902.00000000 0.00000000 365.00000000
466.00000000 505.00000000 0.00000000 364.00000000
427.00000000 1038.00000000 1.00000000 362.00000000
689.00000000 589.00000000 0.00000000 353.00000000
761.00000000 963.00000000 0.00000000 352.00000000
762.00000000 991.00000000 1.00000000 349.00000000
438.00000000 578.00000000 2.00000000 349.00000000
453.00000000 922.00000000 1.00000000 348.00000000
203.00000000 356.00000000 2.00000000 339.00000000
56.00000000 373.00000000 0.00000000 337.00000000
666.00000000 366.00000000 1.00000000 331.00000000
426.00000000 1040.00000000 2.00000000 326.00000000
746.00000000 963.00000000 1.00000000 326.00000000
769.00000000 978.00000000 1.00000000 326.00000000
60.00000000 420.00000000 1.00000000 325.00000000
748.00000000 992.00000000 0.00000000 321.00000000
747.00000000 963.00000000 0.00000000 319.00000000
660.00000000 399.00000000 0.00000000 319.00000000
762.00000000 992.00000000 1.00000000 319.00000000
716.00000000 990.00000000 1.00000000 316.00000000
715.00000000 991.00000000 1.00000000 316.00000000
382.00000000 1070.00000000 1.00000000 316.00000000
437.00000000 577.00000000 0.00000000 315.00000000
765.00000000 950.00000000 1.00000000 313.00000000
382.00000000 1069.00000000 0.00000000 308.00000000
702.00000000 368.00000000 2.00000000 307.00000000
664.00000000 368.00000000 2.00000000 307.00000000
748.00000000 992.00000000 1.00000000 305.00000000
200.00000000 230.00000000 0.00000000 301.00000000
478.00000000 1079.00000000 0.00000000 300.00000000
660.00000000 398.00000000 1.00000000 299.00000000
216.00000000 708.00000000 1.00000000 297.00000000
86.00000000 87.00000000 1.00000000 294.00000000
494.00000000 87.00000000 2.00000000 294.00000000
800.00000000 73.00000000 2.00000000 291.00000000
86.00000000 88.00000000 2.00000000 291.00000000
667.00000000 366.00000000 1.00000000 290.00000000
532.00000000 718.00000000 1.00000000 287.00000000
442.00000000 912.00000000 1.00000000 287.00000000
782.00000000 492.00000000 0.00000000 287.00000000
531.00000000 717.00000000 1.00000000 285.00000000
185.00000000 990.00000000 1.00000000 284.00000000
750.00000000 892.00000000 1.00000000 282.00000000
760.00000000 964.00000000 1.00000000 282.00000000
413.00000000 1015.00000000 0.00000000 281.00000000
762.00000000 992.00000000 0.00000000 280.00000000
702.00000000 366.00000000 1.00000000 279.00000000
505.00000000 991.00000000 1.00000000 279.00000000
504.00000000 1016.00000000 1.00000000 279.00000000
60.00000000 420.00000000 0.00000000 278.00000000
200.00000000 230.00000000 1.00000000 278.00000000
497.00000000 162.00000000 1.00000000 276.00000000
174.00000000 603.00000000 0.00000000 276.00000000
667.00000000 590.00000000 1.00000000 273.00000000
796.00000000 347.00000000 0.00000000 272.00000000
185.00000000 990.00000000 0.00000000 272.00000000
824.00000000 683.00000000 1.00000000 272.00000000
765.00000000 948.00000000 0.00000000 269.00000000
688.00000000 589.00000000 1.00000000 268.00000000
427.00000000 1036.00000000 1.00000000 268.00000000
532.00000000 718.00000000 0.00000000 268.00000000
741.00000000 1057.00000000 0.00000000 264.00000000
432.00000000 1014.00000000 0.00000000 264.00000000
823.00000000 683.00000000 0.00000000 264.00000000
750.00000000 891.00000000 0.00000000 262.00000000
88.00000000 86.00000000 1.00000000 259.00000000
504.00000000 1016.00000000 0.00000000 248.00000000
441.00000000 911.00000000 0.00000000 248.00000000
668.00000000 365.00000000 0.00000000 247.00000000
195.00000000 996.00000000 0.00000000 241.00000000
409.00000000 1026.00000000 0.00000000 241.00000000
707.00000000 979.00000000 0.00000000 240.00000000
446.00000000 547.00000000 0.00000000 240.00000000
422.00000000 1015.00000000 0.00000000 237.00000000
427.00000000 1025.00000000 0.00000000 235.00000000
754.00000000 949.00000000 0.00000000 234.00000000
497.00000000 162.00000000 0.00000000 233.00000000
403.00000000 1016.00000000 0.00000000 232.00000000
726.00000000 37.00000000 0.00000000 229.00000000
499.00000000 910.00000000 0.00000000 225.00000000
714.00000000 979.00000000 0.00000000 225.00000000
370.00000000 902.00000000 0.00000000 224.00000000
415.00000000 871.00000000 0.00000000 224.00000000
96.00000000 391.00000000 0.00000000 223.00000000
759.00000000 917.00000000 0.00000000 220.00000000
387.00000000 1004.00000000 0.00000000 219.00000000
449.00000000 1023.00000000 0.00000000 219.00000000
179.00000000 390.00000000 0.00000000 218.00000000
217.00000000 711.00000000 0.00000000 213.00000000
459.00000000 1023.00000000 0.00000000 213.00000000
803.00000000 197.00000000 0.00000000 212.00000000
437.00000000 1024.00000000 0.00000000 211.00000000
670.00000000 602.00000000 0.00000000 211.00000000
505.00000000 992.00000000 0.00000000 210.00000000
658.00000000 112.00000000 0.00000000 210.00000000
418.00000000 1025.00000000 0.00000000 209.00000000
742.00000000 451.00000000 0.00000000 208.00000000
449.00000000 489.00000000 0.00000000 208.00000000
720.00000000 979.00000000 0.00000000 207.00000000
755.00000000 978.00000000 0.00000000 206.00000000
