402.00000000 381.00000000 1.00000000 164.00000000
402.00000000 381.00000000 0.00000000 160.00000000
393.00000000 409.00000000 1.00000000 147.00000000
393.00000000 409.00000000 0.00000000 132.00000000
401.00000000 380.00000000 1.00000000 131.00000000
530.00000000 294.00000000 0.00000000 130.00000000
548.00000000 258.00000000 0.00000000 124.00000000
684.00000000 569.00000000 1.00000000 124.00000000
659.00000000 412.00000000 1.00000000 123.00000000
385.00000000 362.00000000 0.00000000 120.00000000
207.00000000 261.00000000 1.00000000 117.00000000
864.00000000 429.00000000 1.00000000 116.00000000
530.00000000 295.00000000 1.00000000 116.00000000
285.00000000 592.00000000 0.00000000 115.00000000
206.00000000 261.00000000 1.00000000 114.00000000
393.00000000 408.00000000 1.00000000 113.00000000
659.00000000 412.00000000 1.00000000 113.00000000
681.00000000 408.00000000 1.00000000 112.00000000
402.00000000 380.00000000 2.00000000 108.00000000
864.00000000 430.00000000 2.00000000 101.00000000
111.00000000 166.00000000 1.00000000 101.00000000
682.00000000 408.00000000 2.00000000 101.00000000
684.00000000 569.00000000 0.00000000 99.00000000
286.00000000 593.00000000 1.00000000 96.00000000
112.00000000 168.00000000 2.00000000 96.00000000
385.00000000 362.00000000 1.00000000 95.00000000
676.00000000 387.00000000 1.00000000 94.00000000
447.00000000 431.00000000 1.00000000 94.00000000
682.00000000 410.00000000 1.00000000 93.00000000
113.00000000 166.00000000 1.00000000 92.00000000
749.00000000 566.00000000 0.00000000 92.00000000
440.00000000 622.00000000 0.00000000 91.00000000
326.00000000 506.00000000 1.00000000 90.00000000
687.00000000 500.00000000 1.00000000 89.00000000
338.00000000 360.00000000 0.00000000 88.00000000
610.00000000 516.00000000 2.00000000 87.00000000
610.00000000 517.00000000 1.00000000 87.00000000
447.00000000 577.00000000 0.00000000 87.00000000
103.00000000 310.00000000 1.00000000 87.00000000
864.00000000 434.00000000 0.00000000 87.00000000
660.00000000 414.00000000 2.00000000 85.00000000
675.00000000 385.00000000 0.00000000 84.00000000
492.00000000 231.00000000 5.00000000 84.00000000
444.00000000 449.00000000 0.00000000 84.00000000
440.00000000 622.00000000 1.00000000 84.00000000
458.00000000 361.00000000 0.00000000 84.00000000
498.00000000 458.00000000 0.00000000 83.00000000
863.00000000 429.00000000 1.00000000 83.00000000
326.00000000 507.00000000 1.00000000 83.00000000
657.00000000 390.00000000 1.00000000 83.00000000
103.00000000 310.00000000 0.00000000 82.00000000
685.00000000 568.00000000 1.00000000 82.00000000
204.00000000 262.00000000 2.00000000 81.00000000
659.00000000 412.00000000 0.00000000 80.00000000
91.00000000 544.00000000 1.00000000 80.00000000
608.00000000 512.00000000 4.00000000 78.00000000
363.00000000 345.00000000 1.00000000 78.00000000
548.00000000 259.00000000 1.00000000 77.00000000
899.00000000 333.00000000 2.00000000 77.00000000
678.00000000 637.00000000 0.00000000 77.00000000
460.00000000 298.00000000 0.00000000 76.00000000
210.00000000 278.00000000 0.00000000 76.00000000
299.00000000 507.00000000 0.00000000 76.00000000
657.00000000 390.00000000 1.00000000 76.00000000
683.00000000 410.00000000 0.00000000 76.00000000
113.00000000 166.00000000 0.00000000 76.00000000
202.00000000 280.00000000 0.00000000 76.00000000
392.00000000 410.00000000 2.00000000 75.00000000
48.00000000 92.00000000 0.00000000 75.00000000
384.00000000 350.00000000 1.00000000 74.00000000
543.00000000 511.00000000 2.00000000 74.00000000
686.00000000 499.00000000 0.00000000 74.00000000
104.00000000 301.00000000 1.00000000 74.00000000
498.00000000 458.00000000 1.00000000 74.00000000
501.00000000 255.00000000 0.00000000 74.00000000
516.00000000 281.00000000 1.00000000 73.00000000
222.00000000 284.00000000 1.00000000 73.00000000
544.00000000 516.00000000 4.00000000 72.00000000
11.00000000 160.00000000 0.00000000 72.00000000
611.00000000 518.00000000 1.00000000 72.00000000
363.00000000 343.00000000 1.00000000 72.00000000
400.00000000 346.00000000 1.00000000 72.00000000
207.00000000 261.00000000 0.00000000 71.00000000
106.00000000 301.00000000 1.00000000 71.00000000
857.00000000 265.00000000 1.00000000 71.00000000
222.00000000 284.00000000 0.00000000 71.00000000
140.00000000 152.00000000 1.00000000 70.00000000
442.00000000 446.00000000 1.00000000 70.00000000
383.00000000 350.00000000 0.00000000 69.00000000
447.00000000 431.00000000 0.00000000 69.00000000
678.00000000 637.00000000 1.00000000 69.00000000
627.00000000 487.00000000 0.00000000 67.00000000
219.00000000 309.00000000 0.00000000 66.00000000
400.00000000 346.00000000 0.00000000 66.00000000
200.00000000 265.00000000 2.00000000 66.00000000
91.00000000 545.00000000 0.00000000 65.00000000
516.00000000 281.00000000 0.00000000 65.00000000
327.00000000 561.00000000 0.00000000 64.00000000
455.00000000 152.00000000 1.00000000 64.00000000
444.00000000 448.00000000 1.00000000 64.00000000
418.00000000 345.00000000 1.00000000 64.00000000
672.00000000 101.00000000 0.00000000 63.00000000
444.00000000 432.00000000 2.00000000 63.00000000
212.00000000 270.00000000 0.00000000 63.00000000
360.00000000 442.00000000 0.00000000 63.00000000
417.00000000 344.00000000 0.00000000 62.00000000
864.00000000 427.00000000 0.00000000 62.00000000
388.00000000 461.00000000 0.00000000 61.00000000
639.00000000 581.00000000 0.00000000 61.00000000
493.00000000 444.00000000 0.00000000 61.00000000
453.00000000 313.00000000 0.00000000 59.00000000
368.00000000 365.00000000 0.00000000 58.00000000
362.00000000 342.00000000 0.00000000 58.00000000
387.00000000 455.00000000 0.00000000 58.00000000
501.00000000 265.00000000 0.00000000 57.00000000
281.00000000 355.00000000 0.00000000 57.00000000
715.00000000 570.00000000 0.00000000 56.00000000
656.00000000 389.00000000 0.00000000 56.00000000
10.00000000 171.00000000 0.00000000 55.00000000
631.00000000 380.00000000 0.00000000 55.00000000
346.00000000 374.00000000 0.00000000 55.00000000
502.00000000 328.00000000 0.00000000 54.00000000
537.00000000 258.00000000 0.00000000 54.00000000
382.00000000 433.00000000 0.00000000 54.00000000
415.00000000 370.00000000 0.00000000 54.00000000
454.00000000 137.00000000 0.00000000 54.00000000
378.00000000 134.00000000 0.00000000 54.00000000
