339.00000000 354.00000000 1.00000000 231.00000000
339.00000000 354.00000000 0.00000000 219.00000000
339.00000000 353.00000000 1.00000000 212.00000000
329.00000000 383.00000000 1.00000000 204.00000000
670.00000000 570.00000000 1.00000000 203.00000000
646.00000000 397.00000000 1.00000000 201.00000000
676.00000000 392.00000000 2.00000000 199.00000000
646.00000000 396.00000000 1.00000000 190.00000000
492.00000000 265.00000000 0.00000000 188.00000000
670.00000000 569.00000000 1.00000000 184.00000000
670.00000000 570.00000000 0.00000000 177.00000000
515.00000000 226.00000000 0.00000000 175.00000000
492.00000000 266.00000000 1.00000000 173.00000000
648.00000000 398.00000000 2.00000000 172.00000000
202.00000000 563.00000000 0.00000000 171.00000000
669.00000000 368.00000000 1.00000000 164.00000000
321.00000000 333.00000000 0.00000000 163.00000000
920.00000000 426.00000000 2.00000000 159.00000000
329.00000000 383.00000000 0.00000000 157.00000000
603.00000000 477.00000000 0.00000000 157.00000000
675.00000000 393.00000000 1.00000000 153.00000000
920.00000000 424.00000000 1.00000000 152.00000000
328.00000000 383.00000000 1.00000000 152.00000000
340.00000000 354.00000000 2.00000000 152.00000000
381.00000000 560.00000000 0.00000000 148.00000000
202.00000000 564.00000000 1.00000000 146.00000000
447.00000000 439.00000000 1.00000000 145.00000000
676.00000000 494.00000000 1.00000000 139.00000000
668.00000000 366.00000000 0.00000000 139.00000000
515.00000000 227.00000000 1.00000000 138.00000000
133.00000000 231.00000000 1.00000000 135.00000000
578.00000000 508.00000000 2.00000000 134.00000000
644.00000000 371.00000000 1.00000000 134.00000000
677.00000000 395.00000000 1.00000000 134.00000000
497.00000000 497.00000000 2.00000000 133.00000000
321.00000000 334.00000000 1.00000000 132.00000000
922.00000000 427.00000000 2.00000000 131.00000000
922.00000000 429.00000000 0.00000000 131.00000000
384.00000000 426.00000000 0.00000000 131.00000000
644.00000000 370.00000000 1.00000000 131.00000000
709.00000000 574.00000000 0.00000000 130.00000000
131.00000000 231.00000000 1.00000000 129.00000000
670.00000000 367.00000000 1.00000000 127.00000000
388.00000000 408.00000000 1.00000000 127.00000000
447.00000000 438.00000000 0.00000000 126.00000000
409.00000000 268.00000000 0.00000000 125.00000000
778.00000000 426.00000000 0.00000000 125.00000000
446.00000000 197.00000000 5.00000000 125.00000000
222.00000000 479.00000000 0.00000000 123.00000000
458.00000000 223.00000000 0.00000000 122.00000000
42.00000000 140.00000000 1.00000000 122.00000000
579.00000000 509.00000000 1.00000000 121.00000000
496.00000000 504.00000000 4.00000000 121.00000000
320.00000000 322.00000000 1.00000000 121.00000000
296.00000000 316.00000000 1.00000000 121.00000000
611.00000000 580.00000000 0.00000000 120.00000000
380.00000000 416.00000000 4.00000000 119.00000000
43.00000000 139.00000000 1.00000000 118.00000000
269.00000000 331.00000000 0.00000000 118.00000000
328.00000000 382.00000000 2.00000000 116.00000000
251.00000000 479.00000000 1.00000000 115.00000000
42.00000000 142.00000000 2.00000000 113.00000000
677.00000000 50.00000000 0.00000000 113.00000000
778.00000000 427.00000000 1.00000000 112.00000000
922.00000000 422.00000000 1.00000000 112.00000000
408.00000000 115.00000000 1.00000000 111.00000000
381.00000000 561.00000000 1.00000000 110.00000000
675.00000000 393.00000000 2.00000000 110.00000000
405.00000000 335.00000000 0.00000000 109.00000000
251.00000000 480.00000000 1.00000000 109.00000000
661.00000000 393.00000000 0.00000000 108.00000000
498.00000000 496.00000000 2.00000000 108.00000000
647.00000000 401.00000000 2.00000000 108.00000000
320.00000000 321.00000000 0.00000000 106.00000000
29.00000000 279.00000000 1.00000000 106.00000000
647.00000000 396.00000000 0.00000000 106.00000000
492.00000000 267.00000000 1.00000000 105.00000000
136.00000000 248.00000000 0.00000000 105.00000000
388.00000000 407.00000000 1.00000000 104.00000000
248.00000000 534.00000000 0.00000000 104.00000000
476.00000000 251.00000000 1.00000000 104.00000000
29.00000000 278.00000000 0.00000000 104.00000000
393.00000000 184.00000000 1.00000000 104.00000000
611.00000000 581.00000000 1.00000000 104.00000000
677.00000000 395.00000000 0.00000000 104.00000000
441.00000000 423.00000000 0.00000000 104.00000000
608.00000000 263.00000000 1.00000000 103.00000000
353.00000000 344.00000000 0.00000000 102.00000000
677.00000000 51.00000000 1.00000000 102.00000000
32.00000000 270.00000000 1.00000000 101.00000000
321.00000000 437.00000000 1.00000000 101.00000000
606.00000000 509.00000000 1.00000000 101.00000000
358.00000000 317.00000000 1.00000000 100.00000000
372.00000000 610.00000000 0.00000000 100.00000000
388.00000000 408.00000000 0.00000000 99.00000000
148.00000000 253.00000000 0.00000000 98.00000000
368.00000000 605.00000000 1.00000000 98.00000000
608.00000000 263.00000000 0.00000000 98.00000000
613.00000000 359.00000000 0.00000000 95.00000000
676.00000000 493.00000000 0.00000000 94.00000000
319.00000000 430.00000000 0.00000000 93.00000000
358.00000000 316.00000000 0.00000000 93.00000000
657.00000000 354.00000000 0.00000000 93.00000000
290.00000000 416.00000000 0.00000000 93.00000000
393.00000000 183.00000000 0.00000000 93.00000000
127.00000000 248.00000000 0.00000000 92.00000000
43.00000000 138.00000000 0.00000000 92.00000000
393.00000000 264.00000000 0.00000000 90.00000000
806.00000000 404.00000000 0.00000000 89.00000000
321.00000000 437.00000000 0.00000000 87.00000000
475.00000000 251.00000000 0.00000000 86.00000000
296.00000000 313.00000000 0.00000000 83.00000000
465.00000000 438.00000000 0.00000000 82.00000000
277.00000000 345.00000000 0.00000000 81.00000000
501.00000000 225.00000000 0.00000000 81.00000000
139.00000000 239.00000000 0.00000000 80.00000000
144.00000000 278.00000000 0.00000000 80.00000000
133.00000000 230.00000000 0.00000000 80.00000000
321.00000000 98.00000000 0.00000000 80.00000000
847.00000000 382.00000000 0.00000000 80.00000000
408.00000000 113.00000000 0.00000000 79.00000000
408.00000000 98.00000000 0.00000000 79.00000000
457.00000000 300.00000000 0.00000000 79.00000000
496.00000000 207.00000000 0.00000000 79.00000000
458.00000000 234.00000000 0.00000000 78.00000000
628.00000000 367.00000000 0.00000000 78.00000000
207.00000000 325.00000000 0.00000000 77.00000000
