586.00000000 397.00000000 1.00000000 188.00000000
620.00000000 392.00000000 2.00000000 184.00000000
611.00000000 368.00000000 1.00000000 182.00000000
286.00000000 370.00000000 1.00000000 172.00000000
615.00000000 571.00000000 1.00000000 160.00000000
743.00000000 425.00000000 1.00000000 158.00000000
285.00000000 370.00000000 0.00000000 158.00000000
285.00000000 369.00000000 1.00000000 157.00000000
586.00000000 397.00000000 1.00000000 152.00000000
588.00000000 398.00000000 2.00000000 150.00000000
615.00000000 571.00000000 0.00000000 146.00000000
615.00000000 571.00000000 1.00000000 146.00000000
939.00000000 421.00000000 2.00000000 142.00000000
938.00000000 420.00000000 2.00000000 139.00000000
619.00000000 393.00000000 2.00000000 137.00000000
743.00000000 424.00000000 0.00000000 137.00000000
620.00000000 393.00000000 1.00000000 131.00000000
712.00000000 575.00000000 1.00000000 130.00000000
612.00000000 367.00000000 1.00000000 130.00000000
278.00000000 395.00000000 1.00000000 128.00000000
445.00000000 242.00000000 0.00000000 126.00000000
584.00000000 371.00000000 1.00000000 126.00000000
423.00000000 281.00000000 0.00000000 125.00000000
712.00000000 574.00000000 0.00000000 124.00000000
277.00000000 395.00000000 0.00000000 123.00000000
610.00000000 366.00000000 0.00000000 121.00000000
423.00000000 281.00000000 1.00000000 118.00000000
330.00000000 415.00000000 1.00000000 112.00000000
661.00000000 576.00000000 0.00000000 112.00000000
541.00000000 477.00000000 0.00000000 111.00000000
633.00000000 350.00000000 1.00000000 111.00000000
513.00000000 507.00000000 1.00000000 110.00000000
621.00000000 394.00000000 1.00000000 107.00000000
603.00000000 393.00000000 0.00000000 106.00000000
588.00000000 401.00000000 2.00000000 106.00000000
286.00000000 370.00000000 2.00000000 106.00000000
514.00000000 508.00000000 2.00000000 103.00000000
445.00000000 243.00000000 1.00000000 102.00000000
384.00000000 442.00000000 0.00000000 101.00000000
583.00000000 372.00000000 1.00000000 100.00000000
432.00000000 497.00000000 2.00000000 100.00000000
542.00000000 268.00000000 1.00000000 98.00000000
509.00000000 503.00000000 5.00000000 98.00000000
937.00000000 417.00000000 1.00000000 94.00000000
508.00000000 500.00000000 4.00000000 93.00000000
543.00000000 269.00000000 0.00000000 93.00000000
277.00000000 394.00000000 1.00000000 93.00000000
586.00000000 372.00000000 2.00000000 92.00000000
756.00000000 425.00000000 1.00000000 92.00000000
616.00000000 572.00000000 2.00000000 90.00000000
215.00000000 480.00000000 1.00000000 90.00000000
432.00000000 500.00000000 4.00000000 90.00000000
550.00000000 579.00000000 0.00000000 89.00000000
938.00000000 424.00000000 1.00000000 89.00000000
586.00000000 397.00000000 0.00000000 89.00000000
384.00000000 442.00000000 1.00000000 88.00000000
329.00000000 415.00000000 1.00000000 85.00000000
326.00000000 432.00000000 0.00000000 84.00000000
756.00000000 424.00000000 0.00000000 84.00000000
514.00000000 507.00000000 1.00000000 84.00000000
330.00000000 415.00000000 0.00000000 84.00000000
432.00000000 494.00000000 2.00000000 83.00000000
422.00000000 282.00000000 1.00000000 83.00000000
829.00000000 373.00000000 0.00000000 83.00000000
756.00000000 427.00000000 1.00000000 82.00000000
542.00000000 509.00000000 1.00000000 82.00000000
270.00000000 353.00000000 0.00000000 82.00000000
550.00000000 579.00000000 1.00000000 80.00000000
342.00000000 154.00000000 1.00000000 80.00000000
828.00000000 363.00000000 0.00000000 80.00000000
174.00000000 550.00000000 0.00000000 79.00000000
621.00000000 394.00000000 0.00000000 79.00000000
938.00000000 415.00000000 1.00000000 79.00000000
829.00000000 372.00000000 1.00000000 79.00000000
811.00000000 173.00000000 0.00000000 79.00000000
768.00000000 400.00000000 1.00000000 78.00000000
597.00000000 354.00000000 0.00000000 78.00000000
612.00000000 48.00000000 0.00000000 78.00000000
663.00000000 517.00000000 1.00000000 78.00000000
633.00000000 351.00000000 1.00000000 78.00000000
326.00000000 431.00000000 1.00000000 78.00000000
661.00000000 577.00000000 1.00000000 77.00000000
592.00000000 342.00000000 1.00000000 76.00000000
620.00000000 494.00000000 1.00000000 76.00000000
707.00000000 585.00000000 1.00000000 76.00000000
744.00000000 399.00000000 0.00000000 75.00000000
662.00000000 517.00000000 1.00000000 75.00000000
325.00000000 429.00000000 1.00000000 74.00000000
391.00000000 245.00000000 0.00000000 74.00000000
249.00000000 339.00000000 1.00000000 73.00000000
760.00000000 412.00000000 0.00000000 73.00000000
329.00000000 216.00000000 1.00000000 72.00000000
829.00000000 385.00000000 0.00000000 72.00000000
268.00000000 342.00000000 0.00000000 71.00000000
936.00000000 429.00000000 0.00000000 71.00000000
942.00000000 237.00000000 0.00000000 69.00000000
778.00000000 400.00000000 0.00000000 68.00000000
592.00000000 340.00000000 0.00000000 67.00000000
298.00000000 361.00000000 0.00000000 65.00000000
628.00000000 437.00000000 0.00000000 65.00000000
768.00000000 400.00000000 0.00000000 64.00000000
379.00000000 428.00000000 0.00000000 63.00000000
345.00000000 289.00000000 0.00000000 63.00000000
324.00000000 551.00000000 0.00000000 63.00000000
272.00000000 443.00000000 0.00000000 62.00000000
788.00000000 267.00000000 0.00000000 62.00000000
538.00000000 257.00000000 0.00000000 62.00000000
548.00000000 362.00000000 0.00000000 61.00000000
962.00000000 248.00000000 0.00000000 59.00000000
662.00000000 516.00000000 0.00000000 59.00000000
432.00000000 243.00000000 0.00000000 59.00000000
585.00000000 587.00000000 0.00000000 58.00000000
210.00000000 526.00000000 0.00000000 57.00000000
659.00000000 418.00000000 0.00000000 57.00000000
284.00000000 338.00000000 0.00000000 57.00000000
214.00000000 480.00000000 0.00000000 56.00000000
391.00000000 253.00000000 0.00000000 56.00000000
567.00000000 483.00000000 0.00000000 56.00000000
420.00000000 118.00000000 0.00000000 55.00000000
401.00000000 235.00000000 0.00000000 55.00000000
329.00000000 215.00000000 0.00000000 55.00000000
871.00000000 468.00000000 0.00000000 54.00000000
407.00000000 269.00000000 0.00000000 54.00000000
676.00000000 306.00000000 0.00000000 52.00000000
49.00000000 316.00000000 0.00000000 52.00000000
584.00000000 372.00000000 0.00000000 52.00000000
348.00000000 448.00000000 0.00000000 52.00000000
