709.00000000 794.00000000 0.00000000 813.00000000
477.00000000 275.00000000 0.00000000 792.00000000
735.00000000 836.00000000 0.00000000 726.00000000
670.00000000 462.00000000 0.00000000 680.00000000
735.00000000 837.00000000 1.00000000 678.00000000
356.00000000 360.00000000 0.00000000 660.00000000
41.00000000 713.00000000 0.00000000 640.00000000
477.00000000 276.00000000 1.00000000 635.00000000
907.00000000 836.00000000 0.00000000 614.00000000
327.00000000 486.00000000 0.00000000 608.00000000
710.00000000 794.00000000 1.00000000 584.00000000
670.00000000 462.00000000 1.00000000 580.00000000
794.00000000 490.00000000 0.00000000 575.00000000
573.00000000 842.00000000 1.00000000 563.00000000
740.00000000 511.00000000 0.00000000 560.00000000
502.00000000 918.00000000 0.00000000 559.00000000
492.00000000 813.00000000 0.00000000 558.00000000
724.00000000 569.00000000 0.00000000 554.00000000
353.00000000 370.00000000 2.00000000 554.00000000
823.00000000 788.00000000 0.00000000 545.00000000
364.00000000 473.00000000 0.00000000 542.00000000
934.00000000 876.00000000 0.00000000 538.00000000
731.00000000 793.00000000 0.00000000 538.00000000
597.00000000 14.00000000 0.00000000 535.00000000
362.00000000 578.00000000 1.00000000 534.00000000
735.00000000 838.00000000 1.00000000 534.00000000
736.00000000 870.00000000 0.00000000 533.00000000
878.00000000 836.00000000 0.00000000 528.00000000
620.00000000 484.00000000 0.00000000 527.00000000
936.00000000 835.00000000 0.00000000 524.00000000
572.00000000 844.00000000 1.00000000 521.00000000
584.00000000 45.00000000 0.00000000 520.00000000
41.00000000 713.00000000 1.00000000 518.00000000
356.00000000 361.00000000 1.00000000 515.00000000
463.00000000 851.00000000 1.00000000 512.00000000
356.00000000 372.00000000 4.00000000 510.00000000
154.00000000 1205.00000000 0.00000000 510.00000000
573.00000000 840.00000000 0.00000000 508.00000000
496.00000000 848.00000000 1.00000000 503.00000000
795.00000000 491.00000000 1.00000000 502.00000000
738.00000000 906.00000000 0.00000000 501.00000000
362.00000000 577.00000000 0.00000000 496.00000000
354.00000000 370.00000000 2.00000000 495.00000000
737.00000000 819.00000000 1.00000000 494.00000000
311.00000000 79.00000000 1.00000000 486.00000000
354.00000000 507.00000000 0.00000000 483.00000000
354.00000000 508.00000000 1.00000000 478.00000000
794.00000000 492.00000000 1.00000000 478.00000000
936.00000000 836.00000000 1.00000000 475.00000000
487.00000000 621.00000000 0.00000000 469.00000000
348.00000000 601.00000000 1.00000000 460.00000000
492.00000000 815.00000000 1.00000000 455.00000000
360.00000000 578.00000000 1.00000000 454.00000000
504.00000000 132.00000000 0.00000000 453.00000000
495.00000000 847.00000000 0.00000000 452.00000000
444.00000000 400.00000000 0.00000000 452.00000000
280.00000000 854.00000000 1.00000000 451.00000000
357.00000000 397.00000000 0.00000000 449.00000000
446.00000000 38.00000000 0.00000000 448.00000000
475.00000000 262.00000000 0.00000000 446.00000000
78.00000000 676.00000000 2.00000000 445.00000000
48.00000000 756.00000000 2.00000000 444.00000000
933.00000000 955.00000000 0.00000000 443.00000000
740.00000000 519.00000000 0.00000000 443.00000000
347.00000000 601.00000000 1.00000000 443.00000000
462.00000000 849.00000000 0.00000000 442.00000000
154.00000000 1206.00000000 1.00000000 440.00000000
444.00000000 62.00000000 0.00000000 439.00000000
653.00000000 1039.00000000 0.00000000 439.00000000
670.00000000 462.00000000 1.00000000 432.00000000
724.00000000 570.00000000 1.00000000 431.00000000
502.00000000 918.00000000 1.00000000 431.00000000
455.00000000 195.00000000 1.00000000 428.00000000
504.00000000 108.00000000 0.00000000 428.00000000
823.00000000 873.00000000 0.00000000 423.00000000
907.00000000 784.00000000 0.00000000 416.00000000
824.00000000 913.00000000 0.00000000 414.00000000
529.00000000 118.00000000 0.00000000 413.00000000
364.00000000 473.00000000 1.00000000 412.00000000
257.00000000 555.00000000 0.00000000 412.00000000
23.00000000 619.00000000 0.00000000 412.00000000
155.00000000 1215.00000000 0.00000000 412.00000000
801.00000000 902.00000000 0.00000000 411.00000000
570.00000000 802.00000000 0.00000000 411.00000000
280.00000000 854.00000000 0.00000000 410.00000000
327.00000000 487.00000000 1.00000000 410.00000000
48.00000000 755.00000000 1.00000000 410.00000000
356.00000000 373.00000000 5.00000000 408.00000000
663.00000000 21.00000000 0.00000000 405.00000000
936.00000000 843.00000000 0.00000000 403.00000000
388.00000000 620.00000000 0.00000000 400.00000000
371.00000000 541.00000000 0.00000000 399.00000000
310.00000000 78.00000000 2.00000000 397.00000000
823.00000000 838.00000000 1.00000000 396.00000000
801.00000000 835.00000000 0.00000000 394.00000000
737.00000000 871.00000000 1.00000000 394.00000000
574.00000000 868.00000000 0.00000000 393.00000000
446.00000000 25.00000000 0.00000000 393.00000000
505.00000000 133.00000000 1.00000000 393.00000000
760.00000000 504.00000000 0.00000000 393.00000000
49.00000000 754.00000000 1.00000000 392.00000000
49.00000000 754.00000000 0.00000000 391.00000000
937.00000000 784.00000000 1.00000000 391.00000000
943.00000000 823.00000000 0.00000000 391.00000000
371.00000000 541.00000000 1.00000000 390.00000000
451.00000000 10.00000000 0.00000000 389.00000000
936.00000000 814.00000000 0.00000000 389.00000000
937.00000000 783.00000000 0.00000000 389.00000000
453.00000000 195.00000000 1.00000000 386.00000000
257.00000000 555.00000000 1.00000000 386.00000000
570.00000000 803.00000000 1.00000000 382.00000000
76.00000000 675.00000000 2.00000000 380.00000000
619.00000000 463.00000000 1.00000000 379.00000000
257.00000000 555.00000000 1.00000000 378.00000000
823.00000000 837.00000000 1.00000000 377.00000000
496.00000000 849.00000000 1.00000000 375.00000000
620.00000000 485.00000000 1.00000000 374.00000000
476.00000000 275.00000000 1.00000000 366.00000000
936.00000000 837.00000000 1.00000000 363.00000000
436.00000000 412.00000000 4.00000000 363.00000000
354.00000000 510.00000000 1.00000000 362.00000000
736.00000000 840.00000000 2.00000000 362.00000000
206.00000000 550.00000000 2.00000000 362.00000000
48.00000000 758.00000000 2.00000000 358.00000000
258.00000000 556.00000000 2.00000000 355.00000000
574.00000000 846.00000000 2.00000000 355.00000000
53.00000000 540.00000000 2.00000000 338.00000000
