729.00000000 448.00000000 1.00000000 725.00000000
640.00000000 197.00000000 1.00000000 654.00000000
742.00000000 511.00000000 1.00000000 610.00000000
742.00000000 514.00000000 2.00000000 604.00000000
640.00000000 196.00000000 1.00000000 555.00000000
434.00000000 412.00000000 1.00000000 539.00000000
728.00000000 448.00000000 2.00000000 519.00000000
729.00000000 448.00000000 1.00000000 509.00000000
435.00000000 412.00000000 1.00000000 508.00000000
603.00000000 421.00000000 1.00000000 475.00000000
743.00000000 511.00000000 1.00000000 475.00000000
250.00000000 272.00000000 2.00000000 414.00000000
640.00000000 195.00000000 0.00000000 404.00000000
741.00000000 514.00000000 2.00000000 386.00000000
603.00000000 420.00000000 0.00000000 384.00000000
326.00000000 291.00000000 1.00000000 379.00000000
436.00000000 412.00000000 2.00000000 378.00000000
378.00000000 229.00000000 0.00000000 361.00000000
372.00000000 145.00000000 0.00000000 351.00000000
868.00000000 716.00000000 2.00000000 343.00000000
248.00000000 274.00000000 2.00000000 328.00000000
287.00000000 499.00000000 0.00000000 314.00000000
868.00000000 715.00000000 1.00000000 309.00000000
434.00000000 411.00000000 0.00000000 302.00000000
379.00000000 231.00000000 1.00000000 294.00000000
622.00000000 605.00000000 2.00000000 291.00000000
523.00000000 546.00000000 0.00000000 290.00000000
964.00000000 320.00000000 1.00000000 289.00000000
471.00000000 532.00000000 1.00000000 289.00000000
535.00000000 509.00000000 1.00000000 285.00000000
742.00000000 508.00000000 0.00000000 284.00000000
250.00000000 267.00000000 1.00000000 278.00000000
599.00000000 158.00000000 5.00000000 277.00000000
729.00000000 447.00000000 0.00000000 276.00000000
868.00000000 716.00000000 1.00000000 274.00000000
325.00000000 291.00000000 1.00000000 273.00000000
471.00000000 531.00000000 0.00000000 271.00000000
537.00000000 509.00000000 1.00000000 271.00000000
624.00000000 608.00000000 4.00000000 271.00000000
865.00000000 718.00000000 2.00000000 268.00000000
710.00000000 115.00000000 1.00000000 268.00000000
251.00000000 265.00000000 1.00000000 259.00000000
367.00000000 231.00000000 0.00000000 258.00000000
710.00000000 113.00000000 0.00000000 256.00000000
140.00000000 203.00000000 1.00000000 254.00000000
208.00000000 334.00000000 0.00000000 249.00000000
200.00000000 163.00000000 0.00000000 248.00000000
922.00000000 305.00000000 1.00000000 247.00000000
596.00000000 152.00000000 4.00000000 245.00000000
250.00000000 264.00000000 0.00000000 244.00000000
241.00000000 159.00000000 0.00000000 244.00000000
337.00000000 152.00000000 0.00000000 241.00000000
325.00000000 290.00000000 0.00000000 239.00000000
340.00000000 257.00000000 1.00000000 238.00000000
964.00000000 320.00000000 0.00000000 238.00000000
217.00000000 188.00000000 0.00000000 237.00000000
964.00000000 319.00000000 1.00000000 235.00000000
470.00000000 176.00000000 1.00000000 234.00000000
515.00000000 543.00000000 0.00000000 227.00000000
551.00000000 111.00000000 1.00000000 223.00000000
340.00000000 256.00000000 0.00000000 220.00000000
964.00000000 316.00000000 2.00000000 220.00000000
378.00000000 330.00000000 2.00000000 219.00000000
347.00000000 239.00000000 0.00000000 218.00000000
208.00000000 335.00000000 1.00000000 218.00000000
524.00000000 547.00000000 1.00000000 217.00000000
552.00000000 111.00000000 1.00000000 217.00000000
533.00000000 304.00000000 0.00000000 216.00000000
869.00000000 715.00000000 0.00000000 214.00000000
653.00000000 374.00000000 1.00000000 214.00000000
472.00000000 176.00000000 1.00000000 214.00000000
536.00000000 508.00000000 2.00000000 210.00000000
506.00000000 63.00000000 1.00000000 210.00000000
287.00000000 499.00000000 1.00000000 209.00000000
286.00000000 198.00000000 0.00000000 206.00000000
241.00000000 160.00000000 1.00000000 203.00000000
287.00000000 199.00000000 1.00000000 201.00000000
234.00000000 434.00000000 0.00000000 200.00000000
506.00000000 62.00000000 0.00000000 199.00000000
206.00000000 336.00000000 1.00000000 198.00000000
251.00000000 412.00000000 0.00000000 197.00000000
439.00000000 56.00000000 1.00000000 196.00000000
377.00000000 562.00000000 1.00000000 196.00000000
552.00000000 111.00000000 0.00000000 195.00000000
287.00000000 497.00000000 1.00000000 195.00000000
972.00000000 768.00000000 0.00000000 193.00000000
545.00000000 64.00000000 0.00000000 191.00000000
222.00000000 292.00000000 0.00000000 190.00000000
972.00000000 303.00000000 0.00000000 190.00000000
140.00000000 204.00000000 1.00000000 189.00000000
217.00000000 190.00000000 1.00000000 189.00000000
515.00000000 544.00000000 1.00000000 188.00000000
653.00000000 367.00000000 1.00000000 187.00000000
428.00000000 443.00000000 1.00000000 187.00000000
552.00000000 12.00000000 0.00000000 187.00000000
533.00000000 304.00000000 1.00000000 186.00000000
653.00000000 375.00000000 1.00000000 186.00000000
803.00000000 413.00000000 0.00000000 185.00000000
820.00000000 73.00000000 1.00000000 185.00000000
537.00000000 509.00000000 0.00000000 185.00000000
471.00000000 176.00000000 0.00000000 180.00000000
439.00000000 55.00000000 0.00000000 180.00000000
471.00000000 192.00000000 0.00000000 174.00000000
535.00000000 503.00000000 0.00000000 174.00000000
304.00000000 255.00000000 0.00000000 173.00000000
268.00000000 108.00000000 0.00000000 168.00000000
653.00000000 366.00000000 0.00000000 168.00000000
280.00000000 177.00000000 0.00000000 167.00000000
741.00000000 523.00000000 0.00000000 165.00000000
139.00000000 562.00000000 0.00000000 163.00000000
820.00000000 73.00000000 0.00000000 162.00000000
492.00000000 92.00000000 0.00000000 160.00000000
844.00000000 419.00000000 0.00000000 157.00000000
982.00000000 762.00000000 0.00000000 157.00000000
254.00000000 112.00000000 0.00000000 156.00000000
142.00000000 217.00000000 0.00000000 155.00000000
652.00000000 375.00000000 0.00000000 153.00000000
377.00000000 561.00000000 0.00000000 152.00000000
994.00000000 424.00000000 0.00000000 152.00000000
535.00000000 17.00000000 0.00000000 152.00000000
119.00000000 507.00000000 0.00000000 150.00000000
323.00000000 202.00000000 0.00000000 150.00000000
989.00000000 415.00000000 0.00000000 148.00000000
141.00000000 230.00000000 0.00000000 148.00000000
181.00000000 514.00000000 0.00000000 147.00000000
1008.00000000 784.00000000 0.00000000 144.00000000
243.00000000 424.00000000 0.00000000 144.00000000
