61.00000000 26.00000000 1.00000000 637.00000000
886.00000000 1065.00000000 0.00000000 637.00000000
794.00000000 340.00000000 0.00000000 636.00000000
647.00000000 414.00000000 0.00000000 622.00000000
60.00000000 25.00000000 0.00000000 601.00000000
949.00000000 487.00000000 0.00000000 598.00000000
93.00000000 191.00000000 0.00000000 594.00000000
664.00000000 64.00000000 0.00000000 581.00000000
718.00000000 864.00000000 1.00000000 571.00000000
88.00000000 148.00000000 0.00000000 551.00000000
755.00000000 847.00000000 0.00000000 547.00000000
643.00000000 522.00000000 0.00000000 541.00000000
955.00000000 737.00000000 0.00000000 534.00000000
627.00000000 558.00000000 1.00000000 522.00000000
907.00000000 508.00000000 0.00000000 516.00000000
115.00000000 364.00000000 0.00000000 515.00000000
593.00000000 539.00000000 0.00000000 510.00000000
754.00000000 818.00000000 0.00000000 506.00000000
89.00000000 157.00000000 0.00000000 504.00000000
673.00000000 45.00000000 0.00000000 503.00000000
717.00000000 863.00000000 0.00000000 500.00000000
125.00000000 438.00000000 0.00000000 499.00000000
626.00000000 557.00000000 0.00000000 492.00000000
644.00000000 424.00000000 2.00000000 492.00000000
671.00000000 55.00000000 0.00000000 490.00000000
834.00000000 816.00000000 1.00000000 487.00000000
949.00000000 487.00000000 1.00000000 483.00000000
121.00000000 405.00000000 0.00000000 479.00000000
794.00000000 340.00000000 1.00000000 477.00000000
66.00000000 749.00000000 0.00000000 476.00000000
755.00000000 848.00000000 1.00000000 475.00000000
124.00000000 431.00000000 0.00000000 474.00000000
644.00000000 428.00000000 4.00000000 473.00000000
644.00000000 449.00000000 0.00000000 471.00000000
624.00000000 14.00000000 0.00000000 467.00000000
770.00000000 641.00000000 0.00000000 466.00000000
572.00000000 91.00000000 0.00000000 465.00000000
92.00000000 182.00000000 0.00000000 463.00000000
747.00000000 448.00000000 0.00000000 455.00000000
794.00000000 830.00000000 0.00000000 455.00000000
335.00000000 168.00000000 0.00000000 454.00000000
626.00000000 560.00000000 1.00000000 451.00000000
618.00000000 22.00000000 0.00000000 449.00000000
90.00000000 166.00000000 0.00000000 449.00000000
643.00000000 522.00000000 1.00000000 448.00000000
121.00000000 414.00000000 0.00000000 448.00000000
140.00000000 563.00000000 0.00000000 446.00000000
91.00000000 173.00000000 0.00000000 444.00000000
80.00000000 68.00000000 0.00000000 442.00000000
835.00000000 814.00000000 0.00000000 440.00000000
656.00000000 662.00000000 0.00000000 436.00000000
626.00000000 625.00000000 1.00000000 436.00000000
186.00000000 1117.00000000 0.00000000 432.00000000
907.00000000 490.00000000 1.00000000 432.00000000
908.00000000 491.00000000 1.00000000 430.00000000
87.00000000 139.00000000 0.00000000 428.00000000
111.00000000 331.00000000 0.00000000 427.00000000
916.00000000 1209.00000000 0.00000000 426.00000000
833.00000000 225.00000000 0.00000000 426.00000000
922.00000000 149.00000000 0.00000000 426.00000000
648.00000000 415.00000000 1.00000000 424.00000000
834.00000000 817.00000000 1.00000000 423.00000000
147.00000000 632.00000000 0.00000000 423.00000000
643.00000000 449.00000000 1.00000000 419.00000000
593.00000000 540.00000000 1.00000000 419.00000000
179.00000000 969.00000000 0.00000000 416.00000000
627.00000000 625.00000000 1.00000000 415.00000000
111.00000000 339.00000000 0.00000000 411.00000000
408.00000000 981.00000000 0.00000000 408.00000000
436.00000000 724.00000000 0.00000000 407.00000000
627.00000000 625.00000000 0.00000000 406.00000000
564.00000000 79.00000000 0.00000000 405.00000000
123.00000000 422.00000000 0.00000000 405.00000000
65.00000000 48.00000000 0.00000000 404.00000000
478.00000000 626.00000000 2.00000000 402.00000000
84.00000000 104.00000000 0.00000000 401.00000000
126.00000000 446.00000000 0.00000000 400.00000000
755.00000000 849.00000000 1.00000000 398.00000000
552.00000000 57.00000000 0.00000000 398.00000000
79.00000000 60.00000000 0.00000000 397.00000000
85.00000000 113.00000000 0.00000000 395.00000000
569.00000000 36.00000000 0.00000000 394.00000000
65.00000000 48.00000000 1.00000000 393.00000000
96.00000000 216.00000000 0.00000000 393.00000000
644.00000000 429.00000000 5.00000000 391.00000000
537.00000000 12.00000000 0.00000000 391.00000000
605.00000000 651.00000000 1.00000000 389.00000000
86.00000000 132.00000000 0.00000000 389.00000000
747.00000000 449.00000000 1.00000000 386.00000000
805.00000000 215.00000000 1.00000000 385.00000000
60.00000000 26.00000000 1.00000000 384.00000000
754.00000000 819.00000000 1.00000000 381.00000000
718.00000000 865.00000000 1.00000000 381.00000000
606.00000000 651.00000000 1.00000000 378.00000000
478.00000000 626.00000000 1.00000000 377.00000000
66.00000000 750.00000000 1.00000000 375.00000000
714.00000000 315.00000000 1.00000000 371.00000000
736.00000000 460.00000000 4.00000000 365.00000000
673.00000000 45.00000000 1.00000000 364.00000000
627.00000000 142.00000000 1.00000000 361.00000000
408.00000000 981.00000000 1.00000000 361.00000000
646.00000000 422.00000000 2.00000000 360.00000000
886.00000000 1066.00000000 1.00000000 359.00000000
719.00000000 834.00000000 1.00000000 353.00000000
626.00000000 626.00000000 2.00000000 350.00000000
124.00000000 431.00000000 1.00000000 346.00000000
478.00000000 625.00000000 1.00000000 344.00000000
778.00000000 271.00000000 1.00000000 340.00000000
643.00000000 588.00000000 1.00000000 339.00000000
770.00000000 642.00000000 1.00000000 336.00000000
62.00000000 617.00000000 1.00000000 334.00000000
87.00000000 139.00000000 1.00000000 332.00000000
735.00000000 461.00000000 2.00000000 330.00000000
794.00000000 831.00000000 1.00000000 329.00000000
939.00000000 494.00000000 1.00000000 326.00000000
714.00000000 313.00000000 1.00000000 323.00000000
180.00000000 1036.00000000 2.00000000 319.00000000
592.00000000 540.00000000 1.00000000 319.00000000
628.00000000 142.00000000 2.00000000 317.00000000
478.00000000 627.00000000 2.00000000 315.00000000
746.00000000 449.00000000 1.00000000 306.00000000
736.00000000 486.00000000 2.00000000 303.00000000
65.00000000 48.00000000 1.00000000 297.00000000
473.00000000 572.00000000 1.00000000 297.00000000
594.00000000 540.00000000 2.00000000 290.00000000
836.00000000 820.00000000 2.00000000 285.00000000
87.00000000 845.00000000 2.00000000 263.00000000
