94.00000000 1166.00000000 1.00000000 684.00000000
319.00000000 425.00000000 0.00000000 633.00000000
93.00000000 1166.00000000 1.00000000 609.00000000
321.00000000 591.00000000 0.00000000 606.00000000
419.00000000 743.00000000 0.00000000 599.00000000
310.00000000 86.00000000 0.00000000 594.00000000
318.00000000 415.00000000 0.00000000 586.00000000
71.00000000 837.00000000 0.00000000 584.00000000
319.00000000 415.00000000 1.00000000 583.00000000
321.00000000 572.00000000 0.00000000 578.00000000
318.00000000 393.00000000 0.00000000 577.00000000
315.00000000 260.00000000 0.00000000 559.00000000
315.00000000 290.00000000 0.00000000 553.00000000
224.00000000 461.00000000 0.00000000 550.00000000
309.00000000 62.00000000 0.00000000 532.00000000
94.00000000 1165.00000000 0.00000000 528.00000000
323.00000000 681.00000000 0.00000000 526.00000000
318.00000000 381.00000000 0.00000000 526.00000000
698.00000000 418.00000000 2.00000000 526.00000000
680.00000000 551.00000000 0.00000000 526.00000000
323.00000000 691.00000000 0.00000000 524.00000000
80.00000000 1001.00000000 0.00000000 516.00000000
318.00000000 404.00000000 0.00000000 514.00000000
309.00000000 51.00000000 0.00000000 513.00000000
71.00000000 837.00000000 1.00000000 508.00000000
310.00000000 86.00000000 1.00000000 504.00000000
316.00000000 325.00000000 0.00000000 503.00000000
59.00000000 670.00000000 0.00000000 500.00000000
81.00000000 992.00000000 0.00000000 495.00000000
315.00000000 280.00000000 0.00000000 494.00000000
92.00000000 1168.00000000 2.00000000 490.00000000
697.00000000 417.00000000 1.00000000 489.00000000
67.00000000 773.00000000 0.00000000 488.00000000
310.00000000 121.00000000 0.00000000 488.00000000
319.00000000 381.00000000 1.00000000 487.00000000
325.00000000 861.00000000 0.00000000 486.00000000
319.00000000 466.00000000 0.00000000 485.00000000
319.00000000 436.00000000 0.00000000 481.00000000
698.00000000 421.00000000 2.00000000 480.00000000
705.00000000 137.00000000 0.00000000 477.00000000
521.00000000 113.00000000 0.00000000 476.00000000
309.00000000 39.00000000 1.00000000 476.00000000
318.00000000 393.00000000 1.00000000 470.00000000
315.00000000 260.00000000 1.00000000 468.00000000
309.00000000 26.00000000 0.00000000 467.00000000
89.00000000 1127.00000000 0.00000000 457.00000000
61.00000000 698.00000000 1.00000000 456.00000000
907.00000000 506.00000000 2.00000000 456.00000000
309.00000000 38.00000000 0.00000000 456.00000000
175.00000000 796.00000000 0.00000000 454.00000000
309.00000000 51.00000000 1.00000000 452.00000000
662.00000000 535.00000000 0.00000000 451.00000000
309.00000000 26.00000000 1.00000000 450.00000000
227.00000000 860.00000000 0.00000000 448.00000000
314.00000000 271.00000000 0.00000000 448.00000000
895.00000000 684.00000000 0.00000000 447.00000000
310.00000000 73.00000000 0.00000000 445.00000000
325.00000000 750.00000000 0.00000000 445.00000000
224.00000000 561.00000000 0.00000000 442.00000000
67.00000000 774.00000000 1.00000000 442.00000000
325.00000000 835.00000000 0.00000000 437.00000000
159.00000000 263.00000000 0.00000000 437.00000000
908.00000000 506.00000000 2.00000000 437.00000000
60.00000000 698.00000000 0.00000000 435.00000000
325.00000000 844.00000000 0.00000000 435.00000000
162.00000000 598.00000000 0.00000000 435.00000000
774.00000000 345.00000000 0.00000000 434.00000000
695.00000000 443.00000000 0.00000000 429.00000000
41.00000000 657.00000000 0.00000000 428.00000000
325.00000000 825.00000000 0.00000000 428.00000000
317.00000000 325.00000000 1.00000000 428.00000000
705.00000000 138.00000000 1.00000000 427.00000000
700.00000000 409.00000000 0.00000000 423.00000000
164.00000000 639.00000000 0.00000000 420.00000000
315.00000000 291.00000000 1.00000000 418.00000000
315.00000000 271.00000000 1.00000000 417.00000000
224.00000000 403.00000000 0.00000000 416.00000000
228.00000000 860.00000000 1.00000000 416.00000000
326.00000000 852.00000000 0.00000000 415.00000000
221.00000000 414.00000000 0.00000000 412.00000000
319.00000000 487.00000000 0.00000000 408.00000000
653.00000000 661.00000000 0.00000000 408.00000000
191.00000000 484.00000000 1.00000000 408.00000000
691.00000000 515.00000000 0.00000000 407.00000000
299.00000000 210.00000000 0.00000000 406.00000000
322.00000000 572.00000000 1.00000000 405.00000000
322.00000000 591.00000000 1.00000000 403.00000000
318.00000000 1070.00000000 0.00000000 403.00000000
362.00000000 456.00000000 0.00000000 399.00000000
41.00000000 658.00000000 1.00000000 398.00000000
195.00000000 173.00000000 0.00000000 397.00000000
310.00000000 62.00000000 1.00000000 397.00000000
128.00000000 187.00000000 0.00000000 396.00000000
315.00000000 303.00000000 1.00000000 392.00000000
320.00000000 436.00000000 1.00000000 392.00000000
320.00000000 425.00000000 1.00000000 391.00000000
908.00000000 508.00000000 4.00000000 388.00000000
700.00000000 424.00000000 4.00000000 386.00000000
315.00000000 281.00000000 1.00000000 384.00000000
319.00000000 404.00000000 1.00000000 379.00000000
828.00000000 484.00000000 1.00000000 375.00000000
741.00000000 449.00000000 2.00000000 372.00000000
310.00000000 73.00000000 1.00000000 369.00000000
74.00000000 880.00000000 1.00000000 367.00000000
80.00000000 971.00000000 1.00000000 365.00000000
100.00000000 1245.00000000 1.00000000 363.00000000
322.00000000 581.00000000 1.00000000 363.00000000
207.00000000 77.00000000 1.00000000 359.00000000
907.00000000 506.00000000 1.00000000 354.00000000
183.00000000 343.00000000 1.00000000 339.00000000
70.00000000 837.00000000 1.00000000 338.00000000
93.00000000 1168.00000000 2.00000000 338.00000000
661.00000000 486.00000000 5.00000000 332.00000000
661.00000000 647.00000000 1.00000000 326.00000000
100.00000000 1247.00000000 1.00000000 325.00000000
662.00000000 648.00000000 2.00000000 324.00000000
742.00000000 454.00000000 2.00000000 304.00000000
208.00000000 80.00000000 2.00000000 303.00000000
100.00000000 1250.00000000 2.00000000 297.00000000
830.00000000 484.00000000 2.00000000 295.00000000
828.00000000 483.00000000 1.00000000 294.00000000
422.00000000 203.00000000 1.00000000 289.00000000
588.00000000 633.00000000 1.00000000 288.00000000
588.00000000 576.00000000 1.00000000 287.00000000
766.00000000 326.00000000 1.00000000 277.00000000
503.00000000 1042.00000000 1.00000000 275.00000000
741.00000000 453.00000000 1.00000000 274.00000000
