42.00000000 235.00000000 1.00000000 446.00000000
41.00000000 234.00000000 1.00000000 409.00000000
42.00000000 235.00000000 0.00000000 299.00000000
12.00000000 386.00000000 0.00000000 257.00000000
42.00000000 234.00000000 2.00000000 246.00000000
692.00000000 434.00000000 1.00000000 199.00000000
32.00000000 434.00000000 2.00000000 186.00000000
36.00000000 400.00000000 0.00000000 183.00000000
516.00000000 401.00000000 1.00000000 166.00000000
692.00000000 435.00000000 1.00000000 164.00000000
550.00000000 396.00000000 2.00000000 162.00000000
541.00000000 602.00000000 1.00000000 162.00000000
516.00000000 404.00000000 2.00000000 160.00000000
541.00000000 601.00000000 1.00000000 157.00000000
36.00000000 401.00000000 1.00000000 156.00000000
540.00000000 367.00000000 1.00000000 155.00000000
541.00000000 602.00000000 0.00000000 152.00000000
548.00000000 395.00000000 2.00000000 152.00000000
692.00000000 434.00000000 0.00000000 150.00000000
810.00000000 340.00000000 1.00000000 148.00000000
541.00000000 367.00000000 1.00000000 142.00000000
32.00000000 435.00000000 1.00000000 141.00000000
515.00000000 401.00000000 1.00000000 132.00000000
802.00000000 354.00000000 1.00000000 127.00000000
709.00000000 436.00000000 1.00000000 124.00000000
801.00000000 354.00000000 0.00000000 119.00000000
709.00000000 436.00000000 1.00000000 118.00000000
591.00000000 614.00000000 0.00000000 117.00000000
542.00000000 602.00000000 2.00000000 117.00000000
550.00000000 397.00000000 1.00000000 117.00000000
809.00000000 339.00000000 0.00000000 116.00000000
752.00000000 200.00000000 4.00000000 116.00000000
564.00000000 346.00000000 1.00000000 115.00000000
540.00000000 366.00000000 0.00000000 115.00000000
709.00000000 434.00000000 0.00000000 113.00000000
714.00000000 420.00000000 1.00000000 112.00000000
693.00000000 403.00000000 1.00000000 110.00000000
514.00000000 407.00000000 2.00000000 110.00000000
752.00000000 197.00000000 2.00000000 109.00000000
472.00000000 490.00000000 0.00000000 109.00000000
384.00000000 243.00000000 0.00000000 108.00000000
780.00000000 101.00000000 0.00000000 107.00000000
533.00000000 397.00000000 0.00000000 105.00000000
551.00000000 399.00000000 1.00000000 105.00000000
366.00000000 284.00000000 0.00000000 105.00000000
263.00000000 379.00000000 0.00000000 104.00000000
738.00000000 403.00000000 1.00000000 104.00000000
738.00000000 403.00000000 0.00000000 103.00000000
263.00000000 379.00000000 1.00000000 102.00000000
442.00000000 521.00000000 1.00000000 102.00000000
714.00000000 420.00000000 0.00000000 101.00000000
645.00000000 629.00000000 1.00000000 100.00000000
442.00000000 520.00000000 2.00000000 100.00000000
513.00000000 373.00000000 1.00000000 99.00000000
777.00000000 348.00000000 0.00000000 98.00000000
367.00000000 285.00000000 1.00000000 98.00000000
649.00000000 638.00000000 0.00000000 97.00000000
564.00000000 346.00000000 2.00000000 96.00000000
752.00000000 196.00000000 2.00000000 95.00000000
33.00000000 430.00000000 1.00000000 95.00000000
473.00000000 260.00000000 0.00000000 94.00000000
35.00000000 401.00000000 1.00000000 93.00000000
646.00000000 630.00000000 0.00000000 93.00000000
692.00000000 402.00000000 0.00000000 92.00000000
750.00000000 230.00000000 0.00000000 92.00000000
591.00000000 614.00000000 1.00000000 91.00000000
780.00000000 101.00000000 1.00000000 91.00000000
870.00000000 497.00000000 1.00000000 91.00000000
472.00000000 260.00000000 1.00000000 91.00000000
810.00000000 340.00000000 1.00000000 91.00000000
870.00000000 496.00000000 0.00000000 90.00000000
526.00000000 353.00000000 1.00000000 89.00000000
435.00000000 514.00000000 5.00000000 88.00000000
724.00000000 404.00000000 1.00000000 88.00000000
526.00000000 353.00000000 0.00000000 88.00000000
810.00000000 352.00000000 0.00000000 88.00000000
644.00000000 629.00000000 1.00000000 86.00000000
750.00000000 230.00000000 1.00000000 85.00000000
592.00000000 543.00000000 1.00000000 85.00000000
724.00000000 404.00000000 1.00000000 84.00000000
385.00000000 243.00000000 1.00000000 83.00000000
810.00000000 353.00000000 1.00000000 83.00000000
370.00000000 506.00000000 2.00000000 81.00000000
533.00000000 397.00000000 1.00000000 80.00000000
591.00000000 426.00000000 0.00000000 79.00000000
516.00000000 412.00000000 4.00000000 79.00000000
592.00000000 543.00000000 1.00000000 78.00000000
559.00000000 449.00000000 1.00000000 78.00000000
521.00000000 338.00000000 1.00000000 78.00000000
803.00000000 384.00000000 0.00000000 77.00000000
560.00000000 448.00000000 0.00000000 77.00000000
512.00000000 374.00000000 1.00000000 76.00000000
15.00000000 382.00000000 1.00000000 75.00000000
258.00000000 402.00000000 0.00000000 75.00000000
552.00000000 398.00000000 0.00000000 74.00000000
516.00000000 402.00000000 0.00000000 72.00000000
542.00000000 385.00000000 0.00000000 72.00000000
33.00000000 429.00000000 0.00000000 71.00000000
702.00000000 425.00000000 0.00000000 71.00000000
336.00000000 448.00000000 0.00000000 69.00000000
802.00000000 362.00000000 0.00000000 68.00000000
706.00000000 400.00000000 0.00000000 68.00000000
478.00000000 364.00000000 0.00000000 67.00000000
521.00000000 337.00000000 0.00000000 67.00000000
477.00000000 602.00000000 0.00000000 66.00000000
612.00000000 290.00000000 0.00000000 66.00000000
645.00000000 432.00000000 0.00000000 66.00000000
592.00000000 543.00000000 0.00000000 64.00000000
511.00000000 616.00000000 0.00000000 63.00000000
878.00000000 124.00000000 0.00000000 61.00000000
753.00000000 460.00000000 0.00000000 60.00000000
902.00000000 287.00000000 0.00000000 60.00000000
294.00000000 422.00000000 0.00000000 60.00000000
782.00000000 126.00000000 0.00000000 59.00000000
693.00000000 413.00000000 0.00000000 59.00000000
33.00000000 437.00000000 0.00000000 59.00000000
801.00000000 339.00000000 0.00000000 59.00000000
959.00000000 105.00000000 0.00000000 58.00000000
802.00000000 369.00000000 0.00000000 58.00000000
632.00000000 451.00000000 0.00000000 58.00000000
926.00000000 395.00000000 0.00000000 57.00000000
591.00000000 451.00000000 0.00000000 55.00000000
847.00000000 125.00000000 0.00000000 55.00000000
781.00000000 112.00000000 0.00000000 54.00000000
613.00000000 615.00000000 0.00000000 54.00000000
830.00000000 369.00000000 0.00000000 53.00000000
888.00000000 224.00000000 0.00000000 53.00000000
