683.00000000 363.00000000 0.00000000 673.00000000
531.00000000 714.00000000 0.00000000 588.00000000
690.00000000 473.00000000 0.00000000 574.00000000
683.00000000 363.00000000 1.00000000 558.00000000
343.00000000 193.00000000 0.00000000 555.00000000
531.00000000 714.00000000 1.00000000 544.00000000
676.00000000 152.00000000 0.00000000 542.00000000
671.00000000 36.00000000 0.00000000 537.00000000
264.00000000 105.00000000 1.00000000 522.00000000
675.00000000 152.00000000 1.00000000 515.00000000
676.00000000 153.00000000 1.00000000 512.00000000
302.00000000 336.00000000 2.00000000 502.00000000
685.00000000 407.00000000 0.00000000 498.00000000
671.00000000 52.00000000 0.00000000 492.00000000
162.00000000 613.00000000 0.00000000 490.00000000
359.00000000 258.00000000 0.00000000 490.00000000
531.00000000 699.00000000 1.00000000 486.00000000
531.00000000 700.00000000 0.00000000 486.00000000
514.00000000 678.00000000 0.00000000 486.00000000
312.00000000 521.00000000 1.00000000 481.00000000
702.00000000 800.00000000 0.00000000 476.00000000
301.00000000 333.00000000 1.00000000 470.00000000
704.00000000 886.00000000 0.00000000 469.00000000
302.00000000 336.00000000 2.00000000 466.00000000
669.00000000 20.00000000 0.00000000 466.00000000
673.00000000 67.00000000 0.00000000 465.00000000
639.00000000 712.00000000 0.00000000 462.00000000
673.00000000 83.00000000 0.00000000 450.00000000
253.00000000 1075.00000000 0.00000000 448.00000000
675.00000000 125.00000000 0.00000000 448.00000000
690.00000000 482.00000000 0.00000000 447.00000000
294.00000000 428.00000000 0.00000000 447.00000000
403.00000000 723.00000000 0.00000000 444.00000000
683.00000000 316.00000000 0.00000000 441.00000000
179.00000000 584.00000000 1.00000000 440.00000000
694.00000000 591.00000000 0.00000000 439.00000000
253.00000000 1076.00000000 1.00000000 437.00000000
540.00000000 427.00000000 0.00000000 437.00000000
680.00000000 306.00000000 0.00000000 436.00000000
444.00000000 719.00000000 1.00000000 435.00000000
547.00000000 485.00000000 0.00000000 432.00000000
638.00000000 695.00000000 0.00000000 430.00000000
681.00000000 250.00000000 0.00000000 428.00000000
683.00000000 370.00000000 0.00000000 428.00000000
444.00000000 717.00000000 0.00000000 425.00000000
302.00000000 333.00000000 1.00000000 422.00000000
688.00000000 484.00000000 4.00000000 419.00000000
263.00000000 104.00000000 1.00000000 417.00000000
168.00000000 647.00000000 1.00000000 414.00000000
386.00000000 725.00000000 0.00000000 414.00000000
683.00000000 363.00000000 1.00000000 410.00000000
695.00000000 637.00000000 0.00000000 409.00000000
639.00000000 713.00000000 1.00000000 409.00000000
680.00000000 286.00000000 0.00000000 405.00000000
700.00000000 762.00000000 0.00000000 404.00000000
311.00000000 521.00000000 0.00000000 404.00000000
707.00000000 933.00000000 0.00000000 403.00000000
676.00000000 154.00000000 2.00000000 402.00000000
690.00000000 483.00000000 1.00000000 402.00000000
680.00000000 264.00000000 0.00000000 402.00000000
533.00000000 742.00000000 0.00000000 400.00000000
690.00000000 483.00000000 2.00000000 399.00000000
401.00000000 74.00000000 0.00000000 398.00000000
690.00000000 474.00000000 1.00000000 398.00000000
168.00000000 646.00000000 0.00000000 397.00000000
704.00000000 877.00000000 0.00000000 396.00000000
168.00000000 647.00000000 1.00000000 394.00000000
674.00000000 112.00000000 0.00000000 393.00000000
642.00000000 746.00000000 0.00000000 392.00000000
309.00000000 445.00000000 0.00000000 390.00000000
264.00000000 104.00000000 0.00000000 390.00000000
406.00000000 49.00000000 0.00000000 389.00000000
291.00000000 729.00000000 0.00000000 384.00000000
680.00000000 221.00000000 0.00000000 380.00000000
578.00000000 714.00000000 1.00000000 379.00000000
444.00000000 721.00000000 1.00000000 379.00000000
317.00000000 502.00000000 1.00000000 378.00000000
317.00000000 502.00000000 0.00000000 378.00000000
540.00000000 428.00000000 1.00000000 378.00000000
574.00000000 673.00000000 0.00000000 377.00000000
671.00000000 37.00000000 1.00000000 377.00000000
302.00000000 327.00000000 0.00000000 375.00000000
311.00000000 520.00000000 1.00000000 374.00000000
708.00000000 950.00000000 0.00000000 372.00000000
343.00000000 194.00000000 1.00000000 372.00000000
711.00000000 998.00000000 1.00000000 370.00000000
581.00000000 744.00000000 0.00000000 367.00000000
706.00000000 912.00000000 0.00000000 365.00000000
440.00000000 685.00000000 0.00000000 364.00000000
422.00000000 719.00000000 0.00000000 363.00000000
472.00000000 405.00000000 0.00000000 361.00000000
682.00000000 296.00000000 0.00000000 361.00000000
681.00000000 275.00000000 0.00000000 361.00000000
711.00000000 999.00000000 1.00000000 360.00000000
304.00000000 355.00000000 0.00000000 359.00000000
681.00000000 239.00000000 0.00000000 358.00000000
690.00000000 485.00000000 1.00000000 357.00000000
684.00000000 399.00000000 0.00000000 357.00000000
404.00000000 724.00000000 1.00000000 356.00000000
712.00000000 1002.00000000 2.00000000 355.00000000
695.00000000 612.00000000 1.00000000 351.00000000
675.00000000 152.00000000 2.00000000 350.00000000
466.00000000 410.00000000 2.00000000 350.00000000
684.00000000 486.00000000 5.00000000 348.00000000
694.00000000 592.00000000 1.00000000 345.00000000
291.00000000 729.00000000 1.00000000 343.00000000
179.00000000 582.00000000 1.00000000 342.00000000
659.00000000 773.00000000 1.00000000 341.00000000
472.00000000 406.00000000 1.00000000 340.00000000
304.00000000 340.00000000 4.00000000 338.00000000
263.00000000 486.00000000 1.00000000 337.00000000
180.00000000 584.00000000 2.00000000 336.00000000
441.00000000 688.00000000 1.00000000 335.00000000
530.00000000 715.00000000 1.00000000 332.00000000
653.00000000 684.00000000 1.00000000 329.00000000
653.00000000 684.00000000 1.00000000 328.00000000
690.00000000 484.00000000 2.00000000 328.00000000
236.00000000 480.00000000 1.00000000 326.00000000
263.00000000 486.00000000 1.00000000 326.00000000
671.00000000 52.00000000 1.00000000 322.00000000
531.00000000 698.00000000 1.00000000 321.00000000
468.00000000 412.00000000 2.00000000 320.00000000
441.00000000 687.00000000 1.00000000 318.00000000
310.00000000 520.00000000 2.00000000 317.00000000
256.00000000 446.00000000 1.00000000 316.00000000
264.00000000 104.00000000 2.00000000 316.00000000
392.00000000 514.00000000 1.00000000 312.00000000
