26.00000000 982.00000000 0.00000000 671.00000000
26.00000000 982.00000000 1.00000000 632.00000000
700.00000000 392.00000000 4.00000000 507.00000000
698.00000000 390.00000000 2.00000000 506.00000000
25.00000000 982.00000000 1.00000000 501.00000000
699.00000000 113.00000000 1.00000000 481.00000000
700.00000000 390.00000000 2.00000000 480.00000000
676.00000000 588.00000000 1.00000000 457.00000000
699.00000000 113.00000000 0.00000000 436.00000000
735.00000000 809.00000000 0.00000000 427.00000000
693.00000000 487.00000000 0.00000000 423.00000000
679.00000000 522.00000000 1.00000000 422.00000000
217.00000000 315.00000000 0.00000000 414.00000000
653.00000000 504.00000000 0.00000000 413.00000000
123.00000000 692.00000000 0.00000000 401.00000000
657.00000000 615.00000000 1.00000000 393.00000000
675.00000000 588.00000000 1.00000000 392.00000000
735.00000000 810.00000000 1.00000000 387.00000000
702.00000000 381.00000000 0.00000000 385.00000000
698.00000000 113.00000000 1.00000000 383.00000000
203.00000000 115.00000000 0.00000000 381.00000000
919.00000000 684.00000000 0.00000000 380.00000000
822.00000000 755.00000000 1.00000000 371.00000000
694.00000000 487.00000000 1.00000000 369.00000000
89.00000000 348.00000000 0.00000000 368.00000000
701.00000000 395.00000000 5.00000000 368.00000000
815.00000000 313.00000000 0.00000000 365.00000000
200.00000000 65.00000000 0.00000000 364.00000000
95.00000000 449.00000000 0.00000000 364.00000000
658.00000000 614.00000000 1.00000000 364.00000000
204.00000000 135.00000000 0.00000000 362.00000000
676.00000000 587.00000000 0.00000000 362.00000000
511.00000000 697.00000000 0.00000000 362.00000000
123.00000000 393.00000000 0.00000000 359.00000000
653.00000000 505.00000000 1.00000000 359.00000000
554.00000000 596.00000000 2.00000000 359.00000000
691.00000000 551.00000000 1.00000000 354.00000000
226.00000000 434.00000000 0.00000000 351.00000000
553.00000000 593.00000000 0.00000000 349.00000000
98.00000000 124.00000000 2.00000000 345.00000000
763.00000000 791.00000000 0.00000000 344.00000000
526.00000000 931.00000000 0.00000000 344.00000000
917.00000000 697.00000000 0.00000000 343.00000000
678.00000000 521.00000000 0.00000000 341.00000000
678.00000000 523.00000000 1.00000000 341.00000000
255.00000000 1151.00000000 0.00000000 341.00000000
700.00000000 388.00000000 1.00000000 337.00000000
21.00000000 948.00000000 0.00000000 336.00000000
690.00000000 550.00000000 0.00000000 336.00000000
188.00000000 124.00000000 0.00000000 336.00000000
822.00000000 753.00000000 0.00000000 332.00000000
552.00000000 595.00000000 1.00000000 331.00000000
475.00000000 964.00000000 0.00000000 329.00000000
215.00000000 296.00000000 0.00000000 328.00000000
553.00000000 594.00000000 1.00000000 327.00000000
768.00000000 424.00000000 4.00000000 327.00000000
84.00000000 336.00000000 1.00000000 327.00000000
196.00000000 230.00000000 0.00000000 323.00000000
57.00000000 272.00000000 0.00000000 321.00000000
888.00000000 454.00000000 1.00000000 320.00000000
130.00000000 514.00000000 0.00000000 319.00000000
314.00000000 682.00000000 0.00000000 319.00000000
769.00000000 424.00000000 2.00000000 316.00000000
225.00000000 410.00000000 0.00000000 313.00000000
920.00000000 684.00000000 1.00000000 312.00000000
127.00000000 430.00000000 0.00000000 309.00000000
764.00000000 792.00000000 1.00000000 308.00000000
702.00000000 382.00000000 1.00000000 308.00000000
145.00000000 759.00000000 1.00000000 307.00000000
215.00000000 277.00000000 0.00000000 307.00000000
656.00000000 1248.00000000 0.00000000 304.00000000
815.00000000 314.00000000 1.00000000 302.00000000
203.00000000 125.00000000 0.00000000 300.00000000
329.00000000 682.00000000 0.00000000 300.00000000
34.00000000 1047.00000000 1.00000000 299.00000000
644.00000000 840.00000000 0.00000000 297.00000000
533.00000000 1267.00000000 0.00000000 297.00000000
658.00000000 614.00000000 2.00000000 295.00000000
200.00000000 76.00000000 0.00000000 295.00000000
758.00000000 286.00000000 1.00000000 293.00000000
226.00000000 452.00000000 0.00000000 293.00000000
697.00000000 415.00000000 1.00000000 293.00000000
552.00000000 541.00000000 1.00000000 292.00000000
551.00000000 541.00000000 1.00000000 290.00000000
164.00000000 862.00000000 2.00000000 290.00000000
147.00000000 606.00000000 1.00000000 289.00000000
81.00000000 549.00000000 0.00000000 288.00000000
95.00000000 450.00000000 1.00000000 288.00000000
289.00000000 681.00000000 0.00000000 287.00000000
204.00000000 144.00000000 0.00000000 286.00000000
569.00000000 1021.00000000 0.00000000 286.00000000
338.00000000 584.00000000 1.00000000 284.00000000
300.00000000 200.00000000 0.00000000 283.00000000
447.00000000 114.00000000 0.00000000 282.00000000
201.00000000 76.00000000 1.00000000 282.00000000
187.00000000 101.00000000 0.00000000 281.00000000
289.00000000 682.00000000 1.00000000 280.00000000
202.00000000 95.00000000 0.00000000 280.00000000
475.00000000 964.00000000 1.00000000 279.00000000
299.00000000 374.00000000 0.00000000 278.00000000
767.00000000 425.00000000 1.00000000 278.00000000
251.00000000 1066.00000000 1.00000000 277.00000000
205.00000000 256.00000000 0.00000000 277.00000000
83.00000000 335.00000000 1.00000000 277.00000000
700.00000000 112.00000000 2.00000000 277.00000000
738.00000000 780.00000000 0.00000000 277.00000000
99.00000000 121.00000000 1.00000000 277.00000000
801.00000000 297.00000000 1.00000000 277.00000000
526.00000000 932.00000000 1.00000000 276.00000000
234.00000000 541.00000000 0.00000000 276.00000000
27.00000000 214.00000000 0.00000000 275.00000000
223.00000000 363.00000000 1.00000000 275.00000000
96.00000000 127.00000000 2.00000000 274.00000000
62.00000000 172.00000000 2.00000000 274.00000000
764.00000000 763.00000000 0.00000000 273.00000000
653.00000000 504.00000000 1.00000000 273.00000000
320.00000000 899.00000000 0.00000000 272.00000000
34.00000000 1050.00000000 2.00000000 270.00000000
223.00000000 362.00000000 0.00000000 270.00000000
697.00000000 415.00000000 0.00000000 270.00000000
768.00000000 426.00000000 2.00000000 270.00000000
98.00000000 120.00000000 1.00000000 269.00000000
197.00000000 241.00000000 0.00000000 269.00000000
33.00000000 1049.00000000 1.00000000 267.00000000
145.00000000 758.00000000 0.00000000 267.00000000
164.00000000 858.00000000 1.00000000 257.00000000
337.00000000 585.00000000 1.00000000 255.00000000
