496.00000000 382.00000000 1.00000000 167.00000000
490.00000000 323.00000000 0.00000000 156.00000000
296.00000000 176.00000000 1.00000000 153.00000000
506.00000000 349.00000000 1.00000000 138.00000000
506.00000000 348.00000000 0.00000000 136.00000000
296.00000000 176.00000000 2.00000000 133.00000000
489.00000000 323.00000000 1.00000000 131.00000000
497.00000000 382.00000000 0.00000000 130.00000000
496.00000000 381.00000000 1.00000000 130.00000000
442.00000000 320.00000000 0.00000000 126.00000000
622.00000000 251.00000000 0.00000000 126.00000000
623.00000000 252.00000000 1.00000000 122.00000000
301.00000000 200.00000000 0.00000000 121.00000000
151.00000000 576.00000000 1.00000000 118.00000000
639.00000000 210.00000000 0.00000000 116.00000000
151.00000000 575.00000000 1.00000000 111.00000000
744.00000000 560.00000000 1.00000000 110.00000000
866.00000000 410.00000000 1.00000000 109.00000000
175.00000000 25.00000000 1.00000000 107.00000000
388.00000000 620.00000000 0.00000000 107.00000000
297.00000000 176.00000000 1.00000000 107.00000000
866.00000000 409.00000000 1.00000000 106.00000000
743.00000000 560.00000000 0.00000000 106.00000000
161.00000000 234.00000000 1.00000000 106.00000000
725.00000000 390.00000000 1.00000000 105.00000000
428.00000000 507.00000000 1.00000000 103.00000000
746.00000000 486.00000000 1.00000000 101.00000000
257.00000000 28.00000000 0.00000000 100.00000000
549.00000000 586.00000000 0.00000000 100.00000000
389.00000000 621.00000000 1.00000000 100.00000000
294.00000000 178.00000000 2.00000000 100.00000000
311.00000000 243.00000000 0.00000000 99.00000000
151.00000000 576.00000000 0.00000000 99.00000000
162.00000000 234.00000000 1.00000000 99.00000000
559.00000000 325.00000000 0.00000000 99.00000000
442.00000000 320.00000000 1.00000000 99.00000000
742.00000000 388.00000000 1.00000000 99.00000000
489.00000000 309.00000000 1.00000000 98.00000000
506.00000000 347.00000000 1.00000000 97.00000000
255.00000000 147.00000000 0.00000000 95.00000000
292.00000000 201.00000000 0.00000000 95.00000000
742.00000000 387.00000000 1.00000000 94.00000000
207.00000000 545.00000000 0.00000000 92.00000000
593.00000000 441.00000000 0.00000000 91.00000000
725.00000000 390.00000000 1.00000000 91.00000000
496.00000000 382.00000000 2.00000000 89.00000000
176.00000000 25.00000000 1.00000000 86.00000000
688.00000000 506.00000000 2.00000000 85.00000000
291.00000000 202.00000000 1.00000000 85.00000000
207.00000000 546.00000000 1.00000000 84.00000000
561.00000000 250.00000000 0.00000000 83.00000000
866.00000000 408.00000000 0.00000000 83.00000000
688.00000000 507.00000000 1.00000000 83.00000000
505.00000000 305.00000000 1.00000000 83.00000000
311.00000000 244.00000000 1.00000000 83.00000000
622.00000000 253.00000000 1.00000000 83.00000000
746.00000000 485.00000000 0.00000000 82.00000000
166.00000000 222.00000000 2.00000000 82.00000000
155.00000000 115.00000000 2.00000000 82.00000000
60.00000000 109.00000000 1.00000000 81.00000000
315.00000000 210.00000000 1.00000000 81.00000000
255.00000000 147.00000000 1.00000000 81.00000000
506.00000000 346.00000000 2.00000000 80.00000000
170.00000000 543.00000000 0.00000000 80.00000000
724.00000000 390.00000000 0.00000000 79.00000000
399.00000000 509.00000000 0.00000000 79.00000000
499.00000000 131.00000000 0.00000000 77.00000000
428.00000000 508.00000000 2.00000000 77.00000000
166.00000000 222.00000000 1.00000000 77.00000000
704.00000000 355.00000000 1.00000000 76.00000000
428.00000000 507.00000000 1.00000000 76.00000000
257.00000000 28.00000000 1.00000000 76.00000000
164.00000000 223.00000000 2.00000000 76.00000000
742.00000000 388.00000000 0.00000000 74.00000000
56.00000000 92.00000000 2.00000000 74.00000000
489.00000000 308.00000000 1.00000000 73.00000000
60.00000000 108.00000000 0.00000000 73.00000000
302.00000000 208.00000000 0.00000000 73.00000000
301.00000000 201.00000000 1.00000000 72.00000000
746.00000000 487.00000000 1.00000000 71.00000000
505.00000000 305.00000000 0.00000000 71.00000000
704.00000000 354.00000000 0.00000000 70.00000000
408.00000000 452.00000000 4.00000000 70.00000000
549.00000000 587.00000000 1.00000000 70.00000000
463.00000000 424.00000000 0.00000000 70.00000000
611.00000000 234.00000000 1.00000000 69.00000000
531.00000000 571.00000000 1.00000000 69.00000000
866.00000000 244.00000000 1.00000000 69.00000000
154.00000000 116.00000000 2.00000000 69.00000000
467.00000000 298.00000000 1.00000000 69.00000000
152.00000000 313.00000000 2.00000000 68.00000000
639.00000000 211.00000000 1.00000000 68.00000000
314.00000000 209.00000000 0.00000000 68.00000000
489.00000000 301.00000000 0.00000000 68.00000000
156.00000000 116.00000000 4.00000000 67.00000000
458.00000000 322.00000000 0.00000000 67.00000000
611.00000000 234.00000000 0.00000000 67.00000000
490.00000000 440.00000000 0.00000000 67.00000000
588.00000000 169.00000000 5.00000000 67.00000000
544.00000000 432.00000000 0.00000000 67.00000000
432.00000000 568.00000000 0.00000000 66.00000000
598.00000000 288.00000000 0.00000000 66.00000000
960.00000000 150.00000000 0.00000000 66.00000000
408.00000000 309.00000000 0.00000000 64.00000000
196.00000000 309.00000000 0.00000000 64.00000000
176.00000000 25.00000000 0.00000000 64.00000000
158.00000000 376.00000000 0.00000000 64.00000000
391.00000000 511.00000000 0.00000000 64.00000000
471.00000000 327.00000000 0.00000000 63.00000000
412.00000000 286.00000000 0.00000000 63.00000000
521.00000000 303.00000000 0.00000000 63.00000000
598.00000000 202.00000000 0.00000000 61.00000000
315.00000000 113.00000000 0.00000000 61.00000000
745.00000000 539.00000000 0.00000000 59.00000000
646.00000000 243.00000000 0.00000000 59.00000000
458.00000000 466.00000000 0.00000000 59.00000000
598.00000000 214.00000000 0.00000000 59.00000000
432.00000000 577.00000000 0.00000000 58.00000000
304.00000000 190.00000000 0.00000000 57.00000000
294.00000000 154.00000000 0.00000000 57.00000000
403.00000000 316.00000000 0.00000000 57.00000000
450.00000000 337.00000000 0.00000000 57.00000000
296.00000000 177.00000000 0.00000000 56.00000000
381.00000000 310.00000000 0.00000000 56.00000000
741.00000000 48.00000000 0.00000000 56.00000000
154.00000000 585.00000000 0.00000000 55.00000000
598.00000000 239.00000000 0.00000000 55.00000000
