929.00000000 503.00000000 1.00000000 886.00000000
941.00000000 564.00000000 1.00000000 761.00000000
565.00000000 465.00000000 1.00000000 728.00000000
842.00000000 260.00000000 1.00000000 723.00000000
929.00000000 503.00000000 1.00000000 708.00000000
942.00000000 566.00000000 2.00000000 670.00000000
842.00000000 260.00000000 1.00000000 638.00000000
789.00000000 477.00000000 1.00000000 626.00000000
942.00000000 562.00000000 1.00000000 619.00000000
566.00000000 466.00000000 2.00000000 595.00000000
268.00000000 282.00000000 2.00000000 580.00000000
566.00000000 465.00000000 1.00000000 567.00000000
494.00000000 255.00000000 1.00000000 520.00000000
268.00000000 284.00000000 4.00000000 510.00000000
214.00000000 171.00000000 1.00000000 510.00000000
928.00000000 504.00000000 2.00000000 508.00000000
403.00000000 318.00000000 1.00000000 504.00000000
842.00000000 260.00000000 0.00000000 477.00000000
176.00000000 360.00000000 2.00000000 474.00000000
789.00000000 475.00000000 0.00000000 473.00000000
436.00000000 156.00000000 0.00000000 467.00000000
702.00000000 568.00000000 1.00000000 465.00000000
178.00000000 359.00000000 1.00000000 448.00000000
939.00000000 568.00000000 2.00000000 438.00000000
403.00000000 318.00000000 1.00000000 427.00000000
213.00000000 169.00000000 0.00000000 425.00000000
315.00000000 572.00000000 1.00000000 423.00000000
315.00000000 572.00000000 0.00000000 415.00000000
1057.00000000 739.00000000 1.00000000 413.00000000
315.00000000 571.00000000 1.00000000 409.00000000
187.00000000 135.00000000 1.00000000 406.00000000
494.00000000 254.00000000 0.00000000 405.00000000
198.00000000 172.00000000 1.00000000 401.00000000
614.00000000 599.00000000 1.00000000 400.00000000
1058.00000000 740.00000000 2.00000000 397.00000000
566.00000000 465.00000000 0.00000000 390.00000000
267.00000000 141.00000000 1.00000000 384.00000000
494.00000000 255.00000000 1.00000000 383.00000000
494.00000000 159.00000000 0.00000000 382.00000000
270.00000000 278.00000000 2.00000000 378.00000000
1058.00000000 738.00000000 1.00000000 377.00000000
178.00000000 358.00000000 1.00000000 376.00000000
302.00000000 552.00000000 0.00000000 374.00000000
812.00000000 668.00000000 4.00000000 369.00000000
402.00000000 318.00000000 2.00000000 362.00000000
314.00000000 570.00000000 2.00000000 359.00000000
941.00000000 560.00000000 0.00000000 356.00000000
494.00000000 159.00000000 1.00000000 352.00000000
929.00000000 505.00000000 0.00000000 350.00000000
475.00000000 253.00000000 0.00000000 349.00000000
685.00000000 610.00000000 0.00000000 348.00000000
437.00000000 157.00000000 1.00000000 342.00000000
130.00000000 379.00000000 2.00000000 339.00000000
703.00000000 569.00000000 1.00000000 335.00000000
265.00000000 141.00000000 1.00000000 334.00000000
565.00000000 466.00000000 2.00000000 333.00000000
613.00000000 597.00000000 0.00000000 331.00000000
429.00000000 279.00000000 1.00000000 330.00000000
685.00000000 611.00000000 1.00000000 323.00000000
848.00000000 431.00000000 1.00000000 323.00000000
214.00000000 172.00000000 1.00000000 321.00000000
921.00000000 196.00000000 1.00000000 318.00000000
212.00000000 304.00000000 1.00000000 312.00000000
476.00000000 254.00000000 1.00000000 311.00000000
486.00000000 373.00000000 5.00000000 309.00000000
789.00000000 476.00000000 1.00000000 306.00000000
369.00000000 271.00000000 0.00000000 305.00000000
218.00000000 490.00000000 1.00000000 304.00000000
94.00000000 569.00000000 0.00000000 304.00000000
674.00000000 607.00000000 0.00000000 300.00000000
187.00000000 135.00000000 0.00000000 298.00000000
98.00000000 601.00000000 1.00000000 298.00000000
344.00000000 200.00000000 1.00000000 297.00000000
921.00000000 195.00000000 0.00000000 295.00000000
1058.00000000 738.00000000 0.00000000 293.00000000
302.00000000 553.00000000 1.00000000 285.00000000
403.00000000 318.00000000 0.00000000 284.00000000
431.00000000 319.00000000 1.00000000 283.00000000
207.00000000 535.00000000 0.00000000 283.00000000
159.00000000 378.00000000 0.00000000 280.00000000
197.00000000 171.00000000 0.00000000 278.00000000
266.00000000 139.00000000 0.00000000 270.00000000
707.00000000 354.00000000 1.00000000 269.00000000
429.00000000 278.00000000 0.00000000 264.00000000
674.00000000 608.00000000 1.00000000 264.00000000
99.00000000 603.00000000 1.00000000 260.00000000
707.00000000 353.00000000 0.00000000 260.00000000
401.00000000 685.00000000 1.00000000 259.00000000
369.00000000 271.00000000 1.00000000 258.00000000
255.00000000 461.00000000 0.00000000 258.00000000
212.00000000 304.00000000 0.00000000 253.00000000
1064.00000000 130.00000000 1.00000000 252.00000000
344.00000000 200.00000000 0.00000000 248.00000000
218.00000000 490.00000000 0.00000000 237.00000000
178.00000000 357.00000000 0.00000000 233.00000000
634.00000000 212.00000000 0.00000000 233.00000000
401.00000000 684.00000000 0.00000000 228.00000000
496.00000000 328.00000000 0.00000000 222.00000000
702.00000000 564.00000000 0.00000000 216.00000000
325.00000000 89.00000000 0.00000000 216.00000000
85.00000000 387.00000000 0.00000000 213.00000000
1064.00000000 129.00000000 0.00000000 210.00000000
632.00000000 229.00000000 0.00000000 208.00000000
669.00000000 131.00000000 0.00000000 206.00000000
848.00000000 432.00000000 0.00000000 205.00000000
233.00000000 650.00000000 0.00000000 201.00000000
330.00000000 596.00000000 0.00000000 200.00000000
1091.00000000 370.00000000 0.00000000 198.00000000
70.00000000 774.00000000 0.00000000 195.00000000
249.00000000 380.00000000 0.00000000 194.00000000
849.00000000 424.00000000 0.00000000 193.00000000
727.00000000 284.00000000 0.00000000 192.00000000
328.00000000 373.00000000 0.00000000 191.00000000
1009.00000000 176.00000000 0.00000000 187.00000000
270.00000000 272.00000000 0.00000000 185.00000000
719.00000000 333.00000000 0.00000000 180.00000000
634.00000000 203.00000000 0.00000000 178.00000000
99.00000000 603.00000000 0.00000000 176.00000000
417.00000000 663.00000000 0.00000000 176.00000000
745.00000000 161.00000000 0.00000000 175.00000000
335.00000000 172.00000000 0.00000000 174.00000000
114.00000000 461.00000000 0.00000000 172.00000000
753.00000000 66.00000000 0.00000000 172.00000000
217.00000000 183.00000000 0.00000000 171.00000000
1004.00000000 472.00000000 0.00000000 169.00000000
112.00000000 623.00000000 0.00000000 169.00000000
264.00000000 480.00000000 0.00000000 169.00000000
