1048.00000000 136.00000000 4.00000000 460.00000000
1046.00000000 135.00000000 5.00000000 422.00000000
1046.00000000 138.00000000 2.00000000 389.00000000
627.00000000 44.00000000 1.00000000 367.00000000
664.00000000 209.00000000 2.00000000 356.00000000
668.00000000 212.00000000 4.00000000 347.00000000
626.00000000 42.00000000 0.00000000 326.00000000
831.00000000 432.00000000 1.00000000 310.00000000
830.00000000 431.00000000 1.00000000 309.00000000
756.00000000 153.00000000 1.00000000 299.00000000
1046.00000000 138.00000000 2.00000000 285.00000000
755.00000000 152.00000000 0.00000000 280.00000000
714.00000000 87.00000000 0.00000000 277.00000000
664.00000000 196.00000000 1.00000000 274.00000000
712.00000000 738.00000000 0.00000000 266.00000000
613.00000000 37.00000000 0.00000000 263.00000000
613.00000000 39.00000000 1.00000000 256.00000000
712.00000000 739.00000000 1.00000000 255.00000000
988.00000000 405.00000000 1.00000000 243.00000000
266.00000000 375.00000000 1.00000000 240.00000000
718.00000000 123.00000000 1.00000000 237.00000000
664.00000000 196.00000000 1.00000000 233.00000000
830.00000000 429.00000000 0.00000000 233.00000000
922.00000000 584.00000000 1.00000000 230.00000000
669.00000000 30.00000000 0.00000000 226.00000000
666.00000000 200.00000000 2.00000000 223.00000000
559.00000000 738.00000000 0.00000000 219.00000000
267.00000000 367.00000000 1.00000000 217.00000000
956.00000000 454.00000000 1.00000000 217.00000000
731.00000000 212.00000000 0.00000000 217.00000000
591.00000000 296.00000000 1.00000000 216.00000000
719.00000000 124.00000000 1.00000000 213.00000000
266.00000000 375.00000000 0.00000000 211.00000000
720.00000000 122.00000000 2.00000000 208.00000000
922.00000000 586.00000000 2.00000000 201.00000000
920.00000000 582.00000000 1.00000000 201.00000000
616.00000000 539.00000000 1.00000000 200.00000000
750.00000000 270.00000000 1.00000000 198.00000000
238.00000000 716.00000000 2.00000000 198.00000000
958.00000000 497.00000000 1.00000000 198.00000000
989.00000000 405.00000000 1.00000000 197.00000000
627.00000000 45.00000000 1.00000000 197.00000000
240.00000000 715.00000000 1.00000000 197.00000000
742.00000000 118.00000000 1.00000000 195.00000000
791.00000000 210.00000000 0.00000000 195.00000000
756.00000000 152.00000000 1.00000000 195.00000000
267.00000000 366.00000000 0.00000000 195.00000000
346.00000000 699.00000000 1.00000000 191.00000000
731.00000000 212.00000000 1.00000000 191.00000000
935.00000000 260.00000000 0.00000000 190.00000000
694.00000000 562.00000000 0.00000000 190.00000000
956.00000000 456.00000000 0.00000000 190.00000000
715.00000000 88.00000000 1.00000000 190.00000000
347.00000000 53.00000000 2.00000000 189.00000000
265.00000000 374.00000000 1.00000000 189.00000000
652.00000000 438.00000000 1.00000000 189.00000000
832.00000000 432.00000000 2.00000000 188.00000000
988.00000000 404.00000000 0.00000000 187.00000000
514.00000000 607.00000000 1.00000000 186.00000000
907.00000000 650.00000000 1.00000000 186.00000000
1047.00000000 128.00000000 1.00000000 186.00000000
574.00000000 321.00000000 0.00000000 184.00000000
264.00000000 370.00000000 2.00000000 184.00000000
907.00000000 651.00000000 1.00000000 183.00000000
958.00000000 496.00000000 0.00000000 182.00000000
651.00000000 436.00000000 0.00000000 182.00000000
805.00000000 114.00000000 0.00000000 181.00000000
794.00000000 332.00000000 2.00000000 181.00000000
559.00000000 740.00000000 1.00000000 180.00000000
1047.00000000 127.00000000 0.00000000 178.00000000
615.00000000 538.00000000 0.00000000 177.00000000
806.00000000 241.00000000 1.00000000 177.00000000
750.00000000 268.00000000 1.00000000 177.00000000
806.00000000 241.00000000 1.00000000 176.00000000
1045.00000000 138.00000000 1.00000000 175.00000000
620.00000000 226.00000000 1.00000000 175.00000000
670.00000000 265.00000000 2.00000000 174.00000000
762.00000000 565.00000000 1.00000000 174.00000000
958.00000000 198.00000000 0.00000000 172.00000000
801.00000000 214.00000000 0.00000000 172.00000000
533.00000000 674.00000000 1.00000000 170.00000000
801.00000000 215.00000000 1.00000000 169.00000000
852.00000000 555.00000000 0.00000000 166.00000000
719.00000000 123.00000000 0.00000000 166.00000000
346.00000000 697.00000000 0.00000000 165.00000000
694.00000000 563.00000000 1.00000000 164.00000000
957.00000000 199.00000000 1.00000000 160.00000000
887.00000000 470.00000000 0.00000000 160.00000000
761.00000000 652.00000000 1.00000000 159.00000000
907.00000000 649.00000000 0.00000000 159.00000000
533.00000000 674.00000000 1.00000000 157.00000000
852.00000000 556.00000000 1.00000000 157.00000000
514.00000000 605.00000000 0.00000000 154.00000000
774.00000000 212.00000000 0.00000000 151.00000000
684.00000000 565.00000000 0.00000000 150.00000000
879.00000000 467.00000000 0.00000000 149.00000000
628.00000000 65.00000000 0.00000000 149.00000000
661.00000000 785.00000000 0.00000000 148.00000000
919.00000000 581.00000000 0.00000000 148.00000000
663.00000000 194.00000000 0.00000000 145.00000000
675.00000000 524.00000000 0.00000000 145.00000000
516.00000000 385.00000000 0.00000000 143.00000000
749.00000000 266.00000000 0.00000000 143.00000000
764.00000000 360.00000000 0.00000000 140.00000000
784.00000000 601.00000000 0.00000000 137.00000000
670.00000000 613.00000000 0.00000000 135.00000000
789.00000000 237.00000000 0.00000000 134.00000000
557.00000000 374.00000000 0.00000000 133.00000000
413.00000000 806.00000000 0.00000000 133.00000000
914.00000000 436.00000000 0.00000000 131.00000000
762.00000000 608.00000000 0.00000000 131.00000000
548.00000000 392.00000000 0.00000000 130.00000000
775.00000000 98.00000000 0.00000000 130.00000000
739.00000000 353.00000000 0.00000000 129.00000000
666.00000000 605.00000000 0.00000000 127.00000000
566.00000000 819.00000000 0.00000000 127.00000000
258.00000000 115.00000000 0.00000000 126.00000000
669.00000000 22.00000000 0.00000000 125.00000000
601.00000000 36.00000000 0.00000000 124.00000000
591.00000000 296.00000000 0.00000000 124.00000000
861.00000000 221.00000000 0.00000000 123.00000000
639.00000000 61.00000000 0.00000000 122.00000000
543.00000000 338.00000000 0.00000000 122.00000000
620.00000000 226.00000000 0.00000000 121.00000000
770.00000000 357.00000000 0.00000000 121.00000000
596.00000000 357.00000000 0.00000000 120.00000000
888.00000000 111.00000000 0.00000000 120.00000000
