524.00000000 468.00000000 2.00000000 441.00000000
444.00000000 170.00000000 1.00000000 435.00000000
523.00000000 465.00000000 1.00000000 397.00000000
444.00000000 168.00000000 0.00000000 366.00000000
535.00000000 543.00000000 1.00000000 363.00000000
537.00000000 541.00000000 1.00000000 347.00000000
536.00000000 544.00000000 2.00000000 344.00000000
316.00000000 420.00000000 1.00000000 335.00000000
316.00000000 420.00000000 1.00000000 322.00000000
429.00000000 429.00000000 0.00000000 316.00000000
648.00000000 814.00000000 2.00000000 310.00000000
677.00000000 288.00000000 1.00000000 308.00000000
534.00000000 548.00000000 2.00000000 294.00000000
627.00000000 390.00000000 5.00000000 293.00000000
537.00000000 560.00000000 0.00000000 293.00000000
650.00000000 548.00000000 0.00000000 291.00000000
429.00000000 432.00000000 1.00000000 288.00000000
624.00000000 388.00000000 4.00000000 280.00000000
444.00000000 169.00000000 1.00000000 276.00000000
408.00000000 120.00000000 4.00000000 268.00000000
49.00000000 780.00000000 0.00000000 267.00000000
523.00000000 462.00000000 1.00000000 261.00000000
444.00000000 634.00000000 2.00000000 261.00000000
444.00000000 639.00000000 2.00000000 256.00000000
404.00000000 115.00000000 2.00000000 253.00000000
649.00000000 816.00000000 1.00000000 246.00000000
717.00000000 305.00000000 1.00000000 245.00000000
717.00000000 307.00000000 1.00000000 242.00000000
491.00000000 63.00000000 1.00000000 236.00000000
268.00000000 531.00000000 2.00000000 234.00000000
537.00000000 541.00000000 0.00000000 232.00000000
537.00000000 560.00000000 1.00000000 227.00000000
265.00000000 524.00000000 1.00000000 226.00000000
654.00000000 272.00000000 1.00000000 223.00000000
676.00000000 288.00000000 2.00000000 221.00000000
266.00000000 523.00000000 1.00000000 220.00000000
343.00000000 552.00000000 1.00000000 219.00000000
716.00000000 304.00000000 2.00000000 219.00000000
235.00000000 526.00000000 1.00000000 217.00000000
650.00000000 815.00000000 1.00000000 210.00000000
234.00000000 525.00000000 0.00000000 209.00000000
491.00000000 62.00000000 0.00000000 208.00000000
230.00000000 507.00000000 0.00000000 207.00000000
265.00000000 521.00000000 0.00000000 206.00000000
50.00000000 781.00000000 1.00000000 205.00000000
103.00000000 185.00000000 0.00000000 203.00000000
386.00000000 470.00000000 1.00000000 203.00000000
316.00000000 420.00000000 2.00000000 202.00000000
654.00000000 272.00000000 0.00000000 200.00000000
404.00000000 112.00000000 2.00000000 198.00000000
424.00000000 762.00000000 1.00000000 197.00000000
342.00000000 550.00000000 0.00000000 196.00000000
315.00000000 417.00000000 0.00000000 196.00000000
375.00000000 464.00000000 1.00000000 196.00000000
463.00000000 379.00000000 1.00000000 195.00000000
236.00000000 201.00000000 0.00000000 195.00000000
424.00000000 763.00000000 1.00000000 189.00000000
169.00000000 357.00000000 1.00000000 188.00000000
524.00000000 475.00000000 0.00000000 184.00000000
444.00000000 632.00000000 1.00000000 184.00000000
653.00000000 271.00000000 1.00000000 184.00000000
215.00000000 201.00000000 1.00000000 181.00000000
524.00000000 466.00000000 0.00000000 181.00000000
717.00000000 306.00000000 0.00000000 180.00000000
562.00000000 669.00000000 0.00000000 177.00000000
199.00000000 268.00000000 0.00000000 176.00000000
285.00000000 577.00000000 1.00000000 176.00000000
521.00000000 459.00000000 0.00000000 175.00000000
375.00000000 78.00000000 0.00000000 175.00000000
199.00000000 270.00000000 1.00000000 174.00000000
481.00000000 37.00000000 1.00000000 173.00000000
650.00000000 815.00000000 0.00000000 171.00000000
386.00000000 469.00000000 0.00000000 171.00000000
650.00000000 549.00000000 1.00000000 170.00000000
284.00000000 576.00000000 0.00000000 169.00000000
280.00000000 552.00000000 1.00000000 169.00000000
282.00000000 559.00000000 0.00000000 169.00000000
237.00000000 202.00000000 1.00000000 169.00000000
480.00000000 36.00000000 1.00000000 168.00000000
583.00000000 428.00000000 1.00000000 167.00000000
374.00000000 80.00000000 1.00000000 166.00000000
561.00000000 670.00000000 1.00000000 165.00000000
524.00000000 649.00000000 1.00000000 164.00000000
375.00000000 80.00000000 1.00000000 163.00000000
271.00000000 226.00000000 0.00000000 163.00000000
291.00000000 196.00000000 1.00000000 161.00000000
219.00000000 528.00000000 0.00000000 158.00000000
321.00000000 65.00000000 0.00000000 156.00000000
403.00000000 110.00000000 1.00000000 154.00000000
215.00000000 200.00000000 0.00000000 154.00000000
751.00000000 446.00000000 1.00000000 152.00000000
138.00000000 239.00000000 0.00000000 151.00000000
284.00000000 567.00000000 0.00000000 151.00000000
582.00000000 427.00000000 0.00000000 150.00000000
261.00000000 136.00000000 0.00000000 150.00000000
137.00000000 226.00000000 0.00000000 149.00000000
461.00000000 387.00000000 0.00000000 149.00000000
136.00000000 214.00000000 1.00000000 148.00000000
184.00000000 357.00000000 0.00000000 148.00000000
659.00000000 284.00000000 0.00000000 148.00000000
538.00000000 553.00000000 0.00000000 147.00000000
333.00000000 65.00000000 0.00000000 146.00000000
725.00000000 283.00000000 0.00000000 146.00000000
312.00000000 453.00000000 1.00000000 145.00000000
627.00000000 561.00000000 0.00000000 144.00000000
663.00000000 279.00000000 0.00000000 144.00000000
517.00000000 480.00000000 0.00000000 144.00000000
232.00000000 519.00000000 0.00000000 144.00000000
746.00000000 433.00000000 0.00000000 143.00000000
374.00000000 300.00000000 0.00000000 143.00000000
374.00000000 463.00000000 0.00000000 143.00000000
48.00000000 773.00000000 0.00000000 141.00000000
384.00000000 522.00000000 0.00000000 141.00000000
372.00000000 567.00000000 0.00000000 139.00000000
234.00000000 207.00000000 0.00000000 139.00000000
222.00000000 539.00000000 0.00000000 138.00000000
168.00000000 357.00000000 0.00000000 138.00000000
149.00000000 260.00000000 0.00000000 137.00000000
243.00000000 292.00000000 0.00000000 136.00000000
224.00000000 242.00000000 0.00000000 135.00000000
366.00000000 26.00000000 0.00000000 134.00000000
670.00000000 215.00000000 0.00000000 132.00000000
584.00000000 680.00000000 0.00000000 132.00000000
637.00000000 576.00000000 0.00000000 132.00000000
424.00000000 763.00000000 0.00000000 131.00000000
522.00000000 13.00000000 0.00000000 130.00000000
249.00000000 255.00000000 0.00000000 129.00000000
