897.00000000 443.00000000 1.00000000 754.00000000
903.00000000 484.00000000 1.00000000 646.00000000
845.00000000 265.00000000 1.00000000 588.00000000
660.00000000 420.00000000 1.00000000 572.00000000
897.00000000 442.00000000 0.00000000 563.00000000
844.00000000 264.00000000 0.00000000 554.00000000
660.00000000 419.00000000 1.00000000 551.00000000
903.00000000 483.00000000 0.00000000 524.00000000
424.00000000 263.00000000 2.00000000 520.00000000
903.00000000 486.00000000 1.00000000 485.00000000
1071.00000000 113.00000000 2.00000000 458.00000000
374.00000000 159.00000000 0.00000000 451.00000000
896.00000000 442.00000000 1.00000000 445.00000000
1072.00000000 109.00000000 1.00000000 445.00000000
1072.00000000 108.00000000 0.00000000 432.00000000
1073.00000000 108.00000000 1.00000000 430.00000000
342.00000000 329.00000000 1.00000000 422.00000000
1072.00000000 110.00000000 2.00000000 414.00000000
811.00000000 424.00000000 0.00000000 412.00000000
374.00000000 160.00000000 1.00000000 409.00000000
605.00000000 248.00000000 0.00000000 400.00000000
343.00000000 328.00000000 1.00000000 381.00000000
424.00000000 260.00000000 2.00000000 376.00000000
466.00000000 514.00000000 1.00000000 375.00000000
606.00000000 249.00000000 1.00000000 367.00000000
534.00000000 296.00000000 1.00000000 366.00000000
535.00000000 298.00000000 1.00000000 366.00000000
342.00000000 330.00000000 2.00000000 365.00000000
660.00000000 420.00000000 2.00000000 364.00000000
465.00000000 514.00000000 0.00000000 363.00000000
465.00000000 513.00000000 1.00000000 361.00000000
659.00000000 418.00000000 0.00000000 355.00000000
1068.00000000 116.00000000 4.00000000 345.00000000
969.00000000 602.00000000 1.00000000 336.00000000
607.00000000 169.00000000 0.00000000 331.00000000
902.00000000 486.00000000 2.00000000 328.00000000
424.00000000 264.00000000 4.00000000 325.00000000
592.00000000 246.00000000 0.00000000 314.00000000
422.00000000 140.00000000 0.00000000 310.00000000
755.00000000 495.00000000 1.00000000 308.00000000
970.00000000 602.00000000 1.00000000 308.00000000
422.00000000 139.00000000 1.00000000 308.00000000
825.00000000 565.00000000 2.00000000 302.00000000
350.00000000 125.00000000 1.00000000 297.00000000
360.00000000 161.00000000 1.00000000 295.00000000
826.00000000 562.00000000 2.00000000 292.00000000
298.00000000 344.00000000 2.00000000 292.00000000
455.00000000 498.00000000 0.00000000 292.00000000
562.00000000 164.00000000 0.00000000 290.00000000
695.00000000 523.00000000 0.00000000 286.00000000
381.00000000 446.00000000 1.00000000 284.00000000
359.00000000 159.00000000 0.00000000 283.00000000
970.00000000 601.00000000 0.00000000 274.00000000
373.00000000 281.00000000 1.00000000 273.00000000
274.00000000 552.00000000 1.00000000 273.00000000
1000.00000000 357.00000000 0.00000000 272.00000000
350.00000000 125.00000000 0.00000000 268.00000000
412.00000000 407.00000000 5.00000000 267.00000000
556.00000000 266.00000000 1.00000000 264.00000000
343.00000000 328.00000000 0.00000000 259.00000000
695.00000000 524.00000000 1.00000000 257.00000000
535.00000000 298.00000000 0.00000000 254.00000000
466.00000000 512.00000000 2.00000000 248.00000000
599.00000000 342.00000000 2.00000000 248.00000000
755.00000000 496.00000000 1.00000000 243.00000000
390.00000000 168.00000000 1.00000000 243.00000000
845.00000000 264.00000000 1.00000000 243.00000000
425.00000000 258.00000000 1.00000000 241.00000000
593.00000000 247.00000000 1.00000000 240.00000000
758.00000000 333.00000000 0.00000000 239.00000000
754.00000000 493.00000000 0.00000000 237.00000000
848.00000000 392.00000000 1.00000000 233.00000000
274.00000000 550.00000000 1.00000000 232.00000000
709.00000000 221.00000000 1.00000000 228.00000000
326.00000000 346.00000000 0.00000000 224.00000000
473.00000000 96.00000000 0.00000000 224.00000000
555.00000000 265.00000000 0.00000000 223.00000000
1067.00000000 645.00000000 1.00000000 223.00000000
373.00000000 280.00000000 0.00000000 223.00000000
744.00000000 529.00000000 0.00000000 221.00000000
507.00000000 257.00000000 0.00000000 221.00000000
557.00000000 299.00000000 1.00000000 221.00000000
62.00000000 226.00000000 1.00000000 220.00000000
568.00000000 251.00000000 1.00000000 219.00000000
268.00000000 522.00000000 0.00000000 217.00000000
91.00000000 171.00000000 1.00000000 216.00000000
487.00000000 194.00000000 1.00000000 216.00000000
811.00000000 425.00000000 1.00000000 216.00000000
747.00000000 141.00000000 1.00000000 213.00000000
1067.00000000 644.00000000 1.00000000 213.00000000
455.00000000 498.00000000 1.00000000 213.00000000
567.00000000 250.00000000 0.00000000 212.00000000
381.00000000 446.00000000 0.00000000 211.00000000
551.00000000 585.00000000 1.00000000 211.00000000
274.00000000 552.00000000 0.00000000 210.00000000
412.00000000 420.00000000 0.00000000 206.00000000
796.00000000 616.00000000 1.00000000 206.00000000
1067.00000000 646.00000000 0.00000000 206.00000000
130.00000000 556.00000000 0.00000000 203.00000000
748.00000000 140.00000000 0.00000000 202.00000000
480.00000000 170.00000000 0.00000000 202.00000000
371.00000000 487.00000000 0.00000000 200.00000000
255.00000000 353.00000000 0.00000000 197.00000000
736.00000000 527.00000000 0.00000000 195.00000000
707.00000000 234.00000000 0.00000000 194.00000000
487.00000000 194.00000000 0.00000000 193.00000000
976.00000000 181.00000000 0.00000000 188.00000000
709.00000000 220.00000000 0.00000000 180.00000000
93.00000000 173.00000000 0.00000000 177.00000000
1018.00000000 366.00000000 0.00000000 174.00000000
248.00000000 712.00000000 0.00000000 174.00000000
893.00000000 221.00000000 0.00000000 173.00000000
258.00000000 146.00000000 0.00000000 171.00000000
848.00000000 392.00000000 0.00000000 171.00000000
287.00000000 569.00000000 0.00000000 169.00000000
538.00000000 603.00000000 0.00000000 163.00000000
389.00000000 168.00000000 0.00000000 163.00000000
60.00000000 552.00000000 0.00000000 163.00000000
63.00000000 224.00000000 0.00000000 161.00000000
775.00000000 114.00000000 0.00000000 158.00000000
651.00000000 447.00000000 0.00000000 157.00000000
72.00000000 380.00000000 0.00000000 156.00000000
478.00000000 533.00000000 0.00000000 155.00000000
350.00000000 369.00000000 0.00000000 153.00000000
551.00000000 584.00000000 0.00000000 152.00000000
988.00000000 348.00000000 0.00000000 152.00000000
999.00000000 327.00000000 0.00000000 152.00000000
