681.00000000 432.00000000 1.00000000 191.00000000
534.00000000 371.00000000 1.00000000 168.00000000
509.00000000 403.00000000 1.00000000 161.00000000
544.00000000 398.00000000 2.00000000 160.00000000
680.00000000 431.00000000 0.00000000 152.00000000
536.00000000 591.00000000 1.00000000 150.00000000
543.00000000 398.00000000 2.00000000 149.00000000
508.00000000 404.00000000 2.00000000 144.00000000
536.00000000 591.00000000 0.00000000 142.00000000
922.00000000 427.00000000 2.00000000 140.00000000
534.00000000 371.00000000 1.00000000 138.00000000
535.00000000 591.00000000 1.00000000 138.00000000
924.00000000 428.00000000 4.00000000 126.00000000
223.00000000 380.00000000 1.00000000 125.00000000
508.00000000 403.00000000 1.00000000 124.00000000
642.00000000 600.00000000 0.00000000 124.00000000
641.00000000 600.00000000 1.00000000 122.00000000
544.00000000 398.00000000 1.00000000 120.00000000
681.00000000 432.00000000 1.00000000 120.00000000
696.00000000 432.00000000 1.00000000 119.00000000
223.00000000 380.00000000 0.00000000 118.00000000
696.00000000 432.00000000 0.00000000 115.00000000
533.00000000 369.00000000 0.00000000 110.00000000
367.00000000 246.00000000 0.00000000 108.00000000
912.00000000 172.00000000 4.00000000 108.00000000
509.00000000 407.00000000 2.00000000 106.00000000
922.00000000 424.00000000 2.00000000 106.00000000
586.00000000 599.00000000 0.00000000 104.00000000
347.00000000 287.00000000 1.00000000 104.00000000
506.00000000 376.00000000 1.00000000 103.00000000
463.00000000 487.00000000 0.00000000 102.00000000
697.00000000 434.00000000 1.00000000 102.00000000
921.00000000 435.00000000 0.00000000 102.00000000
223.00000000 379.00000000 1.00000000 102.00000000
347.00000000 287.00000000 0.00000000 101.00000000
558.00000000 350.00000000 1.00000000 100.00000000
536.00000000 592.00000000 2.00000000 99.00000000
545.00000000 400.00000000 1.00000000 99.00000000
636.00000000 612.00000000 1.00000000 99.00000000
526.00000000 398.00000000 0.00000000 98.00000000
780.00000000 359.00000000 0.00000000 97.00000000
463.00000000 267.00000000 1.00000000 96.00000000
760.00000000 140.00000000 0.00000000 96.00000000
681.00000000 402.00000000 0.00000000 96.00000000
682.00000000 403.00000000 1.00000000 93.00000000
735.00000000 223.00000000 2.00000000 93.00000000
432.00000000 520.00000000 2.00000000 93.00000000
432.00000000 519.00000000 1.00000000 92.00000000
463.00000000 267.00000000 0.00000000 92.00000000
700.00000000 417.00000000 0.00000000 92.00000000
701.00000000 418.00000000 1.00000000 92.00000000
736.00000000 222.00000000 2.00000000 90.00000000
781.00000000 370.00000000 0.00000000 90.00000000
722.00000000 403.00000000 0.00000000 89.00000000
799.00000000 609.00000000 1.00000000 88.00000000
429.00000000 514.00000000 5.00000000 87.00000000
718.00000000 436.00000000 2.00000000 87.00000000
787.00000000 347.00000000 0.00000000 87.00000000
634.00000000 610.00000000 1.00000000 86.00000000
781.00000000 371.00000000 1.00000000 86.00000000
586.00000000 600.00000000 1.00000000 85.00000000
262.00000000 424.00000000 1.00000000 84.00000000
505.00000000 376.00000000 1.00000000 84.00000000
780.00000000 364.00000000 0.00000000 84.00000000
368.00000000 246.00000000 1.00000000 84.00000000
506.00000000 376.00000000 2.00000000 83.00000000
836.00000000 482.00000000 0.00000000 82.00000000
921.00000000 436.00000000 1.00000000 80.00000000
733.00000000 251.00000000 0.00000000 80.00000000
710.00000000 404.00000000 1.00000000 80.00000000
519.00000000 357.00000000 0.00000000 78.00000000
509.00000000 403.00000000 0.00000000 78.00000000
798.00000000 608.00000000 1.00000000 77.00000000
311.00000000 451.00000000 0.00000000 77.00000000
760.00000000 140.00000000 1.00000000 76.00000000
780.00000000 361.00000000 1.00000000 76.00000000
787.00000000 359.00000000 0.00000000 76.00000000
469.00000000 596.00000000 0.00000000 76.00000000
588.00000000 533.00000000 1.00000000 75.00000000
718.00000000 435.00000000 1.00000000 75.00000000
217.00000000 404.00000000 0.00000000 75.00000000
928.00000000 204.00000000 1.00000000 74.00000000
640.00000000 599.00000000 1.00000000 74.00000000
693.00000000 401.00000000 0.00000000 74.00000000
722.00000000 403.00000000 1.00000000 73.00000000
514.00000000 343.00000000 1.00000000 73.00000000
545.00000000 400.00000000 0.00000000 72.00000000
923.00000000 429.00000000 1.00000000 72.00000000
733.00000000 251.00000000 1.00000000 71.00000000
520.00000000 357.00000000 1.00000000 71.00000000
217.00000000 404.00000000 1.00000000 71.00000000
469.00000000 596.00000000 1.00000000 71.00000000
637.00000000 431.00000000 1.00000000 70.00000000
514.00000000 342.00000000 0.00000000 70.00000000
788.00000000 348.00000000 1.00000000 70.00000000
533.00000000 25.00000000 0.00000000 67.00000000
553.00000000 446.00000000 0.00000000 67.00000000
10.00000000 346.00000000 0.00000000 67.00000000
756.00000000 355.00000000 0.00000000 65.00000000
585.00000000 425.00000000 0.00000000 64.00000000
780.00000000 347.00000000 0.00000000 63.00000000
262.00000000 424.00000000 0.00000000 63.00000000
605.00000000 300.00000000 0.00000000 60.00000000
690.00000000 423.00000000 0.00000000 60.00000000
469.00000000 366.00000000 0.00000000 59.00000000
637.00000000 430.00000000 0.00000000 59.00000000
535.00000000 387.00000000 0.00000000 58.00000000
505.00000000 607.00000000 0.00000000 57.00000000
644.00000000 618.00000000 0.00000000 57.00000000
588.00000000 533.00000000 0.00000000 56.00000000
802.00000000 374.00000000 0.00000000 56.00000000
489.00000000 494.00000000 0.00000000 56.00000000
259.00000000 440.00000000 0.00000000 55.00000000
798.00000000 608.00000000 0.00000000 54.00000000
317.00000000 251.00000000 0.00000000 54.00000000
817.00000000 165.00000000 0.00000000 54.00000000
937.00000000 281.00000000 0.00000000 54.00000000
927.00000000 204.00000000 0.00000000 53.00000000
682.00000000 446.00000000 0.00000000 52.00000000
782.00000000 386.00000000 0.00000000 52.00000000
504.00000000 383.00000000 0.00000000 49.00000000
657.00000000 403.00000000 0.00000000 49.00000000
881.00000000 396.00000000 0.00000000 49.00000000
278.00000000 456.00000000 0.00000000 49.00000000
710.00000000 404.00000000 0.00000000 49.00000000
461.00000000 377.00000000 0.00000000 49.00000000
208.00000000 354.00000000 0.00000000 48.00000000
