608.00000000 761.00000000 0.00000000 682.00000000
369.00000000 252.00000000 0.00000000 658.00000000
842.00000000 487.00000000 0.00000000 634.00000000
586.00000000 723.00000000 0.00000000 621.00000000
832.00000000 73.00000000 0.00000000 598.00000000
608.00000000 762.00000000 1.00000000 588.00000000
531.00000000 418.00000000 0.00000000 587.00000000
835.00000000 362.00000000 1.00000000 553.00000000
79.00000000 662.00000000 0.00000000 543.00000000
272.00000000 449.00000000 0.00000000 527.00000000
842.00000000 487.00000000 1.00000000 527.00000000
834.00000000 89.00000000 0.00000000 526.00000000
531.00000000 419.00000000 1.00000000 522.00000000
836.00000000 369.00000000 0.00000000 522.00000000
832.00000000 21.00000000 0.00000000 521.00000000
427.00000000 776.00000000 0.00000000 516.00000000
305.00000000 533.00000000 1.00000000 515.00000000
284.00000000 334.00000000 0.00000000 514.00000000
834.00000000 119.00000000 1.00000000 510.00000000
436.00000000 840.00000000 0.00000000 508.00000000
837.00000000 412.00000000 0.00000000 507.00000000
837.00000000 308.00000000 0.00000000 506.00000000
849.00000000 851.00000000 0.00000000 504.00000000
369.00000000 253.00000000 1.00000000 504.00000000
297.00000000 554.00000000 1.00000000 503.00000000
835.00000000 362.00000000 0.00000000 497.00000000
832.00000000 39.00000000 0.00000000 492.00000000
836.00000000 248.00000000 0.00000000 485.00000000
762.00000000 755.00000000 0.00000000 484.00000000
835.00000000 296.00000000 0.00000000 483.00000000
849.00000000 944.00000000 0.00000000 482.00000000
838.00000000 232.00000000 0.00000000 481.00000000
485.00000000 770.00000000 1.00000000 479.00000000
265.00000000 786.00000000 0.00000000 479.00000000
609.00000000 746.00000000 1.00000000 473.00000000
282.00000000 345.00000000 2.00000000 470.00000000
402.00000000 779.00000000 0.00000000 470.00000000
853.00000000 1014.00000000 0.00000000 464.00000000
840.00000000 500.00000000 4.00000000 464.00000000
835.00000000 118.00000000 0.00000000 464.00000000
294.00000000 468.00000000 0.00000000 463.00000000
761.00000000 736.00000000 0.00000000 462.00000000
611.00000000 792.00000000 0.00000000 460.00000000
580.00000000 516.00000000 0.00000000 460.00000000
305.00000000 532.00000000 0.00000000 459.00000000
765.00000000 794.00000000 0.00000000 456.00000000
851.00000000 934.00000000 0.00000000 454.00000000
842.00000000 497.00000000 1.00000000 452.00000000
284.00000000 344.00000000 2.00000000 451.00000000
421.00000000 745.00000000 0.00000000 447.00000000
230.00000000 78.00000000 1.00000000 446.00000000
588.00000000 461.00000000 0.00000000 445.00000000
427.00000000 777.00000000 1.00000000 444.00000000
628.00000000 442.00000000 1.00000000 444.00000000
615.00000000 825.00000000 0.00000000 443.00000000
230.00000000 77.00000000 1.00000000 442.00000000
627.00000000 441.00000000 0.00000000 441.00000000
608.00000000 762.00000000 1.00000000 440.00000000
837.00000000 198.00000000 0.00000000 440.00000000
494.00000000 440.00000000 0.00000000 440.00000000
432.00000000 37.00000000 0.00000000 440.00000000
295.00000000 470.00000000 1.00000000 439.00000000
852.00000000 996.00000000 0.00000000 439.00000000
838.00000000 219.00000000 0.00000000 439.00000000
638.00000000 1262.00000000 0.00000000 439.00000000
838.00000000 317.00000000 0.00000000 436.00000000
636.00000000 506.00000000 0.00000000 435.00000000
296.00000000 554.00000000 1.00000000 433.00000000
347.00000000 179.00000000 0.00000000 433.00000000
833.00000000 73.00000000 1.00000000 432.00000000
485.00000000 768.00000000 0.00000000 430.00000000
74.00000000 229.00000000 0.00000000 429.00000000
836.00000000 156.00000000 0.00000000 428.00000000
299.00000000 436.00000000 0.00000000 428.00000000
585.00000000 723.00000000 1.00000000 427.00000000
284.00000000 348.00000000 4.00000000 426.00000000
480.00000000 733.00000000 0.00000000 424.00000000
304.00000000 533.00000000 1.00000000 424.00000000
842.00000000 496.00000000 0.00000000 423.00000000
485.00000000 772.00000000 1.00000000 423.00000000
672.00000000 714.00000000 0.00000000 422.00000000
740.00000000 758.00000000 0.00000000 421.00000000
770.00000000 866.00000000 0.00000000 418.00000000
837.00000000 209.00000000 0.00000000 418.00000000
789.00000000 822.00000000 1.00000000 416.00000000
79.00000000 662.00000000 1.00000000 414.00000000
834.00000000 120.00000000 1.00000000 414.00000000
402.00000000 780.00000000 1.00000000 409.00000000
848.00000000 808.00000000 0.00000000 409.00000000
852.00000000 966.00000000 0.00000000 408.00000000
844.00000000 620.00000000 0.00000000 408.00000000
839.00000000 325.00000000 0.00000000 405.00000000
611.00000000 784.00000000 0.00000000 404.00000000
216.00000000 471.00000000 1.00000000 402.00000000
207.00000000 1163.00000000 1.00000000 402.00000000
844.00000000 620.00000000 1.00000000 401.00000000
102.00000000 630.00000000 2.00000000 397.00000000
346.00000000 179.00000000 1.00000000 397.00000000
87.00000000 699.00000000 1.00000000 394.00000000
103.00000000 627.00000000 1.00000000 393.00000000
329.00000000 58.00000000 0.00000000 392.00000000
609.00000000 745.00000000 1.00000000 390.00000000
837.00000000 503.00000000 5.00000000 385.00000000
762.00000000 757.00000000 1.00000000 384.00000000
273.00000000 450.00000000 1.00000000 384.00000000
842.00000000 499.00000000 1.00000000 380.00000000
849.00000000 852.00000000 1.00000000 380.00000000
208.00000000 1162.00000000 1.00000000 374.00000000
86.00000000 700.00000000 1.00000000 374.00000000
226.00000000 516.00000000 1.00000000 372.00000000
854.00000000 1071.00000000 2.00000000 372.00000000
186.00000000 512.00000000 2.00000000 371.00000000
835.00000000 362.00000000 1.00000000 369.00000000
265.00000000 786.00000000 1.00000000 369.00000000
580.00000000 517.00000000 1.00000000 368.00000000
845.00000000 671.00000000 1.00000000 366.00000000
840.00000000 497.00000000 2.00000000 363.00000000
480.00000000 734.00000000 1.00000000 362.00000000
762.00000000 758.00000000 1.00000000 358.00000000
230.00000000 78.00000000 2.00000000 356.00000000
627.00000000 442.00000000 1.00000000 352.00000000
783.00000000 725.00000000 1.00000000 351.00000000
856.00000000 1068.00000000 2.00000000 338.00000000
86.00000000 702.00000000 2.00000000 336.00000000
834.00000000 120.00000000 2.00000000 332.00000000
842.00000000 500.00000000 2.00000000 322.00000000
347.00000000 379.00000000 2.00000000 317.00000000
