792.00000000 430.00000000 1.00000000 463.00000000
544.00000000 50.00000000 1.00000000 450.00000000
793.00000000 431.00000000 1.00000000 443.00000000
592.00000000 212.00000000 4.00000000 421.00000000
954.00000000 455.00000000 1.00000000 416.00000000
588.00000000 206.00000000 2.00000000 410.00000000
929.00000000 258.00000000 0.00000000 391.00000000
543.00000000 49.00000000 0.00000000 379.00000000
1071.00000000 130.00000000 2.00000000 375.00000000
528.00000000 46.00000000 1.00000000 331.00000000
544.00000000 52.00000000 1.00000000 318.00000000
954.00000000 453.00000000 0.00000000 316.00000000
650.00000000 90.00000000 0.00000000 313.00000000
794.00000000 432.00000000 2.00000000 311.00000000
692.00000000 270.00000000 1.00000000 311.00000000
957.00000000 500.00000000 1.00000000 307.00000000
590.00000000 200.00000000 2.00000000 303.00000000
756.00000000 213.00000000 0.00000000 303.00000000
622.00000000 560.00000000 0.00000000 288.00000000
791.00000000 428.00000000 0.00000000 285.00000000
929.00000000 259.00000000 1.00000000 284.00000000
595.00000000 35.00000000 0.00000000 284.00000000
480.00000000 320.00000000 0.00000000 284.00000000
1075.00000000 120.00000000 1.00000000 283.00000000
1068.00000000 132.00000000 4.00000000 282.00000000
757.00000000 214.00000000 1.00000000 281.00000000
957.00000000 498.00000000 0.00000000 280.00000000
745.00000000 210.00000000 0.00000000 278.00000000
500.00000000 295.00000000 1.00000000 273.00000000
906.00000000 588.00000000 2.00000000 267.00000000
998.00000000 407.00000000 1.00000000 266.00000000
900.00000000 436.00000000 0.00000000 265.00000000
498.00000000 296.00000000 2.00000000 265.00000000
497.00000000 296.00000000 2.00000000 265.00000000
762.00000000 113.00000000 0.00000000 260.00000000
589.00000000 197.00000000 1.00000000 256.00000000
406.00000000 591.00000000 1.00000000 251.00000000
1075.00000000 120.00000000 0.00000000 250.00000000
746.00000000 330.00000000 2.00000000 249.00000000
701.00000000 153.00000000 1.00000000 249.00000000
817.00000000 555.00000000 1.00000000 246.00000000
589.00000000 197.00000000 1.00000000 241.00000000
957.00000000 502.00000000 1.00000000 241.00000000
670.00000000 213.00000000 1.00000000 241.00000000
886.00000000 653.00000000 1.00000000 237.00000000
593.00000000 209.00000000 5.00000000 236.00000000
595.00000000 35.00000000 1.00000000 235.00000000
526.00000000 529.00000000 1.00000000 234.00000000
527.00000000 45.00000000 0.00000000 234.00000000
701.00000000 152.00000000 0.00000000 233.00000000
535.00000000 228.00000000 1.00000000 228.00000000
1074.00000000 121.00000000 1.00000000 228.00000000
670.00000000 212.00000000 0.00000000 226.00000000
637.00000000 726.00000000 0.00000000 226.00000000
998.00000000 406.00000000 1.00000000 226.00000000
954.00000000 455.00000000 1.00000000 226.00000000
528.00000000 48.00000000 1.00000000 226.00000000
746.00000000 210.00000000 1.00000000 225.00000000
129.00000000 360.00000000 1.00000000 225.00000000
724.00000000 213.00000000 1.00000000 225.00000000
905.00000000 585.00000000 1.00000000 225.00000000
129.00000000 359.00000000 0.00000000 224.00000000
748.00000000 330.00000000 2.00000000 223.00000000
96.00000000 678.00000000 2.00000000 222.00000000
622.00000000 558.00000000 2.00000000 221.00000000
1074.00000000 124.00000000 2.00000000 221.00000000
817.00000000 554.00000000 0.00000000 220.00000000
481.00000000 321.00000000 1.00000000 216.00000000
454.00000000 719.00000000 1.00000000 215.00000000
535.00000000 227.00000000 1.00000000 215.00000000
622.00000000 561.00000000 1.00000000 211.00000000
886.00000000 652.00000000 1.00000000 210.00000000
213.00000000 669.00000000 1.00000000 209.00000000
537.00000000 469.00000000 1.00000000 209.00000000
650.00000000 90.00000000 1.00000000 208.00000000
693.00000000 268.00000000 1.00000000 205.00000000
571.00000000 432.00000000 0.00000000 205.00000000
500.00000000 294.00000000 1.00000000 203.00000000
526.00000000 528.00000000 0.00000000 202.00000000
405.00000000 590.00000000 0.00000000 201.00000000
864.00000000 470.00000000 0.00000000 200.00000000
905.00000000 584.00000000 1.00000000 200.00000000
571.00000000 433.00000000 1.00000000 200.00000000
98.00000000 677.00000000 1.00000000 198.00000000
993.00000000 620.00000000 1.00000000 198.00000000
411.00000000 636.00000000 1.00000000 195.00000000
638.00000000 727.00000000 1.00000000 194.00000000
724.00000000 212.00000000 0.00000000 192.00000000
455.00000000 717.00000000 0.00000000 192.00000000
678.00000000 351.00000000 0.00000000 191.00000000
859.00000000 515.00000000 0.00000000 187.00000000
514.00000000 45.00000000 0.00000000 186.00000000
594.00000000 26.00000000 0.00000000 184.00000000
620.00000000 480.00000000 0.00000000 182.00000000
127.00000000 367.00000000 0.00000000 175.00000000
213.00000000 667.00000000 0.00000000 174.00000000
854.00000000 467.00000000 0.00000000 173.00000000
925.00000000 400.00000000 0.00000000 171.00000000
726.00000000 98.00000000 0.00000000 166.00000000
702.00000000 602.00000000 0.00000000 162.00000000
997.00000000 405.00000000 0.00000000 162.00000000
866.00000000 330.00000000 0.00000000 160.00000000
836.00000000 208.00000000 0.00000000 160.00000000
635.00000000 327.00000000 0.00000000 159.00000000
993.00000000 619.00000000 0.00000000 157.00000000
1007.00000000 654.00000000 0.00000000 155.00000000
535.00000000 227.00000000 0.00000000 155.00000000
412.00000000 380.00000000 0.00000000 154.00000000
1021.00000000 439.00000000 0.00000000 154.00000000
1054.00000000 657.00000000 0.00000000 154.00000000
833.00000000 219.00000000 0.00000000 153.00000000
959.00000000 195.00000000 0.00000000 153.00000000
693.00000000 272.00000000 0.00000000 151.00000000
655.00000000 125.00000000 0.00000000 150.00000000
449.00000000 386.00000000 0.00000000 150.00000000
679.00000000 81.00000000 0.00000000 147.00000000
871.00000000 103.00000000 0.00000000 147.00000000
535.00000000 461.00000000 0.00000000 146.00000000
598.00000000 517.00000000 0.00000000 146.00000000
500.00000000 294.00000000 0.00000000 145.00000000
692.00000000 265.00000000 0.00000000 145.00000000
741.00000000 236.00000000 0.00000000 144.00000000
589.00000000 197.00000000 0.00000000 143.00000000
574.00000000 769.00000000 0.00000000 143.00000000
579.00000000 456.00000000 0.00000000 143.00000000
421.00000000 783.00000000 0.00000000 142.00000000
904.00000000 583.00000000 0.00000000 141.00000000
