147.00000000 1103.00000000 1.00000000 839.00000000
327.00000000 1212.00000000 1.00000000 830.00000000
145.00000000 1209.00000000 1.00000000 827.00000000
326.00000000 1213.00000000 1.00000000 824.00000000
548.00000000 1182.00000000 1.00000000 821.00000000
144.00000000 1120.00000000 1.00000000 803.00000000
143.00000000 1191.00000000 1.00000000 796.00000000
146.00000000 1137.00000000 1.00000000 789.00000000
145.00000000 1175.00000000 1.00000000 771.00000000
327.00000000 1177.00000000 1.00000000 759.00000000
204.00000000 1175.00000000 1.00000000 754.00000000
324.00000000 1194.00000000 1.00000000 754.00000000
147.00000000 1104.00000000 1.00000000 738.00000000
144.00000000 1209.00000000 1.00000000 732.00000000
391.00000000 1139.00000000 0.00000000 730.00000000
287.00000000 1105.00000000 1.00000000 723.00000000
205.00000000 1103.00000000 1.00000000 719.00000000
391.00000000 1139.00000000 1.00000000 715.00000000
248.00000000 1105.00000000 1.00000000 708.00000000
145.00000000 1138.00000000 1.00000000 707.00000000
145.00000000 1175.00000000 1.00000000 702.00000000
287.00000000 1178.00000000 1.00000000 699.00000000
203.00000000 1105.00000000 1.00000000 697.00000000
548.00000000 1182.00000000 0.00000000 696.00000000
185.00000000 1105.00000000 1.00000000 683.00000000
204.00000000 1174.00000000 0.00000000 680.00000000
326.00000000 1178.00000000 1.00000000 676.00000000
287.00000000 1176.00000000 1.00000000 671.00000000
147.00000000 1103.00000000 0.00000000 661.00000000
145.00000000 1173.00000000 0.00000000 658.00000000
288.00000000 1104.00000000 1.00000000 654.00000000
548.00000000 1182.00000000 1.00000000 651.00000000
205.00000000 1103.00000000 0.00000000 650.00000000
318.00000000 1110.00000000 2.00000000 646.00000000
142.00000000 1192.00000000 1.00000000 639.00000000
203.00000000 1176.00000000 1.00000000 639.00000000
506.00000000 1179.00000000 1.00000000 639.00000000
391.00000000 1141.00000000 1.00000000 637.00000000
104.00000000 1102.00000000 1.00000000 633.00000000
234.00000000 1273.00000000 1.00000000 633.00000000
249.00000000 1104.00000000 1.00000000 632.00000000
197.00000000 1199.00000000 5.00000000 625.00000000
538.00000000 1278.00000000 0.00000000 623.00000000
268.00000000 1104.00000000 1.00000000 621.00000000
323.00000000 1195.00000000 1.00000000 619.00000000
142.00000000 1190.00000000 0.00000000 619.00000000
327.00000000 1176.00000000 0.00000000 617.00000000
248.00000000 1176.00000000 1.00000000 604.00000000
287.00000000 1175.00000000 0.00000000 603.00000000
103.00000000 1173.00000000 1.00000000 601.00000000
185.00000000 1103.00000000 1.00000000 595.00000000
146.00000000 1137.00000000 0.00000000 595.00000000
347.00000000 1274.00000000 0.00000000 595.00000000
144.00000000 1208.00000000 0.00000000 594.00000000
362.00000000 1184.00000000 2.00000000 591.00000000
327.00000000 1211.00000000 0.00000000 588.00000000
267.00000000 1176.00000000 1.00000000 576.00000000
166.00000000 1103.00000000 1.00000000 575.00000000
324.00000000 1193.00000000 0.00000000 572.00000000
288.00000000 1108.00000000 2.00000000 566.00000000
286.00000000 1180.00000000 2.00000000 560.00000000
144.00000000 1120.00000000 0.00000000 551.00000000
288.00000000 1103.00000000 0.00000000 551.00000000
392.00000000 1144.00000000 2.00000000 544.00000000
317.00000000 1104.00000000 1.00000000 543.00000000
362.00000000 1185.00000000 2.00000000 542.00000000
551.00000000 1210.00000000 2.00000000 541.00000000
162.00000000 1269.00000000 0.00000000 536.00000000
246.00000000 1272.00000000 0.00000000 535.00000000
204.00000000 1108.00000000 2.00000000 533.00000000
104.00000000 1102.00000000 0.00000000 532.00000000
165.00000000 1174.00000000 1.00000000 528.00000000
368.00000000 1116.00000000 4.00000000 528.00000000
184.00000000 1175.00000000 1.00000000 521.00000000
334.00000000 1274.00000000 0.00000000 519.00000000
233.00000000 1272.00000000 0.00000000 516.00000000
196.00000000 1200.00000000 4.00000000 512.00000000
319.00000000 1111.00000000 2.00000000 510.00000000
506.00000000 1178.00000000 0.00000000 504.00000000
246.00000000 1273.00000000 1.00000000 504.00000000
204.00000000 1178.00000000 2.00000000 502.00000000
317.00000000 1103.00000000 0.00000000 495.00000000
248.00000000 1175.00000000 0.00000000 495.00000000
103.00000000 1173.00000000 0.00000000 495.00000000
267.00000000 1103.00000000 0.00000000 492.00000000
370.00000000 1114.00000000 2.00000000 490.00000000
360.00000000 1177.00000000 1.00000000 480.00000000
548.00000000 1184.00000000 2.00000000 479.00000000
267.00000000 1175.00000000 0.00000000 477.00000000
248.00000000 1103.00000000 0.00000000 462.00000000
166.00000000 1102.00000000 0.00000000 459.00000000
479.00000000 1277.00000000 0.00000000 455.00000000
80.00000000 1208.00000000 1.00000000 454.00000000
531.00000000 1278.00000000 0.00000000 450.00000000
359.00000000 1176.00000000 0.00000000 448.00000000
155.00000000 1269.00000000 0.00000000 437.00000000
185.00000000 1103.00000000 0.00000000 434.00000000
178.00000000 1278.00000000 0.00000000 434.00000000
321.00000000 1273.00000000 0.00000000 432.00000000
183.00000000 1173.00000000 0.00000000 430.00000000
89.00000000 1267.00000000 0.00000000 424.00000000
165.00000000 1173.00000000 0.00000000 411.00000000
219.00000000 1271.00000000 0.00000000 410.00000000
284.00000000 1272.00000000 0.00000000 406.00000000
83.00000000 1102.00000000 1.00000000 405.00000000
305.00000000 1273.00000000 0.00000000 400.00000000
161.00000000 1278.00000000 0.00000000 381.00000000
96.00000000 1267.00000000 0.00000000 364.00000000
330.00000000 1141.00000000 0.00000000 363.00000000
373.00000000 1142.00000000 0.00000000 325.00000000
391.00000000 1149.00000000 0.00000000 316.00000000
395.00000000 1215.00000000 0.00000000 312.00000000
393.00000000 928.00000000 0.00000000 312.00000000
373.00000000 1215.00000000 0.00000000 304.00000000
222.00000000 961.00000000 0.00000000 298.00000000
80.00000000 1208.00000000 0.00000000 295.00000000
82.00000000 1138.00000000 0.00000000 294.00000000
601.00000000 1278.00000000 0.00000000 286.00000000
83.00000000 1101.00000000 0.00000000 283.00000000
300.00000000 704.00000000 0.00000000 270.00000000
352.00000000 1141.00000000 0.00000000 268.00000000
193.00000000 1278.00000000 0.00000000 265.00000000
82.00000000 1172.00000000 0.00000000 256.00000000
202.00000000 1273.00000000 0.00000000 255.00000000
424.00000000 618.00000000 0.00000000 246.00000000
222.00000000 989.00000000 0.00000000 242.00000000
483.00000000 1216.00000000 0.00000000 240.00000000
