598.00000000 684.00000000 2.00000000 321.00000000
449.00000000 698.00000000 1.00000000 307.00000000
390.00000000 1056.00000000 2.00000000 291.00000000
598.00000000 684.00000000 1.00000000 289.00000000
298.00000000 998.00000000 1.00000000 283.00000000
446.00000000 701.00000000 2.00000000 273.00000000
650.00000000 659.00000000 1.00000000 265.00000000
59.00000000 1108.00000000 2.00000000 262.00000000
298.00000000 998.00000000 1.00000000 256.00000000
599.00000000 684.00000000 2.00000000 252.00000000
450.00000000 700.00000000 2.00000000 252.00000000
412.00000000 1057.00000000 1.00000000 251.00000000
414.00000000 1058.00000000 2.00000000 250.00000000
650.00000000 660.00000000 2.00000000 249.00000000
49.00000000 1047.00000000 1.00000000 248.00000000
190.00000000 618.00000000 0.00000000 246.00000000
17.00000000 1055.00000000 1.00000000 242.00000000
192.00000000 1158.00000000 2.00000000 241.00000000
345.00000000 1079.00000000 1.00000000 240.00000000
451.00000000 698.00000000 1.00000000 238.00000000
387.00000000 1055.00000000 2.00000000 237.00000000
352.00000000 1184.00000000 4.00000000 236.00000000
427.00000000 975.00000000 1.00000000 234.00000000
448.00000000 704.00000000 4.00000000 229.00000000
371.00000000 551.00000000 1.00000000 229.00000000
266.00000000 1180.00000000 2.00000000 228.00000000
390.00000000 1055.00000000 1.00000000 225.00000000
50.00000000 1048.00000000 2.00000000 224.00000000
280.00000000 1036.00000000 1.00000000 222.00000000
238.00000000 697.00000000 0.00000000 220.00000000
34.00000000 755.00000000 0.00000000 219.00000000
265.00000000 1179.00000000 1.00000000 216.00000000
196.00000000 1097.00000000 1.00000000 216.00000000
599.00000000 683.00000000 1.00000000 214.00000000
51.00000000 1047.00000000 1.00000000 214.00000000
279.00000000 1037.00000000 1.00000000 211.00000000
258.00000000 675.00000000 0.00000000 208.00000000
184.00000000 663.00000000 1.00000000 208.00000000
651.00000000 659.00000000 1.00000000 207.00000000
185.00000000 662.00000000 0.00000000 198.00000000
350.00000000 1187.00000000 5.00000000 195.00000000
427.00000000 974.00000000 1.00000000 195.00000000
823.00000000 678.00000000 0.00000000 192.00000000
34.00000000 755.00000000 1.00000000 190.00000000
272.00000000 1001.00000000 1.00000000 190.00000000
684.00000000 456.00000000 1.00000000 188.00000000
294.00000000 666.00000000 0.00000000 188.00000000
253.00000000 1017.00000000 1.00000000 188.00000000
271.00000000 672.00000000 1.00000000 187.00000000
370.00000000 550.00000000 0.00000000 186.00000000
258.00000000 676.00000000 1.00000000 186.00000000
281.00000000 625.00000000 0.00000000 186.00000000
824.00000000 678.00000000 1.00000000 186.00000000
299.00000000 962.00000000 1.00000000 185.00000000
736.00000000 458.00000000 1.00000000 183.00000000
191.00000000 619.00000000 1.00000000 182.00000000
335.00000000 388.00000000 0.00000000 181.00000000
294.00000000 666.00000000 1.00000000 180.00000000
537.00000000 698.00000000 1.00000000 175.00000000
63.00000000 1067.00000000 1.00000000 174.00000000
487.00000000 524.00000000 1.00000000 174.00000000
252.00000000 1099.00000000 1.00000000 174.00000000
237.00000000 698.00000000 1.00000000 173.00000000
794.00000000 849.00000000 0.00000000 170.00000000
483.00000000 1090.00000000 1.00000000 168.00000000
251.00000000 1100.00000000 1.00000000 167.00000000
113.00000000 536.00000000 0.00000000 166.00000000
488.00000000 524.00000000 1.00000000 166.00000000
794.00000000 850.00000000 1.00000000 164.00000000
729.00000000 473.00000000 1.00000000 162.00000000
293.00000000 943.00000000 1.00000000 162.00000000
675.00000000 443.00000000 1.00000000 160.00000000
197.00000000 1097.00000000 1.00000000 160.00000000
281.00000000 656.00000000 1.00000000 159.00000000
548.00000000 566.00000000 0.00000000 157.00000000
177.00000000 621.00000000 1.00000000 157.00000000
294.00000000 943.00000000 0.00000000 155.00000000
675.00000000 443.00000000 0.00000000 155.00000000
684.00000000 455.00000000 0.00000000 152.00000000
181.00000000 642.00000000 0.00000000 152.00000000
299.00000000 998.00000000 0.00000000 147.00000000
672.00000000 452.00000000 0.00000000 142.00000000
260.00000000 661.00000000 0.00000000 141.00000000
299.00000000 962.00000000 0.00000000 141.00000000
281.00000000 656.00000000 0.00000000 140.00000000
736.00000000 457.00000000 0.00000000 137.00000000
598.00000000 683.00000000 0.00000000 136.00000000
805.00000000 560.00000000 0.00000000 136.00000000
528.00000000 374.00000000 0.00000000 135.00000000
451.00000000 698.00000000 0.00000000 132.00000000
815.00000000 834.00000000 0.00000000 131.00000000
278.00000000 1037.00000000 0.00000000 130.00000000
16.00000000 1053.00000000 0.00000000 128.00000000
496.00000000 691.00000000 0.00000000 127.00000000
729.00000000 473.00000000 0.00000000 126.00000000
50.00000000 1047.00000000 0.00000000 125.00000000
337.00000000 968.00000000 0.00000000 125.00000000
369.00000000 504.00000000 0.00000000 124.00000000
131.00000000 866.00000000 0.00000000 124.00000000
300.00000000 760.00000000 0.00000000 123.00000000
517.00000000 741.00000000 0.00000000 123.00000000
449.00000000 709.00000000 0.00000000 123.00000000
217.00000000 856.00000000 0.00000000 122.00000000
419.00000000 511.00000000 0.00000000 121.00000000
207.00000000 616.00000000 0.00000000 120.00000000
364.00000000 382.00000000 0.00000000 119.00000000
177.00000000 621.00000000 0.00000000 119.00000000
482.00000000 1089.00000000 0.00000000 118.00000000
651.00000000 658.00000000 0.00000000 116.00000000
306.00000000 710.00000000 0.00000000 113.00000000
772.00000000 842.00000000 0.00000000 111.00000000
427.00000000 975.00000000 0.00000000 109.00000000
328.00000000 392.00000000 0.00000000 108.00000000
70.00000000 745.00000000 0.00000000 108.00000000
267.00000000 1085.00000000 0.00000000 108.00000000
270.00000000 672.00000000 0.00000000 108.00000000
331.00000000 745.00000000 0.00000000 107.00000000
376.00000000 538.00000000 0.00000000 106.00000000
130.00000000 852.00000000 0.00000000 104.00000000
123.00000000 868.00000000 0.00000000 104.00000000
642.00000000 540.00000000 0.00000000 104.00000000
826.00000000 554.00000000 0.00000000 103.00000000
253.00000000 1017.00000000 0.00000000 102.00000000
503.00000000 416.00000000 0.00000000 101.00000000
263.00000000 258.00000000 0.00000000 100.00000000
21.00000000 1014.00000000 0.00000000 100.00000000
747.00000000 458.00000000 0.00000000 100.00000000
