721.00000000 1229.00000000 1.00000000 1031.00000000
721.00000000 1230.00000000 1.00000000 1002.00000000
721.00000000 1228.00000000 0.00000000 838.00000000
722.00000000 1230.00000000 2.00000000 683.00000000
447.00000000 1278.00000000 0.00000000 674.00000000
595.00000000 1213.00000000 1.00000000 615.00000000
724.00000000 1250.00000000 1.00000000 613.00000000
600.00000000 1252.00000000 1.00000000 593.00000000
596.00000000 1214.00000000 2.00000000 582.00000000
723.00000000 1248.00000000 1.00000000 578.00000000
526.00000000 1241.00000000 1.00000000 576.00000000
614.00000000 1241.00000000 1.00000000 572.00000000
491.00000000 1258.00000000 1.00000000 551.00000000
596.00000000 1216.00000000 2.00000000 538.00000000
600.00000000 1252.00000000 0.00000000 531.00000000
526.00000000 1240.00000000 0.00000000 524.00000000
490.00000000 1260.00000000 1.00000000 524.00000000
526.00000000 1243.00000000 1.00000000 513.00000000
613.00000000 1240.00000000 0.00000000 512.00000000
695.00000000 1240.00000000 0.00000000 511.00000000
696.00000000 1241.00000000 1.00000000 505.00000000
509.00000000 1250.00000000 1.00000000 500.00000000
566.00000000 1270.00000000 1.00000000 493.00000000
724.00000000 1250.00000000 2.00000000 484.00000000
663.00000000 1265.00000000 1.00000000 473.00000000
859.00000000 1250.00000000 0.00000000 454.00000000
595.00000000 1211.00000000 1.00000000 449.00000000
552.00000000 1228.00000000 1.00000000 444.00000000
552.00000000 1230.00000000 1.00000000 440.00000000
552.00000000 1228.00000000 0.00000000 436.00000000
566.00000000 1269.00000000 0.00000000 434.00000000
554.00000000 1234.00000000 2.00000000 428.00000000
509.00000000 1251.00000000 1.00000000 424.00000000
508.00000000 1248.00000000 0.00000000 409.00000000
642.00000000 760.00000000 1.00000000 406.00000000
583.00000000 1261.00000000 1.00000000 403.00000000
528.00000000 1244.00000000 2.00000000 402.00000000
641.00000000 1018.00000000 1.00000000 397.00000000
490.00000000 1257.00000000 0.00000000 396.00000000
452.00000000 1078.00000000 1.00000000 394.00000000
615.00000000 1243.00000000 1.00000000 391.00000000
695.00000000 1243.00000000 1.00000000 391.00000000
704.00000000 747.00000000 1.00000000 390.00000000
842.00000000 1261.00000000 0.00000000 385.00000000
393.00000000 840.00000000 1.00000000 379.00000000
860.00000000 1250.00000000 1.00000000 376.00000000
652.00000000 1016.00000000 1.00000000 375.00000000
663.00000000 1263.00000000 1.00000000 375.00000000
599.00000000 1251.00000000 1.00000000 374.00000000
557.00000000 1238.00000000 2.00000000 373.00000000
596.00000000 1220.00000000 4.00000000 362.00000000
642.00000000 760.00000000 1.00000000 360.00000000
723.00000000 1247.00000000 0.00000000 359.00000000
825.00000000 1273.00000000 0.00000000 357.00000000
583.00000000 1261.00000000 0.00000000 352.00000000
642.00000000 764.00000000 2.00000000 345.00000000
721.00000000 1230.00000000 2.00000000 339.00000000
682.00000000 1250.00000000 1.00000000 335.00000000
560.00000000 1118.00000000 1.00000000 334.00000000
642.00000000 760.00000000 0.00000000 328.00000000
393.00000000 840.00000000 1.00000000 323.00000000
596.00000000 991.00000000 0.00000000 321.00000000
452.00000000 1079.00000000 1.00000000 320.00000000
594.00000000 1045.00000000 1.00000000 315.00000000
444.00000000 1103.00000000 1.00000000 313.00000000
681.00000000 1249.00000000 0.00000000 310.00000000
651.00000000 1016.00000000 0.00000000 308.00000000
501.00000000 732.00000000 0.00000000 306.00000000
708.00000000 1001.00000000 1.00000000 304.00000000
555.00000000 726.00000000 0.00000000 304.00000000
704.00000000 747.00000000 0.00000000 300.00000000
84.00000000 1233.00000000 2.00000000 297.00000000
561.00000000 1118.00000000 1.00000000 296.00000000
471.00000000 1066.00000000 1.00000000 295.00000000
324.00000000 778.00000000 2.00000000 295.00000000
850.00000000 1255.00000000 0.00000000 289.00000000
486.00000000 1110.00000000 2.00000000 289.00000000
722.00000000 730.00000000 1.00000000 284.00000000
850.00000000 1271.00000000 0.00000000 277.00000000
563.00000000 735.00000000 0.00000000 277.00000000
564.00000000 735.00000000 1.00000000 272.00000000
594.00000000 1210.00000000 0.00000000 271.00000000
552.00000000 740.00000000 0.00000000 270.00000000
861.00000000 1264.00000000 1.00000000 266.00000000
555.00000000 727.00000000 1.00000000 265.00000000
585.00000000 996.00000000 1.00000000 264.00000000
861.00000000 1263.00000000 0.00000000 263.00000000
445.00000000 1102.00000000 1.00000000 262.00000000
535.00000000 762.00000000 0.00000000 261.00000000
597.00000000 991.00000000 1.00000000 260.00000000
722.00000000 729.00000000 0.00000000 257.00000000
452.00000000 1077.00000000 0.00000000 252.00000000
641.00000000 1017.00000000 0.00000000 250.00000000
393.00000000 839.00000000 0.00000000 250.00000000
663.00000000 1262.00000000 0.00000000 241.00000000
624.00000000 1040.00000000 0.00000000 241.00000000
651.00000000 960.00000000 0.00000000 240.00000000
584.00000000 996.00000000 0.00000000 239.00000000
636.00000000 1108.00000000 4.00000000 235.00000000
441.00000000 810.00000000 0.00000000 230.00000000
708.00000000 1000.00000000 0.00000000 229.00000000
521.00000000 1083.00000000 0.00000000 229.00000000
593.00000000 1045.00000000 0.00000000 229.00000000
453.00000000 1115.00000000 0.00000000 226.00000000
591.00000000 1021.00000000 0.00000000 225.00000000
471.00000000 1065.00000000 0.00000000 224.00000000
841.00000000 1278.00000000 0.00000000 219.00000000
614.00000000 1252.00000000 0.00000000 215.00000000
596.00000000 1117.00000000 0.00000000 214.00000000
570.00000000 818.00000000 0.00000000 212.00000000
445.00000000 1102.00000000 0.00000000 212.00000000
499.00000000 692.00000000 0.00000000 211.00000000
593.00000000 965.00000000 0.00000000 208.00000000
418.00000000 820.00000000 0.00000000 208.00000000
560.00000000 1118.00000000 0.00000000 203.00000000
576.00000000 1010.00000000 0.00000000 202.00000000
714.00000000 642.00000000 0.00000000 200.00000000
482.00000000 1077.00000000 0.00000000 200.00000000
375.00000000 811.00000000 0.00000000 194.00000000
557.00000000 1075.00000000 0.00000000 186.00000000
817.00000000 1269.00000000 0.00000000 185.00000000
632.00000000 1278.00000000 0.00000000 185.00000000
680.00000000 759.00000000 0.00000000 180.00000000
584.00000000 1067.00000000 0.00000000 180.00000000
222.00000000 762.00000000 0.00000000 178.00000000
326.00000000 776.00000000 0.00000000 175.00000000
231.00000000 989.00000000 5.00000000 168.00000000
