212.00000000 1202.00000000 1.00000000 862.00000000
211.00000000 1185.00000000 1.00000000 802.00000000
99.00000000 1078.00000000 1.00000000 786.00000000
95.00000000 1170.00000000 1.00000000 762.00000000
98.00000000 1108.00000000 1.00000000 757.00000000
96.00000000 1140.00000000 0.00000000 754.00000000
213.00000000 1169.00000000 1.00000000 742.00000000
379.00000000 1212.00000000 1.00000000 740.00000000
97.00000000 1140.00000000 1.00000000 723.00000000
128.00000000 1164.00000000 4.00000000 712.00000000
135.00000000 1084.00000000 0.00000000 706.00000000
189.00000000 1096.00000000 1.00000000 705.00000000
94.00000000 1154.00000000 0.00000000 702.00000000
259.00000000 1143.00000000 0.00000000 698.00000000
95.00000000 1170.00000000 0.00000000 697.00000000
99.00000000 1077.00000000 0.00000000 697.00000000
132.00000000 1149.00000000 0.00000000 695.00000000
186.00000000 1163.00000000 1.00000000 690.00000000
94.00000000 1155.00000000 1.00000000 690.00000000
379.00000000 1212.00000000 0.00000000 684.00000000
97.00000000 1092.00000000 1.00000000 681.00000000
212.00000000 1202.00000000 0.00000000 673.00000000
98.00000000 1107.00000000 0.00000000 673.00000000
135.00000000 1085.00000000 1.00000000 668.00000000
188.00000000 1095.00000000 0.00000000 652.00000000
213.00000000 1168.00000000 0.00000000 650.00000000
212.00000000 1203.00000000 1.00000000 643.00000000
96.00000000 1092.00000000 0.00000000 641.00000000
94.00000000 1170.00000000 1.00000000 638.00000000
186.00000000 1162.00000000 0.00000000 638.00000000
345.00000000 1202.00000000 1.00000000 627.00000000
260.00000000 1143.00000000 1.00000000 627.00000000
211.00000000 1185.00000000 0.00000000 604.00000000
133.00000000 1149.00000000 1.00000000 594.00000000
238.00000000 1182.00000000 2.00000000 594.00000000
236.00000000 1175.00000000 1.00000000 588.00000000
96.00000000 1141.00000000 1.00000000 587.00000000
132.00000000 1100.00000000 4.00000000 587.00000000
210.00000000 1106.00000000 2.00000000 570.00000000
98.00000000 1079.00000000 1.00000000 568.00000000
173.00000000 1158.00000000 0.00000000 566.00000000
160.00000000 1155.00000000 0.00000000 566.00000000
236.00000000 1176.00000000 1.00000000 565.00000000
345.00000000 1203.00000000 1.00000000 564.00000000
209.00000000 1101.00000000 1.00000000 555.00000000
97.00000000 1108.00000000 1.00000000 555.00000000
209.00000000 1100.00000000 1.00000000 554.00000000
93.00000000 1155.00000000 1.00000000 551.00000000
212.00000000 1170.00000000 2.00000000 550.00000000
161.00000000 1156.00000000 1.00000000 550.00000000
188.00000000 1097.00000000 1.00000000 548.00000000
345.00000000 1201.00000000 0.00000000 546.00000000
210.00000000 1186.00000000 1.00000000 545.00000000
213.00000000 1169.00000000 1.00000000 544.00000000
123.00000000 1083.00000000 1.00000000 543.00000000
216.00000000 1264.00000000 1.00000000 542.00000000
173.00000000 1159.00000000 1.00000000 540.00000000
127.00000000 1162.00000000 2.00000000 540.00000000
96.00000000 1093.00000000 1.00000000 536.00000000
208.00000000 1099.00000000 0.00000000 534.00000000
380.00000000 1243.00000000 1.00000000 533.00000000
149.00000000 1243.00000000 0.00000000 533.00000000
111.00000000 1080.00000000 1.00000000 532.00000000
163.00000000 1091.00000000 1.00000000 528.00000000
378.00000000 1212.00000000 2.00000000 527.00000000
379.00000000 1211.00000000 1.00000000 524.00000000
111.00000000 1079.00000000 0.00000000 523.00000000
175.00000000 1092.00000000 0.00000000 523.00000000
57.00000000 1262.00000000 0.00000000 522.00000000
236.00000000 1174.00000000 0.00000000 520.00000000
108.00000000 1142.00000000 0.00000000 517.00000000
225.00000000 1265.00000000 0.00000000 516.00000000
149.00000000 1244.00000000 1.00000000 516.00000000
379.00000000 1244.00000000 2.00000000 515.00000000
216.00000000 1262.00000000 0.00000000 515.00000000
74.00000000 1071.00000000 0.00000000 511.00000000
123.00000000 1081.00000000 0.00000000 511.00000000
176.00000000 1093.00000000 1.00000000 510.00000000
260.00000000 1145.00000000 1.00000000 509.00000000
120.00000000 1145.00000000 0.00000000 503.00000000
120.00000000 1146.00000000 1.00000000 497.00000000
109.00000000 1143.00000000 1.00000000 494.00000000
71.00000000 1133.00000000 0.00000000 494.00000000
163.00000000 1090.00000000 0.00000000 494.00000000
62.00000000 1069.00000000 0.00000000 486.00000000
72.00000000 1134.00000000 1.00000000 477.00000000
130.00000000 1242.00000000 0.00000000 474.00000000
380.00000000 1244.00000000 2.00000000 463.00000000
376.00000000 1210.00000000 2.00000000 462.00000000
75.00000000 1073.00000000 1.00000000 459.00000000
153.00000000 1261.00000000 0.00000000 459.00000000
60.00000000 1273.00000000 0.00000000 458.00000000
81.00000000 1240.00000000 0.00000000 449.00000000
237.00000000 1182.00000000 2.00000000 448.00000000
54.00000000 1270.00000000 0.00000000 444.00000000
157.00000000 1244.00000000 0.00000000 431.00000000
62.00000000 1070.00000000 1.00000000 431.00000000
145.00000000 1258.00000000 1.00000000 429.00000000
144.00000000 1258.00000000 0.00000000 414.00000000
94.00000000 1140.00000000 2.00000000 409.00000000
195.00000000 1277.00000000 0.00000000 392.00000000
59.00000000 1129.00000000 0.00000000 386.00000000
243.00000000 1125.00000000 5.00000000 378.00000000
259.00000000 1153.00000000 0.00000000 373.00000000
260.00000000 1148.00000000 2.00000000 371.00000000
82.00000000 1269.00000000 0.00000000 366.00000000
207.00000000 1259.00000000 0.00000000 360.00000000
246.00000000 1143.00000000 0.00000000 360.00000000
188.00000000 1100.00000000 2.00000000 359.00000000
327.00000000 1196.00000000 0.00000000 349.00000000
60.00000000 1213.00000000 0.00000000 331.00000000
150.00000000 960.00000000 0.00000000 328.00000000
226.00000000 1207.00000000 0.00000000 325.00000000
57.00000000 1161.00000000 0.00000000 313.00000000
140.00000000 1238.00000000 0.00000000 311.00000000
326.00000000 1234.00000000 0.00000000 306.00000000
195.00000000 1264.00000000 0.00000000 293.00000000
199.00000000 1131.00000000 0.00000000 286.00000000
82.00000000 1233.00000000 0.00000000 284.00000000
231.00000000 1139.00000000 0.00000000 283.00000000
260.00000000 1216.00000000 0.00000000 277.00000000
267.00000000 941.00000000 0.00000000 274.00000000
98.00000000 1236.00000000 0.00000000 271.00000000
379.00000000 1243.00000000 0.00000000 271.00000000
70.00000000 1164.00000000 0.00000000 270.00000000
123.00000000 1254.00000000 0.00000000 267.00000000
166.00000000 1267.00000000 0.00000000 263.00000000
