173.00000000 1178.00000000 1.00000000 791.00000000
75.00000000 1055.00000000 1.00000000 769.00000000
74.00000000 1084.00000000 1.00000000 755.00000000
72.00000000 1144.00000000 1.00000000 733.00000000
73.00000000 1069.00000000 1.00000000 730.00000000
73.00000000 1115.00000000 1.00000000 705.00000000
73.00000000 1115.00000000 0.00000000 703.00000000
73.00000000 1069.00000000 0.00000000 701.00000000
106.00000000 1062.00000000 0.00000000 699.00000000
173.00000000 1147.00000000 1.00000000 699.00000000
172.00000000 1162.00000000 1.00000000 698.00000000
75.00000000 1055.00000000 0.00000000 698.00000000
72.00000000 1143.00000000 0.00000000 684.00000000
152.00000000 1074.00000000 0.00000000 684.00000000
74.00000000 1083.00000000 0.00000000 683.00000000
171.00000000 1161.00000000 0.00000000 669.00000000
150.00000000 1139.00000000 0.00000000 668.00000000
71.00000000 1129.00000000 1.00000000 664.00000000
173.00000000 1146.00000000 0.00000000 663.00000000
173.00000000 1178.00000000 0.00000000 662.00000000
103.00000000 1124.00000000 0.00000000 653.00000000
73.00000000 1055.00000000 1.00000000 646.00000000
72.00000000 1128.00000000 0.00000000 637.00000000
150.00000000 1139.00000000 1.00000000 633.00000000
213.00000000 1123.00000000 0.00000000 632.00000000
318.00000000 1195.00000000 0.00000000 632.00000000
152.00000000 1075.00000000 1.00000000 628.00000000
172.00000000 1148.00000000 1.00000000 623.00000000
72.00000000 1069.00000000 1.00000000 622.00000000
72.00000000 1115.00000000 1.00000000 614.00000000
101.00000000 1137.00000000 2.00000000 602.00000000
72.00000000 1144.00000000 1.00000000 592.00000000
219.00000000 1262.00000000 0.00000000 589.00000000
288.00000000 1183.00000000 1.00000000 585.00000000
100.00000000 1140.00000000 4.00000000 585.00000000
318.00000000 1195.00000000 1.00000000 582.00000000
101.00000000 1074.00000000 2.00000000 581.00000000
193.00000000 1153.00000000 1.00000000 581.00000000
106.00000000 1063.00000000 1.00000000 571.00000000
288.00000000 1182.00000000 0.00000000 570.00000000
169.00000000 1080.00000000 1.00000000 568.00000000
316.00000000 1194.00000000 2.00000000 566.00000000
194.00000000 1160.00000000 2.00000000 557.00000000
100.00000000 1080.00000000 4.00000000 556.00000000
73.00000000 1084.00000000 1.00000000 555.00000000
171.00000000 1162.00000000 1.00000000 550.00000000
140.00000000 1071.00000000 0.00000000 548.00000000
70.00000000 1128.00000000 1.00000000 548.00000000
104.00000000 1125.00000000 1.00000000 541.00000000
319.00000000 1224.00000000 2.00000000 539.00000000
130.00000000 1069.00000000 0.00000000 537.00000000
214.00000000 1124.00000000 1.00000000 536.00000000
169.00000000 1083.00000000 1.00000000 534.00000000
172.00000000 1146.00000000 2.00000000 522.00000000
127.00000000 1131.00000000 0.00000000 521.00000000
172.00000000 1179.00000000 1.00000000 520.00000000
168.00000000 1079.00000000 0.00000000 518.00000000
193.00000000 1156.00000000 1.00000000 513.00000000
193.00000000 1152.00000000 0.00000000 510.00000000
52.00000000 1107.00000000 0.00000000 505.00000000
170.00000000 1086.00000000 2.00000000 500.00000000
319.00000000 1224.00000000 1.00000000 498.00000000
118.00000000 1215.00000000 0.00000000 497.00000000
176.00000000 1237.00000000 0.00000000 495.00000000
85.00000000 1057.00000000 0.00000000 493.00000000
215.00000000 1272.00000000 0.00000000 489.00000000
54.00000000 1049.00000000 0.00000000 488.00000000
130.00000000 1069.00000000 1.00000000 479.00000000
288.00000000 1185.00000000 1.00000000 476.00000000
203.00000000 1254.00000000 1.00000000 476.00000000
172.00000000 1252.00000000 0.00000000 475.00000000
139.00000000 1135.00000000 0.00000000 474.00000000
95.00000000 1059.00000000 0.00000000 471.00000000
61.00000000 1236.00000000 0.00000000 470.00000000
103.00000000 1213.00000000 0.00000000 469.00000000
318.00000000 1226.00000000 2.00000000 463.00000000
316.00000000 1195.00000000 1.00000000 461.00000000
128.00000000 1132.00000000 1.00000000 456.00000000
139.00000000 1136.00000000 1.00000000 452.00000000
43.00000000 1046.00000000 0.00000000 450.00000000
94.00000000 1120.00000000 0.00000000 447.00000000
96.00000000 1253.00000000 0.00000000 445.00000000
177.00000000 1238.00000000 1.00000000 443.00000000
83.00000000 1117.00000000 0.00000000 441.00000000
159.00000000 1249.00000000 0.00000000 441.00000000
123.00000000 1232.00000000 0.00000000 440.00000000
202.00000000 1101.00000000 1.00000000 438.00000000
203.00000000 1254.00000000 0.00000000 435.00000000
60.00000000 1210.00000000 0.00000000 429.00000000
184.00000000 1239.00000000 0.00000000 428.00000000
84.00000000 1118.00000000 1.00000000 426.00000000
115.00000000 1229.00000000 0.00000000 422.00000000
86.00000000 1058.00000000 1.00000000 421.00000000
152.00000000 1077.00000000 1.00000000 416.00000000
141.00000000 1072.00000000 1.00000000 416.00000000
273.00000000 1178.00000000 1.00000000 416.00000000
95.00000000 1061.00000000 1.00000000 413.00000000
313.00000000 1193.00000000 2.00000000 412.00000000
54.00000000 1050.00000000 1.00000000 409.00000000
149.00000000 1141.00000000 1.00000000 404.00000000
319.00000000 1224.00000000 1.00000000 403.00000000
254.00000000 1204.00000000 2.00000000 390.00000000
102.00000000 1082.00000000 2.00000000 390.00000000
223.00000000 1275.00000000 0.00000000 389.00000000
172.00000000 1253.00000000 1.00000000 388.00000000
250.00000000 1172.00000000 2.00000000 373.00000000
41.00000000 1103.00000000 0.00000000 373.00000000
41.00000000 1229.00000000 0.00000000 371.00000000
43.00000000 1182.00000000 0.00000000 367.00000000
188.00000000 1118.00000000 0.00000000 361.00000000
67.00000000 1278.00000000 0.00000000 360.00000000
132.00000000 1240.00000000 0.00000000 357.00000000
93.00000000 1262.00000000 0.00000000 353.00000000
38.00000000 1237.00000000 0.00000000 352.00000000
99.00000000 1265.00000000 0.00000000 349.00000000
272.00000000 1177.00000000 0.00000000 347.00000000
125.00000000 1216.00000000 0.00000000 342.00000000
213.00000000 1133.00000000 0.00000000 342.00000000
185.00000000 1183.00000000 0.00000000 342.00000000
118.00000000 943.00000000 0.00000000 327.00000000
59.00000000 1196.00000000 0.00000000 321.00000000
87.00000000 1207.00000000 0.00000000 319.00000000
53.00000000 1271.00000000 0.00000000 311.00000000
161.00000000 1110.00000000 0.00000000 311.00000000
202.00000000 1122.00000000 0.00000000 311.00000000
123.00000000 1262.00000000 0.00000000 304.00000000
101.00000000 1080.00000000 5.00000000 255.00000000
