773.00000000 1238.00000000 1.00000000 861.00000000
354.00000000 1219.00000000 1.00000000 856.00000000
352.00000000 1240.00000000 1.00000000 843.00000000
354.00000000 1261.00000000 1.00000000 790.00000000
355.00000000 1218.00000000 1.00000000 789.00000000
772.00000000 1238.00000000 1.00000000 788.00000000
352.00000000 1239.00000000 1.00000000 766.00000000
559.00000000 1271.00000000 1.00000000 733.00000000
355.00000000 1259.00000000 1.00000000 719.00000000
423.00000000 1208.00000000 1.00000000 716.00000000
422.00000000 1209.00000000 1.00000000 711.00000000
772.00000000 1237.00000000 0.00000000 703.00000000
514.00000000 1196.00000000 1.00000000 675.00000000
623.00000000 1218.00000000 1.00000000 653.00000000
515.00000000 1195.00000000 1.00000000 653.00000000
354.00000000 1220.00000000 2.00000000 646.00000000
302.00000000 1226.00000000 1.00000000 641.00000000
379.00000000 1216.00000000 1.00000000 629.00000000
472.00000000 1202.00000000 1.00000000 622.00000000
623.00000000 1217.00000000 0.00000000 609.00000000
303.00000000 1224.00000000 1.00000000 603.00000000
735.00000000 1242.00000000 1.00000000 589.00000000
423.00000000 1207.00000000 0.00000000 583.00000000
548.00000000 1196.00000000 2.00000000 581.00000000
623.00000000 1220.00000000 1.00000000 579.00000000
304.00000000 1228.00000000 2.00000000 570.00000000
772.00000000 1240.00000000 2.00000000 567.00000000
473.00000000 1201.00000000 1.00000000 562.00000000
516.00000000 1198.00000000 2.00000000 557.00000000
493.00000000 1199.00000000 1.00000000 555.00000000
559.00000000 1269.00000000 0.00000000 553.00000000
400.00000000 1213.00000000 1.00000000 548.00000000
494.00000000 1198.00000000 1.00000000 547.00000000
515.00000000 1194.00000000 0.00000000 545.00000000
378.00000000 1214.00000000 1.00000000 541.00000000
735.00000000 1243.00000000 1.00000000 535.00000000
422.00000000 1212.00000000 2.00000000 534.00000000
401.00000000 1211.00000000 1.00000000 528.00000000
548.00000000 1199.00000000 2.00000000 523.00000000
516.00000000 1277.00000000 0.00000000 521.00000000
734.00000000 1241.00000000 0.00000000 518.00000000
547.00000000 1192.00000000 1.00000000 513.00000000
355.00000000 1216.00000000 0.00000000 512.00000000
380.00000000 1218.00000000 2.00000000 505.00000000
356.00000000 1260.00000000 2.00000000 500.00000000
602.00000000 1190.00000000 2.00000000 499.00000000
593.00000000 1265.00000000 1.00000000 484.00000000
604.00000000 1196.00000000 4.00000000 476.00000000
352.00000000 1237.00000000 0.00000000 476.00000000
547.00000000 1190.00000000 1.00000000 473.00000000
355.00000000 1257.00000000 0.00000000 467.00000000
593.00000000 1264.00000000 0.00000000 467.00000000
304.00000000 1224.00000000 0.00000000 465.00000000
593.00000000 1267.00000000 1.00000000 465.00000000
546.00000000 1189.00000000 0.00000000 460.00000000
473.00000000 1199.00000000 0.00000000 456.00000000
605.00000000 1224.00000000 1.00000000 451.00000000
415.00000000 1241.00000000 2.00000000 444.00000000
561.00000000 1230.00000000 1.00000000 433.00000000
605.00000000 1204.00000000 5.00000000 426.00000000
378.00000000 1213.00000000 0.00000000 422.00000000
772.00000000 1238.00000000 2.00000000 409.00000000
774.00000000 1258.00000000 1.00000000 400.00000000
493.00000000 1197.00000000 0.00000000 392.00000000
788.00000000 761.00000000 1.00000000 385.00000000
400.00000000 1209.00000000 0.00000000 384.00000000
605.00000000 1224.00000000 0.00000000 384.00000000
583.00000000 1227.00000000 1.00000000 377.00000000
774.00000000 1257.00000000 1.00000000 371.00000000
618.00000000 986.00000000 0.00000000 362.00000000
697.00000000 772.00000000 1.00000000 356.00000000
561.00000000 1231.00000000 0.00000000 356.00000000
691.00000000 1018.00000000 1.00000000 355.00000000
508.00000000 1228.00000000 4.00000000 350.00000000
440.00000000 1039.00000000 1.00000000 346.00000000
652.00000000 1035.00000000 1.00000000 334.00000000
676.00000000 1018.00000000 1.00000000 332.00000000
516.00000000 742.00000000 0.00000000 330.00000000
275.00000000 1274.00000000 1.00000000 328.00000000
624.00000000 1228.00000000 1.00000000 322.00000000
619.00000000 986.00000000 1.00000000 318.00000000
818.00000000 744.00000000 1.00000000 318.00000000
714.00000000 1245.00000000 1.00000000 301.00000000
462.00000000 1031.00000000 1.00000000 299.00000000
583.00000000 1227.00000000 0.00000000 298.00000000
439.00000000 1071.00000000 0.00000000 296.00000000
623.00000000 1228.00000000 0.00000000 271.00000000
697.00000000 771.00000000 0.00000000 269.00000000
788.00000000 761.00000000 0.00000000 268.00000000
651.00000000 1035.00000000 0.00000000 258.00000000
275.00000000 1274.00000000 0.00000000 251.00000000
439.00000000 1038.00000000 0.00000000 246.00000000
690.00000000 1018.00000000 0.00000000 246.00000000
569.00000000 753.00000000 0.00000000 242.00000000
695.00000000 965.00000000 0.00000000 241.00000000
583.00000000 738.00000000 0.00000000 240.00000000
818.00000000 743.00000000 0.00000000 240.00000000
578.00000000 750.00000000 0.00000000 239.00000000
462.00000000 1031.00000000 0.00000000 238.00000000
609.00000000 1011.00000000 0.00000000 238.00000000
714.00000000 1245.00000000 0.00000000 232.00000000
323.00000000 775.00000000 0.00000000 232.00000000
562.00000000 1055.00000000 0.00000000 231.00000000
593.00000000 745.00000000 0.00000000 225.00000000
521.00000000 1038.00000000 0.00000000 225.00000000
556.00000000 770.00000000 0.00000000 223.00000000
637.00000000 654.00000000 0.00000000 221.00000000
603.00000000 988.00000000 0.00000000 217.00000000
774.00000000 1256.00000000 0.00000000 215.00000000
303.00000000 1270.00000000 0.00000000 214.00000000
388.00000000 830.00000000 0.00000000 213.00000000
516.00000000 706.00000000 0.00000000 212.00000000
483.00000000 1242.00000000 0.00000000 209.00000000
396.00000000 1018.00000000 0.00000000 207.00000000
609.00000000 1102.00000000 0.00000000 202.00000000
676.00000000 1018.00000000 0.00000000 201.00000000
616.00000000 962.00000000 0.00000000 198.00000000
591.00000000 1000.00000000 0.00000000 197.00000000
431.00000000 1059.00000000 0.00000000 195.00000000
506.00000000 1239.00000000 0.00000000 191.00000000
412.00000000 1253.00000000 0.00000000 190.00000000
441.00000000 808.00000000 0.00000000 190.00000000
276.00000000 1227.00000000 0.00000000 189.00000000
506.00000000 708.00000000 0.00000000 187.00000000
388.00000000 1257.00000000 0.00000000 187.00000000
519.00000000 1055.00000000 0.00000000 183.00000000
596.00000000 1053.00000000 0.00000000 180.00000000
