521.00000000 43.00000000 0.00000000 474.00000000
569.00000000 78.00000000 0.00000000 455.00000000
570.00000000 78.00000000 1.00000000 430.00000000
55.00000000 440.00000000 1.00000000 410.00000000
506.00000000 67.00000000 2.00000000 385.00000000
55.00000000 439.00000000 0.00000000 379.00000000
490.00000000 25.00000000 1.00000000 376.00000000
60.00000000 492.00000000 0.00000000 350.00000000
508.00000000 68.00000000 4.00000000 349.00000000
506.00000000 66.00000000 2.00000000 336.00000000
567.00000000 42.00000000 1.00000000 310.00000000
632.00000000 120.00000000 0.00000000 301.00000000
491.00000000 26.00000000 1.00000000 297.00000000
522.00000000 43.00000000 1.00000000 293.00000000
479.00000000 194.00000000 1.00000000 272.00000000
46.00000000 438.00000000 0.00000000 264.00000000
479.00000000 195.00000000 1.00000000 264.00000000
567.00000000 43.00000000 1.00000000 257.00000000
99.00000000 35.00000000 0.00000000 249.00000000
512.00000000 186.00000000 2.00000000 247.00000000
636.00000000 147.00000000 2.00000000 244.00000000
167.00000000 39.00000000 0.00000000 236.00000000
511.00000000 186.00000000 2.00000000 235.00000000
511.00000000 185.00000000 1.00000000 231.00000000
240.00000000 29.00000000 0.00000000 230.00000000
506.00000000 66.00000000 1.00000000 229.00000000
483.00000000 50.00000000 1.00000000 228.00000000
506.00000000 103.00000000 1.00000000 225.00000000
569.00000000 77.00000000 1.00000000 219.00000000
568.00000000 42.00000000 2.00000000 214.00000000
32.00000000 462.00000000 2.00000000 209.00000000
63.00000000 442.00000000 0.00000000 209.00000000
672.00000000 580.00000000 0.00000000 208.00000000
512.00000000 132.00000000 1.00000000 207.00000000
248.00000000 24.00000000 0.00000000 206.00000000
167.00000000 40.00000000 1.00000000 205.00000000
40.00000000 478.00000000 0.00000000 204.00000000
638.00000000 146.00000000 2.00000000 203.00000000
216.00000000 25.00000000 0.00000000 203.00000000
636.00000000 148.00000000 4.00000000 202.00000000
217.00000000 45.00000000 0.00000000 202.00000000
248.00000000 24.00000000 1.00000000 200.00000000
240.00000000 493.00000000 1.00000000 195.00000000
394.00000000 654.00000000 1.00000000 194.00000000
503.00000000 147.00000000 1.00000000 193.00000000
56.00000000 103.00000000 1.00000000 192.00000000
506.00000000 103.00000000 1.00000000 191.00000000
165.00000000 41.00000000 1.00000000 191.00000000
158.00000000 46.00000000 1.00000000 189.00000000
242.00000000 492.00000000 2.00000000 188.00000000
504.00000000 150.00000000 2.00000000 188.00000000
512.00000000 183.00000000 1.00000000 186.00000000
513.00000000 131.00000000 1.00000000 182.00000000
482.00000000 50.00000000 0.00000000 181.00000000
395.00000000 654.00000000 1.00000000 178.00000000
491.00000000 26.00000000 0.00000000 178.00000000
55.00000000 103.00000000 1.00000000 178.00000000
307.00000000 311.00000000 1.00000000 177.00000000
306.00000000 311.00000000 1.00000000 175.00000000
272.00000000 38.00000000 1.00000000 173.00000000
503.00000000 152.00000000 2.00000000 172.00000000
44.00000000 458.00000000 0.00000000 171.00000000
55.00000000 441.00000000 1.00000000 170.00000000
67.00000000 497.00000000 1.00000000 169.00000000
567.00000000 42.00000000 0.00000000 165.00000000
47.00000000 471.00000000 0.00000000 164.00000000
428.00000000 304.00000000 2.00000000 160.00000000
72.00000000 446.00000000 0.00000000 158.00000000
480.00000000 193.00000000 0.00000000 158.00000000
83.00000000 462.00000000 0.00000000 158.00000000
92.00000000 481.00000000 1.00000000 157.00000000
504.00000000 145.00000000 1.00000000 152.00000000
41.00000000 497.00000000 0.00000000 152.00000000
268.00000000 13.00000000 0.00000000 150.00000000
48.00000000 479.00000000 0.00000000 150.00000000
56.00000000 103.00000000 0.00000000 150.00000000
239.00000000 13.00000000 0.00000000 149.00000000
241.00000000 493.00000000 1.00000000 149.00000000
89.00000000 36.00000000 1.00000000 148.00000000
94.00000000 480.00000000 0.00000000 148.00000000
44.00000000 458.00000000 1.00000000 144.00000000
55.00000000 502.00000000 0.00000000 143.00000000
99.00000000 36.00000000 1.00000000 142.00000000
218.00000000 46.00000000 1.00000000 142.00000000
367.00000000 447.00000000 0.00000000 142.00000000
307.00000000 310.00000000 0.00000000 141.00000000
57.00000000 477.00000000 0.00000000 139.00000000
610.00000000 98.00000000 1.00000000 139.00000000
632.00000000 120.00000000 1.00000000 139.00000000
80.00000000 480.00000000 0.00000000 137.00000000
40.00000000 498.00000000 1.00000000 136.00000000
65.00000000 462.00000000 1.00000000 136.00000000
161.00000000 19.00000000 0.00000000 133.00000000
85.00000000 53.00000000 0.00000000 131.00000000
40.00000000 478.00000000 1.00000000 130.00000000
62.00000000 484.00000000 0.00000000 130.00000000
152.00000000 25.00000000 1.00000000 129.00000000
533.00000000 623.00000000 0.00000000 128.00000000
512.00000000 131.00000000 0.00000000 128.00000000
161.00000000 19.00000000 1.00000000 128.00000000
34.00000000 41.00000000 1.00000000 124.00000000
511.00000000 182.00000000 0.00000000 124.00000000
417.00000000 615.00000000 0.00000000 123.00000000
35.00000000 13.00000000 0.00000000 123.00000000
504.00000000 144.00000000 0.00000000 122.00000000
506.00000000 103.00000000 0.00000000 122.00000000
181.00000000 31.00000000 0.00000000 121.00000000
48.00000000 33.00000000 0.00000000 121.00000000
35.00000000 465.00000000 0.00000000 119.00000000
611.00000000 596.00000000 0.00000000 118.00000000
137.00000000 38.00000000 0.00000000 118.00000000
227.00000000 27.00000000 0.00000000 116.00000000
333.00000000 96.00000000 0.00000000 114.00000000
207.00000000 45.00000000 0.00000000 113.00000000
241.00000000 493.00000000 0.00000000 113.00000000
183.00000000 47.00000000 0.00000000 112.00000000
45.00000000 429.00000000 0.00000000 108.00000000
193.00000000 37.00000000 0.00000000 107.00000000
34.00000000 49.00000000 0.00000000 106.00000000
152.00000000 19.00000000 0.00000000 105.00000000
480.00000000 230.00000000 0.00000000 105.00000000
626.00000000 218.00000000 0.00000000 102.00000000
51.00000000 49.00000000 0.00000000 102.00000000
151.00000000 25.00000000 0.00000000 102.00000000
359.00000000 310.00000000 0.00000000 101.00000000
301.00000000 438.00000000 0.00000000 101.00000000
429.00000000 248.00000000 5.00000000 92.00000000
