440.00000000 54.00000000 1.00000000 720.00000000
440.00000000 54.00000000 0.00000000 693.00000000
439.00000000 53.00000000 1.00000000 658.00000000
438.00000000 54.00000000 2.00000000 520.00000000
636.00000000 158.00000000 2.00000000 491.00000000
438.00000000 53.00000000 2.00000000 480.00000000
634.00000000 158.00000000 1.00000000 449.00000000
636.00000000 158.00000000 2.00000000 412.00000000
678.00000000 172.00000000 0.00000000 399.00000000
186.00000000 116.00000000 1.00000000 396.00000000
382.00000000 10.00000000 0.00000000 395.00000000
399.00000000 136.00000000 1.00000000 390.00000000
265.00000000 416.00000000 0.00000000 390.00000000
185.00000000 115.00000000 0.00000000 388.00000000
412.00000000 31.00000000 0.00000000 385.00000000
399.00000000 135.00000000 0.00000000 370.00000000
534.00000000 28.00000000 0.00000000 363.00000000
294.00000000 125.00000000 0.00000000 356.00000000
625.00000000 124.00000000 1.00000000 354.00000000
67.00000000 101.00000000 0.00000000 353.00000000
625.00000000 126.00000000 1.00000000 339.00000000
413.00000000 32.00000000 1.00000000 339.00000000
391.00000000 38.00000000 0.00000000 335.00000000
185.00000000 115.00000000 1.00000000 335.00000000
515.00000000 12.00000000 0.00000000 334.00000000
197.00000000 234.00000000 0.00000000 327.00000000
516.00000000 58.00000000 0.00000000 327.00000000
880.00000000 47.00000000 0.00000000 322.00000000
266.00000000 417.00000000 1.00000000 318.00000000
950.00000000 487.00000000 0.00000000 315.00000000
197.00000000 234.00000000 1.00000000 311.00000000
67.00000000 101.00000000 1.00000000 310.00000000
295.00000000 125.00000000 1.00000000 310.00000000
880.00000000 101.00000000 0.00000000 310.00000000
961.00000000 649.00000000 1.00000000 308.00000000
540.00000000 587.00000000 1.00000000 306.00000000
534.00000000 40.00000000 1.00000000 306.00000000
398.00000000 135.00000000 1.00000000 305.00000000
960.00000000 649.00000000 0.00000000 297.00000000
68.00000000 244.00000000 1.00000000 294.00000000
94.00000000 246.00000000 1.00000000 294.00000000
961.00000000 647.00000000 1.00000000 293.00000000
613.00000000 249.00000000 1.00000000 291.00000000
1075.00000000 180.00000000 0.00000000 290.00000000
1112.00000000 182.00000000 0.00000000 288.00000000
613.00000000 248.00000000 0.00000000 288.00000000
268.00000000 461.00000000 0.00000000 285.00000000
534.00000000 38.00000000 0.00000000 285.00000000
1098.00000000 182.00000000 0.00000000 282.00000000
635.00000000 158.00000000 1.00000000 275.00000000
371.00000000 45.00000000 0.00000000 271.00000000
670.00000000 514.00000000 1.00000000 270.00000000
516.00000000 69.00000000 0.00000000 270.00000000
677.00000000 147.00000000 1.00000000 270.00000000
63.00000000 356.00000000 1.00000000 269.00000000
62.00000000 357.00000000 1.00000000 267.00000000
634.00000000 244.00000000 1.00000000 264.00000000
944.00000000 430.00000000 2.00000000 262.00000000
115.00000000 359.00000000 1.00000000 261.00000000
678.00000000 172.00000000 1.00000000 260.00000000
636.00000000 246.00000000 2.00000000 259.00000000
720.00000000 228.00000000 2.00000000 259.00000000
482.00000000 325.00000000 1.00000000 257.00000000
640.00000000 160.00000000 4.00000000 257.00000000
15.00000000 239.00000000 1.00000000 256.00000000
95.00000000 803.00000000 0.00000000 256.00000000
880.00000000 101.00000000 1.00000000 255.00000000
391.00000000 38.00000000 1.00000000 253.00000000
624.00000000 124.00000000 2.00000000 251.00000000
94.00000000 245.00000000 0.00000000 250.00000000
898.00000000 103.00000000 0.00000000 250.00000000
1082.00000000 171.00000000 0.00000000 250.00000000
294.00000000 125.00000000 1.00000000 249.00000000
634.00000000 184.00000000 1.00000000 249.00000000
668.00000000 513.00000000 1.00000000 248.00000000
540.00000000 586.00000000 0.00000000 246.00000000
67.00000000 243.00000000 0.00000000 246.00000000
517.00000000 58.00000000 1.00000000 244.00000000
115.00000000 358.00000000 0.00000000 244.00000000
161.00000000 509.00000000 0.00000000 241.00000000
636.00000000 245.00000000 1.00000000 241.00000000
141.00000000 360.00000000 1.00000000 241.00000000
142.00000000 335.00000000 0.00000000 240.00000000
74.00000000 224.00000000 0.00000000 240.00000000
637.00000000 206.00000000 0.00000000 238.00000000
424.00000000 463.00000000 1.00000000 237.00000000
535.00000000 29.00000000 1.00000000 236.00000000
640.00000000 528.00000000 1.00000000 236.00000000
424.00000000 463.00000000 1.00000000 235.00000000
482.00000000 325.00000000 1.00000000 234.00000000
141.00000000 359.00000000 0.00000000 233.00000000
521.00000000 142.00000000 1.00000000 233.00000000
10.00000000 353.00000000 0.00000000 232.00000000
452.00000000 124.00000000 1.00000000 232.00000000
41.00000000 241.00000000 1.00000000 232.00000000
1122.00000000 171.00000000 0.00000000 232.00000000
14.00000000 238.00000000 0.00000000 231.00000000
16.00000000 459.00000000 0.00000000 231.00000000
167.00000000 332.00000000 0.00000000 230.00000000
960.00000000 650.00000000 2.00000000 230.00000000
442.00000000 123.00000000 0.00000000 227.00000000
574.00000000 326.00000000 1.00000000 227.00000000
482.00000000 325.00000000 0.00000000 226.00000000
522.00000000 142.00000000 0.00000000 223.00000000
521.00000000 37.00000000 0.00000000 223.00000000
1009.00000000 482.00000000 0.00000000 223.00000000
961.00000000 650.00000000 5.00000000 223.00000000
63.00000000 356.00000000 0.00000000 222.00000000
398.00000000 136.00000000 2.00000000 221.00000000
1091.00000000 173.00000000 0.00000000 219.00000000
161.00000000 492.00000000 0.00000000 218.00000000
676.00000000 146.00000000 0.00000000 218.00000000
1058.00000000 180.00000000 0.00000000 216.00000000
396.00000000 72.00000000 0.00000000 214.00000000
116.00000000 322.00000000 0.00000000 213.00000000
215.00000000 214.00000000 0.00000000 211.00000000
436.00000000 32.00000000 0.00000000 210.00000000
647.00000000 142.00000000 0.00000000 210.00000000
620.00000000 142.00000000 0.00000000 208.00000000
100.00000000 226.00000000 0.00000000 208.00000000
625.00000000 125.00000000 0.00000000 208.00000000
168.00000000 303.00000000 0.00000000 207.00000000
503.00000000 150.00000000 0.00000000 205.00000000
947.00000000 461.00000000 2.00000000 204.00000000
161.00000000 497.00000000 0.00000000 204.00000000
440.00000000 60.00000000 4.00000000 202.00000000
718.00000000 226.00000000 2.00000000 201.00000000
