248.00000000 356.00000000 2.00000000 494.00000000
19.00000000 597.00000000 1.00000000 466.00000000
29.00000000 565.00000000 1.00000000 463.00000000
110.00000000 374.00000000 2.00000000 458.00000000
111.00000000 371.00000000 1.00000000 456.00000000
248.00000000 360.00000000 4.00000000 449.00000000
948.00000000 292.00000000 1.00000000 442.00000000
948.00000000 295.00000000 1.00000000 441.00000000
950.00000000 296.00000000 2.00000000 433.00000000
948.00000000 291.00000000 0.00000000 426.00000000
926.00000000 351.00000000 1.00000000 404.00000000
199.00000000 86.00000000 1.00000000 392.00000000
250.00000000 354.00000000 2.00000000 390.00000000
113.00000000 369.00000000 1.00000000 378.00000000
199.00000000 86.00000000 0.00000000 374.00000000
260.00000000 296.00000000 4.00000000 365.00000000
100.00000000 404.00000000 1.00000000 362.00000000
941.00000000 352.00000000 1.00000000 362.00000000
895.00000000 75.00000000 0.00000000 358.00000000
76.00000000 576.00000000 0.00000000 353.00000000
263.00000000 291.00000000 2.00000000 352.00000000
185.00000000 132.00000000 0.00000000 352.00000000
50.00000000 535.00000000 1.00000000 351.00000000
76.00000000 584.00000000 1.00000000 347.00000000
98.00000000 405.00000000 1.00000000 341.00000000
121.00000000 567.00000000 1.00000000 340.00000000
502.00000000 476.00000000 2.00000000 340.00000000
896.00000000 75.00000000 1.00000000 338.00000000
243.00000000 362.00000000 5.00000000 337.00000000
76.00000000 584.00000000 0.00000000 335.00000000
30.00000000 563.00000000 1.00000000 334.00000000
37.00000000 533.00000000 1.00000000 333.00000000
37.00000000 533.00000000 0.00000000 331.00000000
19.00000000 596.00000000 0.00000000 330.00000000
30.00000000 566.00000000 2.00000000 329.00000000
100.00000000 403.00000000 0.00000000 328.00000000
941.00000000 352.00000000 0.00000000 320.00000000
890.00000000 46.00000000 1.00000000 319.00000000
890.00000000 46.00000000 1.00000000 318.00000000
110.00000000 376.00000000 2.00000000 313.00000000
113.00000000 368.00000000 0.00000000 309.00000000
502.00000000 476.00000000 1.00000000 308.00000000
857.00000000 326.00000000 1.00000000 307.00000000
50.00000000 535.00000000 0.00000000 304.00000000
97.00000000 596.00000000 1.00000000 297.00000000
927.00000000 352.00000000 0.00000000 297.00000000
70.00000000 530.00000000 0.00000000 297.00000000
954.00000000 366.00000000 2.00000000 297.00000000
87.00000000 450.00000000 1.00000000 294.00000000
905.00000000 299.00000000 1.00000000 292.00000000
58.00000000 360.00000000 2.00000000 291.00000000
29.00000000 548.00000000 1.00000000 289.00000000
857.00000000 326.00000000 1.00000000 289.00000000
205.00000000 602.00000000 1.00000000 288.00000000
915.00000000 320.00000000 1.00000000 285.00000000
264.00000000 288.00000000 2.00000000 284.00000000
954.00000000 557.00000000 1.00000000 284.00000000
76.00000000 576.00000000 1.00000000 284.00000000
100.00000000 618.00000000 0.00000000 283.00000000
806.00000000 62.00000000 1.00000000 283.00000000
503.00000000 478.00000000 2.00000000 283.00000000
121.00000000 567.00000000 0.00000000 282.00000000
30.00000000 562.00000000 0.00000000 280.00000000
807.00000000 60.00000000 1.00000000 280.00000000
955.00000000 362.00000000 1.00000000 279.00000000
956.00000000 363.00000000 1.00000000 279.00000000
89.00000000 519.00000000 0.00000000 278.00000000
63.00000000 502.00000000 1.00000000 275.00000000
46.00000000 565.00000000 1.00000000 274.00000000
914.00000000 348.00000000 0.00000000 274.00000000
28.00000000 548.00000000 0.00000000 270.00000000
87.00000000 449.00000000 1.00000000 270.00000000
60.00000000 361.00000000 1.00000000 269.00000000
251.00000000 350.00000000 1.00000000 267.00000000
46.00000000 564.00000000 0.00000000 266.00000000
106.00000000 124.00000000 0.00000000 265.00000000
205.00000000 601.00000000 0.00000000 265.00000000
121.00000000 567.00000000 1.00000000 264.00000000
962.00000000 331.00000000 1.00000000 261.00000000
914.00000000 78.00000000 0.00000000 259.00000000
100.00000000 619.00000000 1.00000000 257.00000000
83.00000000 612.00000000 1.00000000 256.00000000
197.00000000 86.00000000 1.00000000 252.00000000
21.00000000 599.00000000 1.00000000 252.00000000
268.00000000 264.00000000 1.00000000 251.00000000
60.00000000 360.00000000 0.00000000 251.00000000
117.00000000 596.00000000 0.00000000 250.00000000
385.00000000 413.00000000 0.00000000 250.00000000
961.00000000 330.00000000 0.00000000 249.00000000
106.00000000 125.00000000 1.00000000 248.00000000
257.00000000 330.00000000 1.00000000 244.00000000
577.00000000 518.00000000 0.00000000 241.00000000
184.00000000 140.00000000 0.00000000 240.00000000
63.00000000 502.00000000 0.00000000 238.00000000
84.00000000 579.00000000 0.00000000 238.00000000
953.00000000 556.00000000 0.00000000 227.00000000
956.00000000 360.00000000 0.00000000 226.00000000
941.00000000 243.00000000 0.00000000 223.00000000
97.00000000 595.00000000 0.00000000 221.00000000
704.00000000 21.00000000 0.00000000 220.00000000
949.00000000 298.00000000 0.00000000 219.00000000
537.00000000 498.00000000 0.00000000 219.00000000
82.00000000 611.00000000 0.00000000 211.00000000
890.00000000 45.00000000 0.00000000 211.00000000
429.00000000 628.00000000 0.00000000 205.00000000
150.00000000 183.00000000 0.00000000 204.00000000
916.00000000 321.00000000 0.00000000 203.00000000
952.00000000 236.00000000 0.00000000 201.00000000
234.00000000 451.00000000 0.00000000 201.00000000
958.00000000 574.00000000 0.00000000 199.00000000
854.00000000 33.00000000 0.00000000 197.00000000
857.00000000 325.00000000 0.00000000 194.00000000
257.00000000 329.00000000 0.00000000 192.00000000
87.00000000 450.00000000 0.00000000 192.00000000
217.00000000 540.00000000 0.00000000 191.00000000
585.00000000 489.00000000 0.00000000 188.00000000
236.00000000 440.00000000 0.00000000 188.00000000
127.00000000 55.00000000 0.00000000 188.00000000
617.00000000 213.00000000 0.00000000 184.00000000
162.00000000 132.00000000 0.00000000 181.00000000
725.00000000 21.00000000 0.00000000 180.00000000
168.00000000 571.00000000 0.00000000 178.00000000
145.00000000 126.00000000 0.00000000 177.00000000
53.00000000 122.00000000 0.00000000 173.00000000
597.00000000 503.00000000 0.00000000 173.00000000
112.00000000 555.00000000 0.00000000 172.00000000
676.00000000 126.00000000 0.00000000 171.00000000
