351.00000000 147.00000000 0.00000000 421.00000000
432.00000000 37.00000000 0.00000000 404.00000000
354.00000000 79.00000000 0.00000000 388.00000000
495.00000000 77.00000000 0.00000000 381.00000000
449.00000000 145.00000000 0.00000000 379.00000000
442.00000000 74.00000000 0.00000000 373.00000000
339.00000000 114.00000000 0.00000000 362.00000000
470.00000000 144.00000000 0.00000000 359.00000000
499.00000000 151.00000000 0.00000000 339.00000000
290.00000000 49.00000000 0.00000000 333.00000000
258.00000000 178.00000000 0.00000000 329.00000000
432.00000000 74.00000000 0.00000000 325.00000000
445.00000000 33.00000000 0.00000000 324.00000000
357.00000000 113.00000000 0.00000000 322.00000000
502.00000000 412.00000000 1.00000000 313.00000000
267.00000000 84.00000000 0.00000000 306.00000000
408.00000000 144.00000000 0.00000000 305.00000000
495.00000000 70.00000000 0.00000000 298.00000000
499.00000000 144.00000000 0.00000000 295.00000000
224.00000000 148.00000000 0.00000000 293.00000000
502.00000000 412.00000000 1.00000000 284.00000000
486.00000000 102.00000000 0.00000000 283.00000000
449.00000000 146.00000000 1.00000000 282.00000000
409.00000000 687.00000000 1.00000000 279.00000000
432.00000000 37.00000000 1.00000000 277.00000000
502.00000000 412.00000000 2.00000000 272.00000000
380.00000000 113.00000000 0.00000000 263.00000000
275.00000000 56.00000000 0.00000000 262.00000000
420.00000000 144.00000000 0.00000000 262.00000000
389.00000000 38.00000000 0.00000000 261.00000000
442.00000000 74.00000000 1.00000000 258.00000000
427.00000000 104.00000000 0.00000000 252.00000000
397.00000000 106.00000000 0.00000000 252.00000000
340.00000000 114.00000000 1.00000000 248.00000000
471.00000000 144.00000000 1.00000000 248.00000000
335.00000000 39.00000000 0.00000000 247.00000000
351.00000000 147.00000000 1.00000000 246.00000000
445.00000000 34.00000000 1.00000000 245.00000000
371.00000000 43.00000000 0.00000000 244.00000000
486.00000000 102.00000000 2.00000000 243.00000000
355.00000000 79.00000000 1.00000000 242.00000000
431.00000000 25.00000000 1.00000000 234.00000000
309.00000000 76.00000000 0.00000000 229.00000000
431.00000000 24.00000000 0.00000000 227.00000000
453.00000000 33.00000000 0.00000000 226.00000000
358.00000000 113.00000000 1.00000000 225.00000000
291.00000000 49.00000000 1.00000000 224.00000000
408.00000000 687.00000000 1.00000000 223.00000000
485.00000000 101.00000000 1.00000000 219.00000000
396.00000000 106.00000000 2.00000000 218.00000000
376.00000000 30.00000000 0.00000000 217.00000000
486.00000000 102.00000000 1.00000000 216.00000000
289.00000000 178.00000000 0.00000000 215.00000000
458.00000000 73.00000000 0.00000000 215.00000000
376.00000000 30.00000000 1.00000000 214.00000000
496.00000000 70.00000000 1.00000000 210.00000000
602.00000000 520.00000000 2.00000000 208.00000000
400.00000000 77.00000000 0.00000000 207.00000000
230.00000000 112.00000000 0.00000000 207.00000000
179.00000000 33.00000000 0.00000000 207.00000000
604.00000000 520.00000000 4.00000000 206.00000000
387.00000000 111.00000000 0.00000000 203.00000000
452.00000000 677.00000000 1.00000000 203.00000000
395.00000000 106.00000000 1.00000000 201.00000000
411.00000000 76.00000000 0.00000000 200.00000000
465.00000000 34.00000000 0.00000000 200.00000000
447.00000000 20.00000000 0.00000000 199.00000000
499.00000000 145.00000000 1.00000000 199.00000000
232.00000000 15.00000000 0.00000000 198.00000000
495.00000000 78.00000000 1.00000000 196.00000000
307.00000000 115.00000000 0.00000000 195.00000000
317.00000000 854.00000000 1.00000000 195.00000000
267.00000000 84.00000000 1.00000000 195.00000000
452.00000000 678.00000000 2.00000000 193.00000000
604.00000000 520.00000000 2.00000000 192.00000000
441.00000000 111.00000000 0.00000000 192.00000000
258.00000000 178.00000000 1.00000000 192.00000000
431.00000000 25.00000000 1.00000000 191.00000000
179.00000000 26.00000000 0.00000000 191.00000000
287.00000000 14.00000000 0.00000000 190.00000000
391.00000000 75.00000000 0.00000000 190.00000000
397.00000000 38.00000000 0.00000000 189.00000000
408.00000000 145.00000000 1.00000000 189.00000000
397.00000000 106.00000000 1.00000000 188.00000000
605.00000000 519.00000000 1.00000000 187.00000000
427.00000000 105.00000000 1.00000000 186.00000000
599.00000000 520.00000000 5.00000000 185.00000000
390.00000000 39.00000000 1.00000000 184.00000000
223.00000000 138.00000000 1.00000000 182.00000000
495.00000000 60.00000000 1.00000000 182.00000000
250.00000000 178.00000000 0.00000000 182.00000000
308.00000000 76.00000000 1.00000000 181.00000000
502.00000000 411.00000000 0.00000000 181.00000000
223.00000000 138.00000000 0.00000000 181.00000000
364.00000000 147.00000000 0.00000000 181.00000000
192.00000000 83.00000000 0.00000000 179.00000000
409.00000000 688.00000000 0.00000000 178.00000000
296.00000000 176.00000000 2.00000000 178.00000000
605.00000000 519.00000000 1.00000000 178.00000000
498.00000000 135.00000000 1.00000000 176.00000000
483.00000000 101.00000000 2.00000000 176.00000000
229.00000000 113.00000000 1.00000000 176.00000000
336.00000000 80.00000000 0.00000000 176.00000000
425.00000000 104.00000000 1.00000000 175.00000000
382.00000000 147.00000000 0.00000000 174.00000000
430.00000000 146.00000000 0.00000000 173.00000000
384.00000000 76.00000000 0.00000000 173.00000000
309.00000000 76.00000000 1.00000000 173.00000000
408.00000000 688.00000000 2.00000000 173.00000000
230.00000000 112.00000000 1.00000000 172.00000000
372.00000000 67.00000000 0.00000000 171.00000000
263.00000000 142.00000000 0.00000000 169.00000000
316.00000000 854.00000000 1.00000000 169.00000000
161.00000000 55.00000000 0.00000000 169.00000000
494.00000000 60.00000000 0.00000000 168.00000000
225.00000000 148.00000000 1.00000000 168.00000000
500.00000000 412.00000000 2.00000000 164.00000000
498.00000000 135.00000000 0.00000000 164.00000000
188.00000000 109.00000000 0.00000000 163.00000000
308.00000000 78.00000000 2.00000000 159.00000000
335.00000000 39.00000000 1.00000000 159.00000000
205.00000000 316.00000000 1.00000000 157.00000000
196.00000000 144.00000000 1.00000000 157.00000000
500.00000000 141.00000000 2.00000000 155.00000000
261.00000000 142.00000000 1.00000000 153.00000000
448.00000000 145.00000000 1.00000000 151.00000000
496.00000000 68.00000000 4.00000000 112.00000000
