60.00000000 545.00000000 1.00000000 478.00000000
61.00000000 521.00000000 1.00000000 452.00000000
1219.00000000 197.00000000 0.00000000 426.00000000
275.00000000 411.00000000 1.00000000 425.00000000
999.00000000 498.00000000 0.00000000 423.00000000
60.00000000 544.00000000 0.00000000 405.00000000
53.00000000 319.00000000 2.00000000 389.00000000
1020.00000000 468.00000000 1.00000000 384.00000000
277.00000000 411.00000000 1.00000000 376.00000000
66.00000000 405.00000000 1.00000000 376.00000000
1020.00000000 467.00000000 0.00000000 370.00000000
67.00000000 405.00000000 1.00000000 368.00000000
65.00000000 436.00000000 0.00000000 366.00000000
59.00000000 545.00000000 1.00000000 362.00000000
60.00000000 519.00000000 0.00000000 356.00000000
57.00000000 28.00000000 1.00000000 355.00000000
1021.00000000 468.00000000 1.00000000 354.00000000
64.00000000 446.00000000 1.00000000 347.00000000
279.00000000 501.00000000 1.00000000 346.00000000
260.00000000 408.00000000 1.00000000 345.00000000
51.00000000 762.00000000 1.00000000 338.00000000
62.00000000 480.00000000 0.00000000 329.00000000
60.00000000 520.00000000 1.00000000 329.00000000
84.00000000 92.00000000 2.00000000 325.00000000
63.00000000 471.00000000 1.00000000 324.00000000
65.00000000 436.00000000 1.00000000 323.00000000
66.00000000 408.00000000 2.00000000 321.00000000
64.00000000 444.00000000 2.00000000 320.00000000
59.00000000 555.00000000 0.00000000 320.00000000
68.00000000 257.00000000 1.00000000 315.00000000
524.00000000 496.00000000 2.00000000 312.00000000
1209.00000000 329.00000000 1.00000000 310.00000000
998.00000000 499.00000000 1.00000000 309.00000000
51.00000000 761.00000000 0.00000000 308.00000000
1144.00000000 308.00000000 4.00000000 307.00000000
1142.00000000 305.00000000 2.00000000 305.00000000
62.00000000 470.00000000 1.00000000 301.00000000
60.00000000 536.00000000 0.00000000 299.00000000
61.00000000 505.00000000 0.00000000 298.00000000
29.00000000 368.00000000 0.00000000 296.00000000
280.00000000 499.00000000 0.00000000 293.00000000
993.00000000 147.00000000 0.00000000 292.00000000
523.00000000 493.00000000 1.00000000 289.00000000
277.00000000 410.00000000 0.00000000 289.00000000
1166.00000000 25.00000000 0.00000000 289.00000000
31.00000000 351.00000000 0.00000000 288.00000000
32.00000000 326.00000000 0.00000000 287.00000000
274.00000000 412.00000000 2.00000000 287.00000000
62.00000000 115.00000000 2.00000000 285.00000000
1166.00000000 25.00000000 1.00000000 283.00000000
67.00000000 257.00000000 1.00000000 283.00000000
96.00000000 20.00000000 1.00000000 281.00000000
86.00000000 88.00000000 1.00000000 278.00000000
58.00000000 28.00000000 1.00000000 277.00000000
62.00000000 444.00000000 2.00000000 276.00000000
289.00000000 417.00000000 1.00000000 275.00000000
62.00000000 494.00000000 0.00000000 274.00000000
84.00000000 89.00000000 1.00000000 273.00000000
64.00000000 116.00000000 2.00000000 272.00000000
29.00000000 376.00000000 0.00000000 272.00000000
77.00000000 217.00000000 0.00000000 272.00000000
62.00000000 495.00000000 1.00000000 270.00000000
63.00000000 445.00000000 1.00000000 270.00000000
77.00000000 224.00000000 0.00000000 266.00000000
62.00000000 486.00000000 0.00000000 265.00000000
60.00000000 536.00000000 1.00000000 265.00000000
63.00000000 480.00000000 1.00000000 261.00000000
59.00000000 556.00000000 1.00000000 260.00000000
260.00000000 406.00000000 0.00000000 260.00000000
278.00000000 502.00000000 1.00000000 259.00000000
1022.00000000 470.00000000 2.00000000 258.00000000
61.00000000 511.00000000 0.00000000 256.00000000
62.00000000 470.00000000 2.00000000 254.00000000
96.00000000 21.00000000 1.00000000 253.00000000
86.00000000 87.00000000 0.00000000 253.00000000
664.00000000 678.00000000 1.00000000 251.00000000
64.00000000 446.00000000 0.00000000 251.00000000
950.00000000 34.00000000 0.00000000 249.00000000
30.00000000 369.00000000 1.00000000 248.00000000
1191.00000000 127.00000000 1.00000000 247.00000000
77.00000000 225.00000000 1.00000000 246.00000000
791.00000000 548.00000000 1.00000000 246.00000000
32.00000000 318.00000000 0.00000000 245.00000000
76.00000000 242.00000000 1.00000000 243.00000000
66.00000000 405.00000000 0.00000000 242.00000000
62.00000000 127.00000000 0.00000000 242.00000000
62.00000000 505.00000000 1.00000000 241.00000000
998.00000000 463.00000000 1.00000000 239.00000000
246.00000000 477.00000000 1.00000000 237.00000000
47.00000000 445.00000000 0.00000000 235.00000000
76.00000000 241.00000000 0.00000000 234.00000000
1209.00000000 329.00000000 1.00000000 233.00000000
1139.00000000 772.00000000 1.00000000 232.00000000
791.00000000 548.00000000 1.00000000 231.00000000
320.00000000 449.00000000 0.00000000 229.00000000
68.00000000 271.00000000 0.00000000 224.00000000
67.00000000 258.00000000 0.00000000 223.00000000
59.00000000 27.00000000 0.00000000 221.00000000
1192.00000000 127.00000000 0.00000000 220.00000000
260.00000000 477.00000000 0.00000000 219.00000000
78.00000000 209.00000000 0.00000000 219.00000000
63.00000000 470.00000000 0.00000000 214.00000000
962.00000000 40.00000000 0.00000000 213.00000000
82.00000000 162.00000000 0.00000000 212.00000000
1139.00000000 772.00000000 0.00000000 211.00000000
232.00000000 452.00000000 4.00000000 211.00000000
85.00000000 96.00000000 0.00000000 211.00000000
96.00000000 19.00000000 0.00000000 210.00000000
314.00000000 479.00000000 0.00000000 208.00000000
999.00000000 463.00000000 0.00000000 205.00000000
1211.00000000 301.00000000 0.00000000 203.00000000
50.00000000 770.00000000 0.00000000 196.00000000
42.00000000 546.00000000 0.00000000 194.00000000
276.00000000 425.00000000 0.00000000 192.00000000
1211.00000000 306.00000000 0.00000000 190.00000000
335.00000000 479.00000000 0.00000000 189.00000000
993.00000000 161.00000000 0.00000000 186.00000000
22.00000000 207.00000000 0.00000000 183.00000000
1126.00000000 70.00000000 0.00000000 182.00000000
997.00000000 425.00000000 0.00000000 181.00000000
684.00000000 52.00000000 0.00000000 176.00000000
53.00000000 253.00000000 0.00000000 175.00000000
57.00000000 231.00000000 0.00000000 175.00000000
1030.00000000 168.00000000 0.00000000 175.00000000
275.00000000 436.00000000 0.00000000 174.00000000
289.00000000 416.00000000 0.00000000 173.00000000
1142.00000000 311.00000000 5.00000000 163.00000000
