854.00000000 565.00000000 1.00000000 666.00000000
878.00000000 324.00000000 2.00000000 646.00000000
849.00000000 582.00000000 0.00000000 623.00000000
878.00000000 319.00000000 1.00000000 601.00000000
878.00000000 318.00000000 0.00000000 593.00000000
32.00000000 615.00000000 1.00000000 577.00000000
854.00000000 418.00000000 5.00000000 576.00000000
849.00000000 387.00000000 1.00000000 566.00000000
878.00000000 319.00000000 1.00000000 561.00000000
50.00000000 418.00000000 2.00000000 552.00000000
178.00000000 398.00000000 2.00000000 536.00000000
50.00000000 415.00000000 1.00000000 533.00000000
835.00000000 386.00000000 1.00000000 515.00000000
849.00000000 387.00000000 0.00000000 513.00000000
33.00000000 614.00000000 1.00000000 509.00000000
854.00000000 565.00000000 1.00000000 507.00000000
850.00000000 583.00000000 1.00000000 487.00000000
824.00000000 595.00000000 1.00000000 475.00000000
856.00000000 412.00000000 4.00000000 469.00000000
856.00000000 566.00000000 2.00000000 467.00000000
176.00000000 404.00000000 4.00000000 464.00000000
182.00000000 625.00000000 0.00000000 462.00000000
840.00000000 579.00000000 0.00000000 458.00000000
52.00000000 413.00000000 1.00000000 455.00000000
929.00000000 12.00000000 0.00000000 454.00000000
881.00000000 428.00000000 0.00000000 453.00000000
31.00000000 101.00000000 0.00000000 452.00000000
33.00000000 589.00000000 1.00000000 445.00000000
840.00000000 579.00000000 1.00000000 442.00000000
783.00000000 59.00000000 2.00000000 433.00000000
857.00000000 407.00000000 2.00000000 432.00000000
876.00000000 325.00000000 2.00000000 422.00000000
784.00000000 58.00000000 2.00000000 415.00000000
777.00000000 246.00000000 1.00000000 410.00000000
640.00000000 112.00000000 2.00000000 406.00000000
182.00000000 626.00000000 1.00000000 400.00000000
824.00000000 596.00000000 1.00000000 400.00000000
835.00000000 351.00000000 1.00000000 390.00000000
840.00000000 579.00000000 1.00000000 386.00000000
30.00000000 101.00000000 1.00000000 383.00000000
858.00000000 402.00000000 2.00000000 378.00000000
678.00000000 248.00000000 2.00000000 378.00000000
783.00000000 56.00000000 1.00000000 377.00000000
50.00000000 448.00000000 1.00000000 376.00000000
32.00000000 589.00000000 1.00000000 375.00000000
32.00000000 616.00000000 2.00000000 373.00000000
862.00000000 590.00000000 0.00000000 369.00000000
49.00000000 449.00000000 1.00000000 364.00000000
830.00000000 328.00000000 1.00000000 357.00000000
32.00000000 613.00000000 0.00000000 351.00000000
108.00000000 590.00000000 0.00000000 350.00000000
52.00000000 411.00000000 0.00000000 349.00000000
546.00000000 223.00000000 1.00000000 349.00000000
626.00000000 97.00000000 1.00000000 346.00000000
94.00000000 611.00000000 0.00000000 344.00000000
41.00000000 564.00000000 0.00000000 344.00000000
51.00000000 491.00000000 1.00000000 344.00000000
868.00000000 498.00000000 0.00000000 342.00000000
877.00000000 363.00000000 0.00000000 339.00000000
421.00000000 516.00000000 1.00000000 338.00000000
839.00000000 373.00000000 1.00000000 338.00000000
777.00000000 246.00000000 1.00000000 331.00000000
784.00000000 55.00000000 1.00000000 330.00000000
862.00000000 537.00000000 1.00000000 328.00000000
313.00000000 456.00000000 0.00000000 327.00000000
840.00000000 373.00000000 1.00000000 326.00000000
878.00000000 363.00000000 1.00000000 325.00000000
861.00000000 589.00000000 1.00000000 325.00000000
50.00000000 447.00000000 0.00000000 322.00000000
854.00000000 562.00000000 0.00000000 321.00000000
74.00000000 603.00000000 0.00000000 321.00000000
545.00000000 223.00000000 0.00000000 321.00000000
858.00000000 400.00000000 1.00000000 320.00000000
70.00000000 552.00000000 0.00000000 320.00000000
835.00000000 386.00000000 0.00000000 319.00000000
677.00000000 246.00000000 1.00000000 319.00000000
86.00000000 623.00000000 0.00000000 316.00000000
108.00000000 590.00000000 1.00000000 315.00000000
964.00000000 637.00000000 1.00000000 314.00000000
180.00000000 370.00000000 1.00000000 312.00000000
101.00000000 628.00000000 0.00000000 312.00000000
45.00000000 588.00000000 0.00000000 311.00000000
830.00000000 328.00000000 1.00000000 309.00000000
111.00000000 611.00000000 0.00000000 309.00000000
95.00000000 612.00000000 1.00000000 308.00000000
180.00000000 290.00000000 1.00000000 307.00000000
964.00000000 638.00000000 0.00000000 303.00000000
421.00000000 515.00000000 1.00000000 299.00000000
42.00000000 565.00000000 1.00000000 299.00000000
313.00000000 457.00000000 1.00000000 299.00000000
87.00000000 624.00000000 1.00000000 298.00000000
31.00000000 562.00000000 0.00000000 297.00000000
835.00000000 348.00000000 0.00000000 293.00000000
31.00000000 586.00000000 0.00000000 291.00000000
27.00000000 574.00000000 0.00000000 290.00000000
44.00000000 536.00000000 0.00000000 289.00000000
876.00000000 325.00000000 0.00000000 281.00000000
73.00000000 597.00000000 0.00000000 276.00000000
182.00000000 615.00000000 0.00000000 276.00000000
802.00000000 578.00000000 0.00000000 268.00000000
866.00000000 518.00000000 0.00000000 267.00000000
180.00000000 289.00000000 0.00000000 266.00000000
882.00000000 435.00000000 0.00000000 264.00000000
967.00000000 613.00000000 0.00000000 260.00000000
51.00000000 491.00000000 0.00000000 258.00000000
784.00000000 53.00000000 0.00000000 256.00000000
57.00000000 560.00000000 0.00000000 254.00000000
45.00000000 110.00000000 0.00000000 254.00000000
33.00000000 189.00000000 0.00000000 253.00000000
838.00000000 371.00000000 0.00000000 251.00000000
862.00000000 527.00000000 0.00000000 250.00000000
939.00000000 586.00000000 0.00000000 248.00000000
198.00000000 14.00000000 0.00000000 247.00000000
870.00000000 615.00000000 0.00000000 244.00000000
907.00000000 324.00000000 0.00000000 244.00000000
180.00000000 368.00000000 0.00000000 240.00000000
375.00000000 209.00000000 0.00000000 237.00000000
801.00000000 592.00000000 0.00000000 237.00000000
825.00000000 383.00000000 0.00000000 235.00000000
862.00000000 535.00000000 0.00000000 235.00000000
851.00000000 502.00000000 0.00000000 235.00000000
889.00000000 258.00000000 0.00000000 228.00000000
166.00000000 595.00000000 0.00000000 228.00000000
861.00000000 396.00000000 0.00000000 227.00000000
138.00000000 381.00000000 0.00000000 227.00000000
971.00000000 521.00000000 0.00000000 225.00000000
626.00000000 97.00000000 0.00000000 223.00000000
