475.00000000 353.00000000 1.00000000 344.00000000
491.00000000 40.00000000 0.00000000 333.00000000
475.00000000 353.00000000 1.00000000 327.00000000
474.00000000 354.00000000 2.00000000 316.00000000
492.00000000 40.00000000 1.00000000 299.00000000
449.00000000 42.00000000 0.00000000 280.00000000
418.00000000 620.00000000 1.00000000 247.00000000
418.00000000 622.00000000 2.00000000 246.00000000
475.00000000 352.00000000 0.00000000 231.00000000
291.00000000 169.00000000 1.00000000 225.00000000
385.00000000 620.00000000 1.00000000 221.00000000
449.00000000 42.00000000 1.00000000 215.00000000
252.00000000 36.00000000 0.00000000 215.00000000
475.00000000 353.00000000 2.00000000 214.00000000
492.00000000 39.00000000 1.00000000 207.00000000
384.00000000 619.00000000 1.00000000 199.00000000
291.00000000 168.00000000 0.00000000 197.00000000
419.00000000 619.00000000 1.00000000 196.00000000
405.00000000 28.00000000 0.00000000 195.00000000
415.00000000 619.00000000 2.00000000 192.00000000
780.00000000 722.00000000 1.00000000 190.00000000
291.00000000 169.00000000 1.00000000 182.00000000
438.00000000 33.00000000 0.00000000 182.00000000
383.00000000 16.00000000 0.00000000 181.00000000
779.00000000 722.00000000 1.00000000 175.00000000
552.00000000 496.00000000 4.00000000 175.00000000
492.00000000 53.00000000 1.00000000 172.00000000
384.00000000 619.00000000 0.00000000 170.00000000
492.00000000 40.00000000 2.00000000 169.00000000
428.00000000 637.00000000 1.00000000 165.00000000
420.00000000 618.00000000 0.00000000 164.00000000
369.00000000 29.00000000 0.00000000 164.00000000
248.00000000 194.00000000 1.00000000 161.00000000
424.00000000 39.00000000 0.00000000 159.00000000
552.00000000 494.00000000 1.00000000 158.00000000
247.00000000 192.00000000 1.00000000 158.00000000
554.00000000 494.00000000 1.00000000 156.00000000
548.00000000 492.00000000 5.00000000 156.00000000
384.00000000 620.00000000 2.00000000 155.00000000
551.00000000 494.00000000 2.00000000 154.00000000
248.00000000 193.00000000 0.00000000 153.00000000
366.00000000 21.00000000 0.00000000 152.00000000
252.00000000 37.00000000 1.00000000 152.00000000
635.00000000 616.00000000 1.00000000 151.00000000
774.00000000 729.00000000 2.00000000 148.00000000
778.00000000 728.00000000 2.00000000 147.00000000
383.00000000 23.00000000 0.00000000 145.00000000
430.00000000 640.00000000 2.00000000 141.00000000
634.00000000 615.00000000 0.00000000 141.00000000
323.00000000 52.00000000 1.00000000 140.00000000
456.00000000 28.00000000 0.00000000 139.00000000
554.00000000 494.00000000 2.00000000 137.00000000
330.00000000 16.00000000 0.00000000 137.00000000
293.00000000 51.00000000 0.00000000 137.00000000
406.00000000 28.00000000 1.00000000 136.00000000
431.00000000 429.00000000 1.00000000 134.00000000
309.00000000 756.00000000 1.00000000 134.00000000
309.00000000 756.00000000 0.00000000 131.00000000
323.00000000 50.00000000 0.00000000 130.00000000
431.00000000 429.00000000 1.00000000 130.00000000
322.00000000 54.00000000 2.00000000 128.00000000
391.00000000 24.00000000 0.00000000 126.00000000
532.00000000 432.00000000 4.00000000 125.00000000
394.00000000 579.00000000 1.00000000 124.00000000
533.00000000 431.00000000 1.00000000 122.00000000
468.00000000 45.00000000 0.00000000 121.00000000
634.00000000 618.00000000 1.00000000 120.00000000
780.00000000 721.00000000 0.00000000 119.00000000
367.00000000 21.00000000 1.00000000 119.00000000
648.00000000 817.00000000 1.00000000 119.00000000
383.00000000 17.00000000 1.00000000 118.00000000
554.00000000 494.00000000 0.00000000 117.00000000
568.00000000 655.00000000 1.00000000 115.00000000
647.00000000 817.00000000 0.00000000 114.00000000
394.00000000 578.00000000 0.00000000 112.00000000
447.00000000 33.00000000 1.00000000 112.00000000
724.00000000 1004.00000000 0.00000000 112.00000000
491.00000000 53.00000000 0.00000000 112.00000000
477.00000000 38.00000000 0.00000000 112.00000000
696.00000000 1144.00000000 1.00000000 110.00000000
380.00000000 605.00000000 1.00000000 109.00000000
533.00000000 431.00000000 1.00000000 108.00000000
369.00000000 30.00000000 1.00000000 106.00000000
428.00000000 636.00000000 1.00000000 105.00000000
447.00000000 33.00000000 0.00000000 104.00000000
298.00000000 12.00000000 0.00000000 102.00000000
431.00000000 429.00000000 0.00000000 101.00000000
723.00000000 1004.00000000 1.00000000 101.00000000
696.00000000 1143.00000000 0.00000000 98.00000000
291.00000000 43.00000000 0.00000000 98.00000000
364.00000000 558.00000000 1.00000000 98.00000000
482.00000000 10.00000000 0.00000000 97.00000000
251.00000000 38.00000000 1.00000000 97.00000000
380.00000000 605.00000000 1.00000000 96.00000000
322.00000000 53.00000000 1.00000000 95.00000000
741.00000000 914.00000000 1.00000000 95.00000000
415.00000000 647.00000000 0.00000000 94.00000000
567.00000000 655.00000000 0.00000000 93.00000000
466.00000000 715.00000000 1.00000000 93.00000000
691.00000000 1167.00000000 1.00000000 90.00000000
308.00000000 756.00000000 1.00000000 90.00000000
442.00000000 477.00000000 0.00000000 87.00000000
533.00000000 430.00000000 0.00000000 85.00000000
691.00000000 1166.00000000 0.00000000 85.00000000
477.00000000 46.00000000 0.00000000 84.00000000
729.00000000 975.00000000 0.00000000 84.00000000
738.00000000 931.00000000 0.00000000 84.00000000
732.00000000 961.00000000 0.00000000 84.00000000
702.00000000 1115.00000000 0.00000000 81.00000000
433.00000000 601.00000000 0.00000000 80.00000000
364.00000000 558.00000000 0.00000000 80.00000000
414.00000000 38.00000000 0.00000000 80.00000000
269.00000000 14.00000000 0.00000000 79.00000000
421.00000000 537.00000000 0.00000000 78.00000000
521.00000000 750.00000000 0.00000000 78.00000000
466.00000000 715.00000000 0.00000000 77.00000000
210.00000000 337.00000000 0.00000000 75.00000000
278.00000000 41.00000000 0.00000000 75.00000000
286.00000000 728.00000000 0.00000000 73.00000000
375.00000000 588.00000000 0.00000000 72.00000000
735.00000000 947.00000000 0.00000000 71.00000000
464.00000000 36.00000000 0.00000000 71.00000000
610.00000000 979.00000000 0.00000000 71.00000000
405.00000000 35.00000000 0.00000000 70.00000000
709.00000000 1078.00000000 0.00000000 70.00000000
714.00000000 1053.00000000 0.00000000 69.00000000
461.00000000 45.00000000 0.00000000 68.00000000
