27.00000000 368.00000000 0.00000000 503.00000000
537.00000000 870.00000000 1.00000000 465.00000000
285.00000000 99.00000000 1.00000000 435.00000000
18.00000000 293.00000000 1.00000000 433.00000000
309.00000000 97.00000000 0.00000000 424.00000000
309.00000000 98.00000000 1.00000000 414.00000000
284.00000000 98.00000000 0.00000000 411.00000000
17.00000000 276.00000000 1.00000000 407.00000000
300.00000000 140.00000000 0.00000000 406.00000000
292.00000000 115.00000000 1.00000000 400.00000000
409.00000000 709.00000000 0.00000000 396.00000000
292.00000000 115.00000000 1.00000000 395.00000000
656.00000000 613.00000000 1.00000000 393.00000000
16.00000000 275.00000000 0.00000000 379.00000000
596.00000000 827.00000000 1.00000000 374.00000000
297.00000000 99.00000000 1.00000000 368.00000000
202.00000000 1026.00000000 0.00000000 367.00000000
538.00000000 870.00000000 0.00000000 363.00000000
537.00000000 869.00000000 1.00000000 356.00000000
350.00000000 96.00000000 0.00000000 355.00000000
596.00000000 827.00000000 0.00000000 350.00000000
350.00000000 97.00000000 1.00000000 348.00000000
355.00000000 1086.00000000 0.00000000 346.00000000
306.00000000 114.00000000 1.00000000 345.00000000
296.00000000 98.00000000 0.00000000 333.00000000
800.00000000 1015.00000000 1.00000000 332.00000000
305.00000000 110.00000000 2.00000000 328.00000000
656.00000000 613.00000000 0.00000000 327.00000000
300.00000000 140.00000000 1.00000000 324.00000000
605.00000000 684.00000000 1.00000000 320.00000000
344.00000000 580.00000000 1.00000000 320.00000000
376.00000000 140.00000000 1.00000000 320.00000000
28.00000000 368.00000000 1.00000000 317.00000000
306.00000000 114.00000000 2.00000000 310.00000000
738.00000000 675.00000000 2.00000000 309.00000000
656.00000000 613.00000000 1.00000000 309.00000000
605.00000000 683.00000000 1.00000000 300.00000000
225.00000000 993.00000000 0.00000000 299.00000000
344.00000000 579.00000000 0.00000000 297.00000000
741.00000000 675.00000000 1.00000000 297.00000000
740.00000000 676.00000000 4.00000000 296.00000000
375.00000000 140.00000000 1.00000000 292.00000000
740.00000000 676.00000000 2.00000000 291.00000000
298.00000000 140.00000000 2.00000000 291.00000000
296.00000000 162.00000000 1.00000000 288.00000000
327.00000000 159.00000000 1.00000000 288.00000000
741.00000000 675.00000000 1.00000000 286.00000000
169.00000000 1083.00000000 0.00000000 285.00000000
389.00000000 1055.00000000 0.00000000 284.00000000
536.00000000 870.00000000 2.00000000 284.00000000
595.00000000 827.00000000 1.00000000 279.00000000
405.00000000 137.00000000 0.00000000 276.00000000
801.00000000 1014.00000000 0.00000000 276.00000000
536.00000000 876.00000000 4.00000000 274.00000000
534.00000000 871.00000000 2.00000000 268.00000000
364.00000000 97.00000000 1.00000000 268.00000000
618.00000000 847.00000000 0.00000000 266.00000000
298.00000000 101.00000000 1.00000000 265.00000000
762.00000000 1045.00000000 0.00000000 265.00000000
306.00000000 115.00000000 1.00000000 263.00000000
234.00000000 859.00000000 0.00000000 263.00000000
295.00000000 162.00000000 0.00000000 262.00000000
355.00000000 158.00000000 1.00000000 261.00000000
390.00000000 1100.00000000 0.00000000 260.00000000
19.00000000 292.00000000 0.00000000 259.00000000
735.00000000 673.00000000 5.00000000 257.00000000
36.00000000 462.00000000 1.00000000 255.00000000
202.00000000 1027.00000000 1.00000000 252.00000000
364.00000000 96.00000000 0.00000000 251.00000000
309.00000000 98.00000000 1.00000000 251.00000000
741.00000000 674.00000000 0.00000000 247.00000000
362.00000000 1107.00000000 1.00000000 246.00000000
605.00000000 682.00000000 0.00000000 244.00000000
619.00000000 713.00000000 1.00000000 242.00000000
837.00000000 878.00000000 0.00000000 239.00000000
405.00000000 138.00000000 1.00000000 239.00000000
375.00000000 138.00000000 0.00000000 239.00000000
247.00000000 1064.00000000 0.00000000 233.00000000
202.00000000 1086.00000000 1.00000000 232.00000000
619.00000000 712.00000000 0.00000000 231.00000000
604.00000000 686.00000000 2.00000000 228.00000000
214.00000000 940.00000000 0.00000000 227.00000000
320.00000000 1113.00000000 1.00000000 226.00000000
313.00000000 847.00000000 0.00000000 225.00000000
393.00000000 95.00000000 0.00000000 225.00000000
340.00000000 1101.00000000 1.00000000 223.00000000
243.00000000 1077.00000000 0.00000000 223.00000000
608.00000000 818.00000000 1.00000000 223.00000000
169.00000000 1084.00000000 1.00000000 222.00000000
634.00000000 361.00000000 0.00000000 222.00000000
240.00000000 992.00000000 0.00000000 222.00000000
838.00000000 878.00000000 1.00000000 219.00000000
168.00000000 1058.00000000 0.00000000 216.00000000
764.00000000 780.00000000 1.00000000 215.00000000
299.00000000 140.00000000 1.00000000 212.00000000
343.00000000 581.00000000 1.00000000 211.00000000
207.00000000 1103.00000000 0.00000000 211.00000000
637.00000000 875.00000000 0.00000000 210.00000000
340.00000000 1100.00000000 0.00000000 210.00000000
325.00000000 141.00000000 1.00000000 210.00000000
154.00000000 975.00000000 0.00000000 205.00000000
383.00000000 156.00000000 1.00000000 205.00000000
386.00000000 1106.00000000 2.00000000 203.00000000
371.00000000 1009.00000000 0.00000000 203.00000000
847.00000000 1081.00000000 0.00000000 203.00000000
547.00000000 876.00000000 0.00000000 202.00000000
335.00000000 439.00000000 0.00000000 201.00000000
182.00000000 892.00000000 0.00000000 200.00000000
829.00000000 1006.00000000 0.00000000 199.00000000
327.00000000 158.00000000 0.00000000 198.00000000
230.00000000 852.00000000 0.00000000 198.00000000
265.00000000 1119.00000000 0.00000000 197.00000000
318.00000000 350.00000000 0.00000000 197.00000000
354.00000000 142.00000000 2.00000000 195.00000000
206.00000000 948.00000000 0.00000000 194.00000000
194.00000000 1073.00000000 0.00000000 193.00000000
60.00000000 658.00000000 0.00000000 193.00000000
230.00000000 1030.00000000 0.00000000 193.00000000
202.00000000 1086.00000000 0.00000000 192.00000000
292.00000000 116.00000000 0.00000000 192.00000000
301.00000000 325.00000000 0.00000000 192.00000000
306.00000000 774.00000000 0.00000000 190.00000000
341.00000000 1114.00000000 0.00000000 190.00000000
607.00000000 818.00000000 0.00000000 190.00000000
271.00000000 1078.00000000 0.00000000 189.00000000
838.00000000 878.00000000 2.00000000 186.00000000
401.00000000 144.00000000 2.00000000 162.00000000
