670.00000000 359.00000000 1.00000000 354.00000000
319.00000000 107.00000000 1.00000000 346.00000000
318.00000000 107.00000000 0.00000000 338.00000000
404.00000000 160.00000000 0.00000000 321.00000000
471.00000000 117.00000000 0.00000000 310.00000000
582.00000000 632.00000000 1.00000000 309.00000000
670.00000000 360.00000000 1.00000000 309.00000000
476.00000000 156.00000000 0.00000000 308.00000000
468.00000000 77.00000000 0.00000000 302.00000000
327.00000000 150.00000000 0.00000000 301.00000000
299.00000000 78.00000000 0.00000000 299.00000000
467.00000000 142.00000000 0.00000000 286.00000000
344.00000000 78.00000000 0.00000000 285.00000000
410.00000000 118.00000000 0.00000000 283.00000000
467.00000000 20.00000000 0.00000000 280.00000000
581.00000000 632.00000000 1.00000000 280.00000000
670.00000000 358.00000000 0.00000000 277.00000000
482.00000000 35.00000000 0.00000000 271.00000000
405.00000000 62.00000000 0.00000000 268.00000000
411.00000000 118.00000000 1.00000000 267.00000000
329.00000000 74.00000000 0.00000000 266.00000000
330.00000000 75.00000000 1.00000000 265.00000000
353.00000000 164.00000000 0.00000000 264.00000000
318.00000000 107.00000000 1.00000000 264.00000000
312.00000000 78.00000000 0.00000000 264.00000000
303.00000000 32.00000000 0.00000000 264.00000000
294.00000000 123.00000000 0.00000000 264.00000000
374.00000000 33.00000000 0.00000000 261.00000000
550.00000000 36.00000000 0.00000000 261.00000000
273.00000000 164.00000000 0.00000000 255.00000000
285.00000000 78.00000000 0.00000000 255.00000000
625.00000000 24.00000000 0.00000000 254.00000000
329.00000000 32.00000000 0.00000000 254.00000000
528.00000000 76.00000000 0.00000000 252.00000000
429.00000000 77.00000000 0.00000000 251.00000000
270.00000000 108.00000000 0.00000000 251.00000000
274.00000000 165.00000000 1.00000000 250.00000000
582.00000000 37.00000000 0.00000000 250.00000000
297.00000000 152.00000000 0.00000000 250.00000000
384.00000000 158.00000000 0.00000000 248.00000000
598.00000000 648.00000000 0.00000000 248.00000000
649.00000000 38.00000000 0.00000000 248.00000000
509.00000000 115.00000000 0.00000000 247.00000000
605.00000000 99.00000000 0.00000000 246.00000000
583.00000000 113.00000000 0.00000000 246.00000000
283.00000000 165.00000000 1.00000000 246.00000000
597.00000000 112.00000000 0.00000000 246.00000000
642.00000000 108.00000000 0.00000000 245.00000000
480.00000000 76.00000000 0.00000000 244.00000000
524.00000000 708.00000000 4.00000000 244.00000000
495.00000000 77.00000000 0.00000000 243.00000000
498.00000000 106.00000000 0.00000000 243.00000000
530.00000000 21.00000000 0.00000000 241.00000000
364.00000000 120.00000000 0.00000000 240.00000000
590.00000000 62.00000000 0.00000000 239.00000000
564.00000000 114.00000000 0.00000000 237.00000000
639.00000000 74.00000000 0.00000000 236.00000000
616.00000000 112.00000000 0.00000000 236.00000000
371.00000000 148.00000000 1.00000000 235.00000000
448.00000000 104.00000000 0.00000000 235.00000000
393.00000000 158.00000000 0.00000000 233.00000000
666.00000000 74.00000000 0.00000000 233.00000000
325.00000000 364.00000000 1.00000000 233.00000000
567.00000000 76.00000000 0.00000000 232.00000000
654.00000000 108.00000000 0.00000000 231.00000000
720.00000000 96.00000000 0.00000000 230.00000000
282.00000000 164.00000000 0.00000000 227.00000000
578.00000000 75.00000000 0.00000000 226.00000000
499.00000000 154.00000000 0.00000000 223.00000000
405.00000000 160.00000000 1.00000000 222.00000000
494.00000000 35.00000000 0.00000000 222.00000000
603.00000000 37.00000000 0.00000000 221.00000000
487.00000000 117.00000000 0.00000000 219.00000000
543.00000000 115.00000000 0.00000000 219.00000000
593.00000000 37.00000000 0.00000000 218.00000000
371.00000000 148.00000000 0.00000000 217.00000000
453.00000000 156.00000000 0.00000000 217.00000000
564.00000000 23.00000000 0.00000000 215.00000000
374.00000000 33.00000000 1.00000000 213.00000000
411.00000000 104.00000000 1.00000000 210.00000000
344.00000000 78.00000000 1.00000000 210.00000000
385.00000000 159.00000000 1.00000000 209.00000000
721.00000000 97.00000000 1.00000000 208.00000000
732.00000000 28.00000000 1.00000000 208.00000000
430.00000000 77.00000000 1.00000000 207.00000000
670.00000000 360.00000000 2.00000000 206.00000000
467.00000000 20.00000000 1.00000000 205.00000000
365.00000000 121.00000000 1.00000000 204.00000000
329.00000000 32.00000000 1.00000000 202.00000000
299.00000000 79.00000000 1.00000000 199.00000000
285.00000000 79.00000000 1.00000000 198.00000000
471.00000000 117.00000000 1.00000000 198.00000000
610.00000000 461.00000000 1.00000000 197.00000000
393.00000000 159.00000000 1.00000000 196.00000000
325.00000000 364.00000000 1.00000000 195.00000000
718.00000000 401.00000000 5.00000000 194.00000000
370.00000000 148.00000000 1.00000000 192.00000000
520.00000000 707.00000000 2.00000000 190.00000000
523.00000000 700.00000000 1.00000000 188.00000000
718.00000000 390.00000000 2.00000000 187.00000000
324.00000000 366.00000000 2.00000000 187.00000000
640.00000000 65.00000000 1.00000000 186.00000000
610.00000000 462.00000000 2.00000000 186.00000000
509.00000000 116.00000000 1.00000000 185.00000000
476.00000000 156.00000000 1.00000000 185.00000000
327.00000000 150.00000000 1.00000000 184.00000000
718.00000000 390.00000000 2.00000000 182.00000000
717.00000000 387.00000000 1.00000000 182.00000000
411.00000000 105.00000000 1.00000000 182.00000000
494.00000000 21.00000000 1.00000000 182.00000000
716.00000000 392.00000000 4.00000000 181.00000000
625.00000000 25.00000000 1.00000000 181.00000000
294.00000000 123.00000000 1.00000000 181.00000000
551.00000000 36.00000000 1.00000000 180.00000000
318.00000000 108.00000000 2.00000000 173.00000000
509.00000000 147.00000000 2.00000000 170.00000000
366.00000000 110.00000000 2.00000000 166.00000000
717.00000000 66.00000000 1.00000000 166.00000000
359.00000000 62.00000000 1.00000000 165.00000000
411.00000000 118.00000000 1.00000000 164.00000000
472.00000000 107.00000000 1.00000000 164.00000000
728.00000000 420.00000000 2.00000000 163.00000000
360.00000000 62.00000000 2.00000000 162.00000000
726.00000000 420.00000000 1.00000000 162.00000000
521.00000000 700.00000000 1.00000000 160.00000000
726.00000000 421.00000000 2.00000000 151.00000000
732.00000000 28.00000000 1.00000000 148.00000000
