104.00000000 612.00000000 1.00000000 750.00000000
737.00000000 447.00000000 0.00000000 632.00000000
104.00000000 611.00000000 1.00000000 606.00000000
755.00000000 280.00000000 1.00000000 602.00000000
134.00000000 384.00000000 2.00000000 594.00000000
738.00000000 448.00000000 1.00000000 589.00000000
904.00000000 584.00000000 4.00000000 578.00000000
280.00000000 356.00000000 2.00000000 574.00000000
104.00000000 582.00000000 1.00000000 568.00000000
741.00000000 342.00000000 2.00000000 561.00000000
644.00000000 118.00000000 5.00000000 541.00000000
280.00000000 360.00000000 4.00000000 522.00000000
742.00000000 338.00000000 2.00000000 518.00000000
104.00000000 612.00000000 2.00000000 511.00000000
754.00000000 280.00000000 2.00000000 510.00000000
755.00000000 281.00000000 1.00000000 504.00000000
231.00000000 620.00000000 0.00000000 503.00000000
902.00000000 579.00000000 2.00000000 493.00000000
134.00000000 381.00000000 1.00000000 482.00000000
661.00000000 226.00000000 2.00000000 480.00000000
115.00000000 12.00000000 0.00000000 468.00000000
105.00000000 583.00000000 1.00000000 462.00000000
28.00000000 598.00000000 1.00000000 447.00000000
231.00000000 620.00000000 1.00000000 441.00000000
712.00000000 224.00000000 1.00000000 437.00000000
196.00000000 565.00000000 0.00000000 428.00000000
131.00000000 421.00000000 1.00000000 428.00000000
710.00000000 538.00000000 2.00000000 423.00000000
738.00000000 448.00000000 1.00000000 422.00000000
742.00000000 336.00000000 1.00000000 417.00000000
251.00000000 615.00000000 0.00000000 414.00000000
662.00000000 224.00000000 2.00000000 414.00000000
646.00000000 114.00000000 2.00000000 411.00000000
28.00000000 598.00000000 0.00000000 409.00000000
39.00000000 548.00000000 1.00000000 406.00000000
724.00000000 86.00000000 2.00000000 405.00000000
661.00000000 221.00000000 1.00000000 404.00000000
725.00000000 86.00000000 1.00000000 404.00000000
117.00000000 553.00000000 0.00000000 398.00000000
725.00000000 85.00000000 1.00000000 394.00000000
784.00000000 62.00000000 0.00000000 391.00000000
721.00000000 470.00000000 0.00000000 388.00000000
646.00000000 113.00000000 1.00000000 386.00000000
660.00000000 222.00000000 1.00000000 382.00000000
756.00000000 277.00000000 0.00000000 381.00000000
131.00000000 419.00000000 1.00000000 379.00000000
733.00000000 282.00000000 0.00000000 376.00000000
135.00000000 380.00000000 1.00000000 365.00000000
791.00000000 28.00000000 1.00000000 364.00000000
638.00000000 101.00000000 0.00000000 359.00000000
117.00000000 553.00000000 1.00000000 359.00000000
132.00000000 469.00000000 1.00000000 358.00000000
709.00000000 537.00000000 1.00000000 357.00000000
240.00000000 562.00000000 1.00000000 348.00000000
743.00000000 334.00000000 1.00000000 346.00000000
587.00000000 629.00000000 1.00000000 343.00000000
157.00000000 586.00000000 0.00000000 338.00000000
39.00000000 548.00000000 1.00000000 336.00000000
197.00000000 565.00000000 1.00000000 334.00000000
712.00000000 224.00000000 0.00000000 333.00000000
489.00000000 445.00000000 1.00000000 330.00000000
712.00000000 224.00000000 1.00000000 329.00000000
489.00000000 445.00000000 1.00000000 328.00000000
740.00000000 570.00000000 1.00000000 326.00000000
737.00000000 38.00000000 0.00000000 325.00000000
135.00000000 27.00000000 0.00000000 322.00000000
638.00000000 101.00000000 1.00000000 321.00000000
103.00000000 610.00000000 0.00000000 318.00000000
131.00000000 419.00000000 0.00000000 318.00000000
738.00000000 38.00000000 1.00000000 317.00000000
281.00000000 410.00000000 1.00000000 316.00000000
791.00000000 27.00000000 0.00000000 314.00000000
721.00000000 470.00000000 1.00000000 311.00000000
181.00000000 592.00000000 1.00000000 307.00000000
740.00000000 569.00000000 0.00000000 306.00000000
744.00000000 333.00000000 0.00000000 304.00000000
283.00000000 326.00000000 1.00000000 304.00000000
936.00000000 246.00000000 0.00000000 300.00000000
582.00000000 196.00000000 0.00000000 299.00000000
741.00000000 323.00000000 0.00000000 294.00000000
760.00000000 451.00000000 1.00000000 293.00000000
725.00000000 84.00000000 0.00000000 292.00000000
582.00000000 197.00000000 1.00000000 285.00000000
729.00000000 457.00000000 0.00000000 285.00000000
936.00000000 246.00000000 1.00000000 285.00000000
793.00000000 69.00000000 0.00000000 285.00000000
240.00000000 561.00000000 1.00000000 284.00000000
744.00000000 598.00000000 1.00000000 284.00000000
510.00000000 633.00000000 0.00000000 284.00000000
84.00000000 15.00000000 1.00000000 283.00000000
181.00000000 591.00000000 0.00000000 282.00000000
148.00000000 36.00000000 1.00000000 282.00000000
660.00000000 219.00000000 0.00000000 269.00000000
132.00000000 468.00000000 0.00000000 267.00000000
733.00000000 301.00000000 0.00000000 265.00000000
587.00000000 629.00000000 0.00000000 264.00000000
135.00000000 379.00000000 0.00000000 260.00000000
737.00000000 315.00000000 0.00000000 259.00000000
103.00000000 579.00000000 0.00000000 257.00000000
488.00000000 445.00000000 0.00000000 257.00000000
772.00000000 230.00000000 0.00000000 253.00000000
122.00000000 579.00000000 0.00000000 253.00000000
405.00000000 403.00000000 0.00000000 251.00000000
147.00000000 35.00000000 0.00000000 251.00000000
282.00000000 325.00000000 0.00000000 251.00000000
734.00000000 324.00000000 0.00000000 251.00000000
727.00000000 509.00000000 0.00000000 249.00000000
270.00000000 596.00000000 0.00000000 247.00000000
771.00000000 631.00000000 0.00000000 234.00000000
744.00000000 461.00000000 0.00000000 232.00000000
438.00000000 613.00000000 0.00000000 230.00000000
154.00000000 534.00000000 0.00000000 229.00000000
156.00000000 595.00000000 0.00000000 228.00000000
137.00000000 545.00000000 0.00000000 223.00000000
470.00000000 605.00000000 0.00000000 220.00000000
240.00000000 560.00000000 0.00000000 218.00000000
484.00000000 614.00000000 0.00000000 217.00000000
464.00000000 174.00000000 0.00000000 215.00000000
412.00000000 608.00000000 0.00000000 210.00000000
705.00000000 306.00000000 0.00000000 208.00000000
246.00000000 497.00000000 0.00000000 208.00000000
566.00000000 436.00000000 0.00000000 207.00000000
744.00000000 597.00000000 0.00000000 206.00000000
170.00000000 607.00000000 0.00000000 203.00000000
585.00000000 207.00000000 0.00000000 201.00000000
504.00000000 558.00000000 0.00000000 201.00000000
28.00000000 562.00000000 0.00000000 199.00000000
