120.00000000 120.00000000 4.00000000 572.00000000
121.00000000 118.00000000 2.00000000 543.00000000
118.00000000 124.00000000 5.00000000 486.00000000
122.00000000 118.00000000 2.00000000 485.00000000
269.00000000 427.00000000 1.00000000 466.00000000
267.00000000 427.00000000 1.00000000 453.00000000
272.00000000 503.00000000 1.00000000 423.00000000
746.00000000 76.00000000 2.00000000 419.00000000
735.00000000 32.00000000 1.00000000 405.00000000
269.00000000 427.00000000 0.00000000 401.00000000
254.00000000 425.00000000 1.00000000 368.00000000
123.00000000 115.00000000 1.00000000 364.00000000
272.00000000 502.00000000 0.00000000 350.00000000
748.00000000 76.00000000 4.00000000 348.00000000
736.00000000 32.00000000 2.00000000 338.00000000
746.00000000 76.00000000 2.00000000 338.00000000
746.00000000 196.00000000 2.00000000 326.00000000
255.00000000 424.00000000 0.00000000 325.00000000
19.00000000 379.00000000 0.00000000 320.00000000
1028.00000000 470.00000000 0.00000000 312.00000000
722.00000000 196.00000000 1.00000000 309.00000000
102.00000000 14.00000000 0.00000000 307.00000000
1028.00000000 504.00000000 0.00000000 301.00000000
16.00000000 443.00000000 0.00000000 301.00000000
1028.00000000 471.00000000 1.00000000 300.00000000
17.00000000 400.00000000 0.00000000 293.00000000
12.00000000 528.00000000 0.00000000 287.00000000
500.00000000 497.00000000 1.00000000 287.00000000
16.00000000 421.00000000 0.00000000 286.00000000
19.00000000 357.00000000 0.00000000 286.00000000
21.00000000 315.00000000 0.00000000 281.00000000
500.00000000 500.00000000 2.00000000 280.00000000
734.00000000 33.00000000 1.00000000 278.00000000
1028.00000000 505.00000000 1.00000000 275.00000000
20.00000000 336.00000000 0.00000000 275.00000000
746.00000000 193.00000000 1.00000000 270.00000000
22.00000000 306.00000000 1.00000000 270.00000000
280.00000000 432.00000000 1.00000000 260.00000000
12.00000000 550.00000000 0.00000000 255.00000000
574.00000000 291.00000000 1.00000000 250.00000000
756.00000000 58.00000000 0.00000000 250.00000000
682.00000000 300.00000000 2.00000000 249.00000000
105.00000000 486.00000000 0.00000000 248.00000000
1028.00000000 470.00000000 1.00000000 248.00000000
102.00000000 569.00000000 1.00000000 247.00000000
783.00000000 551.00000000 1.00000000 246.00000000
243.00000000 482.00000000 1.00000000 246.00000000
722.00000000 195.00000000 1.00000000 245.00000000
231.00000000 461.00000000 2.00000000 244.00000000
24.00000000 251.00000000 0.00000000 244.00000000
105.00000000 487.00000000 1.00000000 242.00000000
746.00000000 195.00000000 2.00000000 241.00000000
15.00000000 464.00000000 0.00000000 240.00000000
13.00000000 507.00000000 0.00000000 240.00000000
11.00000000 572.00000000 0.00000000 238.00000000
104.00000000 506.00000000 0.00000000 237.00000000
21.00000000 305.00000000 0.00000000 236.00000000
574.00000000 291.00000000 1.00000000 235.00000000
19.00000000 380.00000000 1.00000000 234.00000000
103.00000000 548.00000000 0.00000000 234.00000000
308.00000000 459.00000000 0.00000000 232.00000000
255.00000000 482.00000000 0.00000000 230.00000000
574.00000000 292.00000000 2.00000000 230.00000000
21.00000000 328.00000000 1.00000000 230.00000000
788.00000000 103.00000000 0.00000000 230.00000000
103.00000000 549.00000000 1.00000000 230.00000000
26.00000000 220.00000000 0.00000000 228.00000000
303.00000000 485.00000000 0.00000000 228.00000000
243.00000000 482.00000000 0.00000000 227.00000000
102.00000000 568.00000000 0.00000000 227.00000000
250.00000000 454.00000000 1.00000000 227.00000000
280.00000000 432.00000000 0.00000000 227.00000000
266.00000000 430.00000000 2.00000000 225.00000000
16.00000000 444.00000000 1.00000000 222.00000000
616.00000000 799.00000000 0.00000000 221.00000000
18.00000000 401.00000000 1.00000000 221.00000000
681.00000000 299.00000000 1.00000000 220.00000000
23.00000000 272.00000000 0.00000000 219.00000000
105.00000000 498.00000000 1.00000000 219.00000000
103.00000000 527.00000000 0.00000000 218.00000000
17.00000000 413.00000000 1.00000000 218.00000000
26.00000000 221.00000000 1.00000000 218.00000000
722.00000000 195.00000000 0.00000000 217.00000000
744.00000000 113.00000000 1.00000000 216.00000000
270.00000000 480.00000000 0.00000000 216.00000000
18.00000000 392.00000000 1.00000000 215.00000000
25.00000000 230.00000000 0.00000000 215.00000000
26.00000000 209.00000000 0.00000000 213.00000000
17.00000000 410.00000000 0.00000000 211.00000000
254.00000000 484.00000000 1.00000000 211.00000000
789.00000000 104.00000000 1.00000000 211.00000000
22.00000000 316.00000000 1.00000000 210.00000000
250.00000000 453.00000000 1.00000000 209.00000000
21.00000000 337.00000000 1.00000000 207.00000000
743.00000000 113.00000000 1.00000000 206.00000000
98.00000000 693.00000000 1.00000000 205.00000000
17.00000000 422.00000000 1.00000000 205.00000000
16.00000000 434.00000000 1.00000000 204.00000000
104.00000000 519.00000000 1.00000000 204.00000000
24.00000000 262.00000000 0.00000000 203.00000000
25.00000000 241.00000000 0.00000000 202.00000000
118.00000000 192.00000000 0.00000000 200.00000000
98.00000000 692.00000000 0.00000000 200.00000000
27.00000000 198.00000000 0.00000000 198.00000000
23.00000000 283.00000000 0.00000000 198.00000000
293.00000000 436.00000000 0.00000000 197.00000000
57.00000000 444.00000000 0.00000000 196.00000000
18.00000000 389.00000000 0.00000000 196.00000000
21.00000000 326.00000000 0.00000000 195.00000000
16.00000000 432.00000000 0.00000000 193.00000000
322.00000000 484.00000000 0.00000000 192.00000000
28.00000000 178.00000000 0.00000000 191.00000000
646.00000000 667.00000000 1.00000000 191.00000000
108.00000000 395.00000000 0.00000000 190.00000000
31.00000000 114.00000000 1.00000000 189.00000000
745.00000000 74.00000000 1.00000000 189.00000000
161.00000000 137.00000000 0.00000000 188.00000000
28.00000000 166.00000000 0.00000000 188.00000000
53.00000000 267.00000000 0.00000000 187.00000000
282.00000000 509.00000000 1.00000000 187.00000000
574.00000000 290.00000000 0.00000000 184.00000000
15.00000000 453.00000000 0.00000000 183.00000000
266.00000000 516.00000000 0.00000000 183.00000000
626.00000000 447.00000000 0.00000000 182.00000000
14.00000000 485.00000000 0.00000000 181.00000000
1131.00000000 173.00000000 0.00000000 180.00000000
111.00000000 335.00000000 0.00000000 180.00000000
