1086.00000000 76.00000000 2.00000000 434.00000000
904.00000000 34.00000000 2.00000000 425.00000000
1037.00000000 227.00000000 1.00000000 420.00000000
1117.00000000 113.00000000 2.00000000 419.00000000
331.00000000 406.00000000 1.00000000 402.00000000
905.00000000 33.00000000 1.00000000 400.00000000
1037.00000000 226.00000000 0.00000000 393.00000000
1088.00000000 76.00000000 4.00000000 380.00000000
1036.00000000 227.00000000 1.00000000 377.00000000
1086.00000000 80.00000000 2.00000000 376.00000000
1118.00000000 114.00000000 2.00000000 365.00000000
997.00000000 83.00000000 0.00000000 354.00000000
176.00000000 666.00000000 0.00000000 352.00000000
658.00000000 132.00000000 2.00000000 349.00000000
1160.00000000 162.00000000 2.00000000 349.00000000
202.00000000 181.00000000 1.00000000 341.00000000
1026.00000000 338.00000000 2.00000000 341.00000000
935.00000000 26.00000000 0.00000000 341.00000000
935.00000000 27.00000000 1.00000000 334.00000000
1179.00000000 185.00000000 1.00000000 329.00000000
1026.00000000 336.00000000 1.00000000 327.00000000
835.00000000 471.00000000 0.00000000 327.00000000
1180.00000000 186.00000000 2.00000000 327.00000000
1087.00000000 79.00000000 1.00000000 326.00000000
331.00000000 405.00000000 0.00000000 322.00000000
57.00000000 122.00000000 0.00000000 318.00000000
1026.00000000 339.00000000 2.00000000 316.00000000
1117.00000000 114.00000000 1.00000000 315.00000000
177.00000000 667.00000000 1.00000000 309.00000000
997.00000000 84.00000000 1.00000000 305.00000000
1179.00000000 187.00000000 1.00000000 301.00000000
656.00000000 131.00000000 1.00000000 299.00000000
176.00000000 659.00000000 0.00000000 299.00000000
67.00000000 359.00000000 1.00000000 298.00000000
1162.00000000 164.00000000 2.00000000 297.00000000
332.00000000 465.00000000 0.00000000 295.00000000
906.00000000 33.00000000 1.00000000 293.00000000
1118.00000000 115.00000000 1.00000000 290.00000000
484.00000000 462.00000000 1.00000000 289.00000000
185.00000000 478.00000000 0.00000000 286.00000000
154.00000000 381.00000000 1.00000000 285.00000000
1087.00000000 80.00000000 1.00000000 279.00000000
144.00000000 18.00000000 0.00000000 278.00000000
485.00000000 462.00000000 1.00000000 278.00000000
1206.00000000 216.00000000 1.00000000 274.00000000
321.00000000 403.00000000 0.00000000 273.00000000
1205.00000000 216.00000000 1.00000000 273.00000000
185.00000000 478.00000000 1.00000000 269.00000000
878.00000000 184.00000000 2.00000000 264.00000000
211.00000000 145.00000000 0.00000000 264.00000000
105.00000000 504.00000000 0.00000000 258.00000000
69.00000000 360.00000000 0.00000000 258.00000000
202.00000000 180.00000000 1.00000000 258.00000000
41.00000000 354.00000000 0.00000000 257.00000000
1027.00000000 336.00000000 1.00000000 255.00000000
153.00000000 392.00000000 0.00000000 254.00000000
152.00000000 408.00000000 0.00000000 253.00000000
1188.00000000 318.00000000 1.00000000 252.00000000
1159.00000000 164.00000000 1.00000000 249.00000000
906.00000000 33.00000000 0.00000000 246.00000000
49.00000000 386.00000000 1.00000000 246.00000000
671.00000000 505.00000000 1.00000000 245.00000000
1204.00000000 308.00000000 0.00000000 244.00000000
133.00000000 100.00000000 0.00000000 244.00000000
82.00000000 504.00000000 0.00000000 243.00000000
835.00000000 445.00000000 1.00000000 242.00000000
1159.00000000 162.00000000 1.00000000 242.00000000
83.00000000 485.00000000 0.00000000 240.00000000
608.00000000 308.00000000 1.00000000 240.00000000
50.00000000 386.00000000 1.00000000 236.00000000
154.00000000 382.00000000 1.00000000 234.00000000
69.00000000 360.00000000 1.00000000 233.00000000
338.00000000 409.00000000 0.00000000 233.00000000
1029.00000000 315.00000000 1.00000000 233.00000000
876.00000000 185.00000000 1.00000000 233.00000000
1204.00000000 308.00000000 1.00000000 233.00000000
104.00000000 521.00000000 0.00000000 230.00000000
651.00000000 523.00000000 1.00000000 226.00000000
1217.00000000 178.00000000 0.00000000 226.00000000
118.00000000 132.00000000 1.00000000 225.00000000
47.00000000 449.00000000 0.00000000 225.00000000
49.00000000 22.00000000 0.00000000 224.00000000
133.00000000 100.00000000 1.00000000 224.00000000
1131.00000000 415.00000000 1.00000000 223.00000000
107.00000000 461.00000000 0.00000000 223.00000000
211.00000000 145.00000000 1.00000000 223.00000000
104.00000000 496.00000000 0.00000000 220.00000000
1217.00000000 231.00000000 0.00000000 219.00000000
1117.00000000 115.00000000 0.00000000 219.00000000
577.00000000 593.00000000 0.00000000 218.00000000
202.00000000 179.00000000 0.00000000 217.00000000
609.00000000 309.00000000 1.00000000 216.00000000
638.00000000 227.00000000 1.00000000 216.00000000
690.00000000 656.00000000 5.00000000 214.00000000
1213.00000000 386.00000000 1.00000000 213.00000000
107.00000000 24.00000000 0.00000000 211.00000000
1184.00000000 129.00000000 0.00000000 211.00000000
1205.00000000 217.00000000 0.00000000 211.00000000
1120.00000000 116.00000000 4.00000000 210.00000000
962.00000000 496.00000000 1.00000000 209.00000000
1179.00000000 186.00000000 0.00000000 209.00000000
313.00000000 448.00000000 0.00000000 209.00000000
638.00000000 226.00000000 0.00000000 206.00000000
1188.00000000 318.00000000 0.00000000 206.00000000
84.00000000 468.00000000 0.00000000 205.00000000
1145.00000000 525.00000000 0.00000000 205.00000000
1209.00000000 166.00000000 0.00000000 204.00000000
1175.00000000 115.00000000 0.00000000 204.00000000
82.00000000 511.00000000 0.00000000 204.00000000
140.00000000 502.00000000 0.00000000 203.00000000
106.00000000 478.00000000 0.00000000 203.00000000
1130.00000000 396.00000000 0.00000000 201.00000000
483.00000000 462.00000000 0.00000000 201.00000000
1166.00000000 103.00000000 0.00000000 200.00000000
1209.00000000 197.00000000 0.00000000 199.00000000
1090.00000000 509.00000000 0.00000000 198.00000000
855.00000000 433.00000000 0.00000000 198.00000000
1213.00000000 385.00000000 0.00000000 197.00000000
154.00000000 381.00000000 0.00000000 197.00000000
320.00000000 441.00000000 0.00000000 197.00000000
1014.00000000 169.00000000 0.00000000 197.00000000
1087.00000000 79.00000000 0.00000000 195.00000000
119.00000000 502.00000000 0.00000000 195.00000000
144.00000000 88.00000000 0.00000000 195.00000000
178.00000000 625.00000000 0.00000000 194.00000000
178.00000000 618.00000000 0.00000000 193.00000000
1055.00000000 164.00000000 0.00000000 189.00000000
