652.00000000 536.00000000 1.00000000 175.00000000
709.00000000 304.00000000 1.00000000 158.00000000
616.00000000 567.00000000 1.00000000 154.00000000
710.00000000 304.00000000 1.00000000 152.00000000
588.00000000 642.00000000 2.00000000 148.00000000
710.00000000 306.00000000 2.00000000 146.00000000
586.00000000 618.00000000 1.00000000 141.00000000
616.00000000 566.00000000 0.00000000 140.00000000
588.00000000 646.00000000 1.00000000 140.00000000
626.00000000 585.00000000 1.00000000 138.00000000
588.00000000 646.00000000 2.00000000 137.00000000
690.00000000 276.00000000 1.00000000 136.00000000
507.00000000 270.00000000 1.00000000 132.00000000
709.00000000 305.00000000 2.00000000 130.00000000
625.00000000 584.00000000 0.00000000 128.00000000
626.00000000 586.00000000 1.00000000 125.00000000
708.00000000 308.00000000 4.00000000 124.00000000
709.00000000 304.00000000 0.00000000 122.00000000
508.00000000 270.00000000 2.00000000 121.00000000
707.00000000 311.00000000 5.00000000 121.00000000
586.00000000 617.00000000 1.00000000 121.00000000
624.00000000 556.00000000 1.00000000 120.00000000
629.00000000 540.00000000 1.00000000 120.00000000
651.00000000 537.00000000 1.00000000 119.00000000
615.00000000 567.00000000 1.00000000 118.00000000
651.00000000 535.00000000 0.00000000 114.00000000
589.00000000 645.00000000 1.00000000 113.00000000
623.00000000 555.00000000 0.00000000 104.00000000
628.00000000 590.00000000 2.00000000 104.00000000
690.00000000 275.00000000 0.00000000 103.00000000
630.00000000 536.00000000 1.00000000 100.00000000
628.00000000 542.00000000 2.00000000 95.00000000
700.00000000 580.00000000 0.00000000 94.00000000
690.00000000 277.00000000 1.00000000 93.00000000
509.00000000 269.00000000 1.00000000 91.00000000
587.00000000 628.00000000 1.00000000 89.00000000
586.00000000 627.00000000 0.00000000 89.00000000
476.00000000 950.00000000 1.00000000 86.00000000
644.00000000 767.00000000 0.00000000 84.00000000
700.00000000 581.00000000 1.00000000 83.00000000
614.00000000 585.00000000 1.00000000 81.00000000
576.00000000 599.00000000 2.00000000 80.00000000
462.00000000 1004.00000000 1.00000000 80.00000000
384.00000000 1067.00000000 1.00000000 78.00000000
578.00000000 600.00000000 2.00000000 78.00000000
363.00000000 1004.00000000 1.00000000 78.00000000
380.00000000 593.00000000 1.00000000 77.00000000
614.00000000 584.00000000 0.00000000 76.00000000
627.00000000 45.00000000 2.00000000 75.00000000
644.00000000 767.00000000 1.00000000 74.00000000
380.00000000 594.00000000 2.00000000 74.00000000
462.00000000 1004.00000000 1.00000000 73.00000000
292.00000000 971.00000000 1.00000000 71.00000000
653.00000000 377.00000000 1.00000000 70.00000000
473.00000000 994.00000000 0.00000000 70.00000000
463.00000000 967.00000000 0.00000000 69.00000000
612.00000000 588.00000000 1.00000000 69.00000000
586.00000000 630.00000000 1.00000000 68.00000000
476.00000000 949.00000000 0.00000000 67.00000000
713.00000000 556.00000000 1.00000000 65.00000000
472.00000000 994.00000000 1.00000000 65.00000000
576.00000000 600.00000000 4.00000000 65.00000000
517.00000000 684.00000000 1.00000000 65.00000000
628.00000000 46.00000000 2.00000000 64.00000000
578.00000000 599.00000000 1.00000000 63.00000000
381.00000000 593.00000000 1.00000000 62.00000000
630.00000000 535.00000000 0.00000000 62.00000000
435.00000000 1028.00000000 1.00000000 62.00000000
589.00000000 645.00000000 0.00000000 57.00000000
363.00000000 1004.00000000 0.00000000 57.00000000
712.00000000 555.00000000 0.00000000 57.00000000
753.00000000 365.00000000 1.00000000 57.00000000
615.00000000 626.00000000 1.00000000 57.00000000
405.00000000 1069.00000000 1.00000000 56.00000000
616.00000000 600.00000000 1.00000000 56.00000000
643.00000000 779.00000000 0.00000000 55.00000000
558.00000000 697.00000000 1.00000000 54.00000000
519.00000000 682.00000000 1.00000000 53.00000000
618.00000000 597.00000000 0.00000000 53.00000000
462.00000000 1004.00000000 0.00000000 53.00000000
642.00000000 703.00000000 1.00000000 51.00000000
405.00000000 1069.00000000 0.00000000 51.00000000
455.00000000 723.00000000 1.00000000 50.00000000
455.00000000 723.00000000 0.00000000 50.00000000
659.00000000 750.00000000 0.00000000 50.00000000
429.00000000 1005.00000000 1.00000000 49.00000000
292.00000000 970.00000000 0.00000000 49.00000000
675.00000000 706.00000000 0.00000000 48.00000000
642.00000000 702.00000000 0.00000000 48.00000000
652.00000000 376.00000000 0.00000000 47.00000000
557.00000000 696.00000000 0.00000000 45.00000000
581.00000000 581.00000000 0.00000000 45.00000000
384.00000000 1066.00000000 0.00000000 45.00000000
753.00000000 364.00000000 0.00000000 44.00000000
434.00000000 1027.00000000 0.00000000 44.00000000
494.00000000 709.00000000 0.00000000 44.00000000
673.00000000 663.00000000 0.00000000 43.00000000
461.00000000 951.00000000 0.00000000 42.00000000
421.00000000 1019.00000000 0.00000000 40.00000000
509.00000000 268.00000000 0.00000000 40.00000000
687.00000000 585.00000000 0.00000000 40.00000000
505.00000000 705.00000000 0.00000000 39.00000000
932.00000000 412.00000000 0.00000000 39.00000000
357.00000000 995.00000000 0.00000000 38.00000000
616.00000000 518.00000000 0.00000000 38.00000000
657.00000000 711.00000000 0.00000000 37.00000000
586.00000000 618.00000000 0.00000000 36.00000000
617.00000000 623.00000000 0.00000000 36.00000000
666.00000000 731.00000000 0.00000000 36.00000000
695.00000000 568.00000000 0.00000000 35.00000000
511.00000000 695.00000000 0.00000000 34.00000000
560.00000000 683.00000000 0.00000000 34.00000000
429.00000000 1004.00000000 0.00000000 34.00000000
446.00000000 692.00000000 0.00000000 34.00000000
574.00000000 200.00000000 0.00000000 33.00000000
675.00000000 673.00000000 0.00000000 33.00000000
384.00000000 1016.00000000 0.00000000 33.00000000
519.00000000 681.00000000 0.00000000 33.00000000
381.00000000 593.00000000 0.00000000 32.00000000
493.00000000 881.00000000 0.00000000 32.00000000
682.00000000 672.00000000 0.00000000 32.00000000
668.00000000 10.00000000 0.00000000 31.00000000
253.00000000 1035.00000000 0.00000000 31.00000000
433.00000000 741.00000000 0.00000000 31.00000000
522.00000000 34.00000000 0.00000000 31.00000000
685.00000000 491.00000000 0.00000000 31.00000000
597.00000000 41.00000000 0.00000000 31.00000000
