912.00000000 596.00000000 4.00000000 744.00000000
773.00000000 479.00000000 1.00000000 676.00000000
796.00000000 268.00000000 2.00000000 674.00000000
913.00000000 593.00000000 2.00000000 671.00000000
797.00000000 268.00000000 1.00000000 646.00000000
164.00000000 446.00000000 5.00000000 539.00000000
773.00000000 480.00000000 1.00000000 522.00000000
780.00000000 345.00000000 2.00000000 513.00000000
784.00000000 348.00000000 4.00000000 497.00000000
914.00000000 592.00000000 2.00000000 496.00000000
742.00000000 594.00000000 2.00000000 461.00000000
797.00000000 268.00000000 2.00000000 459.00000000
782.00000000 342.00000000 2.00000000 453.00000000
773.00000000 478.00000000 0.00000000 453.00000000
704.00000000 197.00000000 2.00000000 449.00000000
797.00000000 271.00000000 1.00000000 400.00000000
783.00000000 497.00000000 1.00000000 386.00000000
704.00000000 196.00000000 2.00000000 366.00000000
704.00000000 193.00000000 1.00000000 360.00000000
492.00000000 531.00000000 1.00000000 360.00000000
755.00000000 509.00000000 0.00000000 359.00000000
492.00000000 532.00000000 2.00000000 359.00000000
917.00000000 560.00000000 1.00000000 355.00000000
774.00000000 480.00000000 2.00000000 355.00000000
373.00000000 489.00000000 1.00000000 344.00000000
166.00000000 390.00000000 2.00000000 338.00000000
783.00000000 497.00000000 1.00000000 335.00000000
782.00000000 339.00000000 1.00000000 334.00000000
742.00000000 592.00000000 1.00000000 327.00000000
772.00000000 493.00000000 0.00000000 323.00000000
797.00000000 270.00000000 0.00000000 323.00000000
757.00000000 197.00000000 1.00000000 321.00000000
758.00000000 196.00000000 1.00000000 320.00000000
755.00000000 510.00000000 1.00000000 318.00000000
768.00000000 622.00000000 0.00000000 316.00000000
166.00000000 390.00000000 1.00000000 313.00000000
769.00000000 623.00000000 1.00000000 310.00000000
493.00000000 530.00000000 1.00000000 305.00000000
759.00000000 555.00000000 1.00000000 305.00000000
613.00000000 159.00000000 1.00000000 305.00000000
918.00000000 560.00000000 1.00000000 302.00000000
373.00000000 488.00000000 0.00000000 300.00000000
799.00000000 264.00000000 0.00000000 294.00000000
457.00000000 126.00000000 1.00000000 294.00000000
814.00000000 416.00000000 1.00000000 290.00000000
165.00000000 242.00000000 1.00000000 287.00000000
914.00000000 592.00000000 1.00000000 285.00000000
793.00000000 480.00000000 1.00000000 280.00000000
703.00000000 192.00000000 1.00000000 279.00000000
614.00000000 160.00000000 1.00000000 278.00000000
782.00000000 325.00000000 0.00000000 275.00000000
776.00000000 271.00000000 0.00000000 270.00000000
759.00000000 555.00000000 0.00000000 269.00000000
683.00000000 23.00000000 1.00000000 259.00000000
794.00000000 479.00000000 1.00000000 258.00000000
373.00000000 490.00000000 1.00000000 258.00000000
504.00000000 503.00000000 1.00000000 256.00000000
646.00000000 352.00000000 1.00000000 255.00000000
775.00000000 296.00000000 0.00000000 254.00000000
504.00000000 502.00000000 0.00000000 253.00000000
784.00000000 336.00000000 1.00000000 252.00000000
628.00000000 518.00000000 1.00000000 251.00000000
166.00000000 428.00000000 1.00000000 248.00000000
628.00000000 518.00000000 0.00000000 245.00000000
164.00000000 243.00000000 1.00000000 244.00000000
168.00000000 429.00000000 1.00000000 244.00000000
784.00000000 335.00000000 0.00000000 240.00000000
616.00000000 175.00000000 1.00000000 240.00000000
783.00000000 497.00000000 0.00000000 237.00000000
166.00000000 374.00000000 1.00000000 237.00000000
457.00000000 125.00000000 0.00000000 236.00000000
164.00000000 291.00000000 1.00000000 234.00000000
764.00000000 490.00000000 0.00000000 233.00000000
775.00000000 326.00000000 0.00000000 229.00000000
590.00000000 500.00000000 1.00000000 227.00000000
168.00000000 444.00000000 1.00000000 226.00000000
521.00000000 545.00000000 0.00000000 226.00000000
824.00000000 617.00000000 1.00000000 226.00000000
165.00000000 241.00000000 0.00000000 226.00000000
146.00000000 260.00000000 0.00000000 222.00000000
758.00000000 536.00000000 1.00000000 221.00000000
167.00000000 387.00000000 1.00000000 220.00000000
646.00000000 351.00000000 0.00000000 217.00000000
741.00000000 590.00000000 1.00000000 216.00000000
171.00000000 515.00000000 1.00000000 216.00000000
758.00000000 535.00000000 0.00000000 211.00000000
494.00000000 528.00000000 0.00000000 197.00000000
391.00000000 528.00000000 0.00000000 194.00000000
835.00000000 601.00000000 0.00000000 193.00000000
813.00000000 416.00000000 0.00000000 192.00000000
615.00000000 174.00000000 0.00000000 191.00000000
545.00000000 546.00000000 0.00000000 190.00000000
766.00000000 641.00000000 0.00000000 189.00000000
775.00000000 466.00000000 0.00000000 187.00000000
779.00000000 451.00000000 0.00000000 186.00000000
702.00000000 190.00000000 0.00000000 184.00000000
741.00000000 589.00000000 0.00000000 182.00000000
434.00000000 437.00000000 0.00000000 182.00000000
724.00000000 555.00000000 0.00000000 179.00000000
164.00000000 290.00000000 0.00000000 178.00000000
171.00000000 514.00000000 0.00000000 176.00000000
917.00000000 559.00000000 0.00000000 175.00000000
796.00000000 302.00000000 0.00000000 174.00000000
168.00000000 429.00000000 0.00000000 174.00000000
817.00000000 203.00000000 0.00000000 170.00000000
590.00000000 499.00000000 0.00000000 169.00000000
757.00000000 196.00000000 0.00000000 169.00000000
743.00000000 511.00000000 0.00000000 169.00000000
507.00000000 172.00000000 0.00000000 168.00000000
448.00000000 37.00000000 0.00000000 168.00000000
958.00000000 217.00000000 0.00000000 168.00000000
811.00000000 516.00000000 0.00000000 167.00000000
803.00000000 420.00000000 0.00000000 166.00000000
551.00000000 165.00000000 0.00000000 165.00000000
613.00000000 159.00000000 0.00000000 164.00000000
172.00000000 581.00000000 0.00000000 163.00000000
637.00000000 168.00000000 0.00000000 163.00000000
805.00000000 480.00000000 0.00000000 162.00000000
817.00000000 286.00000000 0.00000000 162.00000000
173.00000000 599.00000000 0.00000000 161.00000000
173.00000000 610.00000000 0.00000000 161.00000000
555.00000000 521.00000000 0.00000000 160.00000000
497.00000000 171.00000000 0.00000000 159.00000000
166.00000000 374.00000000 0.00000000 154.00000000
749.00000000 292.00000000 0.00000000 154.00000000
781.00000000 430.00000000 0.00000000 153.00000000
23.00000000 562.00000000 0.00000000 152.00000000
