793.00000000 605.00000000 1.00000000 742.00000000
823.00000000 316.00000000 2.00000000 672.00000000
824.00000000 310.00000000 1.00000000 665.00000000
822.00000000 314.00000000 2.00000000 660.00000000
794.00000000 606.00000000 2.00000000 606.00000000
830.00000000 446.00000000 0.00000000 603.00000000
823.00000000 311.00000000 1.00000000 598.00000000
786.00000000 625.00000000 0.00000000 591.00000000
93.00000000 386.00000000 1.00000000 587.00000000
824.00000000 309.00000000 0.00000000 563.00000000
786.00000000 393.00000000 1.00000000 553.00000000
791.00000000 424.00000000 5.00000000 545.00000000
786.00000000 625.00000000 1.00000000 501.00000000
181.00000000 562.00000000 0.00000000 497.00000000
94.00000000 539.00000000 1.00000000 497.00000000
169.00000000 373.00000000 2.00000000 491.00000000
767.00000000 390.00000000 1.00000000 489.00000000
796.00000000 420.00000000 4.00000000 488.00000000
777.00000000 619.00000000 1.00000000 487.00000000
793.00000000 603.00000000 1.00000000 486.00000000
787.00000000 393.00000000 0.00000000 480.00000000
786.00000000 393.00000000 1.00000000 474.00000000
95.00000000 382.00000000 1.00000000 472.00000000
170.00000000 372.00000000 2.00000000 459.00000000
160.00000000 579.00000000 0.00000000 455.00000000
93.00000000 538.00000000 0.00000000 452.00000000
531.00000000 84.00000000 2.00000000 447.00000000
766.00000000 349.00000000 1.00000000 436.00000000
95.00000000 381.00000000 0.00000000 433.00000000
181.00000000 563.00000000 1.00000000 432.00000000
797.00000000 415.00000000 2.00000000 431.00000000
760.00000000 322.00000000 1.00000000 429.00000000
67.00000000 130.00000000 0.00000000 426.00000000
812.00000000 528.00000000 0.00000000 416.00000000
760.00000000 322.00000000 2.00000000 414.00000000
181.00000000 620.00000000 0.00000000 410.00000000
768.00000000 392.00000000 1.00000000 410.00000000
831.00000000 446.00000000 1.00000000 410.00000000
576.00000000 240.00000000 4.00000000 405.00000000
94.00000000 386.00000000 2.00000000 403.00000000
16.00000000 48.00000000 0.00000000 401.00000000
692.00000000 226.00000000 2.00000000 400.00000000
532.00000000 84.00000000 2.00000000 396.00000000
107.00000000 588.00000000 1.00000000 394.00000000
576.00000000 230.00000000 2.00000000 393.00000000
173.00000000 418.00000000 1.00000000 393.00000000
773.00000000 376.00000000 1.00000000 392.00000000
777.00000000 619.00000000 0.00000000 390.00000000
767.00000000 347.00000000 1.00000000 388.00000000
830.00000000 454.00000000 0.00000000 386.00000000
824.00000000 366.00000000 1.00000000 383.00000000
156.00000000 55.00000000 1.00000000 382.00000000
691.00000000 224.00000000 1.00000000 378.00000000
776.00000000 619.00000000 1.00000000 369.00000000
171.00000000 349.00000000 1.00000000 367.00000000
446.00000000 210.00000000 1.00000000 366.00000000
92.00000000 519.00000000 0.00000000 365.00000000
794.00000000 601.00000000 0.00000000 362.00000000
171.00000000 369.00000000 1.00000000 361.00000000
804.00000000 574.00000000 1.00000000 360.00000000
82.00000000 572.00000000 1.00000000 358.00000000
518.00000000 70.00000000 1.00000000 357.00000000
690.00000000 357.00000000 1.00000000 353.00000000
168.00000000 283.00000000 1.00000000 345.00000000
831.00000000 455.00000000 1.00000000 345.00000000
168.00000000 282.00000000 0.00000000 342.00000000
790.00000000 531.00000000 0.00000000 342.00000000
804.00000000 574.00000000 1.00000000 341.00000000
177.00000000 479.00000000 1.00000000 341.00000000
812.00000000 529.00000000 1.00000000 340.00000000
172.00000000 368.00000000 1.00000000 336.00000000
348.00000000 492.00000000 1.00000000 335.00000000
180.00000000 621.00000000 1.00000000 327.00000000
823.00000000 318.00000000 0.00000000 324.00000000
95.00000000 408.00000000 0.00000000 324.00000000
93.00000000 519.00000000 1.00000000 322.00000000
761.00000000 322.00000000 1.00000000 317.00000000
175.00000000 418.00000000 1.00000000 317.00000000
96.00000000 500.00000000 0.00000000 316.00000000
167.00000000 41.00000000 1.00000000 312.00000000
107.00000000 586.00000000 1.00000000 311.00000000
767.00000000 345.00000000 0.00000000 310.00000000
73.00000000 202.00000000 0.00000000 310.00000000
82.00000000 571.00000000 0.00000000 309.00000000
157.00000000 55.00000000 1.00000000 308.00000000
98.00000000 443.00000000 0.00000000 306.00000000
172.00000000 581.00000000 0.00000000 302.00000000
89.00000000 498.00000000 0.00000000 301.00000000
446.00000000 210.00000000 0.00000000 300.00000000
769.00000000 392.00000000 0.00000000 300.00000000
166.00000000 42.00000000 0.00000000 296.00000000
265.00000000 429.00000000 0.00000000 295.00000000
730.00000000 610.00000000 0.00000000 294.00000000
690.00000000 357.00000000 1.00000000 293.00000000
755.00000000 387.00000000 1.00000000 293.00000000
808.00000000 552.00000000 0.00000000 285.00000000
90.00000000 584.00000000 0.00000000 275.00000000
793.00000000 583.00000000 0.00000000 272.00000000
135.00000000 630.00000000 0.00000000 270.00000000
301.00000000 204.00000000 0.00000000 270.00000000
171.00000000 348.00000000 0.00000000 269.00000000
106.00000000 585.00000000 0.00000000 269.00000000
28.00000000 135.00000000 0.00000000 267.00000000
403.00000000 533.00000000 0.00000000 264.00000000
347.00000000 491.00000000 0.00000000 263.00000000
178.00000000 478.00000000 0.00000000 263.00000000
764.00000000 608.00000000 0.00000000 260.00000000
813.00000000 521.00000000 0.00000000 255.00000000
125.00000000 552.00000000 0.00000000 250.00000000
172.00000000 367.00000000 0.00000000 250.00000000
755.00000000 387.00000000 0.00000000 249.00000000
729.00000000 626.00000000 0.00000000 248.00000000
804.00000000 562.00000000 0.00000000 248.00000000
823.00000000 364.00000000 0.00000000 247.00000000
136.00000000 526.00000000 0.00000000 244.00000000
806.00000000 516.00000000 0.00000000 241.00000000
301.00000000 594.00000000 0.00000000 238.00000000
130.00000000 543.00000000 0.00000000 234.00000000
88.00000000 557.00000000 0.00000000 234.00000000
164.00000000 632.00000000 0.00000000 233.00000000
825.00000000 398.00000000 0.00000000 231.00000000
962.00000000 574.00000000 0.00000000 230.00000000
65.00000000 371.00000000 0.00000000 229.00000000
779.00000000 591.00000000 0.00000000 226.00000000
96.00000000 479.00000000 0.00000000 225.00000000
518.00000000 70.00000000 0.00000000 225.00000000
89.00000000 507.00000000 0.00000000 224.00000000
