656.00000000 358.00000000 2.00000000 637.00000000
656.00000000 356.00000000 1.00000000 617.00000000
652.00000000 368.00000000 4.00000000 613.00000000
653.00000000 362.00000000 2.00000000 541.00000000
650.00000000 367.00000000 5.00000000 487.00000000
656.00000000 356.00000000 1.00000000 486.00000000
316.00000000 256.00000000 4.00000000 460.00000000
220.00000000 224.00000000 0.00000000 444.00000000
586.00000000 451.00000000 1.00000000 443.00000000
516.00000000 182.00000000 2.00000000 436.00000000
650.00000000 610.00000000 1.00000000 436.00000000
221.00000000 224.00000000 1.00000000 429.00000000
616.00000000 526.00000000 2.00000000 429.00000000
650.00000000 611.00000000 1.00000000 422.00000000
645.00000000 591.00000000 0.00000000 405.00000000
618.00000000 522.00000000 2.00000000 402.00000000
514.00000000 183.00000000 2.00000000 401.00000000
584.00000000 402.00000000 1.00000000 391.00000000
582.00000000 480.00000000 2.00000000 387.00000000
316.00000000 254.00000000 2.00000000 386.00000000
341.00000000 153.00000000 1.00000000 381.00000000
652.00000000 376.00000000 2.00000000 379.00000000
188.00000000 597.00000000 1.00000000 371.00000000
416.00000000 182.00000000 2.00000000 351.00000000
653.00000000 372.00000000 1.00000000 351.00000000
622.00000000 518.00000000 1.00000000 347.00000000
189.00000000 142.00000000 0.00000000 342.00000000
653.00000000 373.00000000 1.00000000 339.00000000
588.00000000 454.00000000 2.00000000 337.00000000
656.00000000 354.00000000 0.00000000 337.00000000
108.00000000 162.00000000 1.00000000 336.00000000
417.00000000 179.00000000 1.00000000 326.00000000
340.00000000 154.00000000 1.00000000 326.00000000
602.00000000 490.00000000 2.00000000 325.00000000
620.00000000 519.00000000 1.00000000 322.00000000
646.00000000 591.00000000 1.00000000 322.00000000
581.00000000 482.00000000 1.00000000 321.00000000
343.00000000 169.00000000 1.00000000 321.00000000
586.00000000 451.00000000 1.00000000 318.00000000
111.00000000 183.00000000 0.00000000 316.00000000
416.00000000 178.00000000 1.00000000 311.00000000
86.00000000 263.00000000 1.00000000 311.00000000
341.00000000 152.00000000 0.00000000 311.00000000
93.00000000 371.00000000 1.00000000 311.00000000
584.00000000 403.00000000 1.00000000 309.00000000
92.00000000 357.00000000 1.00000000 307.00000000
111.00000000 183.00000000 1.00000000 302.00000000
649.00000000 626.00000000 1.00000000 299.00000000
584.00000000 400.00000000 0.00000000 298.00000000
310.00000000 532.00000000 1.00000000 295.00000000
220.00000000 224.00000000 1.00000000 295.00000000
649.00000000 630.00000000 1.00000000 294.00000000
87.00000000 279.00000000 1.00000000 289.00000000
188.00000000 597.00000000 0.00000000 288.00000000
622.00000000 517.00000000 0.00000000 286.00000000
602.00000000 494.00000000 1.00000000 286.00000000
342.00000000 168.00000000 0.00000000 286.00000000
88.00000000 294.00000000 1.00000000 285.00000000
87.00000000 280.00000000 1.00000000 282.00000000
108.00000000 161.00000000 0.00000000 271.00000000
172.00000000 517.00000000 1.00000000 270.00000000
92.00000000 342.00000000 1.00000000 268.00000000
287.00000000 128.00000000 1.00000000 268.00000000
309.00000000 530.00000000 0.00000000 265.00000000
516.00000000 179.00000000 1.00000000 264.00000000
221.00000000 357.00000000 1.00000000 261.00000000
86.00000000 264.00000000 1.00000000 261.00000000
579.00000000 472.00000000 1.00000000 259.00000000
221.00000000 273.00000000 1.00000000 259.00000000
654.00000000 371.00000000 0.00000000 255.00000000
85.00000000 232.00000000 1.00000000 249.00000000
416.00000000 177.00000000 0.00000000 249.00000000
90.00000000 312.00000000 1.00000000 248.00000000
86.00000000 262.00000000 0.00000000 247.00000000
106.00000000 48.00000000 1.00000000 247.00000000
285.00000000 465.00000000 1.00000000 245.00000000
222.00000000 410.00000000 0.00000000 239.00000000
100.00000000 483.00000000 1.00000000 239.00000000
649.00000000 625.00000000 0.00000000 237.00000000
55.00000000 131.00000000 1.00000000 233.00000000
93.00000000 371.00000000 0.00000000 228.00000000
92.00000000 357.00000000 0.00000000 225.00000000
284.00000000 465.00000000 0.00000000 220.00000000
647.00000000 633.00000000 0.00000000 219.00000000
652.00000000 596.00000000 0.00000000 218.00000000
220.00000000 306.00000000 0.00000000 217.00000000
91.00000000 342.00000000 0.00000000 217.00000000
578.00000000 470.00000000 0.00000000 216.00000000
649.00000000 610.00000000 0.00000000 215.00000000
357.00000000 158.00000000 0.00000000 214.00000000
601.00000000 493.00000000 0.00000000 211.00000000
205.00000000 526.00000000 0.00000000 207.00000000
87.00000000 278.00000000 0.00000000 206.00000000
88.00000000 294.00000000 0.00000000 199.00000000
84.00000000 231.00000000 0.00000000 197.00000000
221.00000000 357.00000000 0.00000000 196.00000000
296.00000000 495.00000000 0.00000000 194.00000000
156.00000000 183.00000000 0.00000000 192.00000000
296.00000000 630.00000000 0.00000000 187.00000000
95.00000000 415.00000000 0.00000000 187.00000000
567.00000000 470.00000000 0.00000000 187.00000000
106.00000000 46.00000000 0.00000000 182.00000000
107.00000000 92.00000000 0.00000000 181.00000000
221.00000000 273.00000000 0.00000000 180.00000000
224.00000000 546.00000000 0.00000000 179.00000000
586.00000000 450.00000000 0.00000000 179.00000000
221.00000000 287.00000000 0.00000000 178.00000000
94.00000000 386.00000000 0.00000000 178.00000000
58.00000000 192.00000000 0.00000000 176.00000000
588.00000000 277.00000000 0.00000000 176.00000000
85.00000000 246.00000000 0.00000000 175.00000000
649.00000000 456.00000000 0.00000000 175.00000000
96.00000000 428.00000000 0.00000000 175.00000000
190.00000000 488.00000000 0.00000000 174.00000000
387.00000000 364.00000000 0.00000000 172.00000000
616.00000000 490.00000000 0.00000000 171.00000000
82.00000000 190.00000000 0.00000000 171.00000000
240.00000000 598.00000000 0.00000000 170.00000000
99.00000000 483.00000000 0.00000000 164.00000000
90.00000000 312.00000000 0.00000000 163.00000000
581.00000000 484.00000000 0.00000000 162.00000000
81.00000000 174.00000000 0.00000000 162.00000000
83.00000000 206.00000000 0.00000000 160.00000000
648.00000000 522.00000000 0.00000000 158.00000000
96.00000000 442.00000000 0.00000000 158.00000000
108.00000000 115.00000000 0.00000000 158.00000000
626.00000000 641.00000000 0.00000000 157.00000000
