968.00000000 165.00000000 0.00000000 502.00000000
951.00000000 585.00000000 0.00000000 499.00000000
969.00000000 166.00000000 1.00000000 392.00000000
951.00000000 585.00000000 1.00000000 371.00000000
1025.00000000 438.00000000 1.00000000 303.00000000
1025.00000000 438.00000000 1.00000000 283.00000000
528.00000000 28.00000000 0.00000000 270.00000000
468.00000000 164.00000000 1.00000000 262.00000000
954.00000000 344.00000000 0.00000000 261.00000000
247.00000000 89.00000000 1.00000000 258.00000000
1217.00000000 415.00000000 0.00000000 257.00000000
960.00000000 450.00000000 0.00000000 255.00000000
246.00000000 90.00000000 2.00000000 242.00000000
246.00000000 90.00000000 2.00000000 241.00000000
468.00000000 164.00000000 0.00000000 235.00000000
1210.00000000 750.00000000 1.00000000 229.00000000
1025.00000000 436.00000000 0.00000000 227.00000000
1096.00000000 521.00000000 1.00000000 226.00000000
248.00000000 88.00000000 1.00000000 224.00000000
575.00000000 565.00000000 0.00000000 220.00000000
528.00000000 29.00000000 1.00000000 219.00000000
1214.00000000 497.00000000 0.00000000 218.00000000
960.00000000 182.00000000 1.00000000 218.00000000
1210.00000000 750.00000000 0.00000000 218.00000000
960.00000000 183.00000000 1.00000000 216.00000000
960.00000000 184.00000000 2.00000000 215.00000000
954.00000000 344.00000000 1.00000000 212.00000000
962.00000000 457.00000000 0.00000000 209.00000000
244.00000000 92.00000000 4.00000000 208.00000000
1216.00000000 457.00000000 0.00000000 206.00000000
568.00000000 87.00000000 2.00000000 204.00000000
1009.00000000 516.00000000 1.00000000 204.00000000
568.00000000 88.00000000 4.00000000 203.00000000
951.00000000 585.00000000 1.00000000 202.00000000
1096.00000000 521.00000000 1.00000000 201.00000000
435.00000000 274.00000000 1.00000000 199.00000000
1157.00000000 487.00000000 1.00000000 195.00000000
1026.00000000 438.00000000 2.00000000 195.00000000
243.00000000 90.00000000 5.00000000 192.00000000
1216.00000000 458.00000000 1.00000000 189.00000000
970.00000000 165.00000000 1.00000000 189.00000000
248.00000000 87.00000000 0.00000000 185.00000000
948.00000000 514.00000000 1.00000000 184.00000000
436.00000000 275.00000000 1.00000000 183.00000000
948.00000000 561.00000000 0.00000000 181.00000000
1009.00000000 516.00000000 0.00000000 181.00000000
563.00000000 262.00000000 1.00000000 181.00000000
207.00000000 268.00000000 1.00000000 180.00000000
136.00000000 297.00000000 0.00000000 178.00000000
1156.00000000 487.00000000 1.00000000 176.00000000
562.00000000 260.00000000 1.00000000 176.00000000
1096.00000000 520.00000000 0.00000000 175.00000000
948.00000000 561.00000000 1.00000000 174.00000000
1039.00000000 538.00000000 0.00000000 171.00000000
958.00000000 186.00000000 2.00000000 169.00000000
563.00000000 263.00000000 0.00000000 168.00000000
957.00000000 616.00000000 1.00000000 168.00000000
466.00000000 165.00000000 1.00000000 167.00000000
207.00000000 282.00000000 0.00000000 167.00000000
562.00000000 260.00000000 2.00000000 166.00000000
961.00000000 450.00000000 1.00000000 166.00000000
953.00000000 398.00000000 0.00000000 164.00000000
490.00000000 32.00000000 2.00000000 163.00000000
508.00000000 524.00000000 2.00000000 162.00000000
1071.00000000 400.00000000 0.00000000 162.00000000
1009.00000000 516.00000000 1.00000000 162.00000000
345.00000000 443.00000000 1.00000000 161.00000000
987.00000000 533.00000000 1.00000000 161.00000000
1145.00000000 406.00000000 0.00000000 161.00000000
1081.00000000 506.00000000 0.00000000 160.00000000
507.00000000 521.00000000 1.00000000 158.00000000
1142.00000000 456.00000000 1.00000000 156.00000000
988.00000000 474.00000000 0.00000000 156.00000000
1217.00000000 428.00000000 0.00000000 155.00000000
987.00000000 533.00000000 0.00000000 154.00000000
957.00000000 615.00000000 0.00000000 154.00000000
206.00000000 267.00000000 1.00000000 154.00000000
436.00000000 274.00000000 2.00000000 153.00000000
1143.00000000 776.00000000 1.00000000 152.00000000
400.00000000 407.00000000 0.00000000 149.00000000
1143.00000000 774.00000000 0.00000000 148.00000000
448.00000000 57.00000000 1.00000000 148.00000000
1209.00000000 620.00000000 0.00000000 147.00000000
948.00000000 513.00000000 0.00000000 147.00000000
484.00000000 113.00000000 1.00000000 147.00000000
1146.00000000 657.00000000 1.00000000 147.00000000
1219.00000000 374.00000000 0.00000000 146.00000000
988.00000000 475.00000000 1.00000000 145.00000000
1157.00000000 486.00000000 0.00000000 145.00000000
1216.00000000 417.00000000 1.00000000 145.00000000
1147.00000000 311.00000000 0.00000000 144.00000000
207.00000000 282.00000000 1.00000000 143.00000000
136.00000000 298.00000000 1.00000000 143.00000000
200.00000000 158.00000000 2.00000000 142.00000000
207.00000000 267.00000000 0.00000000 142.00000000
954.00000000 399.00000000 1.00000000 142.00000000
200.00000000 158.00000000 1.00000000 142.00000000
1018.00000000 501.00000000 0.00000000 140.00000000
448.00000000 56.00000000 1.00000000 139.00000000
960.00000000 182.00000000 0.00000000 138.00000000
181.00000000 287.00000000 0.00000000 138.00000000
477.00000000 288.00000000 1.00000000 138.00000000
345.00000000 442.00000000 0.00000000 133.00000000
953.00000000 473.00000000 0.00000000 133.00000000
1146.00000000 642.00000000 0.00000000 132.00000000
1101.00000000 641.00000000 0.00000000 131.00000000
1066.00000000 519.00000000 0.00000000 129.00000000
950.00000000 451.00000000 0.00000000 128.00000000
316.00000000 90.00000000 0.00000000 127.00000000
1219.00000000 346.00000000 0.00000000 126.00000000
1071.00000000 391.00000000 0.00000000 125.00000000
1143.00000000 789.00000000 0.00000000 124.00000000
1148.00000000 435.00000000 0.00000000 123.00000000
950.00000000 550.00000000 0.00000000 123.00000000
989.00000000 466.00000000 0.00000000 122.00000000
1141.00000000 455.00000000 0.00000000 121.00000000
197.00000000 161.00000000 2.00000000 121.00000000
954.00000000 323.00000000 0.00000000 121.00000000
957.00000000 159.00000000 0.00000000 118.00000000
951.00000000 487.00000000 0.00000000 116.00000000
487.00000000 147.00000000 0.00000000 116.00000000
990.00000000 416.00000000 0.00000000 116.00000000
943.00000000 616.00000000 0.00000000 115.00000000
1133.00000000 366.00000000 0.00000000 114.00000000
1207.00000000 702.00000000 0.00000000 114.00000000
1023.00000000 392.00000000 0.00000000 113.00000000
531.00000000 574.00000000 0.00000000 113.00000000
