416.00000000 19.00000000 0.00000000 747.00000000
304.00000000 16.00000000 0.00000000 680.00000000
416.00000000 20.00000000 1.00000000 674.00000000
304.00000000 17.00000000 1.00000000 631.00000000
429.00000000 79.00000000 0.00000000 558.00000000
376.00000000 79.00000000 0.00000000 547.00000000
384.00000000 21.00000000 1.00000000 536.00000000
384.00000000 20.00000000 1.00000000 506.00000000
425.00000000 89.00000000 0.00000000 476.00000000
415.00000000 21.00000000 1.00000000 474.00000000
384.00000000 19.00000000 0.00000000 472.00000000
302.00000000 222.00000000 0.00000000 470.00000000
517.00000000 84.00000000 0.00000000 447.00000000
372.00000000 89.00000000 0.00000000 442.00000000
586.00000000 280.00000000 0.00000000 435.00000000
410.00000000 44.00000000 1.00000000 423.00000000
380.00000000 89.00000000 0.00000000 419.00000000
462.00000000 109.00000000 0.00000000 411.00000000
634.00000000 279.00000000 0.00000000 409.00000000
518.00000000 84.00000000 1.00000000 404.00000000
576.00000000 272.00000000 0.00000000 399.00000000
298.00000000 42.00000000 1.00000000 393.00000000
337.00000000 344.00000000 0.00000000 384.00000000
403.00000000 19.00000000 0.00000000 381.00000000
433.00000000 90.00000000 0.00000000 380.00000000
591.00000000 270.00000000 0.00000000 379.00000000
363.00000000 39.00000000 1.00000000 379.00000000
562.00000000 92.00000000 0.00000000 379.00000000
359.00000000 80.00000000 0.00000000 378.00000000
464.00000000 143.00000000 0.00000000 378.00000000
403.00000000 20.00000000 1.00000000 371.00000000
411.00000000 43.00000000 1.00000000 369.00000000
638.00000000 270.00000000 0.00000000 369.00000000
596.00000000 84.00000000 0.00000000 367.00000000
462.00000000 91.00000000 0.00000000 366.00000000
321.00000000 107.00000000 1.00000000 365.00000000
321.00000000 107.00000000 0.00000000 361.00000000
512.00000000 194.00000000 0.00000000 360.00000000
321.00000000 250.00000000 1.00000000 360.00000000
369.00000000 346.00000000 0.00000000 357.00000000
502.00000000 188.00000000 0.00000000 356.00000000
360.00000000 185.00000000 0.00000000 355.00000000
410.00000000 45.00000000 0.00000000 355.00000000
486.00000000 143.00000000 0.00000000 355.00000000
593.00000000 279.00000000 0.00000000 352.00000000
517.00000000 84.00000000 1.00000000 349.00000000
320.00000000 250.00000000 0.00000000 348.00000000
644.00000000 518.00000000 1.00000000 347.00000000
644.00000000 517.00000000 0.00000000 347.00000000
538.00000000 347.00000000 0.00000000 346.00000000
516.00000000 161.00000000 0.00000000 345.00000000
384.00000000 142.00000000 0.00000000 344.00000000
427.00000000 171.00000000 0.00000000 342.00000000
362.00000000 40.00000000 1.00000000 342.00000000
611.00000000 108.00000000 0.00000000 342.00000000
333.00000000 38.00000000 1.00000000 339.00000000
298.00000000 41.00000000 1.00000000 338.00000000
463.00000000 109.00000000 1.00000000 335.00000000
447.00000000 345.00000000 0.00000000 332.00000000
492.00000000 280.00000000 0.00000000 332.00000000
368.00000000 251.00000000 0.00000000 330.00000000
434.00000000 253.00000000 0.00000000 330.00000000
673.00000000 169.00000000 0.00000000 328.00000000
461.00000000 303.00000000 0.00000000 327.00000000
333.00000000 39.00000000 1.00000000 327.00000000
435.00000000 371.00000000 0.00000000 327.00000000
337.00000000 344.00000000 1.00000000 326.00000000
378.00000000 193.00000000 0.00000000 321.00000000
671.00000000 296.00000000 0.00000000 320.00000000
667.00000000 340.00000000 0.00000000 319.00000000
506.00000000 299.00000000 0.00000000 319.00000000
345.00000000 166.00000000 0.00000000 318.00000000
545.00000000 168.00000000 0.00000000 317.00000000
360.00000000 115.00000000 0.00000000 316.00000000
397.00000000 235.00000000 0.00000000 315.00000000
645.00000000 168.00000000 0.00000000 314.00000000
586.00000000 321.00000000 0.00000000 313.00000000
550.00000000 302.00000000 0.00000000 312.00000000
556.00000000 341.00000000 0.00000000 311.00000000
361.00000000 186.00000000 1.00000000 311.00000000
695.00000000 255.00000000 0.00000000 310.00000000
374.00000000 300.00000000 0.00000000 310.00000000
705.00000000 94.00000000 0.00000000 308.00000000
531.00000000 325.00000000 0.00000000 307.00000000
307.00000000 113.00000000 0.00000000 306.00000000
303.00000000 223.00000000 1.00000000 304.00000000
374.00000000 163.00000000 0.00000000 304.00000000
557.00000000 341.00000000 1.00000000 303.00000000
576.00000000 273.00000000 1.00000000 301.00000000
344.00000000 300.00000000 1.00000000 296.00000000
502.00000000 188.00000000 1.00000000 296.00000000
510.00000000 273.00000000 1.00000000 294.00000000
360.00000000 81.00000000 1.00000000 292.00000000
684.00000000 165.00000000 1.00000000 290.00000000
522.00000000 753.00000000 1.00000000 290.00000000
684.00000000 165.00000000 1.00000000 289.00000000
426.00000000 89.00000000 1.00000000 288.00000000
538.00000000 276.00000000 1.00000000 284.00000000
341.00000000 277.00000000 1.00000000 281.00000000
374.00000000 300.00000000 1.00000000 281.00000000
569.00000000 296.00000000 1.00000000 277.00000000
401.00000000 344.00000000 1.00000000 276.00000000
312.00000000 274.00000000 1.00000000 276.00000000
368.00000000 252.00000000 1.00000000 274.00000000
518.00000000 86.00000000 2.00000000 268.00000000
506.00000000 166.00000000 1.00000000 260.00000000
370.00000000 369.00000000 1.00000000 254.00000000
462.00000000 110.00000000 1.00000000 253.00000000
449.00000000 86.00000000 1.00000000 250.00000000
643.00000000 519.00000000 1.00000000 248.00000000
392.00000000 40.00000000 2.00000000 235.00000000
448.00000000 230.00000000 1.00000000 235.00000000
531.00000000 113.00000000 1.00000000 235.00000000
479.00000000 255.00000000 1.00000000 233.00000000
532.00000000 114.00000000 2.00000000 228.00000000
718.00000000 576.00000000 2.00000000 210.00000000
715.00000000 574.00000000 2.00000000 208.00000000
300.00000000 38.00000000 2.00000000 202.00000000
412.00000000 30.00000000 2.00000000 195.00000000
334.00000000 38.00000000 2.00000000 194.00000000
668.00000000 346.00000000 2.00000000 193.00000000
716.00000000 576.00000000 4.00000000 187.00000000
712.00000000 571.00000000 5.00000000 178.00000000
520.00000000 760.00000000 4.00000000 168.00000000
520.00000000 758.00000000 2.00000000 167.00000000
562.00000000 189.00000000 2.00000000 150.00000000
667.00000000 345.00000000 2.00000000 147.00000000
