1108.00000000 449.00000000 0.00000000 477.00000000
735.00000000 304.00000000 1.00000000 469.00000000
735.00000000 304.00000000 0.00000000 442.00000000
735.00000000 305.00000000 1.00000000 439.00000000
436.00000000 236.00000000 4.00000000 420.00000000
435.00000000 234.00000000 2.00000000 415.00000000
734.00000000 306.00000000 2.00000000 411.00000000
281.00000000 95.00000000 0.00000000 407.00000000
1097.00000000 659.00000000 0.00000000 407.00000000
231.00000000 73.00000000 2.00000000 394.00000000
233.00000000 73.00000000 1.00000000 382.00000000
1097.00000000 659.00000000 1.00000000 379.00000000
232.00000000 74.00000000 2.00000000 376.00000000
1034.00000000 142.00000000 0.00000000 368.00000000
1083.00000000 506.00000000 0.00000000 354.00000000
766.00000000 322.00000000 2.00000000 352.00000000
232.00000000 72.00000000 4.00000000 351.00000000
1022.00000000 259.00000000 1.00000000 347.00000000
1021.00000000 258.00000000 0.00000000 338.00000000
1015.00000000 505.00000000 0.00000000 336.00000000
1035.00000000 143.00000000 1.00000000 333.00000000
278.00000000 108.00000000 0.00000000 333.00000000
1108.00000000 449.00000000 1.00000000 320.00000000
1092.00000000 192.00000000 2.00000000 319.00000000
1096.00000000 177.00000000 0.00000000 313.00000000
379.00000000 155.00000000 0.00000000 310.00000000
732.00000000 305.00000000 2.00000000 309.00000000
931.00000000 207.00000000 0.00000000 307.00000000
927.00000000 265.00000000 1.00000000 304.00000000
928.00000000 266.00000000 2.00000000 303.00000000
931.00000000 208.00000000 1.00000000 296.00000000
1015.00000000 505.00000000 1.00000000 294.00000000
1022.00000000 358.00000000 1.00000000 283.00000000
1053.00000000 89.00000000 1.00000000 282.00000000
1040.00000000 432.00000000 1.00000000 278.00000000
1054.00000000 89.00000000 1.00000000 276.00000000
374.00000000 202.00000000 1.00000000 275.00000000
1022.00000000 357.00000000 0.00000000 272.00000000
375.00000000 202.00000000 1.00000000 272.00000000
1089.00000000 231.00000000 1.00000000 271.00000000
435.00000000 243.00000000 5.00000000 269.00000000
131.00000000 216.00000000 1.00000000 268.00000000
919.00000000 227.00000000 1.00000000 268.00000000
234.00000000 73.00000000 1.00000000 267.00000000
931.00000000 207.00000000 1.00000000 266.00000000
1022.00000000 258.00000000 1.00000000 265.00000000
1085.00000000 173.00000000 1.00000000 265.00000000
1008.00000000 31.00000000 0.00000000 261.00000000
1040.00000000 432.00000000 1.00000000 260.00000000
436.00000000 230.00000000 2.00000000 259.00000000
1097.00000000 659.00000000 1.00000000 259.00000000
1084.00000000 507.00000000 1.00000000 255.00000000
1088.00000000 230.00000000 1.00000000 251.00000000
132.00000000 216.00000000 1.00000000 251.00000000
1105.00000000 345.00000000 0.00000000 250.00000000
130.00000000 218.00000000 2.00000000 246.00000000
768.00000000 322.00000000 2.00000000 245.00000000
921.00000000 250.00000000 1.00000000 243.00000000
928.00000000 266.00000000 1.00000000 242.00000000
1029.00000000 410.00000000 1.00000000 240.00000000
1083.00000000 258.00000000 0.00000000 239.00000000
762.00000000 246.00000000 2.00000000 238.00000000
429.00000000 195.00000000 0.00000000 238.00000000
278.00000000 108.00000000 1.00000000 236.00000000
920.00000000 250.00000000 0.00000000 234.00000000
1091.00000000 248.00000000 1.00000000 231.00000000
827.00000000 801.00000000 0.00000000 230.00000000
378.00000000 155.00000000 1.00000000 229.00000000
912.00000000 420.00000000 0.00000000 228.00000000
281.00000000 95.00000000 1.00000000 227.00000000
1016.00000000 529.00000000 0.00000000 227.00000000
427.00000000 193.00000000 1.00000000 226.00000000
1054.00000000 439.00000000 0.00000000 225.00000000
642.00000000 298.00000000 0.00000000 221.00000000
1053.00000000 17.00000000 1.00000000 221.00000000
1067.00000000 606.00000000 1.00000000 217.00000000
1021.00000000 311.00000000 1.00000000 217.00000000
758.00000000 232.00000000 1.00000000 215.00000000
763.00000000 244.00000000 1.00000000 215.00000000
977.00000000 84.00000000 0.00000000 214.00000000
1109.00000000 543.00000000 0.00000000 214.00000000
928.00000000 266.00000000 0.00000000 213.00000000
1055.00000000 87.00000000 0.00000000 211.00000000
167.00000000 53.00000000 1.00000000 209.00000000
1099.00000000 140.00000000 0.00000000 206.00000000
374.00000000 202.00000000 0.00000000 206.00000000
1021.00000000 380.00000000 0.00000000 206.00000000
1008.00000000 32.00000000 1.00000000 205.00000000
1107.00000000 575.00000000 1.00000000 204.00000000
1096.00000000 634.00000000 0.00000000 202.00000000
1040.00000000 345.00000000 0.00000000 202.00000000
1083.00000000 161.00000000 0.00000000 201.00000000
1016.00000000 530.00000000 1.00000000 201.00000000
951.00000000 109.00000000 1.00000000 199.00000000
1059.00000000 209.00000000 0.00000000 198.00000000
1086.00000000 77.00000000 0.00000000 198.00000000
1022.00000000 381.00000000 1.00000000 198.00000000
304.00000000 77.00000000 0.00000000 197.00000000
928.00000000 300.00000000 0.00000000 196.00000000
977.00000000 84.00000000 1.00000000 196.00000000
1088.00000000 229.00000000 0.00000000 194.00000000
1067.00000000 605.00000000 0.00000000 194.00000000
1040.00000000 432.00000000 0.00000000 192.00000000
951.00000000 108.00000000 0.00000000 191.00000000
762.00000000 243.00000000 0.00000000 191.00000000
402.00000000 14.00000000 0.00000000 191.00000000
1112.00000000 292.00000000 0.00000000 189.00000000
1064.00000000 583.00000000 0.00000000 189.00000000
758.00000000 231.00000000 0.00000000 187.00000000
1062.00000000 68.00000000 0.00000000 186.00000000
1107.00000000 574.00000000 0.00000000 186.00000000
775.00000000 803.00000000 0.00000000 186.00000000
1099.00000000 86.00000000 0.00000000 185.00000000
317.00000000 137.00000000 0.00000000 184.00000000
908.00000000 23.00000000 0.00000000 183.00000000
585.00000000 647.00000000 0.00000000 183.00000000
854.00000000 815.00000000 0.00000000 180.00000000
1023.00000000 422.00000000 0.00000000 180.00000000
786.00000000 120.00000000 0.00000000 180.00000000
1104.00000000 194.00000000 0.00000000 178.00000000
1053.00000000 132.00000000 0.00000000 178.00000000
226.00000000 758.00000000 0.00000000 177.00000000
909.00000000 279.00000000 0.00000000 177.00000000
993.00000000 530.00000000 0.00000000 177.00000000
1096.00000000 341.00000000 0.00000000 176.00000000
1019.00000000 40.00000000 0.00000000 175.00000000
234.00000000 71.00000000 0.00000000 175.00000000
