888.00000000 30.00000000 0.00000000 547.00000000
656.00000000 351.00000000 1.00000000 447.00000000
656.00000000 350.00000000 0.00000000 443.00000000
656.00000000 352.00000000 1.00000000 425.00000000
364.00000000 325.00000000 2.00000000 422.00000000
299.00000000 817.00000000 0.00000000 404.00000000
195.00000000 224.00000000 1.00000000 394.00000000
366.00000000 322.00000000 2.00000000 379.00000000
196.00000000 225.00000000 1.00000000 379.00000000
881.00000000 295.00000000 1.00000000 371.00000000
1090.00000000 266.00000000 0.00000000 366.00000000
519.00000000 103.00000000 0.00000000 365.00000000
880.00000000 296.00000000 2.00000000 363.00000000
690.00000000 364.00000000 2.00000000 356.00000000
656.00000000 352.00000000 2.00000000 355.00000000
196.00000000 224.00000000 2.00000000 351.00000000
942.00000000 32.00000000 0.00000000 348.00000000
1093.00000000 660.00000000 0.00000000 342.00000000
1058.00000000 32.00000000 2.00000000 331.00000000
889.00000000 30.00000000 1.00000000 329.00000000
881.00000000 296.00000000 1.00000000 328.00000000
942.00000000 33.00000000 1.00000000 327.00000000
1057.00000000 31.00000000 1.00000000 325.00000000
364.00000000 328.00000000 4.00000000 324.00000000
1111.00000000 183.00000000 0.00000000 319.00000000
312.00000000 304.00000000 1.00000000 317.00000000
1100.00000000 239.00000000 1.00000000 314.00000000
1094.00000000 660.00000000 1.00000000 312.00000000
881.00000000 295.00000000 0.00000000 312.00000000
192.00000000 224.00000000 4.00000000 308.00000000
192.00000000 226.00000000 2.00000000 308.00000000
1099.00000000 239.00000000 1.00000000 306.00000000
1082.00000000 511.00000000 1.00000000 302.00000000
648.00000000 75.00000000 0.00000000 302.00000000
1112.00000000 161.00000000 0.00000000 294.00000000
1090.00000000 266.00000000 1.00000000 294.00000000
985.00000000 513.00000000 1.00000000 292.00000000
690.00000000 364.00000000 2.00000000 286.00000000
872.00000000 282.00000000 0.00000000 286.00000000
1026.00000000 159.00000000 0.00000000 286.00000000
1027.00000000 160.00000000 1.00000000 284.00000000
1005.00000000 276.00000000 1.00000000 283.00000000
879.00000000 296.00000000 2.00000000 273.00000000
1065.00000000 21.00000000 0.00000000 272.00000000
312.00000000 304.00000000 0.00000000 270.00000000
1005.00000000 275.00000000 1.00000000 269.00000000
1082.00000000 511.00000000 0.00000000 269.00000000
984.00000000 513.00000000 0.00000000 268.00000000
647.00000000 43.00000000 0.00000000 266.00000000
121.00000000 338.00000000 1.00000000 266.00000000
580.00000000 813.00000000 1.00000000 261.00000000
1114.00000000 453.00000000 0.00000000 258.00000000
1110.00000000 578.00000000 1.00000000 258.00000000
1028.00000000 161.00000000 1.00000000 257.00000000
879.00000000 328.00000000 0.00000000 256.00000000
748.00000000 777.00000000 0.00000000 256.00000000
951.00000000 114.00000000 0.00000000 256.00000000
519.00000000 103.00000000 1.00000000 254.00000000
1004.00000000 276.00000000 0.00000000 253.00000000
367.00000000 322.00000000 1.00000000 251.00000000
1110.00000000 577.00000000 0.00000000 251.00000000
299.00000000 818.00000000 1.00000000 250.00000000
1101.00000000 255.00000000 1.00000000 249.00000000
872.00000000 282.00000000 1.00000000 247.00000000
196.00000000 224.00000000 0.00000000 246.00000000
1023.00000000 442.00000000 1.00000000 245.00000000
1084.00000000 532.00000000 1.00000000 244.00000000
331.00000000 818.00000000 1.00000000 244.00000000
686.00000000 298.00000000 2.00000000 243.00000000
579.00000000 812.00000000 0.00000000 242.00000000
951.00000000 115.00000000 1.00000000 241.00000000
648.00000000 76.00000000 1.00000000 241.00000000
1030.00000000 38.00000000 0.00000000 239.00000000
1057.00000000 101.00000000 1.00000000 238.00000000
312.00000000 304.00000000 1.00000000 237.00000000
337.00000000 83.00000000 1.00000000 237.00000000
1082.00000000 232.00000000 0.00000000 237.00000000
1023.00000000 442.00000000 1.00000000 237.00000000
1100.00000000 157.00000000 1.00000000 232.00000000
855.00000000 440.00000000 0.00000000 231.00000000
685.00000000 296.00000000 1.00000000 231.00000000
120.00000000 339.00000000 1.00000000 227.00000000
1094.00000000 660.00000000 1.00000000 227.00000000
1099.00000000 237.00000000 0.00000000 227.00000000
673.00000000 28.00000000 1.00000000 226.00000000
1026.00000000 385.00000000 0.00000000 225.00000000
1114.00000000 351.00000000 0.00000000 223.00000000
331.00000000 818.00000000 0.00000000 223.00000000
1056.00000000 103.00000000 1.00000000 222.00000000
871.00000000 263.00000000 0.00000000 220.00000000
1057.00000000 100.00000000 0.00000000 219.00000000
1056.00000000 102.00000000 2.00000000 219.00000000
864.00000000 70.00000000 0.00000000 219.00000000
101.00000000 256.00000000 1.00000000 217.00000000
1058.00000000 31.00000000 1.00000000 217.00000000
1008.00000000 421.00000000 1.00000000 217.00000000
1001.00000000 803.00000000 0.00000000 215.00000000
885.00000000 470.00000000 0.00000000 215.00000000
450.00000000 818.00000000 0.00000000 214.00000000
887.00000000 240.00000000 1.00000000 213.00000000
1091.00000000 95.00000000 0.00000000 210.00000000
673.00000000 27.00000000 0.00000000 209.00000000
1000.00000000 393.00000000 1.00000000 209.00000000
956.00000000 538.00000000 0.00000000 209.00000000
859.00000000 229.00000000 0.00000000 208.00000000
1092.00000000 183.00000000 0.00000000 205.00000000
1114.00000000 547.00000000 0.00000000 205.00000000
786.00000000 311.00000000 0.00000000 205.00000000
192.00000000 226.00000000 5.00000000 203.00000000
794.00000000 54.00000000 0.00000000 201.00000000
122.00000000 337.00000000 0.00000000 201.00000000
774.00000000 791.00000000 0.00000000 199.00000000
337.00000000 82.00000000 0.00000000 198.00000000
101.00000000 255.00000000 0.00000000 196.00000000
14.00000000 447.00000000 0.00000000 193.00000000
984.00000000 536.00000000 0.00000000 193.00000000
726.00000000 104.00000000 0.00000000 193.00000000
315.00000000 268.00000000 0.00000000 192.00000000
147.00000000 217.00000000 0.00000000 191.00000000
887.00000000 240.00000000 0.00000000 191.00000000
680.00000000 286.00000000 0.00000000 186.00000000
989.00000000 13.00000000 0.00000000 186.00000000
235.00000000 234.00000000 0.00000000 186.00000000
1095.00000000 168.00000000 0.00000000 185.00000000
999.00000000 393.00000000 0.00000000 184.00000000
679.00000000 278.00000000 0.00000000 184.00000000
360.00000000 253.00000000 0.00000000 182.00000000
