1003.00000000 73.00000000 1.00000000 626.00000000
1003.00000000 73.00000000 0.00000000 613.00000000
1021.00000000 118.00000000 1.00000000 514.00000000
34.00000000 22.00000000 1.00000000 507.00000000
1064.00000000 401.00000000 0.00000000 495.00000000
66.00000000 408.00000000 1.00000000 482.00000000
55.00000000 29.00000000 0.00000000 469.00000000
315.00000000 384.00000000 1.00000000 456.00000000
1021.00000000 118.00000000 1.00000000 450.00000000
591.00000000 248.00000000 0.00000000 448.00000000
1021.00000000 118.00000000 0.00000000 441.00000000
43.00000000 127.00000000 1.00000000 439.00000000
1016.00000000 106.00000000 0.00000000 435.00000000
590.00000000 248.00000000 1.00000000 429.00000000
66.00000000 410.00000000 2.00000000 426.00000000
1064.00000000 402.00000000 1.00000000 425.00000000
330.00000000 28.00000000 1.00000000 417.00000000
330.00000000 27.00000000 0.00000000 416.00000000
67.00000000 407.00000000 1.00000000 411.00000000
603.00000000 261.00000000 1.00000000 407.00000000
313.00000000 384.00000000 1.00000000 406.00000000
605.00000000 261.00000000 1.00000000 405.00000000
1086.00000000 401.00000000 1.00000000 396.00000000
329.00000000 28.00000000 1.00000000 388.00000000
315.00000000 383.00000000 0.00000000 388.00000000
1004.00000000 73.00000000 1.00000000 387.00000000
605.00000000 260.00000000 0.00000000 379.00000000
44.00000000 128.00000000 2.00000000 378.00000000
45.00000000 127.00000000 1.00000000 368.00000000
598.00000000 302.00000000 0.00000000 364.00000000
602.00000000 262.00000000 2.00000000 360.00000000
1071.00000000 576.00000000 1.00000000 357.00000000
34.00000000 21.00000000 0.00000000 355.00000000
314.00000000 386.00000000 2.00000000 348.00000000
33.00000000 22.00000000 1.00000000 346.00000000
336.00000000 38.00000000 0.00000000 337.00000000
1069.00000000 238.00000000 1.00000000 333.00000000
860.00000000 326.00000000 1.00000000 330.00000000
626.00000000 311.00000000 0.00000000 328.00000000
328.00000000 30.00000000 2.00000000 327.00000000
860.00000000 325.00000000 0.00000000 322.00000000
347.00000000 390.00000000 2.00000000 321.00000000
1071.00000000 575.00000000 1.00000000 320.00000000
1071.00000000 574.00000000 0.00000000 318.00000000
62.00000000 412.00000000 2.00000000 316.00000000
599.00000000 475.00000000 1.00000000 314.00000000
876.00000000 383.00000000 0.00000000 313.00000000
321.00000000 115.00000000 0.00000000 313.00000000
1076.00000000 627.00000000 1.00000000 308.00000000
1069.00000000 238.00000000 0.00000000 303.00000000
63.00000000 385.00000000 0.00000000 300.00000000
1110.00000000 509.00000000 0.00000000 300.00000000
763.00000000 515.00000000 1.00000000 299.00000000
1047.00000000 602.00000000 1.00000000 298.00000000
42.00000000 127.00000000 2.00000000 297.00000000
1033.00000000 195.00000000 0.00000000 293.00000000
1057.00000000 506.00000000 0.00000000 291.00000000
1086.00000000 400.00000000 0.00000000 286.00000000
1087.00000000 465.00000000 0.00000000 285.00000000
1048.00000000 602.00000000 1.00000000 282.00000000
599.00000000 263.00000000 2.00000000 280.00000000
1016.00000000 50.00000000 0.00000000 277.00000000
626.00000000 312.00000000 1.00000000 276.00000000
551.00000000 442.00000000 0.00000000 275.00000000
1046.00000000 69.00000000 1.00000000 275.00000000
1070.00000000 237.00000000 1.00000000 275.00000000
845.00000000 289.00000000 1.00000000 275.00000000
1065.00000000 647.00000000 0.00000000 274.00000000
1047.00000000 601.00000000 0.00000000 273.00000000
857.00000000 53.00000000 0.00000000 273.00000000
63.00000000 385.00000000 1.00000000 273.00000000
49.00000000 149.00000000 1.00000000 270.00000000
1057.00000000 551.00000000 1.00000000 270.00000000
47.00000000 27.00000000 0.00000000 269.00000000
348.00000000 396.00000000 4.00000000 269.00000000
763.00000000 514.00000000 1.00000000 267.00000000
598.00000000 302.00000000 1.00000000 266.00000000
74.00000000 53.00000000 0.00000000 265.00000000
322.00000000 84.00000000 0.00000000 265.00000000
1057.00000000 550.00000000 0.00000000 263.00000000
1020.00000000 118.00000000 2.00000000 263.00000000
620.00000000 320.00000000 4.00000000 260.00000000
763.00000000 514.00000000 0.00000000 254.00000000
1063.00000000 401.00000000 1.00000000 253.00000000
1016.00000000 51.00000000 1.00000000 253.00000000
472.00000000 310.00000000 0.00000000 252.00000000
68.00000000 164.00000000 1.00000000 252.00000000
61.00000000 224.00000000 0.00000000 251.00000000
574.00000000 190.00000000 0.00000000 248.00000000
624.00000000 312.00000000 2.00000000 248.00000000
804.00000000 347.00000000 1.00000000 248.00000000
322.00000000 46.00000000 1.00000000 247.00000000
591.00000000 227.00000000 0.00000000 246.00000000
1019.00000000 86.00000000 0.00000000 245.00000000
60.00000000 227.00000000 1.00000000 245.00000000
1114.00000000 120.00000000 0.00000000 245.00000000
67.00000000 163.00000000 0.00000000 244.00000000
598.00000000 474.00000000 0.00000000 243.00000000
16.00000000 803.00000000 0.00000000 243.00000000
1046.00000000 70.00000000 2.00000000 241.00000000
134.00000000 46.00000000 1.00000000 241.00000000
61.00000000 226.00000000 1.00000000 239.00000000
134.00000000 45.00000000 0.00000000 239.00000000
620.00000000 333.00000000 0.00000000 239.00000000
502.00000000 42.00000000 0.00000000 238.00000000
826.00000000 183.00000000 1.00000000 238.00000000
391.00000000 829.00000000 0.00000000 237.00000000
844.00000000 288.00000000 0.00000000 237.00000000
805.00000000 348.00000000 1.00000000 237.00000000
634.00000000 351.00000000 0.00000000 235.00000000
569.00000000 286.00000000 0.00000000 234.00000000
56.00000000 30.00000000 1.00000000 234.00000000
1023.00000000 99.00000000 0.00000000 231.00000000
1075.00000000 626.00000000 0.00000000 230.00000000
79.00000000 43.00000000 0.00000000 230.00000000
1038.00000000 179.00000000 0.00000000 228.00000000
323.00000000 46.00000000 0.00000000 227.00000000
528.00000000 605.00000000 0.00000000 226.00000000
340.00000000 313.00000000 0.00000000 225.00000000
565.00000000 199.00000000 0.00000000 222.00000000
683.00000000 449.00000000 0.00000000 221.00000000
197.00000000 188.00000000 0.00000000 221.00000000
850.00000000 138.00000000 0.00000000 220.00000000
67.00000000 406.00000000 0.00000000 220.00000000
794.00000000 74.00000000 0.00000000 216.00000000
31.00000000 402.00000000 0.00000000 214.00000000
995.00000000 548.00000000 5.00000000 203.00000000
