495.00000000 50.00000000 0.00000000 516.00000000
488.00000000 39.00000000 1.00000000 480.00000000
160.00000000 422.00000000 2.00000000 450.00000000
481.00000000 413.00000000 1.00000000 445.00000000
487.00000000 39.00000000 1.00000000 428.00000000
158.00000000 424.00000000 2.00000000 427.00000000
488.00000000 40.00000000 2.00000000 399.00000000
489.00000000 38.00000000 0.00000000 397.00000000
161.00000000 420.00000000 1.00000000 396.00000000
481.00000000 412.00000000 0.00000000 395.00000000
480.00000000 414.00000000 1.00000000 389.00000000
162.00000000 15.00000000 0.00000000 374.00000000
784.00000000 299.00000000 0.00000000 359.00000000
799.00000000 313.00000000 1.00000000 358.00000000
784.00000000 299.00000000 1.00000000 358.00000000
799.00000000 313.00000000 0.00000000 350.00000000
156.00000000 137.00000000 0.00000000 346.00000000
480.00000000 414.00000000 2.00000000 345.00000000
799.00000000 313.00000000 1.00000000 343.00000000
1050.00000000 397.00000000 0.00000000 334.00000000
1050.00000000 398.00000000 1.00000000 329.00000000
524.00000000 428.00000000 4.00000000 324.00000000
798.00000000 314.00000000 2.00000000 316.00000000
486.00000000 42.00000000 2.00000000 314.00000000
972.00000000 573.00000000 1.00000000 312.00000000
237.00000000 78.00000000 1.00000000 306.00000000
329.00000000 187.00000000 0.00000000 300.00000000
110.00000000 410.00000000 0.00000000 299.00000000
496.00000000 51.00000000 1.00000000 298.00000000
480.00000000 128.00000000 0.00000000 296.00000000
149.00000000 207.00000000 1.00000000 291.00000000
156.00000000 428.00000000 4.00000000 290.00000000
237.00000000 76.00000000 1.00000000 288.00000000
12.00000000 354.00000000 0.00000000 286.00000000
794.00000000 352.00000000 0.00000000 286.00000000
156.00000000 138.00000000 1.00000000 284.00000000
444.00000000 10.00000000 0.00000000 284.00000000
520.00000000 424.00000000 2.00000000 281.00000000
480.00000000 96.00000000 0.00000000 280.00000000
110.00000000 410.00000000 1.00000000 274.00000000
149.00000000 207.00000000 0.00000000 271.00000000
794.00000000 313.00000000 2.00000000 270.00000000
972.00000000 572.00000000 1.00000000 268.00000000
1067.00000000 453.00000000 0.00000000 268.00000000
156.00000000 393.00000000 1.00000000 266.00000000
1050.00000000 400.00000000 1.00000000 266.00000000
156.00000000 393.00000000 0.00000000 259.00000000
122.00000000 92.00000000 2.00000000 258.00000000
821.00000000 365.00000000 0.00000000 257.00000000
914.00000000 79.00000000 1.00000000 253.00000000
795.00000000 353.00000000 1.00000000 247.00000000
148.00000000 209.00000000 1.00000000 246.00000000
169.00000000 15.00000000 0.00000000 245.00000000
243.00000000 18.00000000 0.00000000 244.00000000
162.00000000 420.00000000 1.00000000 242.00000000
123.00000000 93.00000000 1.00000000 241.00000000
155.00000000 140.00000000 1.00000000 240.00000000
972.00000000 573.00000000 0.00000000 239.00000000
1034.00000000 362.00000000 1.00000000 238.00000000
1001.00000000 415.00000000 1.00000000 238.00000000
1010.00000000 262.00000000 1.00000000 237.00000000
1012.00000000 260.00000000 2.00000000 236.00000000
1030.00000000 147.00000000 0.00000000 235.00000000
1033.00000000 361.00000000 0.00000000 234.00000000
1011.00000000 261.00000000 1.00000000 232.00000000
1001.00000000 414.00000000 1.00000000 230.00000000
162.00000000 15.00000000 1.00000000 229.00000000
1054.00000000 110.00000000 2.00000000 229.00000000
509.00000000 333.00000000 0.00000000 228.00000000
190.00000000 96.00000000 0.00000000 228.00000000
657.00000000 349.00000000 0.00000000 226.00000000
803.00000000 526.00000000 1.00000000 225.00000000
237.00000000 77.00000000 0.00000000 225.00000000
987.00000000 517.00000000 0.00000000 222.00000000
762.00000000 335.00000000 0.00000000 221.00000000
1001.00000000 414.00000000 0.00000000 218.00000000
764.00000000 240.00000000 0.00000000 216.00000000
764.00000000 240.00000000 1.00000000 216.00000000
330.00000000 187.00000000 1.00000000 213.00000000
526.00000000 429.00000000 5.00000000 212.00000000
1024.00000000 476.00000000 1.00000000 207.00000000
481.00000000 129.00000000 1.00000000 206.00000000
110.00000000 408.00000000 1.00000000 205.00000000
914.00000000 79.00000000 0.00000000 205.00000000
1077.00000000 463.00000000 0.00000000 203.00000000
156.00000000 140.00000000 2.00000000 202.00000000
357.00000000 111.00000000 0.00000000 200.00000000
1106.00000000 23.00000000 1.00000000 200.00000000
821.00000000 365.00000000 1.00000000 200.00000000
783.00000000 278.00000000 0.00000000 200.00000000
128.00000000 118.00000000 1.00000000 198.00000000
784.00000000 278.00000000 1.00000000 198.00000000
243.00000000 19.00000000 1.00000000 197.00000000
511.00000000 340.00000000 0.00000000 197.00000000
753.00000000 490.00000000 0.00000000 196.00000000
657.00000000 349.00000000 1.00000000 194.00000000
1048.00000000 107.00000000 0.00000000 193.00000000
965.00000000 518.00000000 0.00000000 193.00000000
913.00000000 79.00000000 1.00000000 191.00000000
513.00000000 72.00000000 0.00000000 191.00000000
783.00000000 299.00000000 1.00000000 190.00000000
681.00000000 103.00000000 0.00000000 179.00000000
1009.00000000 262.00000000 0.00000000 178.00000000
539.00000000 127.00000000 0.00000000 177.00000000
1040.00000000 377.00000000 0.00000000 176.00000000
1049.00000000 108.00000000 1.00000000 176.00000000
115.00000000 376.00000000 0.00000000 176.00000000
817.00000000 386.00000000 0.00000000 175.00000000
145.00000000 253.00000000 1.00000000 174.00000000
975.00000000 551.00000000 0.00000000 174.00000000
513.00000000 73.00000000 1.00000000 174.00000000
799.00000000 115.00000000 0.00000000 172.00000000
890.00000000 504.00000000 0.00000000 172.00000000
1030.00000000 223.00000000 0.00000000 172.00000000
1079.00000000 378.00000000 0.00000000 171.00000000
145.00000000 253.00000000 0.00000000 170.00000000
923.00000000 606.00000000 0.00000000 167.00000000
1034.00000000 239.00000000 0.00000000 165.00000000
975.00000000 157.00000000 0.00000000 163.00000000
881.00000000 520.00000000 0.00000000 162.00000000
832.00000000 404.00000000 0.00000000 162.00000000
815.00000000 137.00000000 0.00000000 162.00000000
930.00000000 56.00000000 0.00000000 162.00000000
697.00000000 376.00000000 0.00000000 159.00000000
774.00000000 58.00000000 0.00000000 158.00000000
122.00000000 291.00000000 0.00000000 158.00000000
1108.00000000 21.00000000 0.00000000 156.00000000
