519.00000000 137.00000000 1.00000000 523.00000000
938.00000000 239.00000000 1.00000000 424.00000000
519.00000000 137.00000000 0.00000000 418.00000000
539.00000000 155.00000000 1.00000000 415.00000000
519.00000000 137.00000000 1.00000000 411.00000000
524.00000000 215.00000000 1.00000000 394.00000000
524.00000000 214.00000000 0.00000000 388.00000000
565.00000000 229.00000000 1.00000000 384.00000000
538.00000000 154.00000000 1.00000000 383.00000000
536.00000000 156.00000000 2.00000000 372.00000000
534.00000000 155.00000000 2.00000000 365.00000000
117.00000000 337.00000000 1.00000000 363.00000000
564.00000000 229.00000000 0.00000000 361.00000000
939.00000000 240.00000000 1.00000000 357.00000000
938.00000000 239.00000000 0.00000000 355.00000000
964.00000000 333.00000000 1.00000000 349.00000000
344.00000000 231.00000000 1.00000000 340.00000000
116.00000000 340.00000000 2.00000000 340.00000000
118.00000000 337.00000000 1.00000000 339.00000000
539.00000000 154.00000000 0.00000000 309.00000000
113.00000000 342.00000000 2.00000000 305.00000000
964.00000000 333.00000000 0.00000000 304.00000000
118.00000000 335.00000000 0.00000000 300.00000000
485.00000000 193.00000000 0.00000000 299.00000000
809.00000000 383.00000000 0.00000000 298.00000000
555.00000000 260.00000000 0.00000000 295.00000000
657.00000000 372.00000000 0.00000000 295.00000000
524.00000000 214.00000000 1.00000000 291.00000000
560.00000000 232.00000000 4.00000000 285.00000000
938.00000000 242.00000000 2.00000000 285.00000000
17.00000000 34.00000000 1.00000000 284.00000000
774.00000000 513.00000000 0.00000000 283.00000000
436.00000000 425.00000000 1.00000000 280.00000000
638.00000000 438.00000000 1.00000000 280.00000000
344.00000000 230.00000000 0.00000000 279.00000000
638.00000000 437.00000000 0.00000000 275.00000000
486.00000000 194.00000000 1.00000000 271.00000000
565.00000000 229.00000000 1.00000000 269.00000000
532.00000000 156.00000000 4.00000000 268.00000000
913.00000000 183.00000000 1.00000000 265.00000000
543.00000000 379.00000000 0.00000000 264.00000000
982.00000000 353.00000000 0.00000000 263.00000000
560.00000000 231.00000000 2.00000000 259.00000000
764.00000000 550.00000000 2.00000000 259.00000000
555.00000000 261.00000000 1.00000000 258.00000000
504.00000000 476.00000000 1.00000000 257.00000000
374.00000000 685.00000000 1.00000000 257.00000000
554.00000000 237.00000000 5.00000000 256.00000000
958.00000000 199.00000000 0.00000000 254.00000000
522.00000000 108.00000000 1.00000000 253.00000000
983.00000000 353.00000000 1.00000000 252.00000000
951.00000000 324.00000000 0.00000000 249.00000000
774.00000000 513.00000000 1.00000000 246.00000000
564.00000000 230.00000000 2.00000000 245.00000000
939.00000000 246.00000000 2.00000000 243.00000000
763.00000000 550.00000000 1.00000000 240.00000000
652.00000000 352.00000000 0.00000000 240.00000000
979.00000000 528.00000000 1.00000000 240.00000000
762.00000000 457.00000000 1.00000000 239.00000000
885.00000000 25.00000000 1.00000000 237.00000000
997.00000000 38.00000000 0.00000000 236.00000000
764.00000000 550.00000000 1.00000000 234.00000000
844.00000000 278.00000000 2.00000000 231.00000000
677.00000000 607.00000000 1.00000000 230.00000000
436.00000000 424.00000000 0.00000000 230.00000000
374.00000000 685.00000000 0.00000000 227.00000000
762.00000000 456.00000000 0.00000000 225.00000000
522.00000000 108.00000000 0.00000000 224.00000000
550.00000000 474.00000000 0.00000000 221.00000000
1031.00000000 26.00000000 1.00000000 220.00000000
435.00000000 424.00000000 1.00000000 220.00000000
505.00000000 476.00000000 1.00000000 219.00000000
986.00000000 512.00000000 0.00000000 218.00000000
1022.00000000 101.00000000 0.00000000 218.00000000
619.00000000 463.00000000 0.00000000 218.00000000
16.00000000 33.00000000 0.00000000 216.00000000
964.00000000 333.00000000 1.00000000 216.00000000
844.00000000 278.00000000 1.00000000 215.00000000
810.00000000 383.00000000 1.00000000 213.00000000
343.00000000 230.00000000 1.00000000 213.00000000
620.00000000 464.00000000 1.00000000 210.00000000
979.00000000 527.00000000 0.00000000 206.00000000
572.00000000 287.00000000 1.00000000 205.00000000
1009.00000000 611.00000000 1.00000000 205.00000000
658.00000000 372.00000000 1.00000000 202.00000000
1030.00000000 26.00000000 0.00000000 201.00000000
548.00000000 272.00000000 0.00000000 199.00000000
489.00000000 69.00000000 0.00000000 198.00000000
160.00000000 406.00000000 2.00000000 198.00000000
677.00000000 608.00000000 1.00000000 198.00000000
488.00000000 70.00000000 1.00000000 196.00000000
503.00000000 57.00000000 1.00000000 196.00000000
94.00000000 569.00000000 0.00000000 195.00000000
373.00000000 685.00000000 1.00000000 195.00000000
922.00000000 208.00000000 0.00000000 195.00000000
503.00000000 26.00000000 0.00000000 194.00000000
695.00000000 243.00000000 0.00000000 193.00000000
347.00000000 198.00000000 1.00000000 193.00000000
701.00000000 530.00000000 0.00000000 192.00000000
536.00000000 36.00000000 2.00000000 192.00000000
503.00000000 55.00000000 0.00000000 192.00000000
491.00000000 510.00000000 1.00000000 191.00000000
677.00000000 607.00000000 0.00000000 188.00000000
163.00000000 228.00000000 0.00000000 187.00000000
511.00000000 111.00000000 0.00000000 183.00000000
495.00000000 38.00000000 0.00000000 178.00000000
497.00000000 496.00000000 0.00000000 175.00000000
347.00000000 197.00000000 0.00000000 174.00000000
448.00000000 478.00000000 0.00000000 173.00000000
575.00000000 54.00000000 0.00000000 172.00000000
847.00000000 403.00000000 0.00000000 172.00000000
511.00000000 322.00000000 0.00000000 172.00000000
902.00000000 199.00000000 0.00000000 171.00000000
1013.00000000 103.00000000 0.00000000 170.00000000
504.00000000 475.00000000 0.00000000 168.00000000
287.00000000 705.00000000 0.00000000 168.00000000
891.00000000 126.00000000 0.00000000 167.00000000
693.00000000 251.00000000 0.00000000 167.00000000
997.00000000 280.00000000 0.00000000 165.00000000
753.00000000 633.00000000 0.00000000 164.00000000
303.00000000 794.00000000 0.00000000 164.00000000
755.00000000 624.00000000 0.00000000 163.00000000
999.00000000 28.00000000 0.00000000 162.00000000
337.00000000 275.00000000 0.00000000 162.00000000
164.00000000 237.00000000 0.00000000 161.00000000
277.00000000 98.00000000 0.00000000 161.00000000
340.00000000 239.00000000 0.00000000 159.00000000
