1028.00000000 173.00000000 0.00000000 1009.00000000
1029.00000000 174.00000000 1.00000000 724.00000000
299.00000000 35.00000000 0.00000000 481.00000000
1028.00000000 510.00000000 0.00000000 425.00000000
749.00000000 347.00000000 1.00000000 368.00000000
1029.00000000 173.00000000 1.00000000 367.00000000
749.00000000 346.00000000 1.00000000 360.00000000
299.00000000 35.00000000 1.00000000 351.00000000
995.00000000 257.00000000 1.00000000 349.00000000
472.00000000 240.00000000 4.00000000 339.00000000
899.00000000 58.00000000 0.00000000 335.00000000
1028.00000000 511.00000000 1.00000000 328.00000000
748.00000000 346.00000000 2.00000000 313.00000000
748.00000000 346.00000000 0.00000000 297.00000000
992.00000000 86.00000000 1.00000000 290.00000000
889.00000000 260.00000000 0.00000000 290.00000000
996.00000000 258.00000000 1.00000000 289.00000000
296.00000000 50.00000000 0.00000000 282.00000000
989.00000000 240.00000000 0.00000000 281.00000000
889.00000000 260.00000000 1.00000000 278.00000000
1040.00000000 728.00000000 0.00000000 272.00000000
296.00000000 51.00000000 1.00000000 270.00000000
992.00000000 86.00000000 1.00000000 270.00000000
1053.00000000 682.00000000 0.00000000 260.00000000
469.00000000 243.00000000 5.00000000 260.00000000
992.00000000 85.00000000 0.00000000 258.00000000
954.00000000 205.00000000 0.00000000 257.00000000
763.00000000 259.00000000 1.00000000 252.00000000
472.00000000 234.00000000 2.00000000 251.00000000
409.00000000 130.00000000 0.00000000 250.00000000
996.00000000 258.00000000 2.00000000 248.00000000
957.00000000 88.00000000 1.00000000 247.00000000
1023.00000000 614.00000000 1.00000000 246.00000000
989.00000000 241.00000000 1.00000000 246.00000000
957.00000000 87.00000000 1.00000000 240.00000000
1053.00000000 682.00000000 1.00000000 239.00000000
997.00000000 258.00000000 0.00000000 238.00000000
929.00000000 95.00000000 0.00000000 234.00000000
1043.00000000 623.00000000 0.00000000 234.00000000
1023.00000000 613.00000000 0.00000000 234.00000000
1043.00000000 560.00000000 1.00000000 231.00000000
762.00000000 258.00000000 0.00000000 227.00000000
409.00000000 130.00000000 1.00000000 227.00000000
963.00000000 417.00000000 0.00000000 223.00000000
406.00000000 188.00000000 2.00000000 223.00000000
899.00000000 59.00000000 1.00000000 221.00000000
746.00000000 347.00000000 2.00000000 218.00000000
1040.00000000 728.00000000 1.00000000 216.00000000
405.00000000 188.00000000 1.00000000 213.00000000
955.00000000 318.00000000 1.00000000 210.00000000
963.00000000 156.00000000 0.00000000 204.00000000
936.00000000 105.00000000 0.00000000 202.00000000
963.00000000 156.00000000 1.00000000 200.00000000
1028.00000000 510.00000000 1.00000000 200.00000000
882.00000000 280.00000000 1.00000000 199.00000000
799.00000000 130.00000000 1.00000000 197.00000000
1042.00000000 558.00000000 0.00000000 194.00000000
760.00000000 226.00000000 1.00000000 191.00000000
970.00000000 484.00000000 1.00000000 191.00000000
955.00000000 318.00000000 0.00000000 190.00000000
108.00000000 170.00000000 2.00000000 190.00000000
755.00000000 27.00000000 0.00000000 189.00000000
110.00000000 168.00000000 1.00000000 187.00000000
765.00000000 269.00000000 1.00000000 186.00000000
798.00000000 129.00000000 1.00000000 185.00000000
463.00000000 188.00000000 0.00000000 185.00000000
1045.00000000 574.00000000 1.00000000 184.00000000
777.00000000 370.00000000 2.00000000 183.00000000
1016.00000000 570.00000000 0.00000000 183.00000000
1016.00000000 571.00000000 1.00000000 182.00000000
404.00000000 162.00000000 0.00000000 181.00000000
964.00000000 418.00000000 1.00000000 180.00000000
999.00000000 311.00000000 1.00000000 180.00000000
882.00000000 279.00000000 1.00000000 179.00000000
761.00000000 226.00000000 1.00000000 178.00000000
956.00000000 556.00000000 4.00000000 177.00000000
870.00000000 39.00000000 0.00000000 177.00000000
992.00000000 84.00000000 2.00000000 177.00000000
982.00000000 494.00000000 1.00000000 176.00000000
900.00000000 48.00000000 0.00000000 176.00000000
765.00000000 268.00000000 0.00000000 175.00000000
886.00000000 303.00000000 0.00000000 175.00000000
671.00000000 334.00000000 0.00000000 174.00000000
463.00000000 188.00000000 1.00000000 174.00000000
107.00000000 169.00000000 2.00000000 174.00000000
1003.00000000 364.00000000 0.00000000 174.00000000
966.00000000 137.00000000 0.00000000 172.00000000
1018.00000000 408.00000000 0.00000000 170.00000000
896.00000000 26.00000000 1.00000000 170.00000000
867.00000000 154.00000000 0.00000000 170.00000000
462.00000000 126.00000000 1.00000000 170.00000000
920.00000000 46.00000000 0.00000000 168.00000000
1040.00000000 582.00000000 0.00000000 168.00000000
957.00000000 88.00000000 0.00000000 166.00000000
787.00000000 425.00000000 1.00000000 165.00000000
970.00000000 484.00000000 0.00000000 165.00000000
960.00000000 370.00000000 1.00000000 164.00000000
798.00000000 130.00000000 2.00000000 164.00000000
1042.00000000 545.00000000 0.00000000 163.00000000
401.00000000 162.00000000 1.00000000 162.00000000
332.00000000 320.00000000 0.00000000 162.00000000
462.00000000 125.00000000 0.00000000 162.00000000
984.00000000 670.00000000 2.00000000 161.00000000
342.00000000 96.00000000 0.00000000 161.00000000
472.00000000 230.00000000 2.00000000 161.00000000
913.00000000 55.00000000 0.00000000 161.00000000
942.00000000 163.00000000 0.00000000 160.00000000
1043.00000000 561.00000000 1.00000000 160.00000000
908.00000000 62.00000000 0.00000000 159.00000000
758.00000000 236.00000000 0.00000000 158.00000000
777.00000000 153.00000000 0.00000000 157.00000000
1059.00000000 755.00000000 0.00000000 155.00000000
982.00000000 493.00000000 1.00000000 155.00000000
420.00000000 41.00000000 0.00000000 154.00000000
896.00000000 26.00000000 0.00000000 153.00000000
912.00000000 142.00000000 0.00000000 152.00000000
914.00000000 154.00000000 0.00000000 150.00000000
755.00000000 34.00000000 0.00000000 149.00000000
975.00000000 594.00000000 0.00000000 144.00000000
999.00000000 310.00000000 0.00000000 142.00000000
996.00000000 294.00000000 0.00000000 142.00000000
1045.00000000 574.00000000 0.00000000 140.00000000
666.00000000 306.00000000 0.00000000 139.00000000
769.00000000 291.00000000 0.00000000 137.00000000
965.00000000 440.00000000 0.00000000 137.00000000
540.00000000 216.00000000 0.00000000 136.00000000
991.00000000 159.00000000 0.00000000 135.00000000
