126.00000000 704.00000000 2.00000000 654.00000000
125.00000000 704.00000000 1.00000000 603.00000000
124.00000000 704.00000000 2.00000000 498.00000000
126.00000000 702.00000000 1.00000000 448.00000000
234.00000000 585.00000000 1.00000000 416.00000000
232.00000000 1040.00000000 4.00000000 404.00000000
234.00000000 1038.00000000 2.00000000 393.00000000
236.00000000 1033.00000000 1.00000000 380.00000000
237.00000000 1033.00000000 1.00000000 379.00000000
236.00000000 1036.00000000 2.00000000 373.00000000
55.00000000 762.00000000 1.00000000 373.00000000
35.00000000 423.00000000 0.00000000 345.00000000
66.00000000 458.00000000 1.00000000 341.00000000
234.00000000 584.00000000 0.00000000 338.00000000
55.00000000 760.00000000 1.00000000 336.00000000
41.00000000 450.00000000 0.00000000 323.00000000
42.00000000 450.00000000 1.00000000 321.00000000
238.00000000 571.00000000 1.00000000 316.00000000
126.00000000 700.00000000 0.00000000 314.00000000
729.00000000 934.00000000 1.00000000 304.00000000
730.00000000 935.00000000 1.00000000 296.00000000
238.00000000 571.00000000 0.00000000 295.00000000
236.00000000 1033.00000000 0.00000000 293.00000000
728.00000000 936.00000000 2.00000000 284.00000000
124.00000000 704.00000000 4.00000000 283.00000000
231.00000000 1040.00000000 5.00000000 276.00000000
66.00000000 456.00000000 0.00000000 273.00000000
35.00000000 424.00000000 1.00000000 269.00000000
234.00000000 601.00000000 1.00000000 265.00000000
55.00000000 760.00000000 0.00000000 261.00000000
51.00000000 443.00000000 0.00000000 261.00000000
234.00000000 601.00000000 0.00000000 259.00000000
234.00000000 509.00000000 1.00000000 254.00000000
57.00000000 774.00000000 0.00000000 252.00000000
22.00000000 507.00000000 0.00000000 246.00000000
66.00000000 456.00000000 1.00000000 241.00000000
56.00000000 762.00000000 2.00000000 228.00000000
729.00000000 893.00000000 2.00000000 225.00000000
22.00000000 507.00000000 1.00000000 224.00000000
900.00000000 782.00000000 2.00000000 220.00000000
896.00000000 783.00000000 2.00000000 220.00000000
67.00000000 891.00000000 1.00000000 216.00000000
882.00000000 852.00000000 1.00000000 216.00000000
67.00000000 892.00000000 0.00000000 212.00000000
126.00000000 707.00000000 0.00000000 209.00000000
59.00000000 801.00000000 0.00000000 207.00000000
590.00000000 880.00000000 2.00000000 205.00000000
17.00000000 766.00000000 0.00000000 205.00000000
59.00000000 802.00000000 1.00000000 203.00000000
234.00000000 510.00000000 2.00000000 203.00000000
234.00000000 585.00000000 1.00000000 200.00000000
882.00000000 852.00000000 2.00000000 190.00000000
591.00000000 878.00000000 1.00000000 189.00000000
730.00000000 934.00000000 0.00000000 189.00000000
232.00000000 526.00000000 1.00000000 188.00000000
46.00000000 750.00000000 1.00000000 187.00000000
60.00000000 818.00000000 1.00000000 186.00000000
51.00000000 443.00000000 1.00000000 184.00000000
66.00000000 889.00000000 1.00000000 182.00000000
57.00000000 775.00000000 1.00000000 177.00000000
60.00000000 817.00000000 0.00000000 174.00000000
481.00000000 832.00000000 1.00000000 174.00000000
45.00000000 750.00000000 0.00000000 171.00000000
900.00000000 782.00000000 1.00000000 170.00000000
230.00000000 526.00000000 1.00000000 169.00000000
41.00000000 449.00000000 1.00000000 169.00000000
881.00000000 854.00000000 1.00000000 167.00000000
480.00000000 832.00000000 1.00000000 160.00000000
212.00000000 617.00000000 1.00000000 159.00000000
242.00000000 559.00000000 1.00000000 157.00000000
45.00000000 744.00000000 0.00000000 157.00000000
35.00000000 424.00000000 1.00000000 155.00000000
235.00000000 510.00000000 1.00000000 154.00000000
772.00000000 1074.00000000 1.00000000 153.00000000
41.00000000 714.00000000 0.00000000 152.00000000
232.00000000 526.00000000 0.00000000 151.00000000
41.00000000 714.00000000 1.00000000 144.00000000
212.00000000 616.00000000 0.00000000 144.00000000
750.00000000 1012.00000000 0.00000000 143.00000000
481.00000000 832.00000000 0.00000000 139.00000000
591.00000000 877.00000000 1.00000000 139.00000000
638.00000000 1040.00000000 0.00000000 138.00000000
198.00000000 518.00000000 0.00000000 137.00000000
516.00000000 896.00000000 1.00000000 137.00000000
574.00000000 1185.00000000 1.00000000 129.00000000
670.00000000 670.00000000 1.00000000 128.00000000
42.00000000 736.00000000 0.00000000 124.00000000
164.00000000 841.00000000 0.00000000 123.00000000
735.00000000 951.00000000 1.00000000 123.00000000
234.00000000 492.00000000 1.00000000 121.00000000
311.00000000 737.00000000 1.00000000 120.00000000
638.00000000 1041.00000000 1.00000000 120.00000000
881.00000000 854.00000000 0.00000000 120.00000000
48.00000000 791.00000000 0.00000000 116.00000000
397.00000000 564.00000000 0.00000000 116.00000000
50.00000000 736.00000000 0.00000000 114.00000000
311.00000000 736.00000000 0.00000000 114.00000000
242.00000000 559.00000000 0.00000000 112.00000000
356.00000000 581.00000000 0.00000000 103.00000000
736.00000000 951.00000000 0.00000000 103.00000000
201.00000000 508.00000000 0.00000000 102.00000000
656.00000000 881.00000000 0.00000000 101.00000000
234.00000000 491.00000000 0.00000000 100.00000000
671.00000000 670.00000000 0.00000000 98.00000000
342.00000000 443.00000000 0.00000000 97.00000000
367.00000000 574.00000000 0.00000000 97.00000000
234.00000000 511.00000000 0.00000000 95.00000000
189.00000000 801.00000000 0.00000000 93.00000000
159.00000000 570.00000000 0.00000000 92.00000000
172.00000000 697.00000000 0.00000000 91.00000000
799.00000000 977.00000000 0.00000000 91.00000000
591.00000000 876.00000000 0.00000000 90.00000000
174.00000000 783.00000000 0.00000000 90.00000000
188.00000000 791.00000000 0.00000000 89.00000000
113.00000000 267.00000000 0.00000000 88.00000000
38.00000000 730.00000000 0.00000000 88.00000000
895.00000000 790.00000000 0.00000000 88.00000000
55.00000000 1290.00000000 0.00000000 87.00000000
28.00000000 721.00000000 0.00000000 87.00000000
233.00000000 1051.00000000 0.00000000 86.00000000
436.00000000 895.00000000 0.00000000 86.00000000
178.00000000 648.00000000 0.00000000 85.00000000
841.00000000 877.00000000 0.00000000 84.00000000
574.00000000 1185.00000000 0.00000000 83.00000000
249.00000000 517.00000000 0.00000000 83.00000000
771.00000000 961.00000000 0.00000000 83.00000000
373.00000000 838.00000000 0.00000000 82.00000000
