260.00000000 616.00000000 4.00000000 269.00000000
260.00000000 613.00000000 2.00000000 235.00000000
520.00000000 848.00000000 4.00000000 198.00000000
164.00000000 574.00000000 2.00000000 194.00000000
164.00000000 548.00000000 2.00000000 191.00000000
165.00000000 574.00000000 1.00000000 179.00000000
523.00000000 845.00000000 2.00000000 179.00000000
209.00000000 650.00000000 5.00000000 176.00000000
260.00000000 610.00000000 2.00000000 171.00000000
526.00000000 846.00000000 2.00000000 140.00000000
164.00000000 547.00000000 1.00000000 137.00000000
169.00000000 523.00000000 1.00000000 115.00000000
116.00000000 570.00000000 2.00000000 112.00000000
260.00000000 608.00000000 1.00000000 110.00000000
540.00000000 920.00000000 2.00000000 109.00000000
125.00000000 606.00000000 1.00000000 108.00000000
209.00000000 653.00000000 2.00000000 107.00000000
384.00000000 735.00000000 1.00000000 106.00000000
386.00000000 735.00000000 1.00000000 105.00000000
526.00000000 845.00000000 1.00000000 105.00000000
739.00000000 927.00000000 1.00000000 103.00000000
865.00000000 789.00000000 2.00000000 102.00000000
740.00000000 928.00000000 2.00000000 100.00000000
864.00000000 790.00000000 2.00000000 100.00000000
118.00000000 568.00000000 1.00000000 95.00000000
619.00000000 895.00000000 1.00000000 87.00000000
741.00000000 927.00000000 1.00000000 86.00000000
171.00000000 523.00000000 1.00000000 85.00000000
166.00000000 575.00000000 1.00000000 81.00000000
540.00000000 920.00000000 1.00000000 77.00000000
26.00000000 561.00000000 1.00000000 75.00000000
127.00000000 606.00000000 1.00000000 74.00000000
865.00000000 787.00000000 1.00000000 71.00000000
28.00000000 527.00000000 1.00000000 70.00000000
619.00000000 895.00000000 1.00000000 70.00000000
825.00000000 981.00000000 1.00000000 69.00000000
261.00000000 607.00000000 1.00000000 67.00000000
35.00000000 497.00000000 1.00000000 66.00000000
54.00000000 490.00000000 1.00000000 62.00000000
164.00000000 547.00000000 1.00000000 60.00000000
863.00000000 796.00000000 1.00000000 59.00000000
66.00000000 604.00000000 1.00000000 57.00000000
120.00000000 566.00000000 1.00000000 56.00000000
382.00000000 725.00000000 1.00000000 55.00000000
527.00000000 845.00000000 1.00000000 54.00000000
28.00000000 560.00000000 1.00000000 54.00000000
386.00000000 734.00000000 0.00000000 54.00000000
619.00000000 894.00000000 0.00000000 53.00000000
57.00000000 760.00000000 1.00000000 49.00000000
741.00000000 926.00000000 0.00000000 48.00000000
747.00000000 602.00000000 1.00000000 45.00000000
159.00000000 443.00000000 1.00000000 44.00000000
682.00000000 873.00000000 1.00000000 43.00000000
72.00000000 577.00000000 1.00000000 40.00000000
155.00000000 826.00000000 1.00000000 40.00000000
99.00000000 519.00000000 1.00000000 40.00000000
171.00000000 523.00000000 0.00000000 39.00000000
863.00000000 796.00000000 0.00000000 39.00000000
825.00000000 981.00000000 1.00000000 39.00000000
126.00000000 605.00000000 0.00000000 39.00000000
882.00000000 718.00000000 1.00000000 38.00000000
55.00000000 489.00000000 0.00000000 38.00000000
712.00000000 723.00000000 1.00000000 38.00000000
771.00000000 1062.00000000 1.00000000 38.00000000
704.00000000 621.00000000 1.00000000 38.00000000
98.00000000 429.00000000 1.00000000 37.00000000
703.00000000 806.00000000 1.00000000 37.00000000
710.00000000 748.00000000 1.00000000 37.00000000
700.00000000 827.00000000 1.00000000 37.00000000
206.00000000 666.00000000 1.00000000 36.00000000
155.00000000 825.00000000 0.00000000 35.00000000
747.00000000 602.00000000 0.00000000 33.00000000
57.00000000 760.00000000 0.00000000 32.00000000
65.00000000 604.00000000 0.00000000 32.00000000
382.00000000 724.00000000 0.00000000 31.00000000
579.00000000 668.00000000 0.00000000 30.00000000
577.00000000 902.00000000 0.00000000 29.00000000
772.00000000 1061.00000000 0.00000000 29.00000000
835.00000000 906.00000000 0.00000000 29.00000000
163.00000000 545.00000000 0.00000000 28.00000000
98.00000000 519.00000000 0.00000000 28.00000000
682.00000000 873.00000000 0.00000000 28.00000000
89.00000000 535.00000000 0.00000000 27.00000000
82.00000000 551.00000000 0.00000000 26.00000000
70.00000000 581.00000000 0.00000000 26.00000000
113.00000000 499.00000000 0.00000000 25.00000000
566.00000000 671.00000000 0.00000000 25.00000000
700.00000000 827.00000000 0.00000000 25.00000000
160.00000000 442.00000000 0.00000000 25.00000000
770.00000000 630.00000000 0.00000000 24.00000000
813.00000000 952.00000000 0.00000000 24.00000000
669.00000000 888.00000000 0.00000000 24.00000000
703.00000000 806.00000000 0.00000000 24.00000000
28.00000000 560.00000000 0.00000000 23.00000000
260.00000000 606.00000000 0.00000000 23.00000000
712.00000000 723.00000000 0.00000000 23.00000000
710.00000000 748.00000000 0.00000000 23.00000000
65.00000000 668.00000000 0.00000000 22.00000000
64.00000000 614.00000000 0.00000000 22.00000000
706.00000000 778.00000000 0.00000000 22.00000000
125.00000000 482.00000000 0.00000000 22.00000000
166.00000000 576.00000000 0.00000000 22.00000000
154.00000000 741.00000000 0.00000000 22.00000000
76.00000000 564.00000000 0.00000000 22.00000000
409.00000000 501.00000000 0.00000000 22.00000000
711.00000000 731.00000000 0.00000000 22.00000000
120.00000000 564.00000000 0.00000000 22.00000000
876.00000000 729.00000000 0.00000000 21.00000000
808.00000000 777.00000000 0.00000000 21.00000000
156.00000000 842.00000000 0.00000000 21.00000000
67.00000000 593.00000000 0.00000000 20.00000000
744.00000000 943.00000000 0.00000000 20.00000000
153.00000000 787.00000000 0.00000000 20.00000000
704.00000000 789.00000000 0.00000000 20.00000000
527.00000000 844.00000000 0.00000000 20.00000000
702.00000000 816.00000000 0.00000000 20.00000000
28.00000000 527.00000000 0.00000000 20.00000000
832.00000000 923.00000000 0.00000000 20.00000000
704.00000000 621.00000000 0.00000000 20.00000000
748.00000000 964.00000000 0.00000000 19.00000000
773.00000000 944.00000000 0.00000000 19.00000000
717.00000000 953.00000000 0.00000000 19.00000000
275.00000000 545.00000000 0.00000000 19.00000000
153.00000000 769.00000000 0.00000000 19.00000000
282.00000000 527.00000000 0.00000000 19.00000000
403.00000000 978.00000000 0.00000000 19.00000000
160.00000000 874.00000000 0.00000000 18.00000000
