209.00000000 579.00000000 1.00000000 256.00000000
26.00000000 514.00000000 1.00000000 237.00000000
65.00000000 383.00000000 1.00000000 207.00000000
948.00000000 1100.00000000 4.00000000 204.00000000
207.00000000 578.00000000 1.00000000 203.00000000
950.00000000 1097.00000000 5.00000000 198.00000000
209.00000000 578.00000000 0.00000000 193.00000000
26.00000000 511.00000000 1.00000000 176.00000000
944.00000000 1100.00000000 2.00000000 158.00000000
336.00000000 764.00000000 4.00000000 141.00000000
12.00000000 431.00000000 0.00000000 131.00000000
26.00000000 510.00000000 0.00000000 131.00000000
456.00000000 912.00000000 2.00000000 129.00000000
65.00000000 382.00000000 0.00000000 125.00000000
339.00000000 766.00000000 2.00000000 125.00000000
342.00000000 766.00000000 2.00000000 124.00000000
208.00000000 580.00000000 2.00000000 123.00000000
30.00000000 514.00000000 2.00000000 122.00000000
41.00000000 271.00000000 1.00000000 119.00000000
59.00000000 340.00000000 1.00000000 119.00000000
455.00000000 913.00000000 2.00000000 115.00000000
456.00000000 910.00000000 1.00000000 114.00000000
28.00000000 519.00000000 0.00000000 114.00000000
343.00000000 767.00000000 1.00000000 113.00000000
96.00000000 452.00000000 2.00000000 109.00000000
656.00000000 1108.00000000 2.00000000 107.00000000
113.00000000 422.00000000 1.00000000 103.00000000
540.00000000 958.00000000 1.00000000 99.00000000
65.00000000 383.00000000 1.00000000 98.00000000
946.00000000 1098.00000000 2.00000000 98.00000000
59.00000000 340.00000000 0.00000000 96.00000000
41.00000000 271.00000000 1.00000000 94.00000000
457.00000000 911.00000000 1.00000000 94.00000000
39.00000000 249.00000000 1.00000000 92.00000000
114.00000000 432.00000000 1.00000000 91.00000000
60.00000000 361.00000000 1.00000000 90.00000000
38.00000000 247.00000000 1.00000000 90.00000000
40.00000000 272.00000000 2.00000000 90.00000000
112.00000000 422.00000000 2.00000000 88.00000000
344.00000000 769.00000000 1.00000000 88.00000000
114.00000000 432.00000000 1.00000000 83.00000000
59.00000000 362.00000000 1.00000000 79.00000000
558.00000000 926.00000000 1.00000000 76.00000000
526.00000000 953.00000000 1.00000000 75.00000000
116.00000000 441.00000000 1.00000000 75.00000000
637.00000000 992.00000000 1.00000000 74.00000000
526.00000000 952.00000000 0.00000000 74.00000000
113.00000000 422.00000000 0.00000000 74.00000000
55.00000000 405.00000000 1.00000000 70.00000000
558.00000000 926.00000000 1.00000000 69.00000000
656.00000000 1108.00000000 1.00000000 69.00000000
18.00000000 261.00000000 1.00000000 65.00000000
562.00000000 905.00000000 1.00000000 65.00000000
34.00000000 307.00000000 0.00000000 65.00000000
46.00000000 377.00000000 1.00000000 65.00000000
946.00000000 1098.00000000 1.00000000 63.00000000
328.00000000 786.00000000 1.00000000 63.00000000
97.00000000 459.00000000 1.00000000 63.00000000
95.00000000 429.00000000 1.00000000 63.00000000
172.00000000 944.00000000 1.00000000 63.00000000
94.00000000 428.00000000 1.00000000 62.00000000
539.00000000 958.00000000 0.00000000 61.00000000
361.00000000 584.00000000 1.00000000 61.00000000
881.00000000 1263.00000000 1.00000000 60.00000000
544.00000000 946.00000000 1.00000000 60.00000000
34.00000000 307.00000000 1.00000000 60.00000000
637.00000000 992.00000000 0.00000000 60.00000000
114.00000000 432.00000000 0.00000000 59.00000000
45.00000000 373.00000000 0.00000000 59.00000000
457.00000000 910.00000000 0.00000000 58.00000000
173.00000000 945.00000000 1.00000000 58.00000000
115.00000000 441.00000000 0.00000000 57.00000000
17.00000000 260.00000000 0.00000000 57.00000000
59.00000000 357.00000000 0.00000000 57.00000000
41.00000000 270.00000000 0.00000000 57.00000000
562.00000000 896.00000000 1.00000000 56.00000000
39.00000000 249.00000000 0.00000000 56.00000000
16.00000000 210.00000000 1.00000000 55.00000000
116.00000000 590.00000000 1.00000000 55.00000000
97.00000000 461.00000000 1.00000000 54.00000000
408.00000000 883.00000000 1.00000000 54.00000000
111.00000000 398.00000000 1.00000000 53.00000000
361.00000000 581.00000000 0.00000000 53.00000000
16.00000000 245.00000000 0.00000000 52.00000000
205.00000000 567.00000000 0.00000000 51.00000000
344.00000000 768.00000000 0.00000000 51.00000000
98.00000000 480.00000000 0.00000000 49.00000000
881.00000000 1262.00000000 0.00000000 48.00000000
544.00000000 946.00000000 0.00000000 47.00000000
158.00000000 592.00000000 0.00000000 47.00000000
55.00000000 404.00000000 0.00000000 47.00000000
31.00000000 333.00000000 0.00000000 47.00000000
14.00000000 362.00000000 0.00000000 46.00000000
424.00000000 654.00000000 0.00000000 46.00000000
391.00000000 897.00000000 0.00000000 44.00000000
115.00000000 589.00000000 0.00000000 44.00000000
173.00000000 944.00000000 0.00000000 44.00000000
104.00000000 526.00000000 0.00000000 44.00000000
16.00000000 210.00000000 0.00000000 43.00000000
378.00000000 787.00000000 0.00000000 42.00000000
35.00000000 415.00000000 0.00000000 41.00000000
562.00000000 904.00000000 0.00000000 41.00000000
644.00000000 618.00000000 0.00000000 41.00000000
665.00000000 1137.00000000 0.00000000 41.00000000
562.00000000 895.00000000 0.00000000 41.00000000
458.00000000 921.00000000 0.00000000 41.00000000
33.00000000 406.00000000 0.00000000 40.00000000
48.00000000 392.00000000 0.00000000 40.00000000
562.00000000 789.00000000 0.00000000 40.00000000
398.00000000 929.00000000 0.00000000 39.00000000
103.00000000 546.00000000 0.00000000 39.00000000
86.00000000 637.00000000 0.00000000 38.00000000
541.00000000 1200.00000000 0.00000000 38.00000000
82.00000000 616.00000000 0.00000000 38.00000000
36.00000000 292.00000000 0.00000000 38.00000000
111.00000000 398.00000000 0.00000000 37.00000000
111.00000000 384.00000000 0.00000000 37.00000000
110.00000000 371.00000000 0.00000000 37.00000000
408.00000000 882.00000000 0.00000000 36.00000000
558.00000000 925.00000000 0.00000000 36.00000000
777.00000000 1250.00000000 0.00000000 36.00000000
97.00000000 469.00000000 0.00000000 36.00000000
900.00000000 1189.00000000 0.00000000 36.00000000
31.00000000 383.00000000 0.00000000 35.00000000
91.00000000 543.00000000 0.00000000 35.00000000
33.00000000 315.00000000 0.00000000 35.00000000
299.00000000 861.00000000 0.00000000 35.00000000
