551.00000000 772.00000000 2.00000000 251.00000000
552.00000000 772.00000000 4.00000000 248.00000000
316.00000000 520.00000000 4.00000000 224.00000000
218.00000000 472.00000000 2.00000000 204.00000000
216.00000000 438.00000000 2.00000000 192.00000000
554.00000000 770.00000000 2.00000000 187.00000000
265.00000000 565.00000000 5.00000000 184.00000000
316.00000000 514.00000000 2.00000000 169.00000000
214.00000000 438.00000000 2.00000000 144.00000000
316.00000000 512.00000000 2.00000000 144.00000000
554.00000000 769.00000000 1.00000000 139.00000000
217.00000000 472.00000000 2.00000000 138.00000000
222.00000000 404.00000000 2.00000000 126.00000000
564.00000000 850.00000000 2.00000000 124.00000000
217.00000000 472.00000000 1.00000000 122.00000000
434.00000000 659.00000000 1.00000000 116.00000000
216.00000000 435.00000000 1.00000000 112.00000000
166.00000000 466.00000000 2.00000000 106.00000000
222.00000000 404.00000000 1.00000000 102.00000000
316.00000000 510.00000000 1.00000000 100.00000000
176.00000000 516.00000000 2.00000000 100.00000000
776.00000000 872.00000000 1.00000000 94.00000000
565.00000000 848.00000000 1.00000000 92.00000000
176.00000000 514.00000000 1.00000000 91.00000000
435.00000000 659.00000000 1.00000000 91.00000000
811.00000000 673.00000000 1.00000000 88.00000000
555.00000000 769.00000000 1.00000000 86.00000000
717.00000000 831.00000000 1.00000000 85.00000000
717.00000000 831.00000000 1.00000000 81.00000000
811.00000000 673.00000000 1.00000000 77.00000000
776.00000000 872.00000000 1.00000000 73.00000000
168.00000000 462.00000000 1.00000000 66.00000000
704.00000000 619.00000000 1.00000000 64.00000000
766.00000000 837.00000000 1.00000000 63.00000000
141.00000000 272.00000000 1.00000000 63.00000000
675.00000000 782.00000000 1.00000000 62.00000000
628.00000000 812.00000000 1.00000000 59.00000000
676.00000000 782.00000000 1.00000000 58.00000000
223.00000000 404.00000000 1.00000000 57.00000000
717.00000000 830.00000000 0.00000000 55.00000000
810.00000000 683.00000000 1.00000000 54.00000000
216.00000000 435.00000000 1.00000000 54.00000000
431.00000000 647.00000000 1.00000000 53.00000000
176.00000000 514.00000000 1.00000000 52.00000000
317.00000000 510.00000000 1.00000000 52.00000000
627.00000000 811.00000000 0.00000000 51.00000000
827.00000000 601.00000000 1.00000000 50.00000000
668.00000000 826.00000000 1.00000000 49.00000000
809.00000000 683.00000000 0.00000000 49.00000000
448.00000000 936.00000000 1.00000000 48.00000000
565.00000000 849.00000000 1.00000000 45.00000000
811.00000000 673.00000000 0.00000000 45.00000000
766.00000000 836.00000000 1.00000000 45.00000000
109.00000000 517.00000000 1.00000000 44.00000000
695.00000000 705.00000000 1.00000000 43.00000000
704.00000000 620.00000000 1.00000000 43.00000000
544.00000000 869.00000000 1.00000000 43.00000000
689.00000000 473.00000000 1.00000000 42.00000000
676.00000000 782.00000000 0.00000000 42.00000000
738.00000000 752.00000000 1.00000000 42.00000000
219.00000000 472.00000000 1.00000000 42.00000000
135.00000000 419.00000000 1.00000000 42.00000000
689.00000000 473.00000000 0.00000000 41.00000000
705.00000000 602.00000000 1.00000000 41.00000000
808.00000000 689.00000000 0.00000000 41.00000000
169.00000000 460.00000000 1.00000000 40.00000000
688.00000000 836.00000000 1.00000000 40.00000000
702.00000000 644.00000000 1.00000000 40.00000000
107.00000000 546.00000000 1.00000000 40.00000000
211.00000000 794.00000000 1.00000000 39.00000000
555.00000000 769.00000000 0.00000000 39.00000000
434.00000000 659.00000000 0.00000000 37.00000000
211.00000000 794.00000000 0.00000000 36.00000000
775.00000000 871.00000000 0.00000000 34.00000000
827.00000000 599.00000000 0.00000000 33.00000000
107.00000000 546.00000000 0.00000000 31.00000000
668.00000000 825.00000000 0.00000000 30.00000000
738.00000000 750.00000000 0.00000000 30.00000000
602.00000000 567.00000000 0.00000000 29.00000000
449.00000000 935.00000000 0.00000000 29.00000000
552.00000000 859.00000000 0.00000000 29.00000000
311.00000000 576.00000000 0.00000000 29.00000000
772.00000000 671.00000000 0.00000000 28.00000000
751.00000000 514.00000000 0.00000000 27.00000000
705.00000000 601.00000000 0.00000000 27.00000000
223.00000000 405.00000000 0.00000000 26.00000000
688.00000000 836.00000000 0.00000000 26.00000000
432.00000000 646.00000000 0.00000000 26.00000000
214.00000000 826.00000000 0.00000000 25.00000000
176.00000000 514.00000000 0.00000000 25.00000000
193.00000000 317.00000000 0.00000000 25.00000000
691.00000000 731.00000000 0.00000000 25.00000000
690.00000000 737.00000000 0.00000000 25.00000000
786.00000000 799.00000000 0.00000000 25.00000000
215.00000000 434.00000000 0.00000000 24.00000000
135.00000000 419.00000000 0.00000000 24.00000000
821.00000000 613.00000000 0.00000000 24.00000000
806.00000000 695.00000000 0.00000000 24.00000000
706.00000000 590.00000000 0.00000000 23.00000000
109.00000000 516.00000000 0.00000000 23.00000000
702.00000000 500.00000000 0.00000000 23.00000000
704.00000000 518.00000000 0.00000000 23.00000000
696.00000000 692.00000000 0.00000000 23.00000000
828.00000000 533.00000000 0.00000000 22.00000000
592.00000000 570.00000000 0.00000000 22.00000000
127.00000000 438.00000000 0.00000000 22.00000000
704.00000000 620.00000000 0.00000000 22.00000000
661.00000000 427.00000000 0.00000000 22.00000000
693.00000000 717.00000000 0.00000000 22.00000000
695.00000000 709.00000000 0.00000000 22.00000000
702.00000000 644.00000000 0.00000000 22.00000000
169.00000000 459.00000000 0.00000000 22.00000000
697.00000000 861.00000000 0.00000000 22.00000000
721.00000000 782.00000000 0.00000000 21.00000000
209.00000000 743.00000000 0.00000000 21.00000000
111.00000000 606.00000000 0.00000000 21.00000000
251.00000000 657.00000000 0.00000000 21.00000000
704.00000000 811.00000000 0.00000000 21.00000000
702.00000000 634.00000000 0.00000000 21.00000000
706.00000000 567.00000000 0.00000000 21.00000000
769.00000000 846.00000000 0.00000000 21.00000000
655.00000000 795.00000000 0.00000000 21.00000000
671.00000000 439.00000000 0.00000000 21.00000000
699.00000000 668.00000000 0.00000000 21.00000000
707.00000000 806.00000000 0.00000000 21.00000000
208.00000000 733.00000000 0.00000000 21.00000000
692.00000000 828.00000000 0.00000000 21.00000000
