156.00000000 640.00000000 1.00000000 249.00000000
156.00000000 639.00000000 0.00000000 208.00000000
155.00000000 640.00000000 1.00000000 201.00000000
59.00000000 520.00000000 2.00000000 198.00000000
792.00000000 944.00000000 4.00000000 196.00000000
789.00000000 947.00000000 2.00000000 192.00000000
285.00000000 786.00000000 2.00000000 185.00000000
60.00000000 520.00000000 2.00000000 182.00000000
280.00000000 784.00000000 4.00000000 171.00000000
286.00000000 786.00000000 2.00000000 165.00000000
797.00000000 939.00000000 5.00000000 158.00000000
60.00000000 514.00000000 1.00000000 144.00000000
790.00000000 946.00000000 2.00000000 142.00000000
288.00000000 786.00000000 1.00000000 138.00000000
61.00000000 514.00000000 1.00000000 136.00000000
570.00000000 1014.00000000 2.00000000 134.00000000
394.00000000 890.00000000 2.00000000 132.00000000
394.00000000 889.00000000 1.00000000 127.00000000
395.00000000 889.00000000 1.00000000 125.00000000
571.00000000 1013.00000000 1.00000000 124.00000000
459.00000000 911.00000000 0.00000000 122.00000000
568.00000000 1012.00000000 2.00000000 121.00000000
36.00000000 542.00000000 2.00000000 115.00000000
154.00000000 642.00000000 2.00000000 105.00000000
459.00000000 911.00000000 1.00000000 104.00000000
72.00000000 984.00000000 2.00000000 101.00000000
472.00000000 913.00000000 1.00000000 98.00000000
72.00000000 982.00000000 1.00000000 97.00000000
791.00000000 943.00000000 1.00000000 97.00000000
289.00000000 787.00000000 1.00000000 96.00000000
61.00000000 513.00000000 0.00000000 94.00000000
73.00000000 983.00000000 1.00000000 92.00000000
761.00000000 1023.00000000 1.00000000 90.00000000
36.00000000 543.00000000 1.00000000 90.00000000
395.00000000 889.00000000 0.00000000 89.00000000
36.00000000 554.00000000 1.00000000 83.00000000
270.00000000 804.00000000 1.00000000 82.00000000
270.00000000 804.00000000 1.00000000 82.00000000
38.00000000 517.00000000 1.00000000 80.00000000
760.00000000 1023.00000000 0.00000000 79.00000000
469.00000000 610.00000000 1.00000000 78.00000000
468.00000000 609.00000000 1.00000000 77.00000000
627.00000000 1067.00000000 1.00000000 76.00000000
39.00000000 518.00000000 1.00000000 76.00000000
571.00000000 1014.00000000 1.00000000 74.00000000
748.00000000 1084.00000000 1.00000000 74.00000000
95.00000000 657.00000000 1.00000000 74.00000000
62.00000000 482.00000000 1.00000000 74.00000000
471.00000000 912.00000000 0.00000000 74.00000000
313.00000000 895.00000000 1.00000000 72.00000000
73.00000000 982.00000000 0.00000000 69.00000000
62.00000000 528.00000000 1.00000000 69.00000000
496.00000000 738.00000000 1.00000000 68.00000000
376.00000000 683.00000000 0.00000000 68.00000000
95.00000000 656.00000000 0.00000000 67.00000000
628.00000000 1067.00000000 1.00000000 66.00000000
790.00000000 947.00000000 1.00000000 64.00000000
63.00000000 481.00000000 1.00000000 64.00000000
530.00000000 598.00000000 1.00000000 63.00000000
347.00000000 873.00000000 1.00000000 62.00000000
289.00000000 787.00000000 0.00000000 61.00000000
328.00000000 890.00000000 0.00000000 61.00000000
10.00000000 529.00000000 0.00000000 60.00000000
63.00000000 472.00000000 1.00000000 60.00000000
748.00000000 1083.00000000 0.00000000 60.00000000
270.00000000 803.00000000 0.00000000 59.00000000
43.00000000 658.00000000 1.00000000 59.00000000
36.00000000 553.00000000 0.00000000 59.00000000
496.00000000 836.00000000 1.00000000 59.00000000
38.00000000 544.00000000 1.00000000 58.00000000
810.00000000 847.00000000 1.00000000 58.00000000
121.00000000 453.00000000 1.00000000 58.00000000
771.00000000 981.00000000 1.00000000 58.00000000
570.00000000 641.00000000 1.00000000 57.00000000
476.00000000 902.00000000 1.00000000 56.00000000
152.00000000 630.00000000 0.00000000 56.00000000
61.00000000 528.00000000 0.00000000 56.00000000
90.00000000 630.00000000 1.00000000 56.00000000
493.00000000 866.00000000 1.00000000 56.00000000
37.00000000 603.00000000 1.00000000 56.00000000
570.00000000 641.00000000 0.00000000 54.00000000
771.00000000 980.00000000 0.00000000 53.00000000
557.00000000 922.00000000 0.00000000 51.00000000
90.00000000 630.00000000 0.00000000 50.00000000
347.00000000 873.00000000 0.00000000 50.00000000
42.00000000 657.00000000 0.00000000 50.00000000
464.00000000 1122.00000000 0.00000000 49.00000000
468.00000000 610.00000000 0.00000000 48.00000000
322.00000000 798.00000000 0.00000000 48.00000000
63.00000000 471.00000000 0.00000000 48.00000000
476.00000000 902.00000000 0.00000000 47.00000000
495.00000000 836.00000000 0.00000000 47.00000000
62.00000000 480.00000000 0.00000000 46.00000000
605.00000000 1131.00000000 0.00000000 45.00000000
789.00000000 947.00000000 0.00000000 45.00000000
39.00000000 516.00000000 0.00000000 44.00000000
487.00000000 679.00000000 0.00000000 41.00000000
65.00000000 454.00000000 0.00000000 40.00000000
170.00000000 782.00000000 0.00000000 40.00000000
35.00000000 572.00000000 0.00000000 40.00000000
121.00000000 452.00000000 0.00000000 40.00000000
494.00000000 865.00000000 0.00000000 40.00000000
28.00000000 676.00000000 0.00000000 40.00000000
193.00000000 732.00000000 0.00000000 40.00000000
572.00000000 1014.00000000 0.00000000 40.00000000
700.00000000 905.00000000 0.00000000 40.00000000
24.00000000 656.00000000 0.00000000 39.00000000
35.00000000 563.00000000 0.00000000 39.00000000
36.00000000 602.00000000 0.00000000 39.00000000
764.00000000 1008.00000000 0.00000000 38.00000000
494.00000000 858.00000000 0.00000000 38.00000000
61.00000000 491.00000000 0.00000000 38.00000000
318.00000000 631.00000000 0.00000000 38.00000000
620.00000000 1130.00000000 0.00000000 38.00000000
523.00000000 1035.00000000 0.00000000 37.00000000
637.00000000 1105.00000000 0.00000000 37.00000000
357.00000000 790.00000000 0.00000000 37.00000000
757.00000000 1035.00000000 0.00000000 37.00000000
35.00000000 588.00000000 0.00000000 37.00000000
743.00000000 1122.00000000 0.00000000 37.00000000
43.00000000 664.00000000 0.00000000 37.00000000
99.00000000 687.00000000 0.00000000 36.00000000
12.00000000 502.00000000 0.00000000 36.00000000
565.00000000 958.00000000 0.00000000 36.00000000
33.00000000 620.00000000 0.00000000 35.00000000
16.00000000 550.00000000 0.00000000 35.00000000
784.00000000 956.00000000 0.00000000 35.00000000
