65.00000000 463.00000000 1.00000000 431.00000000
124.00000000 708.00000000 2.00000000 358.00000000
124.00000000 708.00000000 1.00000000 357.00000000
65.00000000 463.00000000 1.00000000 356.00000000
65.00000000 463.00000000 0.00000000 339.00000000
125.00000000 706.00000000 1.00000000 281.00000000
64.00000000 464.00000000 2.00000000 268.00000000
292.00000000 634.00000000 2.00000000 261.00000000
233.00000000 606.00000000 1.00000000 253.00000000
125.00000000 705.00000000 0.00000000 242.00000000
124.00000000 709.00000000 2.00000000 240.00000000
291.00000000 633.00000000 2.00000000 236.00000000
291.00000000 632.00000000 1.00000000 226.00000000
379.00000000 722.00000000 1.00000000 219.00000000
232.00000000 591.00000000 1.00000000 217.00000000
29.00000000 512.00000000 1.00000000 213.00000000
28.00000000 513.00000000 1.00000000 203.00000000
379.00000000 722.00000000 0.00000000 180.00000000
29.00000000 511.00000000 0.00000000 175.00000000
292.00000000 630.00000000 1.00000000 174.00000000
16.00000000 493.00000000 0.00000000 168.00000000
257.00000000 653.00000000 2.00000000 166.00000000
53.00000000 766.00000000 1.00000000 163.00000000
62.00000000 463.00000000 2.00000000 162.00000000
233.00000000 605.00000000 1.00000000 160.00000000
53.00000000 765.00000000 0.00000000 155.00000000
53.00000000 765.00000000 1.00000000 153.00000000
231.00000000 591.00000000 1.00000000 153.00000000
233.00000000 605.00000000 0.00000000 152.00000000
120.00000000 708.00000000 4.00000000 147.00000000
496.00000000 820.00000000 2.00000000 146.00000000
211.00000000 622.00000000 1.00000000 145.00000000
236.00000000 577.00000000 1.00000000 144.00000000
210.00000000 621.00000000 0.00000000 141.00000000
120.00000000 656.00000000 4.00000000 139.00000000
878.00000000 856.00000000 2.00000000 131.00000000
38.00000000 719.00000000 0.00000000 128.00000000
30.00000000 514.00000000 2.00000000 126.00000000
379.00000000 722.00000000 1.00000000 125.00000000
39.00000000 719.00000000 1.00000000 125.00000000
236.00000000 576.00000000 0.00000000 125.00000000
497.00000000 820.00000000 1.00000000 124.00000000
196.00000000 524.00000000 0.00000000 123.00000000
588.00000000 880.00000000 1.00000000 123.00000000
260.00000000 652.00000000 2.00000000 122.00000000
55.00000000 779.00000000 0.00000000 122.00000000
888.00000000 848.00000000 5.00000000 121.00000000
642.00000000 886.00000000 0.00000000 120.00000000
49.00000000 449.00000000 0.00000000 119.00000000
292.00000000 630.00000000 0.00000000 119.00000000
232.00000000 590.00000000 0.00000000 118.00000000
11.00000000 517.00000000 0.00000000 118.00000000
726.00000000 939.00000000 1.00000000 114.00000000
206.00000000 601.00000000 1.00000000 114.00000000
125.00000000 714.00000000 0.00000000 114.00000000
725.00000000 939.00000000 1.00000000 113.00000000
878.00000000 857.00000000 1.00000000 113.00000000
54.00000000 766.00000000 2.00000000 111.00000000
41.00000000 436.00000000 0.00000000 104.00000000
588.00000000 881.00000000 1.00000000 102.00000000
205.00000000 602.00000000 1.00000000 99.00000000
50.00000000 449.00000000 1.00000000 99.00000000
197.00000000 525.00000000 1.00000000 99.00000000
33.00000000 429.00000000 0.00000000 98.00000000
172.00000000 556.00000000 0.00000000 95.00000000
59.00000000 472.00000000 0.00000000 95.00000000
16.00000000 493.00000000 1.00000000 95.00000000
40.00000000 457.00000000 1.00000000 95.00000000
498.00000000 820.00000000 1.00000000 94.00000000
207.00000000 600.00000000 0.00000000 94.00000000
55.00000000 780.00000000 1.00000000 94.00000000
39.00000000 719.00000000 1.00000000 92.00000000
199.00000000 514.00000000 0.00000000 91.00000000
40.00000000 456.00000000 0.00000000 91.00000000
589.00000000 879.00000000 0.00000000 87.00000000
51.00000000 482.00000000 0.00000000 85.00000000
24.00000000 503.00000000 0.00000000 85.00000000
296.00000000 608.00000000 1.00000000 84.00000000
34.00000000 430.00000000 1.00000000 84.00000000
200.00000000 514.00000000 1.00000000 84.00000000
229.00000000 531.00000000 1.00000000 83.00000000
128.00000000 644.00000000 0.00000000 83.00000000
234.00000000 1038.00000000 1.00000000 80.00000000
652.00000000 885.00000000 0.00000000 80.00000000
128.00000000 646.00000000 1.00000000 80.00000000
257.00000000 662.00000000 1.00000000 79.00000000
177.00000000 618.00000000 0.00000000 77.00000000
878.00000000 855.00000000 1.00000000 76.00000000
46.00000000 488.00000000 1.00000000 76.00000000
47.00000000 487.00000000 0.00000000 75.00000000
158.00000000 593.00000000 0.00000000 75.00000000
163.00000000 560.00000000 1.00000000 74.00000000
230.00000000 532.00000000 1.00000000 71.00000000
296.00000000 611.00000000 1.00000000 71.00000000
21.00000000 514.00000000 0.00000000 69.00000000
257.00000000 661.00000000 0.00000000 67.00000000
43.00000000 750.00000000 0.00000000 67.00000000
726.00000000 939.00000000 0.00000000 67.00000000
310.00000000 742.00000000 1.00000000 64.00000000
57.00000000 806.00000000 0.00000000 64.00000000
40.00000000 742.00000000 0.00000000 63.00000000
265.00000000 634.00000000 1.00000000 61.00000000
527.00000000 894.00000000 0.00000000 60.00000000
230.00000000 532.00000000 0.00000000 60.00000000
498.00000000 820.00000000 0.00000000 60.00000000
36.00000000 734.00000000 0.00000000 58.00000000
163.00000000 560.00000000 0.00000000 58.00000000
234.00000000 1037.00000000 0.00000000 56.00000000
164.00000000 549.00000000 0.00000000 56.00000000
181.00000000 603.00000000 0.00000000 56.00000000
247.00000000 523.00000000 0.00000000 55.00000000
58.00000000 821.00000000 0.00000000 55.00000000
159.00000000 575.00000000 0.00000000 54.00000000
147.00000000 697.00000000 0.00000000 53.00000000
296.00000000 610.00000000 0.00000000 53.00000000
27.00000000 727.00000000 0.00000000 53.00000000
290.00000000 640.00000000 0.00000000 53.00000000
876.00000000 859.00000000 0.00000000 53.00000000
222.00000000 616.00000000 0.00000000 52.00000000
478.00000000 836.00000000 0.00000000 52.00000000
50.00000000 720.00000000 0.00000000 51.00000000
225.00000000 750.00000000 0.00000000 50.00000000
65.00000000 897.00000000 0.00000000 50.00000000
13.00000000 500.00000000 0.00000000 50.00000000
92.00000000 412.00000000 0.00000000 50.00000000
172.00000000 788.00000000 0.00000000 50.00000000
234.00000000 622.00000000 0.00000000 49.00000000
